| # | Nest | Binarizacion | %Desc |#Iter |      semilla | BestFit |  GotFit |  instancia | time |
-------------------------------------------------------------------------------------------------
| 1 |   25 |      sshape1 |  0.25 | 2500 |1558396073815 |     176 |   180.0 |mscpnrg1.txt |4,2e+02 |
| 2 |   25 |      sshape1 |  0.25 | 2500 |1558396492535 |     176 |   178.0 |mscpnrg1.txt |2,6e+02 |
| 3 |   25 |      sshape1 |  0.25 | 2500 |1558396754099 |     176 |   179.0 |mscpnrg1.txt |6,5e+02 |
| 4 |   25 |      sshape1 |  0.25 | 2500 |1558397401066 |     176 |   179.0 |mscpnrg1.txt |5,6e+02 |
| 5 |   25 |      sshape1 |  0.25 | 2500 |1558397958453 |     176 |   181.0 |mscpnrg1.txt |3,2e+02 |
| 6 |   25 |      sshape1 |  0.25 | 2500 |1558398283418 |     176 |   180.0 |mscpnrg1.txt |2,3e+02 |
| 7 |   25 |      sshape1 |  0.25 | 2500 |1558398513796 |     176 |   181.0 |mscpnrg1.txt |2,8e+02 |
| 8 |   25 |      sshape1 |  0.25 | 2500 |1558398793697 |     176 |   181.0 |mscpnrg1.txt |3,8e+02 |
| 9 |   25 |      sshape1 |  0.25 | 2500 |1558399170520 |     176 |   183.0 |mscpnrg1.txt |6,2e+02 |
|10 |   25 |      sshape1 |  0.25 | 2500 |1558399788182 |     176 |   179.0 |mscpnrg1.txt |4,0e+02 |
|11 |   25 |      sshape1 |  0.25 | 2500 |1558400188645 |     176 |   183.0 |mscpnrg1.txt |6,7e+02 |
|12 |   25 |      sshape1 |  0.25 | 2500 |1558400863437 |     176 |   178.0 |mscpnrg1.txt |4,3e+02 |
|13 |   25 |      sshape1 |  0.25 | 2500 |1558401293925 |     176 |   181.0 |mscpnrg1.txt |4,8e+02 |
|14 |   25 |      sshape1 |  0.25 | 2500 |1558401771690 |     176 |   180.0 |mscpnrg1.txt |3,1e+02 |
|15 |   25 |      sshape1 |  0.25 | 2500 |1558402080335 |     176 |   178.0 |mscpnrg1.txt |2,3e+02 |
|16 |   25 |      sshape1 |  0.25 | 2500 |1558402307412 |     176 |   179.0 |mscpnrg1.txt |5,9e+02 |
|17 |   25 |      sshape1 |  0.25 | 2500 |1558402902356 |     176 |   180.0 |mscpnrg1.txt |3,0e+02 |
|18 |   25 |      sshape1 |  0.25 | 2500 |1558403201261 |     176 |   180.0 |mscpnrg1.txt |3,7e+02 |
|19 |   25 |      sshape1 |  0.25 | 2500 |1558403566403 |     176 |   184.0 |mscpnrg1.txt |1,4e+02 |
|20 |   25 |      sshape1 |  0.25 | 2500 |1558403709572 |     176 |   180.0 |mscpnrg1.txt |5,8e+02 |
|21 |   25 |      sshape1 |  0.25 | 2500 |1558404289360 |     176 |   182.0 |mscpnrg1.txt |3,7e+02 |
|22 |   25 |      sshape1 |  0.25 | 2500 |1558404654496 |     176 |   181.0 |mscpnrg1.txt |3,6e+02 |
|23 |   25 |      sshape1 |  0.25 | 2500 |1558405016441 |     176 |   179.0 |mscpnrg1.txt |2,0e+02 |
|24 |   25 |      sshape1 |  0.25 | 2500 |1558405218501 |     176 |   181.0 |mscpnrg1.txt |3,0e+02 |
|25 |   25 |      sshape1 |  0.25 | 2500 |1558405521988 |     176 |   181.0 |mscpnrg1.txt |2,6e+02 |
|26 |   25 |      sshape1 |  0.25 | 2500 |1558405778011 |     176 |   178.0 |mscpnrg1.txt |5,0e+02 |
|27 |   25 |      sshape1 |  0.25 | 2500 |1558406281743 |     176 |   180.0 |mscpnrg1.txt |3,3e+02 |
|28 |   25 |      sshape1 |  0.25 | 2500 |1558406614111 |     176 |   182.0 |mscpnrg1.txt |2,1e+02 |
|29 |   25 |      sshape1 |  0.25 | 2500 |1558406825822 |     176 |   178.0 |mscpnrg1.txt |3,4e+02 |
|30 |   25 |      sshape1 |  0.25 | 2500 |1558407163803 |     176 |   179.0 |mscpnrg1.txt |6,8e+02 |
|31 |   25 |      sshape1 |  0.25 | 2500 |1558407846488 |     176 |   181.0 |mscpnrg1.txt |5,1e+02 |
