| # | Nest | Binarizacion | %Desc |#Iter |      semilla | BestFit |  GotFit |  instancia | time |
-------------------------------------------------------------------------------------------------
| 1 |   25 |     standard |  0.25 | 2500 |1558302271962 |     215 |     0.0 | mscpc5.txt |-1,6e+09 |
| 2 |   25 |     standard |  0.25 | 2500 |1558302271963 |     215 |     0.0 | mscpc5.txt |-1,6e+09 |
| 3 |   25 |     standard |  0.25 | 2500 |1558302271963 |     215 |     0.0 | mscpc5.txt |-1,6e+09 |
| 4 |   25 |     standard |  0.25 | 2500 |1558302271964 |     215 |     0.0 | mscpc5.txt |-1,6e+09 |
| 5 |   25 |     standard |  0.25 | 2500 |1558302271964 |     215 |     0.0 | mscpc5.txt |-1,6e+09 |
| 6 |   25 |     standard |  0.25 | 2500 |1558302271965 |     215 |     0.0 | mscpc5.txt |-1,6e+09 |
| 7 |   25 |     standard |  0.25 | 2500 |1558302271965 |     215 |     0.0 | mscpc5.txt |-1,6e+09 |
| 8 |   25 |     standard |  0.25 | 2500 |1558302271966 |     215 |     0.0 | mscpc5.txt |-1,6e+09 |
| 9 |   25 |     standard |  0.25 | 2500 |1558302271966 |     215 |     0.0 | mscpc5.txt |-1,6e+09 |
|10 |   25 |     standard |  0.25 | 2500 |1558302271966 |     215 |     0.0 | mscpc5.txt |-1,6e+09 |
|11 |   25 |     standard |  0.25 | 2500 |1558302271967 |     215 |     0.0 | mscpc5.txt |-1,6e+09 |
|12 |   25 |     standard |  0.25 | 2500 |1558302271967 |     215 |     0.0 | mscpc5.txt |-1,6e+09 |
|13 |   25 |     standard |  0.25 | 2500 |1558302271967 |     215 |     0.0 | mscpc5.txt |-1,6e+09 |
|14 |   25 |     standard |  0.25 | 2500 |1558302271968 |     215 |     0.0 | mscpc5.txt |-1,6e+09 |
|15 |   25 |     standard |  0.25 | 2500 |1558302271968 |     215 |     0.0 | mscpc5.txt |-1,6e+09 |
|16 |   25 |     standard |  0.25 | 2500 |1558302271969 |     215 |     0.0 | mscpc5.txt |-1,6e+09 |
|17 |   25 |     standard |  0.25 | 2500 |1558302271969 |     215 |     0.0 | mscpc5.txt |-1,6e+09 |
|18 |   25 |     standard |  0.25 | 2500 |1558302271969 |     215 |     0.0 | mscpc5.txt |-1,6e+09 |
|19 |   25 |     standard |  0.25 | 2500 |1558302271970 |     215 |     0.0 | mscpc5.txt |-1,6e+09 |
|20 |   25 |     standard |  0.25 | 2500 |1558302271970 |     215 |     0.0 | mscpc5.txt |-1,6e+09 |
|21 |   25 |     standard |  0.25 | 2500 |1558302271970 |     215 |     0.0 | mscpc5.txt |-1,6e+09 |
|22 |   25 |     standard |  0.25 | 2500 |1558302271971 |     215 |     0.0 | mscpc5.txt |-1,6e+09 |
|23 |   25 |     standard |  0.25 | 2500 |1558302271971 |     215 |     0.0 | mscpc5.txt |-1,6e+09 |
|24 |   25 |     standard |  0.25 | 2500 |1558302271972 |     215 |     0.0 | mscpc5.txt |-1,6e+09 |
|25 |   25 |     standard |  0.25 | 2500 |1558302271972 |     215 |     0.0 | mscpc5.txt |-1,6e+09 |
|26 |   25 |     standard |  0.25 | 2500 |1558302271972 |     215 |     0.0 | mscpc5.txt |-1,6e+09 |
|27 |   25 |     standard |  0.25 | 2500 |1558302271972 |     215 |     0.0 | mscpc5.txt |-1,6e+09 |
|28 |   25 |     standard |  0.25 | 2500 |1558302271973 |     215 |     0.0 | mscpc5.txt |-1,6e+09 |
|29 |   25 |     standard |  0.25 | 2500 |1558302271973 |     215 |     0.0 | mscpc5.txt |-1,6e+09 |
|30 |   25 |     standard |  0.25 | 2500 |1558302271973 |     215 |     0.0 | mscpc5.txt |-1,6e+09 |
|31 |   25 |     standard |  0.25 | 2500 |1558302271974 |     215 |     0.0 | mscpc5.txt |-1,6e+09 |
