| # | Nest | Binarizacion | %Desc |#Iter |      semilla | BestFit |  GotFit |  instancia | time |
-------------------------------------------------------------------------------------------------
| 1 |   25 |   complement |  0.25 | 2500 |1558302271975 |     215 |     0.0 | mscpc5.txt |-1,6e+09 |
| 2 |   25 |   complement |  0.25 | 2500 |1558302271976 |     215 |     0.0 | mscpc5.txt |-1,6e+09 |
| 3 |   25 |   complement |  0.25 | 2500 |1558302271976 |     215 |     0.0 | mscpc5.txt |-1,6e+09 |
| 4 |   25 |   complement |  0.25 | 2500 |1558302271976 |     215 |     0.0 | mscpc5.txt |-1,6e+09 |
| 5 |   25 |   complement |  0.25 | 2500 |1558302271977 |     215 |     0.0 | mscpc5.txt |-1,6e+09 |
| 6 |   25 |   complement |  0.25 | 2500 |1558302271977 |     215 |     0.0 | mscpc5.txt |-1,6e+09 |
| 7 |   25 |   complement |  0.25 | 2500 |1558302271977 |     215 |     0.0 | mscpc5.txt |-1,6e+09 |
| 8 |   25 |   complement |  0.25 | 2500 |1558302271977 |     215 |     0.0 | mscpc5.txt |-1,6e+09 |
| 9 |   25 |   complement |  0.25 | 2500 |1558302271978 |     215 |     0.0 | mscpc5.txt |-1,6e+09 |
|10 |   25 |   complement |  0.25 | 2500 |1558302271978 |     215 |     0.0 | mscpc5.txt |-1,6e+09 |
|11 |   25 |   complement |  0.25 | 2500 |1558302271978 |     215 |     0.0 | mscpc5.txt |-1,6e+09 |
|12 |   25 |   complement |  0.25 | 2500 |1558302271978 |     215 |     0.0 | mscpc5.txt |-1,6e+09 |
|13 |   25 |   complement |  0.25 | 2500 |1558302271979 |     215 |     0.0 | mscpc5.txt |-1,6e+09 |
|14 |   25 |   complement |  0.25 | 2500 |1558302271979 |     215 |     0.0 | mscpc5.txt |-1,6e+09 |
|15 |   25 |   complement |  0.25 | 2500 |1558302271979 |     215 |     0.0 | mscpc5.txt |-1,6e+09 |
|16 |   25 |   complement |  0.25 | 2500 |1558302271979 |     215 |     0.0 | mscpc5.txt |-1,6e+09 |
|17 |   25 |   complement |  0.25 | 2500 |1558302271980 |     215 |     0.0 | mscpc5.txt |-1,6e+09 |
|18 |   25 |   complement |  0.25 | 2500 |1558302271980 |     215 |     0.0 | mscpc5.txt |-1,6e+09 |
|19 |   25 |   complement |  0.25 | 2500 |1558302271980 |     215 |     0.0 | mscpc5.txt |-1,6e+09 |
|20 |   25 |   complement |  0.25 | 2500 |1558302271980 |     215 |     0.0 | mscpc5.txt |-1,6e+09 |
|21 |   25 |   complement |  0.25 | 2500 |1558302271981 |     215 |     0.0 | mscpc5.txt |-1,6e+09 |
|22 |   25 |   complement |  0.25 | 2500 |1558302271981 |     215 |     0.0 | mscpc5.txt |-1,6e+09 |
|23 |   25 |   complement |  0.25 | 2500 |1558302271981 |     215 |     0.0 | mscpc5.txt |-1,6e+09 |
|24 |   25 |   complement |  0.25 | 2500 |1558302271981 |     215 |     0.0 | mscpc5.txt |-1,6e+09 |
|25 |   25 |   complement |  0.25 | 2500 |1558302271982 |     215 |     0.0 | mscpc5.txt |-1,6e+09 |
|26 |   25 |   complement |  0.25 | 2500 |1558302271982 |     215 |     0.0 | mscpc5.txt |-1,6e+09 |
|27 |   25 |   complement |  0.25 | 2500 |1558302271982 |     215 |     0.0 | mscpc5.txt |-1,6e+09 |
|28 |   25 |   complement |  0.25 | 2500 |1558302271982 |     215 |     0.0 | mscpc5.txt |-1,6e+09 |
|29 |   25 |   complement |  0.25 | 2500 |1558302271983 |     215 |     0.0 | mscpc5.txt |-1,6e+09 |
|30 |   25 |   complement |  0.25 | 2500 |1558302271983 |     215 |     0.0 | mscpc5.txt |-1,6e+09 |
|31 |   25 |   complement |  0.25 | 2500 |1558302271983 |     215 |     0.0 | mscpc5.txt |-1,6e+09 |
