| # | Nest | Binarizacion | %Desc |#Iter |      semilla | BestFit |  GotFit |  instancia | time |
-------------------------------------------------------------------------------------------------
| 1 |   25 |     standard |  0.25 | 2500 |1558276624564 |     429 |   430.0 | mscp41.txt |  6,5 |
| 2 |   25 |     standard |  0.25 | 2500 |1558276631123 |     429 |   431.0 | mscp41.txt |  4,1 |
| 3 |   25 |     standard |  0.25 | 2500 |1558276635217 |     429 |   430.0 | mscp41.txt |  3,5 |
| 1 |   25 |     standard |  0.25 | 2500 |1558328821885 |     429 |   432.0 | mscp41.txt |  3,8 |
| 2 |   25 |     standard |  0.25 | 2500 |1558328825657 |     429 |   430.0 | mscp41.txt |  6,0 |
| 3 |   25 |     standard |  0.25 | 2500 |1558328831698 |     429 |   432.0 | mscp41.txt |  4,3 |
| 4 |   25 |     standard |  0.25 | 2500 |1558328836000 |     429 |   431.0 | mscp41.txt |  4,2 |
| 5 |   25 |     standard |  0.25 | 2500 |1558328840191 |     429 |   433.0 | mscp41.txt |  6,0 |
| 6 |   25 |     standard |  0.25 | 2500 |1558328846152 |     429 |   431.0 | mscp41.txt |  4,2 |
| 7 |   25 |     standard |  0.25 | 2500 |1558328850337 |     429 |   432.0 | mscp41.txt |  3,7 |
| 8 |   25 |     standard |  0.25 | 2500 |1558328854070 |     429 |   430.0 | mscp41.txt |  4,8 |
| 9 |   25 |     standard |  0.25 | 2500 |1558328858845 |     429 |   430.0 | mscp41.txt |  3,8 |
|10 |   25 |     standard |  0.25 | 2500 |1558328862663 |     429 |   435.0 | mscp41.txt |  7,6 |
|11 |   25 |     standard |  0.25 | 2500 |1558328870262 |     429 |   429.0 | mscp41.txt |  4,3 |
|12 |   25 |     standard |  0.25 | 2500 |1558328874599 |     429 |   433.0 | mscp41.txt |  4,3 |
|13 |   25 |     standard |  0.25 | 2500 |1558328878858 |     429 |   430.0 | mscp41.txt |  4,3 |
|14 |   25 |     standard |  0.25 | 2500 |1558328883183 |     429 |   430.0 | mscp41.txt |  4,2 |
|15 |   25 |     standard |  0.25 | 2500 |1558328887365 |     429 |   432.0 | mscp41.txt |  3,7 |
|16 |   25 |     standard |  0.25 | 2500 |1558328891015 |     429 |   430.0 | mscp41.txt |  4,2 |
|17 |   25 |     standard |  0.25 | 2500 |1558328895202 |     429 |   432.0 | mscp41.txt |  3,8 |
|18 |   25 |     standard |  0.25 | 2500 |1558328898952 |     429 |   433.0 | mscp41.txt |  5,9 |
|19 |   25 |     standard |  0.25 | 2500 |1558328904803 |     429 |   429.0 | mscp41.txt |  6,0 |
|20 |   25 |     standard |  0.25 | 2500 |1558328910852 |     429 |   430.0 | mscp41.txt |  3,3 |
|21 |   25 |     standard |  0.25 | 2500 |1558328914179 |     429 |   433.0 | mscp41.txt |  5,3 |
|22 |   25 |     standard |  0.25 | 2500 |1558328919524 |     429 |   431.0 | mscp41.txt |  4,0 |
|23 |   25 |     standard |  0.25 | 2500 |1558328923537 |     429 |   429.0 | mscp41.txt |  4,0 |
|24 |   25 |     standard |  0.25 | 2500 |1558328927558 |     429 |   430.0 | mscp41.txt |  3,8 |
|25 |   25 |     standard |  0.25 | 2500 |1558328931323 |     429 |   430.0 | mscp41.txt |  3,5 |
|26 |   25 |     standard |  0.25 | 2500 |1558328934791 |     429 |   430.0 | mscp41.txt |  3,9 |
|27 |   25 |     standard |  0.25 | 2500 |1558328938698 |     429 |   430.0 | mscp41.txt |  5,0 |
|28 |   25 |     standard |  0.25 | 2500 |1558328943662 |     429 |   432.0 | mscp41.txt |  3,7 |
|29 |   25 |     standard |  0.25 | 2500 |1558328947374 |     429 |   430.0 | mscp41.txt |  4,8 |
|30 |   25 |     standard |  0.25 | 2500 |1558328952131 |     429 |   430.0 | mscp41.txt |  3,8 |
|31 |   25 |     standard |  0.25 | 2500 |1558328955897 |     429 |   430.0 | mscp41.txt |  3,4 |
