| # | Nest | Binarizacion | %Desc |#Iter |      semilla | BestFit |  GotFit |  instancia | time |
-------------------------------------------------------------------------------------------------
| 1 |   25 |      sshape1 |  0.25 | 2500 |1558352141981 |     279 |   279.0 | mscp59.txt |  4,7 |
| 2 |   25 |      sshape1 |  0.25 | 2500 |1558352146725 |     279 |   280.0 | mscp59.txt |  5,7 |
| 3 |   25 |      sshape1 |  0.25 | 2500 |1558352152430 |     279 |   279.0 | mscp59.txt |  4,4 |
| 4 |   25 |      sshape1 |  0.25 | 2500 |1558352156829 |     279 |   281.0 | mscp59.txt |  7,4 |
| 5 |   25 |      sshape1 |  0.25 | 2500 |1558352164279 |     279 |   280.0 | mscp59.txt |  5,6 |
| 6 |   25 |      sshape1 |  0.25 | 2500 |1558352169854 |     279 |   280.0 | mscp59.txt |  4,2 |
| 7 |   25 |      sshape1 |  0.25 | 2500 |1558352174029 |     279 |   279.0 | mscp59.txt |  5,1 |
| 8 |   25 |      sshape1 |  0.25 | 2500 |1558352179154 |     279 |   279.0 | mscp59.txt |  5,2 |
| 9 |   25 |      sshape1 |  0.25 | 2500 |1558352184326 |     279 |   280.0 | mscp59.txt |  4,9 |
|10 |   25 |      sshape1 |  0.25 | 2500 |1558352189271 |     279 |   280.0 | mscp59.txt |  5,9 |
|11 |   25 |      sshape1 |  0.25 | 2500 |1558352195168 |     279 |   280.0 | mscp59.txt |  5,0 |
|12 |   25 |      sshape1 |  0.25 | 2500 |1558352200204 |     279 |   280.0 | mscp59.txt |  5,5 |
|13 |   25 |      sshape1 |  0.25 | 2500 |1558352205712 |     279 |   280.0 | mscp59.txt |  7,2 |
|14 |   25 |      sshape1 |  0.25 | 2500 |1558352212917 |     279 |   279.0 | mscp59.txt |  5,2 |
|15 |   25 |      sshape1 |  0.25 | 2500 |1558352218117 |     279 |   280.0 | mscp59.txt |  4,4 |
|16 |   25 |      sshape1 |  0.25 | 2500 |1558352222542 |     279 |   279.0 | mscp59.txt |  4,9 |
|17 |   25 |      sshape1 |  0.25 | 2500 |1558352227487 |     279 |   280.0 | mscp59.txt |  4,8 |
|18 |   25 |      sshape1 |  0.25 | 2500 |1558352232249 |     279 |   280.0 | mscp59.txt |  6,7 |
|19 |   25 |      sshape1 |  0.25 | 2500 |1558352238932 |     279 |   279.0 | mscp59.txt |  5,5 |
|20 |   25 |      sshape1 |  0.25 | 2500 |1558352244449 |     279 |   280.0 | mscp59.txt |  5,5 |
|21 |   25 |      sshape1 |  0.25 | 2500 |1558352249934 |     279 |   280.0 | mscp59.txt |  5,3 |
|22 |   25 |      sshape1 |  0.25 | 2500 |1558352255274 |     279 |   280.0 | mscp59.txt |  7,6 |
|23 |   25 |      sshape1 |  0.25 | 2500 |1558352262854 |     279 |   280.0 | mscp59.txt |  6,9 |
|24 |   25 |      sshape1 |  0.25 | 2500 |1558352269798 |     279 |   280.0 | mscp59.txt |  5,3 |
|25 |   25 |      sshape1 |  0.25 | 2500 |1558352275055 |     279 |   279.0 | mscp59.txt |  5,7 |
|26 |   25 |      sshape1 |  0.25 | 2500 |1558352280778 |     279 |   280.0 | mscp59.txt |  4,8 |
|27 |   25 |      sshape1 |  0.25 | 2500 |1558352285560 |     279 |   279.0 | mscp59.txt |  4,8 |
|28 |   25 |      sshape1 |  0.25 | 2500 |1558352290362 |     279 |   280.0 | mscp59.txt |  5,0 |
|29 |   25 |      sshape1 |  0.25 | 2500 |1558352295372 |     279 |   280.0 | mscp59.txt |  5,3 |
|30 |   25 |      sshape1 |  0.25 | 2500 |1558352300691 |     279 |   279.0 | mscp59.txt |  4,6 |
|31 |   25 |      sshape1 |  0.25 | 2500 |1558352305248 |     279 |   280.0 | mscp59.txt |  6,5 |
