| # | Nest | Binarizacion | %Desc |#Iter |      semilla | BestFit |  GotFit |  instancia | time |
-------------------------------------------------------------------------------------------------
| 1 |   25 |      sshape1 |  0.25 | 2500 |1558349959488 |     430 |   430.0 | mscp47.txt |  4,5 |
| 2 |   25 |      sshape1 |  0.25 | 2500 |1558349964010 |     430 |   430.0 | mscp47.txt |  4,4 |
| 3 |   25 |      sshape1 |  0.25 | 2500 |1558349968399 |     430 |   430.0 | mscp47.txt |  4,7 |
| 4 |   25 |      sshape1 |  0.25 | 2500 |1558349973107 |     430 |   431.0 | mscp47.txt |  4,9 |
| 5 |   25 |      sshape1 |  0.25 | 2500 |1558349977979 |     430 |   430.0 | mscp47.txt |  3,9 |
| 6 |   25 |      sshape1 |  0.25 | 2500 |1558349981886 |     430 |   430.0 | mscp47.txt |  4,6 |
| 7 |   25 |      sshape1 |  0.25 | 2500 |1558349986533 |     430 |   430.0 | mscp47.txt |  3,9 |
| 8 |   25 |      sshape1 |  0.25 | 2500 |1558349990393 |     430 |   430.0 | mscp47.txt |  4,0 |
| 9 |   25 |      sshape1 |  0.25 | 2500 |1558349994373 |     430 |   430.0 | mscp47.txt |  3,8 |
|10 |   25 |      sshape1 |  0.25 | 2500 |1558349998168 |     430 |   430.0 | mscp47.txt |  3,7 |
|11 |   25 |      sshape1 |  0.25 | 2500 |1558350001891 |     430 |   430.0 | mscp47.txt |  4,6 |
|12 |   25 |      sshape1 |  0.25 | 2500 |1558350006473 |     430 |   430.0 | mscp47.txt |  4,3 |
|13 |   25 |      sshape1 |  0.25 | 2500 |1558350010734 |     430 |   430.0 | mscp47.txt |  4,0 |
|14 |   25 |      sshape1 |  0.25 | 2500 |1558350014773 |     430 |   430.0 | mscp47.txt |  3,3 |
|15 |   25 |      sshape1 |  0.25 | 2500 |1558350018087 |     430 |   434.0 | mscp47.txt |  3,3 |
|16 |   25 |      sshape1 |  0.25 | 2500 |1558350021363 |     430 |   430.0 | mscp47.txt |  4,3 |
|17 |   25 |      sshape1 |  0.25 | 2500 |1558350025641 |     430 |   430.0 | mscp47.txt |  4,1 |
|18 |   25 |      sshape1 |  0.25 | 2500 |1558350029725 |     430 |   430.0 | mscp47.txt |  4,9 |
|19 |   25 |      sshape1 |  0.25 | 2500 |1558350034615 |     430 |   430.0 | mscp47.txt |  4,6 |
|20 |   25 |      sshape1 |  0.25 | 2500 |1558350039211 |     430 |   430.0 | mscp47.txt |  3,8 |
|21 |   25 |      sshape1 |  0.25 | 2500 |1558350042964 |     430 |   430.0 | mscp47.txt |  4,5 |
|22 |   25 |      sshape1 |  0.25 | 2500 |1558350047470 |     430 |   434.0 | mscp47.txt |  3,7 |
|23 |   25 |      sshape1 |  0.25 | 2500 |1558350051147 |     430 |   434.0 | mscp47.txt |  4,5 |
|24 |   25 |      sshape1 |  0.25 | 2500 |1558350055665 |     430 |   435.0 | mscp47.txt |  3,5 |
|25 |   25 |      sshape1 |  0.25 | 2500 |1558350059156 |     430 |   430.0 | mscp47.txt |  4,4 |
|26 |   25 |      sshape1 |  0.25 | 2500 |1558350063590 |     430 |   430.0 | mscp47.txt |  4,2 |
|27 |   25 |      sshape1 |  0.25 | 2500 |1558350067770 |     430 |   430.0 | mscp47.txt |  3,8 |
|28 |   25 |      sshape1 |  0.25 | 2500 |1558350071587 |     430 |   430.0 | mscp47.txt |  4,4 |
|29 |   25 |      sshape1 |  0.25 | 2500 |1558350076014 |     430 |   430.0 | mscp47.txt |  4,5 |
|30 |   25 |      sshape1 |  0.25 | 2500 |1558350080562 |     430 |   431.0 | mscp47.txt |  4,5 |
|31 |   25 |      sshape1 |  0.25 | 2500 |1558350085022 |     430 |   431.0 | mscp47.txt |  3,7 |
