| # | Nest | Binarizacion | %Desc |#Iter |      semilla | BestFit |  GotFit |  instancia | time |
-------------------------------------------------------------------------------------------------
| 1 |   25 |      elitist |  0.25 | 2500 |1558302271999 |     215 |     0.0 | mscpc5.txt |-1,6e+09 |
| 2 |   25 |      elitist |  0.25 | 2500 |1558302272000 |     215 |     0.0 | mscpc5.txt |-1,6e+09 |
| 3 |   25 |      elitist |  0.25 | 2500 |1558302272000 |     215 |     0.0 | mscpc5.txt |-1,6e+09 |
| 4 |   25 |      elitist |  0.25 | 2500 |1558302272001 |     215 |     0.0 | mscpc5.txt |-1,6e+09 |
| 5 |   25 |      elitist |  0.25 | 2500 |1558302272001 |     215 |     0.0 | mscpc5.txt |-1,6e+09 |
| 6 |   25 |      elitist |  0.25 | 2500 |1558302272001 |     215 |     0.0 | mscpc5.txt |-1,6e+09 |
| 7 |   25 |      elitist |  0.25 | 2500 |1558302272001 |     215 |     0.0 | mscpc5.txt |-1,6e+09 |
| 8 |   25 |      elitist |  0.25 | 2500 |1558302272002 |     215 |     0.0 | mscpc5.txt |-1,6e+09 |
| 9 |   25 |      elitist |  0.25 | 2500 |1558302272002 |     215 |     0.0 | mscpc5.txt |-1,6e+09 |
|10 |   25 |      elitist |  0.25 | 2500 |1558302272002 |     215 |     0.0 | mscpc5.txt |-1,6e+09 |
|11 |   25 |      elitist |  0.25 | 2500 |1558302272002 |     215 |     0.0 | mscpc5.txt |-1,6e+09 |
|12 |   25 |      elitist |  0.25 | 2500 |1558302272003 |     215 |     0.0 | mscpc5.txt |-1,6e+09 |
|13 |   25 |      elitist |  0.25 | 2500 |1558302272003 |     215 |     0.0 | mscpc5.txt |-1,6e+09 |
|14 |   25 |      elitist |  0.25 | 2500 |1558302272003 |     215 |     0.0 | mscpc5.txt |-1,6e+09 |
|15 |   25 |      elitist |  0.25 | 2500 |1558302272003 |     215 |     0.0 | mscpc5.txt |-1,6e+09 |
|16 |   25 |      elitist |  0.25 | 2500 |1558302272004 |     215 |     0.0 | mscpc5.txt |-1,6e+09 |
|17 |   25 |      elitist |  0.25 | 2500 |1558302272004 |     215 |     0.0 | mscpc5.txt |-1,6e+09 |
|18 |   25 |      elitist |  0.25 | 2500 |1558302272005 |     215 |     0.0 | mscpc5.txt |-1,6e+09 |
|19 |   25 |      elitist |  0.25 | 2500 |1558302272005 |     215 |     0.0 | mscpc5.txt |-1,6e+09 |
|20 |   25 |      elitist |  0.25 | 2500 |1558302272005 |     215 |     0.0 | mscpc5.txt |-1,6e+09 |
|21 |   25 |      elitist |  0.25 | 2500 |1558302272006 |     215 |     0.0 | mscpc5.txt |-1,6e+09 |
|22 |   25 |      elitist |  0.25 | 2500 |1558302272006 |     215 |     0.0 | mscpc5.txt |-1,6e+09 |
|23 |   25 |      elitist |  0.25 | 2500 |1558302272006 |     215 |     0.0 | mscpc5.txt |-1,6e+09 |
|24 |   25 |      elitist |  0.25 | 2500 |1558302272007 |     215 |     0.0 | mscpc5.txt |-1,6e+09 |
|25 |   25 |      elitist |  0.25 | 2500 |1558302272007 |     215 |     0.0 | mscpc5.txt |-1,6e+09 |
|26 |   25 |      elitist |  0.25 | 2500 |1558302272007 |     215 |     0.0 | mscpc5.txt |-1,6e+09 |
|27 |   25 |      elitist |  0.25 | 2500 |1558302272007 |     215 |     0.0 | mscpc5.txt |-1,6e+09 |
|28 |   25 |      elitist |  0.25 | 2500 |1558302272008 |     215 |     0.0 | mscpc5.txt |-1,6e+09 |
|29 |   25 |      elitist |  0.25 | 2500 |1558302272008 |     215 |     0.0 | mscpc5.txt |-1,6e+09 |
|30 |   25 |      elitist |  0.25 | 2500 |1558302272008 |     215 |     0.0 | mscpc5.txt |-1,6e+09 |
|31 |   25 |      elitist |  0.25 | 2500 |1558302272008 |     215 |     0.0 | mscpc5.txt |-1,6e+09 |
