| # | Nest | Binarizacion | %Desc |#Iter |      semilla | BestFit |  GotFit |  instancia | time |
-------------------------------------------------------------------------------------------------
| 1 |   25 |      sshape1 |  0.25 | 2500 |1558350088753 |     492 |   494.0 | mscp48.txt |  3,5 |
| 2 |   25 |      sshape1 |  0.25 | 2500 |1558350092217 |     492 |   494.0 | mscp48.txt |  4,1 |
| 3 |   25 |      sshape1 |  0.25 | 2500 |1558350096285 |     492 |   494.0 | mscp48.txt |  3,2 |
| 4 |   25 |      sshape1 |  0.25 | 2500 |1558350099461 |     492 |   492.0 | mscp48.txt |  4,1 |
| 5 |   25 |      sshape1 |  0.25 | 2500 |1558350103549 |     492 |   501.0 | mscp48.txt |  3,6 |
| 6 |   25 |      sshape1 |  0.25 | 2500 |1558350107149 |     492 |   492.0 | mscp48.txt |  3,5 |
| 7 |   25 |      sshape1 |  0.25 | 2500 |1558350110613 |     492 |   494.0 | mscp48.txt |  3,7 |
| 8 |   25 |      sshape1 |  0.25 | 2500 |1558350114324 |     492 |   492.0 | mscp48.txt |  4,1 |
| 9 |   25 |      sshape1 |  0.25 | 2500 |1558350118457 |     492 |   494.0 | mscp48.txt |  4,1 |
|10 |   25 |      sshape1 |  0.25 | 2500 |1558350122538 |     492 |   492.0 | mscp48.txt |  4,0 |
|11 |   25 |      sshape1 |  0.25 | 2500 |1558350126544 |     492 |   492.0 | mscp48.txt |  4,0 |
|12 |   25 |      sshape1 |  0.25 | 2500 |1558350130560 |     492 |   493.0 | mscp48.txt |  6,2 |
|13 |   25 |      sshape1 |  0.25 | 2500 |1558350136761 |     492 |   492.0 | mscp48.txt |  3,8 |
|14 |   25 |      sshape1 |  0.25 | 2500 |1558350140561 |     492 |   494.0 | mscp48.txt |  3,7 |
|15 |   25 |      sshape1 |  0.25 | 2500 |1558350144247 |     492 |   492.0 | mscp48.txt |  3,9 |
|16 |   25 |      sshape1 |  0.25 | 2500 |1558350148172 |     492 |   492.0 | mscp48.txt |  3,8 |
|17 |   25 |      sshape1 |  0.25 | 2500 |1558350152022 |     492 |   492.0 | mscp48.txt |  4,1 |
|18 |   25 |      sshape1 |  0.25 | 2500 |1558350156125 |     492 |   494.0 | mscp48.txt |  3,7 |
|19 |   25 |      sshape1 |  0.25 | 2500 |1558350159862 |     492 |   492.0 | mscp48.txt |  3,5 |
|20 |   25 |      sshape1 |  0.25 | 2500 |1558350163376 |     492 |   492.0 | mscp48.txt |  3,8 |
|21 |   25 |      sshape1 |  0.25 | 2500 |1558350167161 |     492 |   492.0 | mscp48.txt |  4,1 |
|22 |   25 |      sshape1 |  0.25 | 2500 |1558350171248 |     492 |   492.0 | mscp48.txt |  3,5 |
|23 |   25 |      sshape1 |  0.25 | 2500 |1558350174722 |     492 |   492.0 | mscp48.txt |  3,8 |
|24 |   25 |      sshape1 |  0.25 | 2500 |1558350178493 |     492 |   492.0 | mscp48.txt |  3,8 |
|25 |   25 |      sshape1 |  0.25 | 2500 |1558350182301 |     492 |   492.0 | mscp48.txt |  3,9 |
|26 |   25 |      sshape1 |  0.25 | 2500 |1558350186236 |     492 |   501.0 | mscp48.txt |  3,6 |
|27 |   25 |      sshape1 |  0.25 | 2500 |1558350189846 |     492 |   492.0 | mscp48.txt |  4,2 |
|28 |   25 |      sshape1 |  0.25 | 2500 |1558350194007 |     492 |   492.0 | mscp48.txt |  3,7 |
|29 |   25 |      sshape1 |  0.25 | 2500 |1558350197741 |     492 |   492.0 | mscp48.txt |  3,8 |
|30 |   25 |      sshape1 |  0.25 | 2500 |1558350201574 |     492 |   496.0 | mscp48.txt |  3,6 |
|31 |   25 |      sshape1 |  0.25 | 2500 |1558350205147 |     492 |   492.0 | mscp48.txt |  3,8 |
