| # | Nest | Binarizacion | %Desc |#Iter |      semilla | BestFit |  GotFit |  instancia | time |
-------------------------------------------------------------------------------------------------
| 1 |   25 |      sshape1 |  0.25 | 2500 |1558408359857 |     154 |   157.0 |mscpnrg2.txt |4,7e+02 |
| 2 |   25 |      sshape1 |  0.25 | 2500 |1558408830107 |     154 |   158.0 |mscpnrg2.txt |6,8e+02 |
| 3 |   25 |      sshape1 |  0.25 | 2500 |1558409505882 |     154 |   157.0 |mscpnrg2.txt |5,4e+02 |
| 4 |   25 |      sshape1 |  0.25 | 2500 |1558410044045 |     154 |   157.0 |mscpnrg2.txt |4,0e+02 |
| 5 |   25 |      sshape1 |  0.25 | 2500 |1558410442476 |     154 |   159.0 |mscpnrg2.txt |5,2e+02 |
| 6 |   25 |      sshape1 |  0.25 | 2500 |1558410965436 |     154 |   156.0 |mscpnrg2.txt |4,9e+02 |
| 7 |   25 |      sshape1 |  0.25 | 2500 |1558411451428 |     154 |   158.0 |mscpnrg2.txt |4,5e+02 |
| 8 |   25 |      sshape1 |  0.25 | 2500 |1558411899774 |     154 |   157.0 |mscpnrg2.txt |5,7e+02 |
| 9 |   25 |      sshape1 |  0.25 | 2500 |1558412468984 |     154 |   158.0 |mscpnrg2.txt |4,1e+02 |
|10 |   25 |      sshape1 |  0.25 | 2500 |1558412876216 |     154 |   160.0 |mscpnrg2.txt |6,7e+02 |
|11 |   25 |      sshape1 |  0.25 | 2500 |1558413549908 |     154 |   158.0 |mscpnrg2.txt |4,6e+02 |
|12 |   25 |      sshape1 |  0.25 | 2500 |1558414006148 |     154 |   159.0 |mscpnrg2.txt |6,2e+02 |
|13 |   25 |      sshape1 |  0.25 | 2500 |1558414629756 |     154 |   157.0 |mscpnrg2.txt |6,2e+02 |
|14 |   25 |      sshape1 |  0.25 | 2500 |1558415246284 |     154 |   156.0 |mscpnrg2.txt |4,2e+02 |
|15 |   25 |      sshape1 |  0.25 | 2500 |1558415664609 |     154 |   156.0 |mscpnrg2.txt |5,7e+02 |
|16 |   25 |      sshape1 |  0.25 | 2500 |1558416237802 |     154 |   156.0 |mscpnrg2.txt |6,8e+02 |
|17 |   25 |      sshape1 |  0.25 | 2500 |1558416921901 |     154 |   156.0 |mscpnrg2.txt |5,9e+02 |
|18 |   25 |      sshape1 |  0.25 | 2500 |1558417510489 |     154 |   159.0 |mscpnrg2.txt |4,7e+02 |
|19 |   25 |      sshape1 |  0.25 | 2500 |1558417977919 |     154 |   158.0 |mscpnrg2.txt |5,2e+02 |
|20 |   25 |      sshape1 |  0.25 | 2500 |1558418497356 |     154 |   156.0 |mscpnrg2.txt |5,0e+02 |
|21 |   25 |      sshape1 |  0.25 | 2500 |1558418992620 |     154 |   160.0 |mscpnrg2.txt |5,2e+02 |
|22 |   25 |      sshape1 |  0.25 | 2500 |1558419510706 |     154 |   158.0 |mscpnrg2.txt |5,0e+02 |
|23 |   25 |      sshape1 |  0.25 | 2500 |1558420010124 |     154 |   160.0 |mscpnrg2.txt |3,4e+02 |
|24 |   25 |      sshape1 |  0.25 | 2500 |1558420352832 |     154 |   160.0 |mscpnrg2.txt |4,9e+02 |
|25 |   25 |      sshape1 |  0.25 | 2500 |1558420847489 |     154 |   158.0 |mscpnrg2.txt |5,9e+02 |
|26 |   25 |      sshape1 |  0.25 | 2500 |1558421434676 |     154 |   159.0 |mscpnrg2.txt |6,6e+02 |
|27 |   25 |      sshape1 |  0.25 | 2500 |1558422089740 |     154 |   156.0 |mscpnrg2.txt |4,1e+02 |
|28 |   25 |      sshape1 |  0.25 | 2500 |1558422502902 |     154 |   158.0 |mscpnrg2.txt |6,4e+02 |
|29 |   25 |      sshape1 |  0.25 | 2500 |1558423144037 |     154 |   158.0 |mscpnrg2.txt |5,6e+02 |
|30 |   25 |      sshape1 |  0.25 | 2500 |1558423699164 |     154 |   157.0 |mscpnrg2.txt |6,8e+02 |
|31 |   25 |      sshape1 |  0.25 | 2500 |1558424374951 |     154 |   157.0 |mscpnrg2.txt |6,2e+02 |
