| # | Nest | Binarizacion | %Desc |#Iter |      semilla | BestFit |  GotFit |  instancia | time |
-------------------------------------------------------------------------------------------------
| 1 |   25 |      vshape3 |  0.25 | 2500 |1558302271901 |     215 |     0.0 | mscpc5.txt |-1,6e+09 |
| 2 |   25 |      vshape3 |  0.25 | 2500 |1558302271902 |     215 |     0.0 | mscpc5.txt |-1,6e+09 |
| 3 |   25 |      vshape3 |  0.25 | 2500 |1558302271902 |     215 |     0.0 | mscpc5.txt |-1,6e+09 |
| 4 |   25 |      vshape3 |  0.25 | 2500 |1558302271903 |     215 |     0.0 | mscpc5.txt |-1,6e+09 |
| 5 |   25 |      vshape3 |  0.25 | 2500 |1558302271903 |     215 |     0.0 | mscpc5.txt |-1,6e+09 |
| 6 |   25 |      vshape3 |  0.25 | 2500 |1558302271904 |     215 |     0.0 | mscpc5.txt |-1,6e+09 |
| 7 |   25 |      vshape3 |  0.25 | 2500 |1558302271905 |     215 |     0.0 | mscpc5.txt |-1,6e+09 |
| 8 |   25 |      vshape3 |  0.25 | 2500 |1558302271905 |     215 |     0.0 | mscpc5.txt |-1,6e+09 |
| 9 |   25 |      vshape3 |  0.25 | 2500 |1558302271909 |     215 |     0.0 | mscpc5.txt |-1,6e+09 |
|10 |   25 |      vshape3 |  0.25 | 2500 |1558302271910 |     215 |     0.0 | mscpc5.txt |-1,6e+09 |
|11 |   25 |      vshape3 |  0.25 | 2500 |1558302271911 |     215 |     0.0 | mscpc5.txt |-1,6e+09 |
|12 |   25 |      vshape3 |  0.25 | 2500 |1558302271911 |     215 |     0.0 | mscpc5.txt |-1,6e+09 |
|13 |   25 |      vshape3 |  0.25 | 2500 |1558302271911 |     215 |     0.0 | mscpc5.txt |-1,6e+09 |
|14 |   25 |      vshape3 |  0.25 | 2500 |1558302271912 |     215 |     0.0 | mscpc5.txt |-1,6e+09 |
|15 |   25 |      vshape3 |  0.25 | 2500 |1558302271912 |     215 |     0.0 | mscpc5.txt |-1,6e+09 |
|16 |   25 |      vshape3 |  0.25 | 2500 |1558302271912 |     215 |     0.0 | mscpc5.txt |-1,6e+09 |
|17 |   25 |      vshape3 |  0.25 | 2500 |1558302271913 |     215 |     0.0 | mscpc5.txt |-1,6e+09 |
|18 |   25 |      vshape3 |  0.25 | 2500 |1558302271914 |     215 |     0.0 | mscpc5.txt |-1,6e+09 |
|19 |   25 |      vshape3 |  0.25 | 2500 |1558302271914 |     215 |     0.0 | mscpc5.txt |-1,6e+09 |
|20 |   25 |      vshape3 |  0.25 | 2500 |1558302271915 |     215 |     0.0 | mscpc5.txt |-1,6e+09 |
|21 |   25 |      vshape3 |  0.25 | 2500 |1558302271915 |     215 |     0.0 | mscpc5.txt |-1,6e+09 |
|22 |   25 |      vshape3 |  0.25 | 2500 |1558302271915 |     215 |     0.0 | mscpc5.txt |-1,6e+09 |
|23 |   25 |      vshape3 |  0.25 | 2500 |1558302271916 |     215 |     0.0 | mscpc5.txt |-1,6e+09 |
|24 |   25 |      vshape3 |  0.25 | 2500 |1558302271917 |     215 |     0.0 | mscpc5.txt |-1,6e+09 |
|25 |   25 |      vshape3 |  0.25 | 2500 |1558302271918 |     215 |     0.0 | mscpc5.txt |-1,6e+09 |
|26 |   25 |      vshape3 |  0.25 | 2500 |1558302271918 |     215 |     0.0 | mscpc5.txt |-1,6e+09 |
|27 |   25 |      vshape3 |  0.25 | 2500 |1558302271919 |     215 |     0.0 | mscpc5.txt |-1,6e+09 |
|28 |   25 |      vshape3 |  0.25 | 2500 |1558302271919 |     215 |     0.0 | mscpc5.txt |-1,6e+09 |
|29 |   25 |      vshape3 |  0.25 | 2500 |1558302271919 |     215 |     0.0 | mscpc5.txt |-1,6e+09 |
|30 |   25 |      vshape3 |  0.25 | 2500 |1558302271920 |     215 |     0.0 | mscpc5.txt |-1,6e+09 |
|31 |   25 |      vshape3 |  0.25 | 2500 |1558302271920 |     215 |     0.0 | mscpc5.txt |-1,6e+09 |
