| # | Nest | Binarizacion | %Desc |#Iter |      semilla | BestFit |  GotFit |  instancia | time |
-------------------------------------------------------------------------------------------------
| 1 |   25 |        basic |  0.25 | 2500 |1558302271950 |     215 |     0.0 | mscpc5.txt |-1,6e+09 |
| 2 |   25 |        basic |  0.25 | 2500 |1558302271951 |     215 |     0.0 | mscpc5.txt |-1,6e+09 |
| 3 |   25 |        basic |  0.25 | 2500 |1558302271951 |     215 |     0.0 | mscpc5.txt |-1,6e+09 |
| 4 |   25 |        basic |  0.25 | 2500 |1558302271951 |     215 |     0.0 | mscpc5.txt |-1,6e+09 |
| 5 |   25 |        basic |  0.25 | 2500 |1558302271952 |     215 |     0.0 | mscpc5.txt |-1,6e+09 |
| 6 |   25 |        basic |  0.25 | 2500 |1558302271952 |     215 |     0.0 | mscpc5.txt |-1,6e+09 |
| 7 |   25 |        basic |  0.25 | 2500 |1558302271952 |     215 |     0.0 | mscpc5.txt |-1,6e+09 |
| 8 |   25 |        basic |  0.25 | 2500 |1558302271953 |     215 |     0.0 | mscpc5.txt |-1,6e+09 |
| 9 |   25 |        basic |  0.25 | 2500 |1558302271953 |     215 |     0.0 | mscpc5.txt |-1,6e+09 |
|10 |   25 |        basic |  0.25 | 2500 |1558302271953 |     215 |     0.0 | mscpc5.txt |-1,6e+09 |
|11 |   25 |        basic |  0.25 | 2500 |1558302271954 |     215 |     0.0 | mscpc5.txt |-1,6e+09 |
|12 |   25 |        basic |  0.25 | 2500 |1558302271954 |     215 |     0.0 | mscpc5.txt |-1,6e+09 |
|13 |   25 |        basic |  0.25 | 2500 |1558302271954 |     215 |     0.0 | mscpc5.txt |-1,6e+09 |
|14 |   25 |        basic |  0.25 | 2500 |1558302271954 |     215 |     0.0 | mscpc5.txt |-1,6e+09 |
|15 |   25 |        basic |  0.25 | 2500 |1558302271955 |     215 |     0.0 | mscpc5.txt |-1,6e+09 |
|16 |   25 |        basic |  0.25 | 2500 |1558302271955 |     215 |     0.0 | mscpc5.txt |-1,6e+09 |
|17 |   25 |        basic |  0.25 | 2500 |1558302271955 |     215 |     0.0 | mscpc5.txt |-1,6e+09 |
|18 |   25 |        basic |  0.25 | 2500 |1558302271956 |     215 |     0.0 | mscpc5.txt |-1,6e+09 |
|19 |   25 |        basic |  0.25 | 2500 |1558302271956 |     215 |     0.0 | mscpc5.txt |-1,6e+09 |
|20 |   25 |        basic |  0.25 | 2500 |1558302271956 |     215 |     0.0 | mscpc5.txt |-1,6e+09 |
|21 |   25 |        basic |  0.25 | 2500 |1558302271956 |     215 |     0.0 | mscpc5.txt |-1,6e+09 |
|22 |   25 |        basic |  0.25 | 2500 |1558302271957 |     215 |     0.0 | mscpc5.txt |-1,6e+09 |
|23 |   25 |        basic |  0.25 | 2500 |1558302271957 |     215 |     0.0 | mscpc5.txt |-1,6e+09 |
|24 |   25 |        basic |  0.25 | 2500 |1558302271957 |     215 |     0.0 | mscpc5.txt |-1,6e+09 |
|25 |   25 |        basic |  0.25 | 2500 |1558302271958 |     215 |     0.0 | mscpc5.txt |-1,6e+09 |
|26 |   25 |        basic |  0.25 | 2500 |1558302271958 |     215 |     0.0 | mscpc5.txt |-1,6e+09 |
|27 |   25 |        basic |  0.25 | 2500 |1558302271958 |     215 |     0.0 | mscpc5.txt |-1,6e+09 |
|28 |   25 |        basic |  0.25 | 2500 |1558302271959 |     215 |     0.0 | mscpc5.txt |-1,6e+09 |
|29 |   25 |        basic |  0.25 | 2500 |1558302271959 |     215 |     0.0 | mscpc5.txt |-1,6e+09 |
|30 |   25 |        basic |  0.25 | 2500 |1558302271960 |     215 |     0.0 | mscpc5.txt |-1,6e+09 |
|31 |   25 |        basic |  0.25 | 2500 |1558302271960 |     215 |     0.0 | mscpc5.txt |-1,6e+09 |
