| # | Nest | Binarizacion | %Desc |#Iter |      semilla | BestFit |  GotFit |  instancia | time |
-------------------------------------------------------------------------------------------------
| 1 |   25 |      sshape1 |  0.25 | 2500 |1558351617517 |     213 |   213.0 | mscp56.txt |  3,5 |
| 2 |   25 |      sshape1 |  0.25 | 2500 |1558351620970 |     213 |   216.0 | mscp56.txt |  3,7 |
| 3 |   25 |      sshape1 |  0.25 | 2500 |1558351624648 |     213 |   216.0 | mscp56.txt |  3,4 |
| 4 |   25 |      sshape1 |  0.25 | 2500 |1558351628059 |     213 |   213.0 | mscp56.txt |  3,5 |
| 5 |   25 |      sshape1 |  0.25 | 2500 |1558351631603 |     213 |   214.0 | mscp56.txt |  3,3 |
| 6 |   25 |      sshape1 |  0.25 | 2500 |1558351634878 |     213 |   217.0 | mscp56.txt |  3,9 |
| 7 |   25 |      sshape1 |  0.25 | 2500 |1558351638729 |     213 |   214.0 | mscp56.txt |  3,6 |
| 8 |   25 |      sshape1 |  0.25 | 2500 |1558351642293 |     213 |   215.0 | mscp56.txt |  3,9 |
| 9 |   25 |      sshape1 |  0.25 | 2500 |1558351646173 |     213 |   213.0 | mscp56.txt |  3,9 |
|10 |   25 |      sshape1 |  0.25 | 2500 |1558351650029 |     213 |   216.0 | mscp56.txt |  3,2 |
|11 |   25 |      sshape1 |  0.25 | 2500 |1558351653244 |     213 |   216.0 | mscp56.txt |  3,6 |
|12 |   25 |      sshape1 |  0.25 | 2500 |1558351656803 |     213 |   213.0 | mscp56.txt |  3,6 |
|13 |   25 |      sshape1 |  0.25 | 2500 |1558351660358 |     213 |   216.0 | mscp56.txt |  3,3 |
|14 |   25 |      sshape1 |  0.25 | 2500 |1558351663699 |     213 |   213.0 | mscp56.txt |  3,5 |
|15 |   25 |      sshape1 |  0.25 | 2500 |1558351667184 |     213 |   216.0 | mscp56.txt |  3,1 |
|16 |   25 |      sshape1 |  0.25 | 2500 |1558351670238 |     213 |   213.0 | mscp56.txt |  3,5 |
|17 |   25 |      sshape1 |  0.25 | 2500 |1558351673745 |     213 |   216.0 | mscp56.txt |  3,3 |
|18 |   25 |      sshape1 |  0.25 | 2500 |1558351677090 |     213 |   215.0 | mscp56.txt |  3,8 |
|19 |   25 |      sshape1 |  0.25 | 2500 |1558351680879 |     213 |   213.0 | mscp56.txt |  3,6 |
|20 |   25 |      sshape1 |  0.25 | 2500 |1558351684519 |     213 |   216.0 | mscp56.txt |  3,9 |
|21 |   25 |      sshape1 |  0.25 | 2500 |1558351688390 |     213 |   216.0 | mscp56.txt |  3,5 |
|22 |   25 |      sshape1 |  0.25 | 2500 |1558351691844 |     213 |   216.0 | mscp56.txt |  3,3 |
|23 |   25 |      sshape1 |  0.25 | 2500 |1558351695135 |     213 |   216.0 | mscp56.txt |  3,3 |
|24 |   25 |      sshape1 |  0.25 | 2500 |1558351698449 |     213 |   213.0 | mscp56.txt |  3,7 |
|25 |   25 |      sshape1 |  0.25 | 2500 |1558351702171 |     213 |   214.0 | mscp56.txt |  3,5 |
|26 |   25 |      sshape1 |  0.25 | 2500 |1558351705621 |     213 |   215.0 | mscp56.txt |  3,4 |
|27 |   25 |      sshape1 |  0.25 | 2500 |1558351708983 |     213 |   216.0 | mscp56.txt |  3,4 |
|28 |   25 |      sshape1 |  0.25 | 2500 |1558351712396 |     213 |   213.0 | mscp56.txt |  4,1 |
|29 |   25 |      sshape1 |  0.25 | 2500 |1558351716450 |     213 |   213.0 | mscp56.txt |  3,1 |
|30 |   25 |      sshape1 |  0.25 | 2500 |1558351719594 |     213 |   216.0 | mscp56.txt |  3,3 |
|31 |   25 |      sshape1 |  0.25 | 2500 |1558351722888 |     213 |   213.0 | mscp56.txt |  3,6 |
