| # | Nest | Binarizacion | %Desc |#Iter |      semilla | BestFit |  GotFit |  instancia | time |
-------------------------------------------------------------------------------------------------
| 1 |   25 |      sshape2 |  0.25 | 2500 |1558321293974 |     429 |   430.0 | mscp41.txt |   32 |
| 2 |   25 |      sshape2 |  0.25 | 2500 |1558321326042 |     429 |   429.0 | mscp41.txt |   32 |
| 3 |   25 |      sshape2 |  0.25 | 2500 |1558321358089 |     429 |   429.0 | mscp41.txt |   32 |
| 4 |   25 |      sshape2 |  0.25 | 2500 |1558321390096 |     429 |   429.0 | mscp41.txt |   32 |
| 5 |   25 |      sshape2 |  0.25 | 2500 |1558321422182 |     429 |   429.0 | mscp41.txt |   33 |
| 6 |   25 |      sshape2 |  0.25 | 2500 |1558321454762 |     429 |   429.0 | mscp41.txt |   35 |
| 7 |   25 |      sshape2 |  0.25 | 2500 |1558321489319 |     429 |   429.0 | mscp41.txt |   34 |
| 8 |   25 |      sshape2 |  0.25 | 2500 |1558321523800 |     429 |   429.0 | mscp41.txt |   35 |
| 9 |   25 |      sshape2 |  0.25 | 2500 |1558321558314 |     429 |   429.0 | mscp41.txt |   34 |
|10 |   25 |      sshape2 |  0.25 | 2500 |1558321592564 |     429 |   429.0 | mscp41.txt |   34 |
|11 |   25 |      sshape2 |  0.25 | 2500 |1558321627013 |     429 |   429.0 | mscp41.txt |   34 |
|12 |   25 |      sshape2 |  0.25 | 2500 |1558321661438 |     429 |   429.0 | mscp41.txt |   34 |
|13 |   25 |      sshape2 |  0.25 | 2500 |1558321695639 |     429 |   429.0 | mscp41.txt |   34 |
|14 |   25 |      sshape2 |  0.25 | 2500 |1558321729913 |     429 |   430.0 | mscp41.txt |   34 |
|15 |   25 |      sshape2 |  0.25 | 2500 |1558321764332 |     429 |   429.0 | mscp41.txt |   32 |
|16 |   25 |      sshape2 |  0.25 | 2500 |1558321796182 |     429 |   430.0 | mscp41.txt |   31 |
|17 |   25 |      sshape2 |  0.25 | 2500 |1558321827645 |     429 |   429.0 | mscp41.txt |   32 |
|18 |   25 |      sshape2 |  0.25 | 2500 |1558321859395 |     429 |   430.0 | mscp41.txt |   32 |
|19 |   25 |      sshape2 |  0.25 | 2500 |1558321891059 |     429 |   429.0 | mscp41.txt |   32 |
|20 |   25 |      sshape2 |  0.25 | 2500 |1558321922749 |     429 |   429.0 | mscp41.txt |   32 |
|21 |   25 |      sshape2 |  0.25 | 2500 |1558321954484 |     429 |   429.0 | mscp41.txt |   32 |
|22 |   25 |      sshape2 |  0.25 | 2500 |1558321986467 |     429 |   429.0 | mscp41.txt |   32 |
|23 |   25 |      sshape2 |  0.25 | 2500 |1558322018411 |     429 |   430.0 | mscp41.txt |   32 |
|24 |   25 |      sshape2 |  0.25 | 2500 |1558322050126 |     429 |   430.0 | mscp41.txt |   32 |
|25 |   25 |      sshape2 |  0.25 | 2500 |1558322081934 |     429 |   429.0 | mscp41.txt |   31 |
|26 |   25 |      sshape2 |  0.25 | 2500 |1558322113040 |     429 |   429.0 | mscp41.txt |   32 |
|27 |   25 |      sshape2 |  0.25 | 2500 |1558322144601 |     429 |   430.0 | mscp41.txt |   32 |
|28 |   25 |      sshape2 |  0.25 | 2500 |1558322176258 |     429 |   429.0 | mscp41.txt |   31 |
|29 |   25 |      sshape2 |  0.25 | 2500 |1558322207705 |     429 |   429.0 | mscp41.txt |   32 |
|30 |   25 |      sshape2 |  0.25 | 2500 |1558322239597 |     429 |   429.0 | mscp41.txt |   32 |
|31 |   25 |      sshape2 |  0.25 | 2500 |1558322271330 |     429 |   429.0 | mscp41.txt |   32 |
| 1 |   25 |      sshape2 |  0.25 | 2500 |1558477339670 |     429 |   429.0 | mscp41.txt |   34 |
| 2 |   25 |      sshape2 |  0.25 | 2500 |1558477373189 |     429 |   429.0 | mscp41.txt |   34 |
| 3 |   25 |      sshape2 |  0.25 | 2500 |1558477407656 |     429 |   429.0 | mscp41.txt |   34 |
| 4 |   25 |      sshape2 |  0.25 | 2500 |1558477441238 |     429 |   429.0 | mscp41.txt |   33 |
| 5 |   25 |      sshape2 |  0.25 | 2500 |1558477474478 |     429 |   429.0 | mscp41.txt |   33 |
| 6 |   25 |      sshape2 |  0.25 | 2500 |1558477507789 |     429 |   429.0 | mscp41.txt |   33 |
| 7 |   25 |      sshape2 |  0.25 | 2500 |1558477540864 |     429 |   430.0 | mscp41.txt |   33 |
| 8 |   25 |      sshape2 |  0.25 | 2500 |1558477573837 |     429 |   430.0 | mscp41.txt |   33 |
| 9 |   25 |      sshape2 |  0.25 | 2500 |1558477606875 |     429 |   429.0 | mscp41.txt |   33 |
|10 |   25 |      sshape2 |  0.25 | 2500 |1558477639881 |     429 |   429.0 | mscp41.txt |   33 |
|11 |   25 |      sshape2 |  0.25 | 2500 |1558477672857 |     429 |   429.0 | mscp41.txt |   33 |
|12 |   25 |      sshape2 |  0.25 | 2500 |1558477705751 |     429 |   429.0 | mscp41.txt |   33 |
|13 |   25 |      sshape2 |  0.25 | 2500 |1558477738794 |     429 |   429.0 | mscp41.txt |   33 |
|14 |   25 |      sshape2 |  0.25 | 2500 |1558477771894 |     429 |   429.0 | mscp41.txt |   35 |
|15 |   25 |      sshape2 |  0.25 | 2500 |1558477806508 |     429 |   430.0 | mscp41.txt |   35 |
|16 |   25 |      sshape2 |  0.25 | 2500 |1558477841963 |     429 |   429.0 | mscp41.txt |   36 |
|17 |   25 |      sshape2 |  0.25 | 2500 |1558477877662 |     429 |   429.0 | mscp41.txt |   36 |
|18 |   25 |      sshape2 |  0.25 | 2500 |1558477913280 |     429 |   429.0 | mscp41.txt |   36 |
|19 |   25 |      sshape2 |  0.25 | 2500 |1558477948879 |     429 |   429.0 | mscp41.txt |   35 |
|20 |   25 |      sshape2 |  0.25 | 2500 |1558477984244 |     429 |   429.0 | mscp41.txt |   35 |
|21 |   25 |      sshape2 |  0.25 | 2500 |1558478019446 |     429 |   429.0 | mscp41.txt |   36 |
|22 |   25 |      sshape2 |  0.25 | 2500 |1558478054968 |     429 |   429.0 | mscp41.txt |   35 |
|23 |   25 |      sshape2 |  0.25 | 2500 |1558478090459 |     429 |   429.0 | mscp41.txt |   33 |
|24 |   25 |      sshape2 |  0.25 | 2500 |1558478123826 |     429 |   429.0 | mscp41.txt |   33 |
|25 |   25 |      sshape2 |  0.25 | 2500 |1558478156637 |     429 |   429.0 | mscp41.txt |   33 |
|26 |   25 |      sshape2 |  0.25 | 2500 |1558478189412 |     429 |   429.0 | mscp41.txt |   33 |
|27 |   25 |      sshape2 |  0.25 | 2500 |1558478222232 |     429 |   429.0 | mscp41.txt |   34 |
|28 |   25 |      sshape2 |  0.25 | 2500 |1558478255835 |     429 |   429.0 | mscp41.txt |   34 |
|29 |   25 |      sshape2 |  0.25 | 2500 |1558478289822 |     429 |   429.0 | mscp41.txt |   33 |
|30 |   25 |      sshape2 |  0.25 | 2500 |1558478322455 |     429 |   429.0 | mscp41.txt |   33 |
|31 |   25 |      sshape2 |  0.25 | 2500 |1558478355402 |     429 |   429.0 | mscp41.txt |   33 |
