| # | Nest | Binarizacion | %Desc |#Iter |      semilla | BestFit |  GotFit |  instancia | time |
-------------------------------------------------------------------------------------------------
| 1 |   25 |      sshape1 |  0.25 | 2500 |1558350507807 |     514 |   514.0 |mscp410.txt |  5,3 |
| 2 |   25 |      sshape1 |  0.25 | 2500 |1558350513106 |     514 |   517.0 |mscp410.txt |  3,8 |
| 3 |   25 |      sshape1 |  0.25 | 2500 |1558350516935 |     514 |   514.0 |mscp410.txt |  5,9 |
| 4 |   25 |      sshape1 |  0.25 | 2500 |1558350522797 |     514 |   514.0 |mscp410.txt |  5,4 |
| 5 |   25 |      sshape1 |  0.25 | 2500 |1558350528181 |     514 |   531.0 |mscp410.txt |  4,7 |
| 6 |   25 |      sshape1 |  0.25 | 2500 |1558350532891 |     514 |   514.0 |mscp410.txt |  4,5 |
| 7 |   25 |      sshape1 |  0.25 | 2500 |1558350537435 |     514 |   518.0 |mscp410.txt |  4,7 |
| 8 |   25 |      sshape1 |  0.25 | 2500 |1558350542179 |     514 |   525.0 |mscp410.txt |  5,4 |
| 9 |   25 |      sshape1 |  0.25 | 2500 |1558350547616 |     514 |   514.0 |mscp410.txt |  5,4 |
|10 |   25 |      sshape1 |  0.25 | 2500 |1558350553038 |     514 |   514.0 |mscp410.txt |  5,5 |
|11 |   25 |      sshape1 |  0.25 | 2500 |1558350558533 |     514 |   517.0 |mscp410.txt |  3,0 |
|12 |   25 |      sshape1 |  0.25 | 2500 |1558350561572 |     514 |   514.0 |mscp410.txt |  3,7 |
|13 |   25 |      sshape1 |  0.25 | 2500 |1558350565261 |     514 |   514.0 |mscp410.txt |  5,0 |
|14 |   25 |      sshape1 |  0.25 | 2500 |1558350570243 |     514 |   514.0 |mscp410.txt |  5,3 |
|15 |   25 |      sshape1 |  0.25 | 2500 |1558350575546 |     514 |   514.0 |mscp410.txt |  4,8 |
|16 |   25 |      sshape1 |  0.25 | 2500 |1558350580397 |     514 |   514.0 |mscp410.txt |  4,5 |
|17 |   25 |      sshape1 |  0.25 | 2500 |1558350584942 |     514 |   514.0 |mscp410.txt |  5,2 |
|18 |   25 |      sshape1 |  0.25 | 2500 |1558350590171 |     514 |   514.0 |mscp410.txt |  5,1 |
|19 |   25 |      sshape1 |  0.25 | 2500 |1558350595319 |     514 |   514.0 |mscp410.txt |  4,7 |
|20 |   25 |      sshape1 |  0.25 | 2500 |1558350600067 |     514 |   514.0 |mscp410.txt |  5,2 |
|21 |   25 |      sshape1 |  0.25 | 2500 |1558350605231 |     514 |   514.0 |mscp410.txt |  5,1 |
|22 |   25 |      sshape1 |  0.25 | 2500 |1558350610371 |     514 |   530.0 |mscp410.txt |  4,6 |
|23 |   25 |      sshape1 |  0.25 | 2500 |1558350614954 |     514 |   514.0 |mscp410.txt |  4,4 |
|24 |   25 |      sshape1 |  0.25 | 2500 |1558350619336 |     514 |   514.0 |mscp410.txt |  4,8 |
|25 |   25 |      sshape1 |  0.25 | 2500 |1558350624162 |     514 |   514.0 |mscp410.txt |  4,4 |
|26 |   25 |      sshape1 |  0.25 | 2500 |1558350628540 |     514 |   514.0 |mscp410.txt |  4,7 |
|27 |   25 |      sshape1 |  0.25 | 2500 |1558350633246 |     514 |   514.0 |mscp410.txt |  4,9 |
|28 |   25 |      sshape1 |  0.25 | 2500 |1558350638101 |     514 |   514.0 |mscp410.txt |  5,4 |
|29 |   25 |      sshape1 |  0.25 | 2500 |1558350643454 |     514 |   514.0 |mscp410.txt |  4,8 |
|30 |   25 |      sshape1 |  0.25 | 2500 |1558350648236 |     514 |   514.0 |mscp410.txt |  5,7 |
|31 |   25 |      sshape1 |  0.25 | 2500 |1558350653906 |     514 |   514.0 |mscp410.txt |  4,9 |
