| # | Nest | Binarizacion | %Desc |#Iter |      semilla | BestFit |  GotFit |  instancia | time |
-------------------------------------------------------------------------------------------------
| 1 |   25 |      vshape2 |  0.25 | 2500 |1558302271880 |     215 |     0.0 | mscpc5.txt |-1,6e+09 |
| 2 |   25 |      vshape2 |  0.25 | 2500 |1558302271881 |     215 |     0.0 | mscpc5.txt |-1,6e+09 |
| 3 |   25 |      vshape2 |  0.25 | 2500 |1558302271884 |     215 |     0.0 | mscpc5.txt |-1,6e+09 |
| 4 |   25 |      vshape2 |  0.25 | 2500 |1558302271885 |     215 |     0.0 | mscpc5.txt |-1,6e+09 |
| 5 |   25 |      vshape2 |  0.25 | 2500 |1558302271885 |     215 |     0.0 | mscpc5.txt |-1,6e+09 |
| 6 |   25 |      vshape2 |  0.25 | 2500 |1558302271886 |     215 |     0.0 | mscpc5.txt |-1,6e+09 |
| 7 |   25 |      vshape2 |  0.25 | 2500 |1558302271886 |     215 |     0.0 | mscpc5.txt |-1,6e+09 |
| 8 |   25 |      vshape2 |  0.25 | 2500 |1558302271887 |     215 |     0.0 | mscpc5.txt |-1,6e+09 |
| 9 |   25 |      vshape2 |  0.25 | 2500 |1558302271887 |     215 |     0.0 | mscpc5.txt |-1,6e+09 |
|10 |   25 |      vshape2 |  0.25 | 2500 |1558302271888 |     215 |     0.0 | mscpc5.txt |-1,6e+09 |
|11 |   25 |      vshape2 |  0.25 | 2500 |1558302271888 |     215 |     0.0 | mscpc5.txt |-1,6e+09 |
|12 |   25 |      vshape2 |  0.25 | 2500 |1558302271889 |     215 |     0.0 | mscpc5.txt |-1,6e+09 |
|13 |   25 |      vshape2 |  0.25 | 2500 |1558302271889 |     215 |     0.0 | mscpc5.txt |-1,6e+09 |
|14 |   25 |      vshape2 |  0.25 | 2500 |1558302271889 |     215 |     0.0 | mscpc5.txt |-1,6e+09 |
|15 |   25 |      vshape2 |  0.25 | 2500 |1558302271890 |     215 |     0.0 | mscpc5.txt |-1,6e+09 |
|16 |   25 |      vshape2 |  0.25 | 2500 |1558302271890 |     215 |     0.0 | mscpc5.txt |-1,6e+09 |
|17 |   25 |      vshape2 |  0.25 | 2500 |1558302271891 |     215 |     0.0 | mscpc5.txt |-1,6e+09 |
|18 |   25 |      vshape2 |  0.25 | 2500 |1558302271891 |     215 |     0.0 | mscpc5.txt |-1,6e+09 |
|19 |   25 |      vshape2 |  0.25 | 2500 |1558302271892 |     215 |     0.0 | mscpc5.txt |-1,6e+09 |
|20 |   25 |      vshape2 |  0.25 | 2500 |1558302271892 |     215 |     0.0 | mscpc5.txt |-1,6e+09 |
|21 |   25 |      vshape2 |  0.25 | 2500 |1558302271892 |     215 |     0.0 | mscpc5.txt |-1,6e+09 |
|22 |   25 |      vshape2 |  0.25 | 2500 |1558302271893 |     215 |     0.0 | mscpc5.txt |-1,6e+09 |
|23 |   25 |      vshape2 |  0.25 | 2500 |1558302271893 |     215 |     0.0 | mscpc5.txt |-1,6e+09 |
|24 |   25 |      vshape2 |  0.25 | 2500 |1558302271894 |     215 |     0.0 | mscpc5.txt |-1,6e+09 |
|25 |   25 |      vshape2 |  0.25 | 2500 |1558302271894 |     215 |     0.0 | mscpc5.txt |-1,6e+09 |
|26 |   25 |      vshape2 |  0.25 | 2500 |1558302271895 |     215 |     0.0 | mscpc5.txt |-1,6e+09 |
|27 |   25 |      vshape2 |  0.25 | 2500 |1558302271895 |     215 |     0.0 | mscpc5.txt |-1,6e+09 |
|28 |   25 |      vshape2 |  0.25 | 2500 |1558302271895 |     215 |     0.0 | mscpc5.txt |-1,6e+09 |
|29 |   25 |      vshape2 |  0.25 | 2500 |1558302271896 |     215 |     0.0 | mscpc5.txt |-1,6e+09 |
|30 |   25 |      vshape2 |  0.25 | 2500 |1558302271896 |     215 |     0.0 | mscpc5.txt |-1,6e+09 |
|31 |   25 |      vshape2 |  0.25 | 2500 |1558302271897 |     215 |     0.0 | mscpc5.txt |-1,6e+09 |
