| # | Nest | Binarizacion | %Desc |#Iter |      semilla | BestFit |  GotFit |  instancia | time |
-------------------------------------------------------------------------------------------------
| 1 |   25 |      sshape1 |  0.25 | 2500 |1558277357005 |     512 |   512.0 | mscp42.txt |  4,9 |
| 2 |   25 |      sshape1 |  0.25 | 2500 |1558277361906 |     512 |   518.0 | mscp42.txt |  7,2 |
| 3 |   25 |      sshape1 |  0.25 | 2500 |1558277369150 |     512 |   513.0 | mscp42.txt |  5,3 |
| 4 |   25 |      sshape1 |  0.25 | 2500 |1558277374499 |     512 |   516.0 | mscp42.txt |  4,7 |
| 5 |   25 |      sshape1 |  0.25 | 2500 |1558277379150 |     512 |   520.0 | mscp42.txt |  6,0 |
| 6 |   25 |      sshape1 |  0.25 | 2500 |1558277385105 |     512 |   512.0 | mscp42.txt |  5,2 |
| 7 |   25 |      sshape1 |  0.25 | 2500 |1558277390299 |     512 |   512.0 | mscp42.txt |  5,0 |
| 8 |   25 |      sshape1 |  0.25 | 2500 |1558277395287 |     512 |   512.0 | mscp42.txt |  4,8 |
| 9 |   25 |      sshape1 |  0.25 | 2500 |1558277400096 |     512 |   514.0 | mscp42.txt |  4,5 |
|10 |   25 |      sshape1 |  0.25 | 2500 |1558277404601 |     512 |   513.0 | mscp42.txt |  4,5 |
|11 |   25 |      sshape1 |  0.25 | 2500 |1558277409085 |     512 |   512.0 | mscp42.txt |  5,3 |
|12 |   25 |      sshape1 |  0.25 | 2500 |1558277414358 |     512 |   512.0 | mscp42.txt |  4,7 |
|13 |   25 |      sshape1 |  0.25 | 2500 |1558277419078 |     512 |   513.0 | mscp42.txt |  4,5 |
|14 |   25 |      sshape1 |  0.25 | 2500 |1558277423623 |     512 |   512.0 | mscp42.txt |  4,5 |
|15 |   25 |      sshape1 |  0.25 | 2500 |1558277428169 |     512 |   512.0 | mscp42.txt |  4,8 |
|16 |   25 |      sshape1 |  0.25 | 2500 |1558277432930 |     512 |   519.0 | mscp42.txt |  5,3 |
|17 |   25 |      sshape1 |  0.25 | 2500 |1558277438198 |     512 |   512.0 | mscp42.txt |  5,2 |
|18 |   25 |      sshape1 |  0.25 | 2500 |1558277443443 |     512 |   512.0 | mscp42.txt |  5,4 |
|19 |   25 |      sshape1 |  0.25 | 2500 |1558277448818 |     512 |   512.0 | mscp42.txt |  4,6 |
|20 |   25 |      sshape1 |  0.25 | 2500 |1558277453466 |     512 |   513.0 | mscp42.txt |  5,7 |
|21 |   25 |      sshape1 |  0.25 | 2500 |1558277459162 |     512 |   512.0 | mscp42.txt |  4,6 |
|22 |   25 |      sshape1 |  0.25 | 2500 |1558277463784 |     512 |   512.0 | mscp42.txt |  4,8 |
|23 |   25 |      sshape1 |  0.25 | 2500 |1558277468578 |     512 |   514.0 | mscp42.txt |  5,0 |
|24 |   25 |      sshape1 |  0.25 | 2500 |1558277473567 |     512 |   512.0 | mscp42.txt |  5,0 |
|25 |   25 |      sshape1 |  0.25 | 2500 |1558277478539 |     512 |   512.0 | mscp42.txt |  4,8 |
|26 |   25 |      sshape1 |  0.25 | 2500 |1558277483290 |     512 |   516.0 | mscp42.txt |  4,4 |
|27 |   25 |      sshape1 |  0.25 | 2500 |1558277487660 |     512 |   520.0 | mscp42.txt |  5,1 |
|28 |   25 |      sshape1 |  0.25 | 2500 |1558277492762 |     512 |   512.0 | mscp42.txt |  4,9 |
|29 |   25 |      sshape1 |  0.25 | 2500 |1558277497696 |     512 |   520.0 | mscp42.txt |  5,8 |
|30 |   25 |      sshape1 |  0.25 | 2500 |1558277503466 |     512 |   512.0 | mscp42.txt |  4,8 |
|31 |   25 |      sshape1 |  0.25 | 2500 |1558277508217 |     512 |   512.0 | mscp42.txt |  4,3 |
| 1 |   25 |      sshape1 |  0.25 | 2500 |1558349111349 |     512 |   512.0 | mscp42.txt |  4,3 |
| 2 |   25 |      sshape1 |  0.25 | 2500 |1558349115663 |     512 |   512.0 | mscp42.txt |  4,7 |
| 3 |   25 |      sshape1 |  0.25 | 2500 |1558349120343 |     512 |   518.0 | mscp42.txt |  5,0 |
| 4 |   25 |      sshape1 |  0.25 | 2500 |1558349125363 |     512 |   512.0 | mscp42.txt |  4,9 |
| 5 |   25 |      sshape1 |  0.25 | 2500 |1558349130293 |     512 |   512.0 | mscp42.txt |  4,5 |
| 6 |   25 |      sshape1 |  0.25 | 2500 |1558349134778 |     512 |   512.0 | mscp42.txt |  4,8 |
| 7 |   25 |      sshape1 |  0.25 | 2500 |1558349139546 |     512 |   512.0 | mscp42.txt |  4,4 |
| 8 |   25 |      sshape1 |  0.25 | 2500 |1558349143989 |     512 |   512.0 | mscp42.txt |  5,3 |
| 9 |   25 |      sshape1 |  0.25 | 2500 |1558349149282 |     512 |   513.0 | mscp42.txt |  5,0 |
|10 |   25 |      sshape1 |  0.25 | 2500 |1558349154258 |     512 |   519.0 | mscp42.txt |  5,2 |
|11 |   25 |      sshape1 |  0.25 | 2500 |1558349159414 |     512 |   514.0 | mscp42.txt |  4,4 |
|12 |   25 |      sshape1 |  0.25 | 2500 |1558349163784 |     512 |   515.0 | mscp42.txt |  5,1 |
|13 |   25 |      sshape1 |  0.25 | 2500 |1558349168860 |     512 |   512.0 | mscp42.txt |  5,2 |
|14 |   25 |      sshape1 |  0.25 | 2500 |1558349174011 |     512 |   519.0 | mscp42.txt |  5,0 |
|15 |   25 |      sshape1 |  0.25 | 2500 |1558349179001 |     512 |   518.0 | mscp42.txt |  4,7 |
|16 |   25 |      sshape1 |  0.25 | 2500 |1558349183662 |     512 |   514.0 | mscp42.txt |  4,9 |
|17 |   25 |      sshape1 |  0.25 | 2500 |1558349188554 |     512 |   513.0 | mscp42.txt |  4,8 |
|18 |   25 |      sshape1 |  0.25 | 2500 |1558349193380 |     512 |   512.0 | mscp42.txt |  4,7 |
|19 |   25 |      sshape1 |  0.25 | 2500 |1558349198032 |     512 |   512.0 | mscp42.txt |  4,8 |
|20 |   25 |      sshape1 |  0.25 | 2500 |1558349202815 |     512 |   519.0 | mscp42.txt |  5,0 |
|21 |   25 |      sshape1 |  0.25 | 2500 |1558349207768 |     512 |   512.0 | mscp42.txt |  4,7 |
|22 |   25 |      sshape1 |  0.25 | 2500 |1558349212515 |     512 |   513.0 | mscp42.txt |  4,9 |
|23 |   25 |      sshape1 |  0.25 | 2500 |1558349217389 |     512 |   521.0 | mscp42.txt |  6,1 |
|24 |   25 |      sshape1 |  0.25 | 2500 |1558349223459 |     512 |   515.0 | mscp42.txt |  6,3 |
|25 |   25 |      sshape1 |  0.25 | 2500 |1558349229721 |     512 |   518.0 | mscp42.txt |  6,6 |
|26 |   25 |      sshape1 |  0.25 | 2500 |1558349236324 |     512 |   512.0 | mscp42.txt |  4,2 |
|27 |   25 |      sshape1 |  0.25 | 2500 |1558349240563 |     512 |   512.0 | mscp42.txt |  5,1 |
|28 |   25 |      sshape1 |  0.25 | 2500 |1558349245673 |     512 |   512.0 | mscp42.txt |  5,6 |
|29 |   25 |      sshape1 |  0.25 | 2500 |1558349251323 |     512 |   521.0 | mscp42.txt |  7,6 |
|30 |   25 |      sshape1 |  0.25 | 2500 |1558349258954 |     512 |   512.0 | mscp42.txt |  5,4 |
|31 |   25 |      sshape1 |  0.25 | 2500 |1558349264370 |     512 |   512.0 | mscp42.txt |  4,9 |
