| # | Nest | Binarizacion | %Desc |#Iter |      semilla | BestFit |  GotFit |  instancia | time |
-------------------------------------------------------------------------------------------------
| 1 |   25 |      sshape1 |  0.25 | 2500 |1558458038237 |     168 |   168.0 |mscpnrg5.txt |2,6e+02 |
| 2 |   25 |      sshape1 |  0.25 | 2500 |1558458295876 |     168 |   170.0 |mscpnrg5.txt |2,8e+02 |
| 3 |   25 |      sshape1 |  0.25 | 2500 |1558458572815 |     168 |   175.0 |mscpnrg5.txt |7,3e+02 |
| 4 |   25 |      sshape1 |  0.25 | 2500 |1558459300930 |     168 |   173.0 |mscpnrg5.txt |5,6e+02 |
| 5 |   25 |      sshape1 |  0.25 | 2500 |1558459857251 |     168 |   170.0 |mscpnrg5.txt |3,1e+02 |
| 6 |   25 |      sshape1 |  0.25 | 2500 |1558460170640 |     168 |   170.0 |mscpnrg5.txt |4,9e+02 |
| 7 |   25 |      sshape1 |  0.25 | 2500 |1558460663098 |     168 |   174.0 |mscpnrg5.txt |7,9e+02 |
| 8 |   25 |      sshape1 |  0.25 | 2500 |1558461455701 |     168 |   170.0 |mscpnrg5.txt |3,8e+02 |
| 9 |   25 |      sshape1 |  0.25 | 2500 |1558461832548 |     168 |   171.0 |mscpnrg5.txt |2,8e+02 |
|10 |   25 |      sshape1 |  0.25 | 2500 |1558462114027 |     168 |   172.0 |mscpnrg5.txt |5,7e+02 |
|11 |   25 |      sshape1 |  0.25 | 2500 |1558462688487 |     168 |   171.0 |mscpnrg5.txt |4,2e+02 |
|12 |   25 |      sshape1 |  0.25 | 2500 |1558463104654 |     168 |   172.0 |mscpnrg5.txt |7,0e+02 |
|13 |   25 |      sshape1 |  0.25 | 2500 |1558463803106 |     168 |   168.0 |mscpnrg5.txt |5,2e+02 |
|14 |   25 |      sshape1 |  0.25 | 2500 |1558464320431 |     168 |   176.0 |mscpnrg5.txt |5,2e+02 |
|15 |   25 |      sshape1 |  0.25 | 2500 |1558464836824 |     168 |   172.0 |mscpnrg5.txt |4,4e+02 |
|16 |   25 |      sshape1 |  0.25 | 2500 |1558465279537 |     168 |   173.0 |mscpnrg5.txt |8,0e+02 |
|17 |   25 |      sshape1 |  0.25 | 2500 |1558466080260 |     168 |   170.0 |mscpnrg5.txt |5,7e+02 |
|18 |   25 |      sshape1 |  0.25 | 2500 |1558466648241 |     168 |   176.0 |mscpnrg5.txt |7,1e+02 |
|19 |   25 |      sshape1 |  0.25 | 2500 |1558467354045 |     168 |   174.0 |mscpnrg5.txt |6,0e+02 |
|20 |   25 |      sshape1 |  0.25 | 2500 |1558467955526 |     168 |   173.0 |mscpnrg5.txt |5,2e+02 |
|21 |   25 |      sshape1 |  0.25 | 2500 |1558468476550 |     168 |   170.0 |mscpnrg5.txt |3,5e+02 |
|22 |   25 |      sshape1 |  0.25 | 2500 |1558468828112 |     168 |   170.0 |mscpnrg5.txt |6,1e+02 |
|23 |   25 |      sshape1 |  0.25 | 2500 |1558469437820 |     168 |   170.0 |mscpnrg5.txt |2,2e+02 |
|24 |   25 |      sshape1 |  0.25 | 2500 |1558469658216 |     168 |   174.0 |mscpnrg5.txt |4,7e+02 |
|25 |   25 |      sshape1 |  0.25 | 2500 |1558470123909 |     168 |   175.0 |mscpnrg5.txt |5,9e+02 |
|26 |   25 |      sshape1 |  0.25 | 2500 |1558470709274 |     168 |   173.0 |mscpnrg5.txt |3,9e+02 |
|27 |   25 |      sshape1 |  0.25 | 2500 |1558471101936 |     168 |   172.0 |mscpnrg5.txt |5,3e+02 |
|28 |   25 |      sshape1 |  0.25 | 2500 |1558471630324 |     168 |   173.0 |mscpnrg5.txt |6,7e+02 |
|29 |   25 |      sshape1 |  0.25 | 2500 |1558472298503 |     168 |   172.0 |mscpnrg5.txt |4,1e+02 |
|30 |   25 |      sshape1 |  0.25 | 2500 |1558472712416 |     168 |   171.0 |mscpnrg5.txt |6,0e+02 |
|31 |   25 |      sshape1 |  0.25 | 2500 |1558473312927 |     168 |   170.0 |mscpnrg5.txt |2,7e+02 |
