| # | Nest | Binarizacion | %Desc |#Iter |      semilla | BestFit |  GotFit |  instancia | time |
-------------------------------------------------------------------------------------------------
| 1 |   25 |        basic |  0.25 | 2500 |1558328689564 |     429 |   431.0 | mscp41.txt |  4,1 |
| 2 |   25 |        basic |  0.25 | 2500 |1558328693692 |     429 |   433.0 | mscp41.txt |  4,2 |
| 3 |   25 |        basic |  0.25 | 2500 |1558328697897 |     429 |   431.0 | mscp41.txt |  4,1 |
| 4 |   25 |        basic |  0.25 | 2500 |1558328702026 |     429 |   430.0 | mscp41.txt |  6,6 |
| 5 |   25 |        basic |  0.25 | 2500 |1558328708659 |     429 |   430.0 | mscp41.txt |  3,9 |
| 6 |   25 |        basic |  0.25 | 2500 |1558328712554 |     429 |   430.0 | mscp41.txt |  4,2 |
| 7 |   25 |        basic |  0.25 | 2500 |1558328716718 |     429 |   433.0 | mscp41.txt |  4,8 |
| 8 |   25 |        basic |  0.25 | 2500 |1558328721478 |     429 |   430.0 | mscp41.txt |  3,1 |
| 9 |   25 |        basic |  0.25 | 2500 |1558328724584 |     429 |   430.0 | mscp41.txt |  5,9 |
|10 |   25 |        basic |  0.25 | 2500 |1558328730442 |     429 |   430.0 | mscp41.txt |  4,7 |
|11 |   25 |        basic |  0.25 | 2500 |1558328735181 |     429 |   432.0 | mscp41.txt |  4,6 |
|12 |   25 |        basic |  0.25 | 2500 |1558328739815 |     429 |   430.0 | mscp41.txt |  4,7 |
|13 |   25 |        basic |  0.25 | 2500 |1558328744559 |     429 |   430.0 | mscp41.txt |  4,3 |
|14 |   25 |        basic |  0.25 | 2500 |1558328748835 |     429 |   432.0 | mscp41.txt |  3,3 |
|15 |   25 |        basic |  0.25 | 2500 |1558328752185 |     429 |   432.0 | mscp41.txt |  4,9 |
|16 |   25 |        basic |  0.25 | 2500 |1558328757114 |     429 |   430.0 | mscp41.txt |  5,7 |
|17 |   25 |        basic |  0.25 | 2500 |1558328762783 |     429 |   429.0 | mscp41.txt |  4,3 |
|18 |   25 |        basic |  0.25 | 2500 |1558328767099 |     429 |   430.0 | mscp41.txt |  3,2 |
|19 |   25 |        basic |  0.25 | 2500 |1558328770280 |     429 |   430.0 | mscp41.txt |  4,3 |
|20 |   25 |        basic |  0.25 | 2500 |1558328774547 |     429 |   430.0 | mscp41.txt |  3,7 |
|21 |   25 |        basic |  0.25 | 2500 |1558328778201 |     429 |   430.0 | mscp41.txt |  4,2 |
|22 |   25 |        basic |  0.25 | 2500 |1558328782396 |     429 |   430.0 | mscp41.txt |  4,8 |
|23 |   25 |        basic |  0.25 | 2500 |1558328787204 |     429 |   431.0 | mscp41.txt |  3,3 |
|24 |   25 |        basic |  0.25 | 2500 |1558328790475 |     429 |   430.0 | mscp41.txt |  3,9 |
|25 |   25 |        basic |  0.25 | 2500 |1558328794353 |     429 |   432.0 | mscp41.txt |  3,4 |
|26 |   25 |        basic |  0.25 | 2500 |1558328797776 |     429 |   430.0 | mscp41.txt |  3,7 |
|27 |   25 |        basic |  0.25 | 2500 |1558328801528 |     429 |   432.0 | mscp41.txt |  3,9 |
|28 |   25 |        basic |  0.25 | 2500 |1558328805384 |     429 |   430.0 | mscp41.txt |  4,6 |
|29 |   25 |        basic |  0.25 | 2500 |1558328809936 |     429 |   457.0 | mscp41.txt |  4,3 |
|30 |   25 |        basic |  0.25 | 2500 |1558328814277 |     429 |   432.0 | mscp41.txt |  4,0 |
|31 |   25 |        basic |  0.25 | 2500 |1558328818246 |     429 |   429.0 | mscp41.txt |  3,6 |
| 1 |   25 |        basic |  0.25 | 2500 |1558547786468 |     429 |   431.0 | mscp41.txt |  4,6 |
| 2 |   25 |        basic |  0.25 | 2500 |1558547791101 |     429 |   430.0 | mscp41.txt |  4,9 |
| 3 |   25 |        basic |  0.25 | 2500 |1558547796030 |     429 |   429.0 | mscp41.txt |  4,7 |
| 4 |   25 |        basic |  0.25 | 2500 |1558547800754 |     429 |   433.0 | mscp41.txt |  5,8 |
