| # | Nest | Binarizacion | %Desc |#Iter |      semilla | BestFit |  GotFit |  instancia | time |
-------------------------------------------------------------------------------------------------
| 1 |   25 |      sshape1 |  0.25 | 2500 |1558351074404 |     226 |   229.0 | mscp53.txt |  6,8 |
| 2 |   25 |      sshape1 |  0.25 | 2500 |1558351081227 |     226 |   233.0 | mscp53.txt |  6,0 |
| 3 |   25 |      sshape1 |  0.25 | 2500 |1558351087204 |     226 |   232.0 | mscp53.txt |  7,2 |
| 4 |   25 |      sshape1 |  0.25 | 2500 |1558351094432 |     226 |   232.0 | mscp53.txt |  5,2 |
| 5 |   25 |      sshape1 |  0.25 | 2500 |1558351099627 |     226 |   229.0 | mscp53.txt |  8,1 |
| 6 |   25 |      sshape1 |  0.25 | 2500 |1558351107718 |     226 |   228.0 | mscp53.txt |  5,0 |
| 7 |   25 |      sshape1 |  0.25 | 2500 |1558351112767 |     226 |   229.0 | mscp53.txt |  6,9 |
| 8 |   25 |      sshape1 |  0.25 | 2500 |1558351119640 |     226 |   228.0 | mscp53.txt |  5,4 |
| 9 |   25 |      sshape1 |  0.25 | 2500 |1558351125001 |     226 |   229.0 | mscp53.txt |  6,4 |
|10 |   25 |      sshape1 |  0.25 | 2500 |1558351131422 |     226 |   228.0 | mscp53.txt |  3,7 |
|11 |   25 |      sshape1 |  0.25 | 2500 |1558351135083 |     226 |   226.0 | mscp53.txt |  4,5 |
|12 |   25 |      sshape1 |  0.25 | 2500 |1558351139548 |     226 |   226.0 | mscp53.txt |  5,3 |
|13 |   25 |      sshape1 |  0.25 | 2500 |1558351144814 |     226 |   229.0 | mscp53.txt |  5,8 |
|14 |   25 |      sshape1 |  0.25 | 2500 |1558351150596 |     226 |   229.0 | mscp53.txt |  6,3 |
|15 |   25 |      sshape1 |  0.25 | 2500 |1558351156873 |     226 |   228.0 | mscp53.txt |  6,3 |
|16 |   25 |      sshape1 |  0.25 | 2500 |1558351163201 |     226 |   229.0 | mscp53.txt |  6,9 |
|17 |   25 |      sshape1 |  0.25 | 2500 |1558351170085 |     226 |   230.0 | mscp53.txt |  6,3 |
|18 |   25 |      sshape1 |  0.25 | 2500 |1558351176411 |     226 |   229.0 | mscp53.txt |  7,0 |
|19 |   25 |      sshape1 |  0.25 | 2500 |1558351183424 |     226 |   229.0 | mscp53.txt |  6,5 |
|20 |   25 |      sshape1 |  0.25 | 2500 |1558351189917 |     226 |   230.0 | mscp53.txt |  5,6 |
|21 |   25 |      sshape1 |  0.25 | 2500 |1558351195510 |     226 |   229.0 | mscp53.txt |  6,4 |
|22 |   25 |      sshape1 |  0.25 | 2500 |1558351201884 |     226 |   232.0 | mscp53.txt |  5,8 |
|23 |   25 |      sshape1 |  0.25 | 2500 |1558351207666 |     226 |   229.0 | mscp53.txt |  7,7 |
|24 |   25 |      sshape1 |  0.25 | 2500 |1558351215347 |     226 |   228.0 | mscp53.txt |  5,6 |
|25 |   25 |      sshape1 |  0.25 | 2500 |1558351220923 |     226 |   229.0 | mscp53.txt |  7,1 |
|26 |   25 |      sshape1 |  0.25 | 2500 |1558351228000 |     226 |   230.0 | mscp53.txt |  4,9 |
|27 |   25 |      sshape1 |  0.25 | 2500 |1558351232920 |     226 |   232.0 | mscp53.txt |  5,1 |
|28 |   25 |      sshape1 |  0.25 | 2500 |1558351238023 |     226 |   229.0 | mscp53.txt |  7,0 |
|29 |   25 |      sshape1 |  0.25 | 2500 |1558351245033 |     226 |   231.0 | mscp53.txt |  7,9 |
|30 |   25 |      sshape1 |  0.25 | 2500 |1558351252907 |     226 |   228.0 | mscp53.txt |  5,8 |
|31 |   25 |      sshape1 |  0.25 | 2500 |1558351258739 |     226 |   229.0 | mscp53.txt |  6,4 |
