| # | Nest | Binarizacion | %Desc |#Iter |      semilla | BestFit |  GotFit |  instancia | time |
-------------------------------------------------------------------------------------------------
| 1 |   25 |      vshape2 |  0.25 | 2500 |1558325458944 |     429 |   430.0 | mscp41.txt |  4,3 |
| 2 |   25 |      vshape2 |  0.25 | 2500 |1558325463194 |     429 |   429.0 | mscp41.txt |  6,6 |
| 3 |   25 |      vshape2 |  0.25 | 2500 |1558325469755 |     429 |   432.0 | mscp41.txt |  4,7 |
| 4 |   25 |      vshape2 |  0.25 | 2500 |1558325474443 |     429 |   429.0 | mscp41.txt |  6,3 |
| 5 |   25 |      vshape2 |  0.25 | 2500 |1558325480703 |     429 |   430.0 | mscp41.txt |  6,1 |
| 6 |   25 |      vshape2 |  0.25 | 2500 |1558325486814 |     429 |   431.0 | mscp41.txt |  6,1 |
| 7 |   25 |      vshape2 |  0.25 | 2500 |1558325492948 |     429 |   432.0 | mscp41.txt |  6,3 |
| 8 |   25 |      vshape2 |  0.25 | 2500 |1558325499265 |     429 |   430.0 | mscp41.txt |  5,9 |
| 9 |   25 |      vshape2 |  0.25 | 2500 |1558325505201 |     429 |   430.0 | mscp41.txt |  4,6 |
|10 |   25 |      vshape2 |  0.25 | 2500 |1558325509833 |     429 |   429.0 | mscp41.txt |  5,6 |
|11 |   25 |      vshape2 |  0.25 | 2500 |1558325515458 |     429 |   430.0 | mscp41.txt |  4,5 |
|12 |   25 |      vshape2 |  0.25 | 2500 |1558325519962 |     429 |   431.0 | mscp41.txt |  5,1 |
|13 |   25 |      vshape2 |  0.25 | 2500 |1558325525049 |     429 |   430.0 | mscp41.txt |  5,6 |
|14 |   25 |      vshape2 |  0.25 | 2500 |1558325530617 |     429 |   430.0 | mscp41.txt |  5,4 |
|15 |   25 |      vshape2 |  0.25 | 2500 |1558325536016 |     429 |   430.0 | mscp41.txt |  5,0 |
|16 |   25 |      vshape2 |  0.25 | 2500 |1558325541019 |     429 |   429.0 | mscp41.txt |  4,1 |
|17 |   25 |      vshape2 |  0.25 | 2500 |1558325545103 |     429 |   430.0 | mscp41.txt |  5,8 |
|18 |   25 |      vshape2 |  0.25 | 2500 |1558325550938 |     429 |   430.0 | mscp41.txt |  4,2 |
|19 |   25 |      vshape2 |  0.25 | 2500 |1558325555151 |     429 |   430.0 | mscp41.txt |  5,0 |
|20 |   25 |      vshape2 |  0.25 | 2500 |1558325560125 |     429 |   432.0 | mscp41.txt |  4,7 |
|21 |   25 |      vshape2 |  0.25 | 2500 |1558325564789 |     429 |   430.0 | mscp41.txt |  4,7 |
|22 |   25 |      vshape2 |  0.25 | 2500 |1558325569445 |     429 |   432.0 | mscp41.txt |  4,8 |
|23 |   25 |      vshape2 |  0.25 | 2500 |1558325574208 |     429 |   432.0 | mscp41.txt |  4,7 |
|24 |   25 |      vshape2 |  0.25 | 2500 |1558325578955 |     429 |   431.0 | mscp41.txt |  4,1 |
|25 |   25 |      vshape2 |  0.25 | 2500 |1558325583085 |     429 |   432.0 | mscp41.txt |  4,6 |
|26 |   25 |      vshape2 |  0.25 | 2500 |1558325587669 |     429 |   432.0 | mscp41.txt |  5,4 |
|27 |   25 |      vshape2 |  0.25 | 2500 |1558325593118 |     429 |   432.0 | mscp41.txt |  4,7 |
|28 |   25 |      vshape2 |  0.25 | 2500 |1558325597845 |     429 |   433.0 | mscp41.txt |  4,1 |
|29 |   25 |      vshape2 |  0.25 | 2500 |1558325601994 |     429 |   432.0 | mscp41.txt |  4,5 |
|30 |   25 |      vshape2 |  0.25 | 2500 |1558325606478 |     429 |   430.0 | mscp41.txt |  5,8 |
|31 |   25 |      vshape2 |  0.25 | 2500 |1558325612286 |     429 |   430.0 | mscp41.txt |  5,5 |
