| # | Nest | Binarizacion | %Desc |#Iter |      semilla | BestFit |  GotFit |  instancia | time |
-------------------------------------------------------------------------------------------------
| 1 |   25 |      sshape1 |  0.25 | 2500 |1558288874461 |     560 |   561.0 | mscp46.txt |  6,4 |
| 2 |   25 |      sshape1 |  0.25 | 2500 |1558288880836 |     560 |   561.0 | mscp46.txt |  9,2 |
| 3 |   25 |      sshape1 |  0.25 | 2500 |1558288890038 |     560 |   560.0 | mscp46.txt |  6,5 |
| 4 |   25 |      sshape1 |  0.25 | 2500 |1558288896571 |     560 |   563.0 | mscp46.txt |  7,1 |
| 5 |   25 |      sshape1 |  0.25 | 2500 |1558288903692 |     560 |   560.0 | mscp46.txt |  7,5 |
| 6 |   25 |      sshape1 |  0.25 | 2500 |1558288911192 |     560 |   565.0 | mscp46.txt |  6,2 |
| 1 |   25 |      sshape1 |  0.25 | 2500 |1558319948781 |     560 |   561.0 | mscp46.txt |  7,3 |
| 2 |   25 |      sshape1 |  0.25 | 2500 |1558319956104 |     560 |   560.0 | mscp46.txt |  6,9 |
| 3 |   25 |      sshape1 |  0.25 | 2500 |1558319962998 |     560 |   561.0 | mscp46.txt |  6,2 |
| 4 |   25 |      sshape1 |  0.25 | 2500 |1558319969152 |     560 |   561.0 | mscp46.txt |  6,3 |
| 5 |   25 |      sshape1 |  0.25 | 2500 |1558319975418 |     560 |   560.0 | mscp46.txt |  6,9 |
| 6 |   25 |      sshape1 |  0.25 | 2500 |1558319982286 |     560 |   560.0 | mscp46.txt |  4,9 |
| 7 |   25 |      sshape1 |  0.25 | 2500 |1558319987209 |     560 |   560.0 | mscp46.txt |  5,6 |
| 1 |   25 |      sshape1 |  0.25 | 2500 |1558321015624 |     560 |   560.0 | mscp46.txt |  6,8 |
| 2 |   25 |      sshape1 |  0.25 | 2500 |1558321022472 |     560 |   560.0 | mscp46.txt |  6,7 |
| 1 |   25 |      sshape1 |  0.25 | 2500 |1558349757259 |     560 |   560.0 | mscp46.txt |  7,1 |
| 2 |   25 |      sshape1 |  0.25 | 2500 |1558349764373 |     560 |   560.0 | mscp46.txt |  6,9 |
| 3 |   25 |      sshape1 |  0.25 | 2500 |1558349771286 |     560 |   560.0 | mscp46.txt |  6,9 |
| 4 |   25 |      sshape1 |  0.25 | 2500 |1558349778175 |     560 |   562.0 | mscp46.txt |  5,7 |
| 5 |   25 |      sshape1 |  0.25 | 2500 |1558349783865 |     560 |   561.0 | mscp46.txt |  6,2 |
| 6 |   25 |      sshape1 |  0.25 | 2500 |1558349790064 |     560 |   561.0 | mscp46.txt |  5,8 |
| 7 |   25 |      sshape1 |  0.25 | 2500 |1558349795893 |     560 |   561.0 | mscp46.txt |  6,5 |
| 8 |   25 |      sshape1 |  0.25 | 2500 |1558349802351 |     560 |   560.0 | mscp46.txt |  7,4 |
| 9 |   25 |      sshape1 |  0.25 | 2500 |1558349809784 |     560 |   560.0 | mscp46.txt |  4,6 |
|10 |   25 |      sshape1 |  0.25 | 2500 |1558349814389 |     560 |   561.0 | mscp46.txt |  5,8 |
|11 |   25 |      sshape1 |  0.25 | 2500 |1558349820148 |     560 |   560.0 | mscp46.txt |  6,3 |
|12 |   25 |      sshape1 |  0.25 | 2500 |1558349826435 |     560 |   562.0 | mscp46.txt |  4,8 |
|13 |   25 |      sshape1 |  0.25 | 2500 |1558349831209 |     560 |   563.0 | mscp46.txt |  6,8 |
|14 |   25 |      sshape1 |  0.25 | 2500 |1558349838036 |     560 |   560.0 | mscp46.txt |  5,0 |
|15 |   25 |      sshape1 |  0.25 | 2500 |1558349843066 |     560 |   564.0 | mscp46.txt |  5,1 |
|16 |   25 |      sshape1 |  0.25 | 2500 |1558349848153 |     560 |   563.0 | mscp46.txt |  8,6 |
|17 |   25 |      sshape1 |  0.25 | 2500 |1558349856706 |     560 |   560.0 | mscp46.txt |  6,7 |
|18 |   25 |      sshape1 |  0.25 | 2500 |1558349863418 |     560 |   562.0 | mscp46.txt |  6,7 |
|19 |   25 |      sshape1 |  0.25 | 2500 |1558349870098 |     560 |   560.0 | mscp46.txt |  6,6 |
|20 |   25 |      sshape1 |  0.25 | 2500 |1558349876721 |     560 |   560.0 | mscp46.txt |  6,6 |
|21 |   25 |      sshape1 |  0.25 | 2500 |1558349883286 |     560 |   560.0 | mscp46.txt |  7,3 |
|22 |   25 |      sshape1 |  0.25 | 2500 |1558349890580 |     560 |   562.0 | mscp46.txt |  6,8 |
|23 |   25 |      sshape1 |  0.25 | 2500 |1558349897344 |     560 |   562.0 | mscp46.txt |  5,8 |
|24 |   25 |      sshape1 |  0.25 | 2500 |1558349903144 |     560 |   560.0 | mscp46.txt |  5,7 |
|25 |   25 |      sshape1 |  0.25 | 2500 |1558349908854 |     560 |   561.0 | mscp46.txt |  7,2 |
|26 |   25 |      sshape1 |  0.25 | 2500 |1558349916097 |     560 |   560.0 | mscp46.txt |  7,0 |
|27 |   25 |      sshape1 |  0.25 | 2500 |1558349923089 |     560 |   563.0 | mscp46.txt |  8,8 |
|28 |   25 |      sshape1 |  0.25 | 2500 |1558349931840 |     560 |   561.0 | mscp46.txt |  6,4 |
|29 |   25 |      sshape1 |  0.25 | 2500 |1558349938266 |     560 |   562.0 | mscp46.txt |  6,9 |
|30 |   25 |      sshape1 |  0.25 | 2500 |1558349945195 |     560 |   561.0 | mscp46.txt |  7,5 |
|31 |   25 |      sshape1 |  0.25 | 2500 |1558349952649 |     560 |   560.0 | mscp46.txt |  6,8 |
