| # | Nest | Binarizacion | %Desc |#Iter |      semilla | BestFit |  GotFit |  instancia | time |
-------------------------------------------------------------------------------------------------
| 1 |   25 |      sshape1 |  0.25 | 2500 |1558351726445 |     293 |   293.0 | mscp57.txt |  6,2 |
| 2 |   25 |      sshape1 |  0.25 | 2500 |1558351732686 |     293 |   293.0 | mscp57.txt |  8,0 |
| 3 |   25 |      sshape1 |  0.25 | 2500 |1558351740668 |     293 |   294.0 | mscp57.txt |  6,8 |
| 4 |   25 |      sshape1 |  0.25 | 2500 |1558351747510 |     293 |   293.0 | mscp57.txt |  7,1 |
| 5 |   25 |      sshape1 |  0.25 | 2500 |1558351754562 |     293 |   294.0 | mscp57.txt |  6,1 |
| 6 |   25 |      sshape1 |  0.25 | 2500 |1558351760711 |     293 |   293.0 | mscp57.txt |  5,8 |
| 7 |   25 |      sshape1 |  0.25 | 2500 |1558351766508 |     293 |   295.0 | mscp57.txt |  6,0 |
| 8 |   25 |      sshape1 |  0.25 | 2500 |1558351772528 |     293 |   293.0 | mscp57.txt |  5,6 |
| 9 |   25 |      sshape1 |  0.25 | 2500 |1558351778141 |     293 |   294.0 | mscp57.txt |  5,4 |
|10 |   25 |      sshape1 |  0.25 | 2500 |1558351783575 |     293 |   294.0 | mscp57.txt |  6,2 |
|11 |   25 |      sshape1 |  0.25 | 2500 |1558351789758 |     293 |   293.0 | mscp57.txt |  4,9 |
|12 |   25 |      sshape1 |  0.25 | 2500 |1558351794699 |     293 |   293.0 | mscp57.txt |  5,5 |
|13 |   25 |      sshape1 |  0.25 | 2500 |1558351800164 |     293 |   293.0 | mscp57.txt |  7,7 |
|14 |   25 |      sshape1 |  0.25 | 2500 |1558351807832 |     293 |   293.0 | mscp57.txt |  5,9 |
|15 |   25 |      sshape1 |  0.25 | 2500 |1558351813762 |     293 |   293.0 | mscp57.txt |  6,4 |
|16 |   25 |      sshape1 |  0.25 | 2500 |1558351820172 |     293 |   294.0 | mscp57.txt |  5,9 |
|17 |   25 |      sshape1 |  0.25 | 2500 |1558351826073 |     293 |   293.0 | mscp57.txt |  6,4 |
|18 |   25 |      sshape1 |  0.25 | 2500 |1558351832435 |     293 |   294.0 | mscp57.txt |  5,2 |
|19 |   25 |      sshape1 |  0.25 | 2500 |1558351837603 |     293 |   293.0 | mscp57.txt |  6,6 |
|20 |   25 |      sshape1 |  0.25 | 2500 |1558351844215 |     293 |   294.0 | mscp57.txt |  6,1 |
|21 |   25 |      sshape1 |  0.25 | 2500 |1558351850307 |     293 |   293.0 | mscp57.txt |  6,5 |
|22 |   25 |      sshape1 |  0.25 | 2500 |1558351856764 |     293 |   295.0 | mscp57.txt |  4,2 |
|23 |   25 |      sshape1 |  0.25 | 2500 |1558351860992 |     293 |   293.0 | mscp57.txt |  5,4 |
|24 |   25 |      sshape1 |  0.25 | 2500 |1558351866367 |     293 |   294.0 | mscp57.txt |  5,4 |
|25 |   25 |      sshape1 |  0.25 | 2500 |1558351871765 |     293 |   295.0 | mscp57.txt |  6,6 |
|26 |   25 |      sshape1 |  0.25 | 2500 |1558351878371 |     293 |   293.0 | mscp57.txt |  4,9 |
|27 |   25 |      sshape1 |  0.25 | 2500 |1558351883276 |     293 |   293.0 | mscp57.txt |  7,2 |
|28 |   25 |      sshape1 |  0.25 | 2500 |1558351890455 |     293 |   294.0 | mscp57.txt |  6,5 |
|29 |   25 |      sshape1 |  0.25 | 2500 |1558351896999 |     293 |   293.0 | mscp57.txt |  6,9 |
|30 |   25 |      sshape1 |  0.25 | 2500 |1558351903921 |     293 |   297.0 | mscp57.txt |  4,5 |
|31 |   25 |      sshape1 |  0.25 | 2500 |1558351908398 |     293 |   299.0 | mscp57.txt |  6,4 |
