| # | Nest | Binarizacion | %Desc |#Iter |      semilla | BestFit |  GotFit |  instancia | time |
-------------------------------------------------------------------------------------------------
| 1 |   25 |      sshape1 |  0.25 | 2500 |1558351467196 |     211 |   214.0 | mscp55.txt |  6,0 |
| 2 |   25 |      sshape1 |  0.25 | 2500 |1558351473231 |     211 |   214.0 | mscp55.txt |  5,8 |
| 3 |   25 |      sshape1 |  0.25 | 2500 |1558351478999 |     211 |   212.0 | mscp55.txt |  6,4 |
| 4 |   25 |      sshape1 |  0.25 | 2500 |1558351485416 |     211 |   212.0 | mscp55.txt |  4,5 |
| 5 |   25 |      sshape1 |  0.25 | 2500 |1558351489876 |     211 |   212.0 | mscp55.txt |  4,5 |
| 6 |   25 |      sshape1 |  0.25 | 2500 |1558351494380 |     211 |   212.0 | mscp55.txt |  4,1 |
| 7 |   25 |      sshape1 |  0.25 | 2500 |1558351498444 |     211 |   214.0 | mscp55.txt |  4,9 |
| 8 |   25 |      sshape1 |  0.25 | 2500 |1558351503394 |     211 |   214.0 | mscp55.txt |  4,3 |
| 9 |   25 |      sshape1 |  0.25 | 2500 |1558351507728 |     211 |   214.0 | mscp55.txt |  6,2 |
|10 |   25 |      sshape1 |  0.25 | 2500 |1558351513886 |     211 |   214.0 | mscp55.txt |  4,6 |
|11 |   25 |      sshape1 |  0.25 | 2500 |1558351518437 |     211 |   214.0 | mscp55.txt |  4,0 |
|12 |   25 |      sshape1 |  0.25 | 2500 |1558351522439 |     211 |   214.0 | mscp55.txt |  5,7 |
|13 |   25 |      sshape1 |  0.25 | 2500 |1558351528188 |     211 |   212.0 | mscp55.txt |  4,5 |
|14 |   25 |      sshape1 |  0.25 | 2500 |1558351532712 |     211 |   212.0 | mscp55.txt |  3,9 |
|15 |   25 |      sshape1 |  0.25 | 2500 |1558351536610 |     211 |   214.0 | mscp55.txt |  5,6 |
|16 |   25 |      sshape1 |  0.25 | 2500 |1558351542227 |     211 |   214.0 | mscp55.txt |  4,5 |
|17 |   25 |      sshape1 |  0.25 | 2500 |1558351546766 |     211 |   212.0 | mscp55.txt |  3,9 |
|18 |   25 |      sshape1 |  0.25 | 2500 |1558351550664 |     211 |   212.0 | mscp55.txt |  5,1 |
|19 |   25 |      sshape1 |  0.25 | 2500 |1558351555744 |     211 |   214.0 | mscp55.txt |  4,7 |
|20 |   25 |      sshape1 |  0.25 | 2500 |1558351560444 |     211 |   214.0 | mscp55.txt |  4,9 |
|21 |   25 |      sshape1 |  0.25 | 2500 |1558351565342 |     211 |   212.0 | mscp55.txt |  5,3 |
|22 |   25 |      sshape1 |  0.25 | 2500 |1558351570682 |     211 |   214.0 | mscp55.txt |  5,8 |
|23 |   25 |      sshape1 |  0.25 | 2500 |1558351576442 |     211 |   212.0 | mscp55.txt |  5,9 |
|24 |   25 |      sshape1 |  0.25 | 2500 |1558351582334 |     211 |   212.0 | mscp55.txt |  3,9 |
|25 |   25 |      sshape1 |  0.25 | 2500 |1558351586283 |     211 |   212.0 | mscp55.txt |  4,3 |
|26 |   25 |      sshape1 |  0.25 | 2500 |1558351590622 |     211 |   218.0 | mscp55.txt |  4,9 |
|27 |   25 |      sshape1 |  0.25 | 2500 |1558351595521 |     211 |   214.0 | mscp55.txt |  5,9 |
|28 |   25 |      sshape1 |  0.25 | 2500 |1558351601384 |     211 |   214.0 | mscp55.txt |  4,0 |
|29 |   25 |      sshape1 |  0.25 | 2500 |1558351605394 |     211 |   212.0 | mscp55.txt |  3,8 |
|30 |   25 |      sshape1 |  0.25 | 2500 |1558351609156 |     211 |   212.0 | mscp55.txt |  4,3 |
|31 |   25 |      sshape1 |  0.25 | 2500 |1558351613492 |     211 |   212.0 | mscp55.txt |  4,0 |
