| # | Nest | Binarizacion | %Desc |#Iter |      semilla | BestFit |  GotFit |  instancia | time |
-------------------------------------------------------------------------------------------------
| 1 |   25 |      vshape4 |  0.25 | 2500 |1558302271923 |     215 |     0.0 | mscpc5.txt |-1,6e+09 |
| 2 |   25 |      vshape4 |  0.25 | 2500 |1558302271924 |     215 |     0.0 | mscpc5.txt |-1,6e+09 |
| 3 |   25 |      vshape4 |  0.25 | 2500 |1558302271925 |     215 |     0.0 | mscpc5.txt |-1,6e+09 |
| 4 |   25 |      vshape4 |  0.25 | 2500 |1558302271925 |     215 |     0.0 | mscpc5.txt |-1,6e+09 |
| 5 |   25 |      vshape4 |  0.25 | 2500 |1558302271926 |     215 |     0.0 | mscpc5.txt |-1,6e+09 |
| 6 |   25 |      vshape4 |  0.25 | 2500 |1558302271926 |     215 |     0.0 | mscpc5.txt |-1,6e+09 |
| 7 |   25 |      vshape4 |  0.25 | 2500 |1558302271926 |     215 |     0.0 | mscpc5.txt |-1,6e+09 |
| 8 |   25 |      vshape4 |  0.25 | 2500 |1558302271927 |     215 |     0.0 | mscpc5.txt |-1,6e+09 |
| 9 |   25 |      vshape4 |  0.25 | 2500 |1558302271927 |     215 |     0.0 | mscpc5.txt |-1,6e+09 |
|10 |   25 |      vshape4 |  0.25 | 2500 |1558302271927 |     215 |     0.0 | mscpc5.txt |-1,6e+09 |
|11 |   25 |      vshape4 |  0.25 | 2500 |1558302271928 |     215 |     0.0 | mscpc5.txt |-1,6e+09 |
|12 |   25 |      vshape4 |  0.25 | 2500 |1558302271928 |     215 |     0.0 | mscpc5.txt |-1,6e+09 |
|13 |   25 |      vshape4 |  0.25 | 2500 |1558302271929 |     215 |     0.0 | mscpc5.txt |-1,6e+09 |
|14 |   25 |      vshape4 |  0.25 | 2500 |1558302271929 |     215 |     0.0 | mscpc5.txt |-1,6e+09 |
|15 |   25 |      vshape4 |  0.25 | 2500 |1558302271929 |     215 |     0.0 | mscpc5.txt |-1,6e+09 |
|16 |   25 |      vshape4 |  0.25 | 2500 |1558302271930 |     215 |     0.0 | mscpc5.txt |-1,6e+09 |
|17 |   25 |      vshape4 |  0.25 | 2500 |1558302271930 |     215 |     0.0 | mscpc5.txt |-1,6e+09 |
|18 |   25 |      vshape4 |  0.25 | 2500 |1558302271930 |     215 |     0.0 | mscpc5.txt |-1,6e+09 |
|19 |   25 |      vshape4 |  0.25 | 2500 |1558302271931 |     215 |     0.0 | mscpc5.txt |-1,6e+09 |
|20 |   25 |      vshape4 |  0.25 | 2500 |1558302271931 |     215 |     0.0 | mscpc5.txt |-1,6e+09 |
|21 |   25 |      vshape4 |  0.25 | 2500 |1558302271932 |     215 |     0.0 | mscpc5.txt |-1,6e+09 |
|22 |   25 |      vshape4 |  0.25 | 2500 |1558302271932 |     215 |     0.0 | mscpc5.txt |-1,6e+09 |
|23 |   25 |      vshape4 |  0.25 | 2500 |1558302271933 |     215 |     0.0 | mscpc5.txt |-1,6e+09 |
|24 |   25 |      vshape4 |  0.25 | 2500 |1558302271933 |     215 |     0.0 | mscpc5.txt |-1,6e+09 |
|25 |   25 |      vshape4 |  0.25 | 2500 |1558302271933 |     215 |     0.0 | mscpc5.txt |-1,6e+09 |
|26 |   25 |      vshape4 |  0.25 | 2500 |1558302271934 |     215 |     0.0 | mscpc5.txt |-1,6e+09 |
|27 |   25 |      vshape4 |  0.25 | 2500 |1558302271934 |     215 |     0.0 | mscpc5.txt |-1,6e+09 |
|28 |   25 |      vshape4 |  0.25 | 2500 |1558302271935 |     215 |     0.0 | mscpc5.txt |-1,6e+09 |
|29 |   25 |      vshape4 |  0.25 | 2500 |1558302271935 |     215 |     0.0 | mscpc5.txt |-1,6e+09 |
|30 |   25 |      vshape4 |  0.25 | 2500 |1558302271935 |     215 |     0.0 | mscpc5.txt |-1,6e+09 |
|31 |   25 |      vshape4 |  0.25 | 2500 |1558302271936 |     215 |     0.0 | mscpc5.txt |-1,6e+09 |
