| # | Nest | Binarizacion | %Desc |#Iter |      semilla | BestFit |  GotFit |  instancia | time |
-------------------------------------------------------------------------------------------------
| 1 |   25 |      sshape1 |  0.25 | 2500 |1558351265101 |     242 |   242.0 | mscp54.txt |  7,5 |
| 2 |   25 |      sshape1 |  0.25 | 2500 |1558351272570 |     242 |   242.0 | mscp54.txt |  8,2 |
| 3 |   25 |      sshape1 |  0.25 | 2500 |1558351280806 |     242 |   242.0 | mscp54.txt |  4,1 |
| 4 |   25 |      sshape1 |  0.25 | 2500 |1558351284877 |     242 |   242.0 | mscp54.txt |  5,0 |
| 5 |   25 |      sshape1 |  0.25 | 2500 |1558351289845 |     242 |   242.0 | mscp54.txt |  7,9 |
| 6 |   25 |      sshape1 |  0.25 | 2500 |1558351297706 |     242 |   242.0 | mscp54.txt |  4,8 |
| 7 |   25 |      sshape1 |  0.25 | 2500 |1558351302528 |     242 |   242.0 | mscp54.txt |  5,7 |
| 8 |   25 |      sshape1 |  0.25 | 2500 |1558351308242 |     242 |   242.0 | mscp54.txt |  7,3 |
| 9 |   25 |      sshape1 |  0.25 | 2500 |1558351315506 |     242 |   242.0 | mscp54.txt |  7,8 |
|10 |   25 |      sshape1 |  0.25 | 2500 |1558351323318 |     242 |   242.0 | mscp54.txt |  8,7 |
|11 |   25 |      sshape1 |  0.25 | 2500 |1558351331993 |     242 |   243.0 | mscp54.txt |  5,2 |
|12 |   25 |      sshape1 |  0.25 | 2500 |1558351337165 |     242 |   243.0 | mscp54.txt |  5,5 |
|13 |   25 |      sshape1 |  0.25 | 2500 |1558351342646 |     242 |   243.0 | mscp54.txt |  6,5 |
|14 |   25 |      sshape1 |  0.25 | 2500 |1558351349117 |     242 |   243.0 | mscp54.txt |  6,2 |
|15 |   25 |      sshape1 |  0.25 | 2500 |1558351355294 |     242 |   242.0 | mscp54.txt |  4,7 |
|16 |   25 |      sshape1 |  0.25 | 2500 |1558351359958 |     242 |   242.0 | mscp54.txt |  6,8 |
|17 |   25 |      sshape1 |  0.25 | 2500 |1558351366748 |     242 |   242.0 | mscp54.txt |  6,2 |
|18 |   25 |      sshape1 |  0.25 | 2500 |1558351372956 |     242 |   242.0 | mscp54.txt |  8,3 |
|19 |   25 |      sshape1 |  0.25 | 2500 |1558351381207 |     242 |   242.0 | mscp54.txt |  7,3 |
|20 |   25 |      sshape1 |  0.25 | 2500 |1558351388511 |     242 |   242.0 | mscp54.txt |  8,3 |
|21 |   25 |      sshape1 |  0.25 | 2500 |1558351396829 |     242 |   242.0 | mscp54.txt |  8,4 |
|22 |   25 |      sshape1 |  0.25 | 2500 |1558351405224 |     242 |   245.0 | mscp54.txt |  4,0 |
|23 |   25 |      sshape1 |  0.25 | 2500 |1558351409245 |     242 |   244.0 | mscp54.txt |  7,0 |
|24 |   25 |      sshape1 |  0.25 | 2500 |1558351416294 |     242 |   243.0 | mscp54.txt |  6,0 |
|25 |   25 |      sshape1 |  0.25 | 2500 |1558351422340 |     242 |   242.0 | mscp54.txt |  5,1 |
|26 |   25 |      sshape1 |  0.25 | 2500 |1558351427482 |     242 |   242.0 | mscp54.txt |  6,4 |
|27 |   25 |      sshape1 |  0.25 | 2500 |1558351433903 |     242 |   243.0 | mscp54.txt |  6,0 |
|28 |   25 |      sshape1 |  0.25 | 2500 |1558351439906 |     242 |   242.0 | mscp54.txt |  9,2 |
|29 |   25 |      sshape1 |  0.25 | 2500 |1558351449134 |     242 |   242.0 | mscp54.txt |  4,4 |
|30 |   25 |      sshape1 |  0.25 | 2500 |1558351453509 |     242 |   242.0 | mscp54.txt |  7,6 |
|31 |   25 |      sshape1 |  0.25 | 2500 |1558351461138 |     242 |   243.0 | mscp54.txt |  6,1 |
