| # | Nest | Binarizacion | %Desc |#Iter |      semilla | BestFit |  GotFit |  instancia | time |
-------------------------------------------------------------------------------------------------
| 1 |   25 |      sshape1 |  0.25 | 2500 |1558353236685 |     131 |   131.0 | mscp64.txt |  5,5 |
| 2 |   25 |      sshape1 |  0.25 | 2500 |1558353242152 |     131 |   134.0 | mscp64.txt |  4,8 |
| 3 |   25 |      sshape1 |  0.25 | 2500 |1558353246977 |     131 |   131.0 | mscp64.txt |  3,9 |
| 4 |   25 |      sshape1 |  0.25 | 2500 |1558353250925 |     131 |   133.0 | mscp64.txt |  8,2 |
| 5 |   25 |      sshape1 |  0.25 | 2500 |1558353259115 |     131 |   133.0 | mscp64.txt |  5,2 |
| 6 |   25 |      sshape1 |  0.25 | 2500 |1558353264301 |     131 |   132.0 | mscp64.txt |  6,6 |
| 7 |   25 |      sshape1 |  0.25 | 2500 |1558353270878 |     131 |   131.0 | mscp64.txt |  4,1 |
| 8 |   25 |      sshape1 |  0.25 | 2500 |1558353275022 |     131 |   131.0 | mscp64.txt |  6,1 |
| 9 |   25 |      sshape1 |  0.25 | 2500 |1558353281135 |     131 |   131.0 | mscp64.txt |  6,9 |
|10 |   25 |      sshape1 |  0.25 | 2500 |1558353288014 |     131 |   132.0 | mscp64.txt |  3,1 |
|11 |   25 |      sshape1 |  0.25 | 2500 |1558353291155 |     131 |   132.0 | mscp64.txt |  5,0 |
|12 |   25 |      sshape1 |  0.25 | 2500 |1558353296145 |     131 |   131.0 | mscp64.txt |  4,0 |
|13 |   25 |      sshape1 |  0.25 | 2500 |1558353300119 |     131 |   131.0 | mscp64.txt |  6,7 |
|14 |   25 |      sshape1 |  0.25 | 2500 |1558353306831 |     131 |   131.0 | mscp64.txt |  5,4 |
|15 |   25 |      sshape1 |  0.25 | 2500 |1558353312229 |     131 |   132.0 | mscp64.txt |  4,7 |
|16 |   25 |      sshape1 |  0.25 | 2500 |1558353316904 |     131 |   131.0 | mscp64.txt |  4,0 |
|17 |   25 |      sshape1 |  0.25 | 2500 |1558353320911 |     131 |   131.0 | mscp64.txt |  4,4 |
|18 |   25 |      sshape1 |  0.25 | 2500 |1558353325310 |     131 |   131.0 | mscp64.txt |  3,9 |
|19 |   25 |      sshape1 |  0.25 | 2500 |1558353329223 |     131 |   132.0 | mscp64.txt |  3,9 |
|20 |   25 |      sshape1 |  0.25 | 2500 |1558353333170 |     131 |   131.0 | mscp64.txt |  5,1 |
|21 |   25 |      sshape1 |  0.25 | 2500 |1558353338277 |     131 |   132.0 | mscp64.txt |  3,0 |
|22 |   25 |      sshape1 |  0.25 | 2500 |1558353341286 |     131 |   132.0 | mscp64.txt |  4,0 |
|23 |   25 |      sshape1 |  0.25 | 2500 |1558353345325 |     131 |   131.0 | mscp64.txt |  4,5 |
|24 |   25 |      sshape1 |  0.25 | 2500 |1558353349859 |     131 |   133.0 | mscp64.txt |  5,4 |
|25 |   25 |      sshape1 |  0.25 | 2500 |1558353355259 |     131 |   132.0 | mscp64.txt |  5,9 |
|26 |   25 |      sshape1 |  0.25 | 2500 |1558353361129 |     131 |   131.0 | mscp64.txt |  4,7 |
|27 |   25 |      sshape1 |  0.25 | 2500 |1558353365785 |     131 |   132.0 | mscp64.txt |  4,3 |
|28 |   25 |      sshape1 |  0.25 | 2500 |1558353370062 |     131 |   131.0 | mscp64.txt |  7,3 |
|29 |   25 |      sshape1 |  0.25 | 2500 |1558353377380 |     131 |   131.0 | mscp64.txt |  3,2 |
|30 |   25 |      sshape1 |  0.25 | 2500 |1558353380550 |     131 |   131.0 | mscp64.txt |  7,6 |
|31 |   25 |      sshape1 |  0.25 | 2500 |1558353388163 |     131 |   131.0 | mscp64.txt |  4,6 |
