| # | Nest | Binarizacion | %Desc |#Iter |      semilla | BestFit |  GotFit |  instancia | time |
-------------------------------------------------------------------------------------------------
| 1 |   25 |      sshape1 |  0.25 | 2500 |1558424994398 |     166 |   170.0 |mscpnrg3.txt |2,7e+02 |
| 2 |   25 |      sshape1 |  0.25 | 2500 |1558425264486 |     166 |   172.0 |mscpnrg3.txt |6,8e+02 |
| 3 |   25 |      sshape1 |  0.25 | 2500 |1558425946932 |     166 |   170.0 |mscpnrg3.txt |7,8e+02 |
| 4 |   25 |      sshape1 |  0.25 | 2500 |1558426728234 |     166 |   173.0 |mscpnrg3.txt |7,2e+02 |
| 5 |   25 |      sshape1 |  0.25 | 2500 |1558427445881 |     166 |   172.0 |mscpnrg3.txt |7,1e+02 |
| 6 |   25 |      sshape1 |  0.25 | 2500 |1558428154546 |     166 |   173.0 |mscpnrg3.txt |3,5e+02 |
| 7 |   25 |      sshape1 |  0.25 | 2500 |1558428504811 |     166 |   173.0 |mscpnrg3.txt |8,0e+02 |
| 8 |   25 |      sshape1 |  0.25 | 2500 |1558429306957 |     166 |   170.0 |mscpnrg3.txt |6,9e+02 |
| 9 |   25 |      sshape1 |  0.25 | 2500 |1558429996551 |     166 |   172.0 |mscpnrg3.txt |5,5e+02 |
|10 |   25 |      sshape1 |  0.25 | 2500 |1558430542579 |     166 |   172.0 |mscpnrg3.txt |6,8e+02 |
|11 |   25 |      sshape1 |  0.25 | 2500 |1558431221225 |     166 |   170.0 |mscpnrg3.txt |4,8e+02 |
|12 |   25 |      sshape1 |  0.25 | 2500 |1558431703415 |     166 |   171.0 |mscpnrg3.txt |6,9e+02 |
|13 |   25 |      sshape1 |  0.25 | 2500 |1558432393733 |     166 |   173.0 |mscpnrg3.txt |6,1e+02 |
|14 |   25 |      sshape1 |  0.25 | 2500 |1558433001258 |     166 |   170.0 |mscpnrg3.txt |6,6e+02 |
|15 |   25 |      sshape1 |  0.25 | 2500 |1558433665474 |     166 |   170.0 |mscpnrg3.txt |7,0e+02 |
|16 |   25 |      sshape1 |  0.25 | 2500 |1558434365797 |     166 |   172.0 |mscpnrg3.txt |5,7e+02 |
|17 |   25 |      sshape1 |  0.25 | 2500 |1558434939410 |     166 |   170.0 |mscpnrg3.txt |7,5e+02 |
|18 |   25 |      sshape1 |  0.25 | 2500 |1558435684465 |     166 |   170.0 |mscpnrg3.txt |3,2e+02 |
|19 |   25 |      sshape1 |  0.25 | 2500 |1558436002582 |     166 |   173.0 |mscpnrg3.txt |5,9e+02 |
|20 |   25 |      sshape1 |  0.25 | 2500 |1558436589766 |     166 |   171.0 |mscpnrg3.txt |1,9e+02 |
|21 |   25 |      sshape1 |  0.25 | 2500 |1558436781850 |     166 |   172.0 |mscpnrg3.txt |6,6e+02 |
|22 |   25 |      sshape1 |  0.25 | 2500 |1558437440616 |     166 |   171.0 |mscpnrg3.txt |5,0e+02 |
|23 |   25 |      sshape1 |  0.25 | 2500 |1558437938151 |     166 |   173.0 |mscpnrg3.txt |6,7e+02 |
|24 |   25 |      sshape1 |  0.25 | 2500 |1558438609650 |     166 |   172.0 |mscpnrg3.txt |7,2e+02 |
|25 |   25 |      sshape1 |  0.25 | 2500 |1558439332115 |     166 |   173.0 |mscpnrg3.txt |7,6e+02 |
|26 |   25 |      sshape1 |  0.25 | 2500 |1558440093413 |     166 |   171.0 |mscpnrg3.txt |4,3e+02 |
|27 |   25 |      sshape1 |  0.25 | 2500 |1558440520872 |     166 |   171.0 |mscpnrg3.txt |6,1e+02 |
|28 |   25 |      sshape1 |  0.25 | 2500 |1558441128291 |     166 |   171.0 |mscpnrg3.txt |3,5e+02 |
|29 |   25 |      sshape1 |  0.25 | 2500 |1558441479246 |     166 |   167.0 |mscpnrg3.txt |4,2e+02 |
|30 |   25 |      sshape1 |  0.25 | 2500 |1558441903347 |     166 |   171.0 |mscpnrg3.txt |3,2e+02 |
|31 |   25 |      sshape1 |  0.25 | 2500 |1558442220635 |     166 |   172.0 |mscpnrg3.txt |6,0e+02 |
