| # | Nest | Binarizacion | %Desc |#Iter |      semilla | BestFit |  GotFit |  instancia | time |
-------------------------------------------------------------------------------------------------
| 1 |   25 |      sshape3 |  0.25 | 2500 |1558302271811 |     215 |     0.0 | mscpc5.txt |-1,6e+09 |
| 2 |   25 |      sshape3 |  0.25 | 2500 |1558302271812 |     215 |     0.0 | mscpc5.txt |-1,6e+09 |
| 3 |   25 |      sshape3 |  0.25 | 2500 |1558302271812 |     215 |     0.0 | mscpc5.txt |-1,6e+09 |
| 4 |   25 |      sshape3 |  0.25 | 2500 |1558302271812 |     215 |     0.0 | mscpc5.txt |-1,6e+09 |
| 5 |   25 |      sshape3 |  0.25 | 2500 |1558302271813 |     215 |     0.0 | mscpc5.txt |-1,6e+09 |
| 6 |   25 |      sshape3 |  0.25 | 2500 |1558302271813 |     215 |     0.0 | mscpc5.txt |-1,6e+09 |
| 7 |   25 |      sshape3 |  0.25 | 2500 |1558302271814 |     215 |     0.0 | mscpc5.txt |-1,6e+09 |
| 8 |   25 |      sshape3 |  0.25 | 2500 |1558302271816 |     215 |     0.0 | mscpc5.txt |-1,6e+09 |
| 9 |   25 |      sshape3 |  0.25 | 2500 |1558302271817 |     215 |     0.0 | mscpc5.txt |-1,6e+09 |
|10 |   25 |      sshape3 |  0.25 | 2500 |1558302271819 |     215 |     0.0 | mscpc5.txt |-1,6e+09 |
|11 |   25 |      sshape3 |  0.25 | 2500 |1558302271821 |     215 |     0.0 | mscpc5.txt |-1,6e+09 |
|12 |   25 |      sshape3 |  0.25 | 2500 |1558302271823 |     215 |     0.0 | mscpc5.txt |-1,6e+09 |
|13 |   25 |      sshape3 |  0.25 | 2500 |1558302271825 |     215 |     0.0 | mscpc5.txt |-1,6e+09 |
|14 |   25 |      sshape3 |  0.25 | 2500 |1558302271826 |     215 |     0.0 | mscpc5.txt |-1,6e+09 |
|15 |   25 |      sshape3 |  0.25 | 2500 |1558302271828 |     215 |     0.0 | mscpc5.txt |-1,6e+09 |
|16 |   25 |      sshape3 |  0.25 | 2500 |1558302271829 |     215 |     0.0 | mscpc5.txt |-1,6e+09 |
|17 |   25 |      sshape3 |  0.25 | 2500 |1558302271830 |     215 |     0.0 | mscpc5.txt |-1,6e+09 |
|18 |   25 |      sshape3 |  0.25 | 2500 |1558302271830 |     215 |     0.0 | mscpc5.txt |-1,6e+09 |
|19 |   25 |      sshape3 |  0.25 | 2500 |1558302271831 |     215 |     0.0 | mscpc5.txt |-1,6e+09 |
|20 |   25 |      sshape3 |  0.25 | 2500 |1558302271831 |     215 |     0.0 | mscpc5.txt |-1,6e+09 |
|21 |   25 |      sshape3 |  0.25 | 2500 |1558302271832 |     215 |     0.0 | mscpc5.txt |-1,6e+09 |
|22 |   25 |      sshape3 |  0.25 | 2500 |1558302271832 |     215 |     0.0 | mscpc5.txt |-1,6e+09 |
|23 |   25 |      sshape3 |  0.25 | 2500 |1558302271833 |     215 |     0.0 | mscpc5.txt |-1,6e+09 |
|24 |   25 |      sshape3 |  0.25 | 2500 |1558302271834 |     215 |     0.0 | mscpc5.txt |-1,6e+09 |
|25 |   25 |      sshape3 |  0.25 | 2500 |1558302271834 |     215 |     0.0 | mscpc5.txt |-1,6e+09 |
|26 |   25 |      sshape3 |  0.25 | 2500 |1558302271835 |     215 |     0.0 | mscpc5.txt |-1,6e+09 |
|27 |   25 |      sshape3 |  0.25 | 2500 |1558302271835 |     215 |     0.0 | mscpc5.txt |-1,6e+09 |
|28 |   25 |      sshape3 |  0.25 | 2500 |1558302271835 |     215 |     0.0 | mscpc5.txt |-1,6e+09 |
|29 |   25 |      sshape3 |  0.25 | 2500 |1558302271836 |     215 |     0.0 | mscpc5.txt |-1,6e+09 |
|30 |   25 |      sshape3 |  0.25 | 2500 |1558302271836 |     215 |     0.0 | mscpc5.txt |-1,6e+09 |
|31 |   25 |      sshape3 |  0.25 | 2500 |1558302271837 |     215 |     0.0 | mscpc5.txt |-1,6e+09 |
