| # | Nest | Binarizacion | %Desc |#Iter |      semilla | BestFit |  GotFit |  instancia | time |
-------------------------------------------------------------------------------------------------
| 1 |   25 |      sshape4 |  0.25 | 2500 |1558302271839 |     215 |     0.0 | mscpc5.txt |-1,6e+09 |
| 2 |   25 |      sshape4 |  0.25 | 2500 |1558302271840 |     215 |     0.0 | mscpc5.txt |-1,6e+09 |
| 3 |   25 |      sshape4 |  0.25 | 2500 |1558302271841 |     215 |     0.0 | mscpc5.txt |-1,6e+09 |
| 4 |   25 |      sshape4 |  0.25 | 2500 |1558302271842 |     215 |     0.0 | mscpc5.txt |-1,6e+09 |
| 5 |   25 |      sshape4 |  0.25 | 2500 |1558302271842 |     215 |     0.0 | mscpc5.txt |-1,6e+09 |
| 6 |   25 |      sshape4 |  0.25 | 2500 |1558302271843 |     215 |     0.0 | mscpc5.txt |-1,6e+09 |
| 7 |   25 |      sshape4 |  0.25 | 2500 |1558302271843 |     215 |     0.0 | mscpc5.txt |-1,6e+09 |
| 8 |   25 |      sshape4 |  0.25 | 2500 |1558302271844 |     215 |     0.0 | mscpc5.txt |-1,6e+09 |
| 9 |   25 |      sshape4 |  0.25 | 2500 |1558302271845 |     215 |     0.0 | mscpc5.txt |-1,6e+09 |
|10 |   25 |      sshape4 |  0.25 | 2500 |1558302271846 |     215 |     0.0 | mscpc5.txt |-1,6e+09 |
|11 |   25 |      sshape4 |  0.25 | 2500 |1558302271847 |     215 |     0.0 | mscpc5.txt |-1,6e+09 |
|12 |   25 |      sshape4 |  0.25 | 2500 |1558302271847 |     215 |     0.0 | mscpc5.txt |-1,6e+09 |
|13 |   25 |      sshape4 |  0.25 | 2500 |1558302271848 |     215 |     0.0 | mscpc5.txt |-1,6e+09 |
|14 |   25 |      sshape4 |  0.25 | 2500 |1558302271848 |     215 |     0.0 | mscpc5.txt |-1,6e+09 |
|15 |   25 |      sshape4 |  0.25 | 2500 |1558302271849 |     215 |     0.0 | mscpc5.txt |-1,6e+09 |
|16 |   25 |      sshape4 |  0.25 | 2500 |1558302271850 |     215 |     0.0 | mscpc5.txt |-1,6e+09 |
|17 |   25 |      sshape4 |  0.25 | 2500 |1558302271850 |     215 |     0.0 | mscpc5.txt |-1,6e+09 |
|18 |   25 |      sshape4 |  0.25 | 2500 |1558302271851 |     215 |     0.0 | mscpc5.txt |-1,6e+09 |
|19 |   25 |      sshape4 |  0.25 | 2500 |1558302271852 |     215 |     0.0 | mscpc5.txt |-1,6e+09 |
|20 |   25 |      sshape4 |  0.25 | 2500 |1558302271852 |     215 |     0.0 | mscpc5.txt |-1,6e+09 |
|21 |   25 |      sshape4 |  0.25 | 2500 |1558302271853 |     215 |     0.0 | mscpc5.txt |-1,6e+09 |
|22 |   25 |      sshape4 |  0.25 | 2500 |1558302271853 |     215 |     0.0 | mscpc5.txt |-1,6e+09 |
|23 |   25 |      sshape4 |  0.25 | 2500 |1558302271854 |     215 |     0.0 | mscpc5.txt |-1,6e+09 |
|24 |   25 |      sshape4 |  0.25 | 2500 |1558302271854 |     215 |     0.0 | mscpc5.txt |-1,6e+09 |
|25 |   25 |      sshape4 |  0.25 | 2500 |1558302271855 |     215 |     0.0 | mscpc5.txt |-1,6e+09 |
|26 |   25 |      sshape4 |  0.25 | 2500 |1558302271855 |     215 |     0.0 | mscpc5.txt |-1,6e+09 |
|27 |   25 |      sshape4 |  0.25 | 2500 |1558302271856 |     215 |     0.0 | mscpc5.txt |-1,6e+09 |
|28 |   25 |      sshape4 |  0.25 | 2500 |1558302271856 |     215 |     0.0 | mscpc5.txt |-1,6e+09 |
|29 |   25 |      sshape4 |  0.25 | 2500 |1558302271857 |     215 |     0.0 | mscpc5.txt |-1,6e+09 |
|30 |   25 |      sshape4 |  0.25 | 2500 |1558302271857 |     215 |     0.0 | mscpc5.txt |-1,6e+09 |
|31 |   25 |      sshape4 |  0.25 | 2500 |1558302271858 |     215 |     0.0 | mscpc5.txt |-1,6e+09 |
