| # | Nest | Binarizacion | %Desc |#Iter |      semilla | BestFit |  GotFit |  instancia | time |
-------------------------------------------------------------------------------------------------
| 1 |   25 |      sshape1 |  0.25 | 2500 |1558442817962 |     168 |   170.0 |mscpnrg4.txt |6,9e+02 |
| 2 |   25 |      sshape1 |  0.25 | 2500 |1558443510202 |     168 |   172.0 |mscpnrg4.txt |5,6e+02 |
| 3 |   25 |      sshape1 |  0.25 | 2500 |1558444074207 |     168 |   174.0 |mscpnrg4.txt |6,8e+02 |
| 4 |   25 |      sshape1 |  0.25 | 2500 |1558444755956 |     168 |   171.0 |mscpnrg4.txt |3,0e+02 |
| 5 |   25 |      sshape1 |  0.25 | 2500 |1558445055079 |     168 |   174.0 |mscpnrg4.txt |4,8e+02 |
| 6 |   25 |      sshape1 |  0.25 | 2500 |1558445534442 |     168 |   172.0 |mscpnrg4.txt |7,3e+02 |
| 7 |   25 |      sshape1 |  0.25 | 2500 |1558446259976 |     168 |   174.0 |mscpnrg4.txt |3,8e+02 |
| 8 |   25 |      sshape1 |  0.25 | 2500 |1558446641837 |     168 |   175.0 |mscpnrg4.txt |6,8e+02 |
| 9 |   25 |      sshape1 |  0.25 | 2500 |1558447322571 |     168 |   172.0 |mscpnrg4.txt |3,7e+02 |
|10 |   25 |      sshape1 |  0.25 | 2500 |1558447689288 |     168 |   170.0 |mscpnrg4.txt |6,2e+02 |
|11 |   25 |      sshape1 |  0.25 | 2500 |1558448308128 |     168 |   171.0 |mscpnrg4.txt |3,4e+02 |
|12 |   25 |      sshape1 |  0.25 | 2500 |1558448650086 |     168 |   171.0 |mscpnrg4.txt |3,3e+02 |
|13 |   25 |      sshape1 |  0.25 | 2500 |1558448980650 |     168 |   170.0 |mscpnrg4.txt |2,5e+02 |
|14 |   25 |      sshape1 |  0.25 | 2500 |1558449227557 |     168 |   170.0 |mscpnrg4.txt |4,7e+02 |
|15 |   25 |      sshape1 |  0.25 | 2500 |1558449701578 |     168 |   171.0 |mscpnrg4.txt |3,3e+02 |
|16 |   25 |      sshape1 |  0.25 | 2500 |1558450027708 |     168 |   171.0 |mscpnrg4.txt |8,0e+02 |
|17 |   25 |      sshape1 |  0.25 | 2500 |1558450828164 |     168 |   172.0 |mscpnrg4.txt |4,9e+02 |
|18 |   25 |      sshape1 |  0.25 | 2500 |1558451319418 |     168 |   171.0 |mscpnrg4.txt |5,7e+02 |
|19 |   25 |      sshape1 |  0.25 | 2500 |1558451888612 |     168 |   173.0 |mscpnrg4.txt |6,6e+02 |
|20 |   25 |      sshape1 |  0.25 | 2500 |1558452548376 |     168 |   171.0 |mscpnrg4.txt |2,9e+02 |
|21 |   25 |      sshape1 |  0.25 | 2500 |1558452842080 |     168 |   170.0 |mscpnrg4.txt |3,1e+02 |
|22 |   25 |      sshape1 |  0.25 | 2500 |1558453152723 |     168 |   171.0 |mscpnrg4.txt |2,8e+02 |
|23 |   25 |      sshape1 |  0.25 | 2500 |1558453427760 |     168 |   172.0 |mscpnrg4.txt |5,3e+02 |
|24 |   25 |      sshape1 |  0.25 | 2500 |1558453962078 |     168 |   170.0 |mscpnrg4.txt |2,5e+02 |
|25 |   25 |      sshape1 |  0.25 | 2500 |1558454216026 |     168 |   171.0 |mscpnrg4.txt |6,1e+02 |
|26 |   25 |      sshape1 |  0.25 | 2500 |1558454821405 |     168 |   172.0 |mscpnrg4.txt |6,0e+02 |
|27 |   25 |      sshape1 |  0.25 | 2500 |1558455425052 |     168 |   173.0 |mscpnrg4.txt |4,6e+02 |
|28 |   25 |      sshape1 |  0.25 | 2500 |1558455882183 |     168 |   171.0 |mscpnrg4.txt |5,3e+02 |
|29 |   25 |      sshape1 |  0.25 | 2500 |1558456410189 |     168 |   172.0 |mscpnrg4.txt |5,5e+02 |
|30 |   25 |      sshape1 |  0.25 | 2500 |1558456963269 |     168 |   173.0 |mscpnrg4.txt |6,7e+02 |
|31 |   25 |      sshape1 |  0.25 | 2500 |1558457633452 |     168 |   170.0 |mscpnrg4.txt |4,0e+02 |
