| # | Nest | Binarizacion | %Desc |#Iter |      semilla | BestFit |  GotFit |  instancia | time |
-------------------------------------------------------------------------------------------------
| 1 |   25 |      elitist |  0.25 | 2500 |1558330372152 |     429 |   437.0 | mscp41.txt |  5,1 |
| 2 |   25 |      elitist |  0.25 | 2500 |1558330377236 |     429 |   433.0 | mscp41.txt |  6,4 |
| 3 |   25 |      elitist |  0.25 | 2500 |1558330383685 |     429 |   432.0 | mscp41.txt |  6,1 |
| 4 |   25 |      elitist |  0.25 | 2500 |1558330389812 |     429 |   430.0 | mscp41.txt |  6,2 |
| 5 |   25 |      elitist |  0.25 | 2500 |1558330396056 |     429 |   432.0 | mscp41.txt |  5,1 |
| 6 |   25 |      elitist |  0.25 | 2500 |1558330401160 |     429 |   430.0 | mscp41.txt |  3,8 |
| 7 |   25 |      elitist |  0.25 | 2500 |1558330404976 |     429 |   431.0 | mscp41.txt |  5,2 |
| 8 |   25 |      elitist |  0.25 | 2500 |1558330410172 |     429 |   432.0 | mscp41.txt |  6,3 |
| 9 |   25 |      elitist |  0.25 | 2500 |1558330416465 |     429 |   433.0 | mscp41.txt |  5,4 |
|10 |   25 |      elitist |  0.25 | 2500 |1558330421865 |     429 |   437.0 | mscp41.txt |  8,8 |
|11 |   25 |      elitist |  0.25 | 2500 |1558330430673 |     429 |   431.0 | mscp41.txt |  7,8 |
|12 |   25 |      elitist |  0.25 | 2500 |1558330438513 |     429 |   433.0 | mscp41.txt |  5,5 |
|13 |   25 |      elitist |  0.25 | 2500 |1558330444005 |     429 |   432.0 | mscp41.txt |  5,1 |
|14 |   25 |      elitist |  0.25 | 2500 |1558330449110 |     429 |   432.0 | mscp41.txt |  5,8 |
|15 |   25 |      elitist |  0.25 | 2500 |1558330454882 |     429 |   433.0 | mscp41.txt |  7,1 |
|16 |   25 |      elitist |  0.25 | 2500 |1558330461945 |     429 |   436.0 | mscp41.txt |  5,8 |
|17 |   25 |      elitist |  0.25 | 2500 |1558330467729 |     429 |   429.0 | mscp41.txt |  6,4 |
|18 |   25 |      elitist |  0.25 | 2500 |1558330474143 |     429 |   438.0 | mscp41.txt |  7,2 |
|19 |   25 |      elitist |  0.25 | 2500 |1558330481335 |     429 |   432.0 | mscp41.txt |  4,6 |
|20 |   25 |      elitist |  0.25 | 2500 |1558330485933 |     429 |   434.0 | mscp41.txt |  5,2 |
|21 |   25 |      elitist |  0.25 | 2500 |1558330491134 |     429 |   432.0 | mscp41.txt |  5,8 |
|22 |   25 |      elitist |  0.25 | 2500 |1558330496960 |     429 |   431.0 | mscp41.txt |  8,8 |
|23 |   25 |      elitist |  0.25 | 2500 |1558330505802 |     429 |   432.0 | mscp41.txt |  4,4 |
|24 |   25 |      elitist |  0.25 | 2500 |1558330510233 |     429 |   432.0 | mscp41.txt |  4,6 |
|25 |   25 |      elitist |  0.25 | 2500 |1558330514840 |     429 |   433.0 | mscp41.txt |  5,7 |
|26 |   25 |      elitist |  0.25 | 2500 |1558330520569 |     429 |   430.0 | mscp41.txt |  6,5 |
|27 |   25 |      elitist |  0.25 | 2500 |1558330527060 |     429 |   433.0 | mscp41.txt |  3,4 |
|28 |   25 |      elitist |  0.25 | 2500 |1558330530481 |     429 |   433.0 | mscp41.txt |  7,9 |
|29 |   25 |      elitist |  0.25 | 2500 |1558330538419 |     429 |   433.0 | mscp41.txt |  4,8 |
|30 |   25 |      elitist |  0.25 | 2500 |1558330543173 |     429 |   430.0 | mscp41.txt |  6,7 |
|31 |   25 |      elitist |  0.25 | 2500 |1558330549847 |     429 |   430.0 | mscp41.txt |  4,3 |
