|Instancia |Ejecucion |Iteracion |Iter Max |Nidos |   %Pa |tipoDiscretizacion |tipoBinarizacion | CapMoch |   Optmo |OptimoObtenido |     RDP | time |      semilla |VectorSolucionReal |VectorSolucionBinario |
-------------------------------------------------------------------------------------------------
|      f7 | 1 |       1 |    5000 |   50 |  0.25 |standard | sshape3 |      50 |   107.0 |   107.0 |    0,00 |-1,6e+09 |1592654871649 |[0.6729807, 0.1752454, 0.72569007, 0.24494584, 0.74473774, 0.86486024, 0.96119267] |[1.0, 1.0, 0.0, 0.0, 0.0, 0.0, 0.0] |
|      f7 | 1 |       2 |    5000 |   50 |  0.25 |standard | sshape3 |      50 |   107.0 |   107.0 |    0,00 |  0,0 |1592654871649 |[0.6729807, 0.1752454, 0.72569007, 0.24494584, 0.74473774, 0.86486024, 0.96119267] |[1.0, 1.0, 0.0, 0.0, 0.0, 0.0, 0.0] |
|      f7 | 2 |       1 |    5000 |   50 |  0.25 |standard | sshape3 |      50 |   107.0 |   107.0 |    0,00 |  0,0 |1592654871649 |[0.5794329, 0.6488024, 0.62838244, 0.5516916, 1.0, 0.21281493, 0.58920604] |[1.0, 1.0, 0.0, 0.0, 0.0, 0.0, 0.0] |
|      f7 | 2 |       2 |    5000 |   50 |  0.25 |standard | sshape3 |      50 |   107.0 |   107.0 |    0,00 |0,0010 |1592654871649 |[0.5794329, 0.6488024, 0.62838244, 0.5516916, 1.0, 0.21281493, 0.58920604] |[1.0, 1.0, 0.0, 0.0, 0.0, 0.0, 0.0] |
|      f7 | 3 |       1 |    5000 |   50 |  0.25 |standard | sshape3 |      50 |   107.0 |   107.0 |    0,00 |  0,0 |1592654871650 |[0.92080134, 0.4810906, 0.7095778, 0.063303865, 0.03632604, 0.03864014, 0.29059616] |[0.0, 0.0, 1.0, 1.0, 1.0, 1.0, 0.0] |
|      f7 | 3 |       2 |    5000 |   50 |  0.25 |standard | sshape3 |      50 |   107.0 |   107.0 |    0,00 |  0,0 |1592654871650 |[0.92080134, 0.4810906, 0.7095778, 0.063303865, 0.03632604, 0.03864014, 0.29059616] |[0.0, 0.0, 1.0, 1.0, 1.0, 1.0, 0.0] |
|      f7 | 4 |       1 |    5000 |   50 |  0.25 |standard | sshape3 |      50 |   107.0 |   107.0 |    0,00 |-0,0010 |1592654871651 |[0.10763919, 0.08859495, 0.6275926, 0.84579986, 0.41002592, 0.1640048, 0.055213876] |[1.0, 1.0, 0.0, 0.0, 1.0, 1.0, 0.0] |
|      f7 | 4 |       2 |    5000 |   50 |  0.25 |standard | sshape3 |      50 |   107.0 |   107.0 |    0,00 |  0,0 |1592654871651 |[0.10763919, 0.08859495, 0.6275926, 0.84579986, 0.41002592, 0.1640048, 0.055213876] |[1.0, 1.0, 0.0, 0.0, 1.0, 1.0, 0.0] |
|      f7 | 5 |       1 |    5000 |   50 |  0.25 |standard | sshape3 |      50 |   107.0 |   107.0 |    0,00 |  0,0 |1592654871651 |[0.75893015, 0.8350047, 0.15129872, 0.61951786, 0.84855586, 0.912509, 0.16360566] |[1.0, 1.0, 0.0, 0.0, 1.0, 1.0, 0.0] |
|      f7 | 5 |       2 |    5000 |   50 |  0.25 |standard | sshape3 |      50 |   107.0 |   107.0 |    0,00 |0,0010 |1592654871651 |[0.75893015, 0.8350047, 0.15129872, 0.61951786, 0.84855586, 0.912509, 0.16360566] |[1.0, 1.0, 0.0, 0.0, 1.0, 1.0, 0.0] |
|      f7 | 6 |       1 |    5000 |   50 |  0.25 |standard | sshape3 |      50 |   107.0 |   107.0 |    0,00 |  0,0 |1592654871652 |[0.8547126, 0.7748215, 0.7877693, 0.5147469, 0.18750095, 0.404054, 0.030441642] |[1.0, 1.0, 0.0, 0.0, 1.0, 0.0, 0.0] |
|      f7 | 6 |       2 |    5000 |   50 |  0.25 |standard | sshape3 |      50 |   107.0 |   107.0 |    0,00 |  0,0 |1592654871652 |[0.8547126, 0.7748215, 0.7877693, 0.5147469, 0.18750095, 0.404054, 0.030441642] |[1.0, 1.0, 0.0, 0.0, 1.0, 0.0, 0.0] |
|      f7 | 7 |       1 |    5000 |   50 |  0.25 |standard | sshape3 |      50 |   107.0 |   107.0 |    0,00 |  0,0 |1592654871652 |[0.857623, 0.4993884, 0.19799113, 0.87344974, 0.41410953, 0.0947386, 0.7204261] |[0.0, 1.0, 0.0, 1.0, 1.0, 0.0, 0.0] |
|      f7 | 7 |       2 |    5000 |   50 |  0.25 |standard | sshape3 |      50 |   107.0 |   107.0 |    0,00 |0,0010 |1592654871652 |[0.857623, 0.4993884, 0.19799113, 0.87344974, 0.41410953, 0.0947386, 0.7204261] |[0.0, 1.0, 0.0, 1.0, 1.0, 0.0, 0.0] |
|      f7 | 8 |       1 |    5000 |   50 |  0.25 |standard | sshape3 |      50 |   107.0 |   107.0 |    0,00 |  0,0 |1592654871653 |[0.79463845, 0.79828006, 0.42251647, 0.7614899, 0.69923306, 0.7427588, 0.5259951] |[1.0, 0.0, 0.0, 0.0, 1.0, 0.0, 1.0] |
|      f7 | 8 |       2 |    5000 |   50 |  0.25 |standard | sshape3 |      50 |   107.0 |   107.0 |    0,00 |  0,0 |1592654871653 |[0.79463845, 0.79828006, 0.42251647, 0.7614899, 0.69923306, 0.7427588, 0.5259951] |[1.0, 0.0, 0.0, 0.0, 1.0, 0.0, 1.0] |
|      f7 | 9 |       1 |    5000 |   50 |  0.25 |standard | sshape3 |      50 |   107.0 |   107.0 |    0,00 |  0,0 |1592654871653 |[0.6582002, 0.23151022, 0.51597583, 0.073614955, 0.7402319, 0.3727092, 0.26826888] |[1.0, 1.0, 0.0, 0.0, 0.0, 0.0, 0.0] |
|      f7 | 9 |       2 |    5000 |   50 |  0.25 |standard | sshape3 |      50 |   107.0 |   107.0 |    0,00 |0,0010 |1592654871653 |[0.6582002, 0.23151022, 0.51597583, 0.073614955, 0.7402319, 0.3727092, 0.26826888] |[1.0, 1.0, 0.0, 0.0, 0.0, 0.0, 0.0] |
|      f7 |10 |       1 |    5000 |   50 |  0.25 |standard | sshape3 |      50 |   107.0 |   107.0 |    0,00 |  0,0 |1592654871654 |[0.13867468, 0.3753749, 0.17854768, 0.45678204, 0.52858824, 0.478629, 0.4800803] |[0.0, 0.0, 1.0, 1.0, 0.0, 1.0, 1.0] |
|      f7 |10 |       2 |    5000 |   50 |  0.25 |standard | sshape3 |      50 |   107.0 |   107.0 |    0,00 |  0,0 |1592654871654 |[0.13867468, 0.3753749, 0.17854768, 0.45678204, 0.52858824, 0.478629, 0.4800803] |[0.0, 0.0, 1.0, 1.0, 0.0, 1.0, 1.0] |
|      f7 |11 |       1 |    5000 |   50 |  0.25 |standard | sshape3 |      50 |   107.0 |   107.0 |    0,00 |  0,0 |1592654871654 |[0.17319417, 0.45179552, 0.13830733, 0.9466064, 0.26533264, 0.5319962, 0.8825312] |[0.0, 0.0, 1.0, 1.0, 0.0, 1.0, 1.0] |
|      f7 |11 |       2 |    5000 |   50 |  0.25 |standard | sshape3 |      50 |   107.0 |   107.0 |    0,00 |0,0010 |1592654871654 |[0.17319417, 0.45179552, 0.13830733, 0.9466064, 0.26533264, 0.5319962, 0.8825312] |[0.0, 0.0, 1.0, 1.0, 0.0, 1.0, 1.0] |
|      f7 |12 |       1 |    5000 |   50 |  0.25 |standard | sshape3 |      50 |   107.0 |   107.0 |    0,00 |  0,0 |1592654871655 |[0.16861123, 0.53110915, 0.5071763, 0.9179198, 0.4138927, 0.85258853, 0.0071618557] |[1.0, 1.0, 0.0, 0.0, 0.0, 0.0, 0.0] |
|      f7 |12 |       2 |    5000 |   50 |  0.25 |standard | sshape3 |      50 |   107.0 |   107.0 |    0,00 |  0,0 |1592654871655 |[0.16861123, 0.53110915, 0.5071763, 0.9179198, 0.4138927, 0.85258853, 0.0071618557] |[1.0, 1.0, 0.0, 0.0, 0.0, 0.0, 0.0] |
|      f7 |13 |       1 |    5000 |   50 |  0.25 |standard | sshape3 |      50 |   107.0 |   107.0 |    0,00 |  0,0 |1592654871655 |[0.46060055, 0.8156197, 0.93477696, 0.93918914, 0.30178982, 0.902164, 0.14085546] |[1.0, 0.0, 0.0, 1.0, 0.0, 0.0, 0.0] |
|      f7 |13 |       2 |    5000 |   50 |  0.25 |standard | sshape3 |      50 |   107.0 |   107.0 |    0,00 |0,0010 |1592654871655 |[0.46060055, 0.8156197, 0.93477696, 0.93918914, 0.30178982, 0.902164, 0.14085546] |[1.0, 0.0, 0.0, 1.0, 0.0, 0.0, 0.0] |
|      f7 |14 |       1 |    5000 |   50 |  0.25 |standard | sshape3 |      50 |   107.0 |   107.0 |    0,00 |  0,0 |1592654871656 |[0.59290016, 0.88419014, 0.822249, 0.9691102, 0.15113151, 0.2825036, 0.66613406] |[0.0, 0.0, 1.0, 1.0, 0.0, 1.0, 0.0] |
|      f7 |14 |       2 |    5000 |   50 |  0.25 |standard | sshape3 |      50 |   107.0 |   107.0 |    0,00 |  0,0 |1592654871656 |[0.59290016, 0.88419014, 0.822249, 0.9691102, 0.15113151, 0.2825036, 0.66613406] |[0.0, 0.0, 1.0, 1.0, 0.0, 1.0, 0.0] |
|      f7 |15 |       1 |    5000 |   50 |  0.25 |standard | sshape3 |      50 |   107.0 |   107.0 |    0,00 |  0,0 |1592654871656 |[0.74166274, 0.9682916, 0.007374823, 0.24887133, 0.680992, 0.2974993, 0.1230765] |[0.0, 0.0, 1.0, 0.0, 0.0, 1.0, 0.0] |
|      f7 |15 |       2 |    5000 |   50 |  0.25 |standard | sshape3 |      50 |   107.0 |   107.0 |    0,00 |0,0010 |1592654871656 |[0.74166274, 0.9682916, 0.007374823, 0.24887133, 0.680992, 0.2974993, 0.1230765] |[0.0, 0.0, 1.0, 0.0, 0.0, 1.0, 0.0] |
|      f7 |16 |       1 |    5000 |   50 |  0.25 |standard | sshape3 |      50 |   107.0 |   107.0 |    0,00 |  0,0 |1592654871657 |[0.27838397, 0.15447998, 0.6090944, 0.5370171, 0.5299946, 0.54082316, 0.16999155] |[0.0, 1.0, 0.0, 0.0, 1.0, 1.0, 1.0] |
|      f7 |16 |       2 |    5000 |   50 |  0.25 |standard | sshape3 |      50 |   107.0 |   107.0 |    0,00 |  0,0 |1592654871657 |[0.27838397, 0.15447998, 0.6090944, 0.5370171, 0.5299946, 0.54082316, 0.16999155] |[0.0, 1.0, 0.0, 0.0, 1.0, 1.0, 1.0] |
|      f7 |17 |       1 |    5000 |   50 |  0.25 |standard | sshape3 |      50 |   107.0 |   107.0 |    0,00 |  0,0 |1592654871657 |[0.36672896, 0.2950375, 0.69650644, 0.6345657, 0.33615857, 0.26984125, 0.8598783] |[0.0, 1.0, 0.0, 0.0, 1.0, 1.0, 1.0] |
|      f7 |17 |       2 |    5000 |   50 |  0.25 |standard | sshape3 |      50 |   107.0 |   107.0 |    0,00 |0,0010 |1592654871657 |[0.36672896, 0.2950375, 0.69650644, 0.6345657, 0.33615857, 0.26984125, 0.8598783] |[0.0, 1.0, 0.0, 0.0, 1.0, 1.0, 1.0] |
|      f7 |18 |       1 |    5000 |   50 |  0.25 |standard | sshape3 |      50 |   107.0 |   107.0 |    0,00 |  0,0 |1592654871658 |[0.1704303, 0.8946472, 0.88528067, 0.7752158, 0.38041002, 0.5126931, 0.34490228] |[0.0, 1.0, 1.0, 1.0, 0.0, 0.0, 0.0] |
|      f7 |18 |       2 |    5000 |   50 |  0.25 |standard | sshape3 |      50 |   107.0 |   107.0 |    0,00 |  0,0 |1592654871658 |[0.1704303, 0.8946472, 0.88528067, 0.7752158, 0.38041002, 0.5126931, 0.34490228] |[0.0, 1.0, 1.0, 1.0, 0.0, 0.0, 0.0] |
|      f7 |19 |       1 |    5000 |   50 |  0.25 |standard | sshape3 |      50 |   107.0 |   107.0 |    0,00 |  0,0 |1592654871658 |[0.4219718, 0.9177539, 0.059659302, 0.861502, 0.03214842, 0.5304009, 0.021278203] |[1.0, 1.0, 0.0, 0.0, 0.0, 0.0, 0.0] |
|      f7 |19 |       2 |    5000 |   50 |  0.25 |standard | sshape3 |      50 |   107.0 |   107.0 |    0,00 |0,0010 |1592654871658 |[0.4219718, 0.9177539, 0.059659302, 0.861502, 0.03214842, 0.5304009, 0.021278203] |[1.0, 1.0, 0.0, 0.0, 0.0, 0.0, 0.0] |
|      f7 |20 |       1 |    5000 |   50 |  0.25 |standard | sshape3 |      50 |   107.0 |   107.0 |    0,00 |  0,0 |1592654871659 |[0.7163303, 0.6154415, 0.5582515, 0.60570425, 0.024730563, 0.101431906, 0.5152237] |[1.0, 0.0, 0.0, 1.0, 0.0, 0.0, 0.0] |
|      f7 |20 |       2 |    5000 |   50 |  0.25 |standard | sshape3 |      50 |   107.0 |   107.0 |    0,00 |  0,0 |1592654871659 |[0.7163303, 0.6154415, 0.5582515, 0.60570425, 0.024730563, 0.101431906, 0.5152237] |[1.0, 0.0, 0.0, 1.0, 0.0, 0.0, 0.0] |
|      f7 |21 |       1 |    5000 |   50 |  0.25 |standard | sshape3 |      50 |   107.0 |   107.0 |    0,00 |  0,0 |1592654871659 |[0.82479835, 0.6227794, 0.9791149, 0.2260068, 0.91991687, 0.9915149, 0.23244512] |[1.0, 0.0, 0.0, 1.0, 0.0, 0.0, 0.0] |
|      f7 |21 |       2 |    5000 |   50 |  0.25 |standard | sshape3 |      50 |   107.0 |   107.0 |    0,00 |0,0010 |1592654871659 |[0.82479835, 0.6227794, 0.9791149, 0.2260068, 0.91991687, 0.9915149, 0.23244512] |[1.0, 0.0, 0.0, 1.0, 0.0, 0.0, 0.0] |
|      f7 |22 |       1 |    5000 |   50 |  0.25 |standard | sshape3 |      50 |   107.0 |   107.0 |    0,00 |  0,0 |1592654871660 |[0.4615895, 0.33566147, 0.30065995, 0.06330909, 0.69137686, 0.42922297, 0.9971336] |[1.0, 1.0, 0.0, 0.0, 0.0, 0.0, 0.0] |
|      f7 |22 |       2 |    5000 |   50 |  0.25 |standard | sshape3 |      50 |   107.0 |   107.0 |    0,00 |  0,0 |1592654871660 |[0.4615895, 0.33566147, 0.30065995, 0.06330909, 0.69137686, 0.42922297, 0.9971336] |[1.0, 1.0, 0.0, 0.0, 0.0, 0.0, 0.0] |
|      f7 |23 |       1 |    5000 |   50 |  0.25 |standard | sshape3 |      50 |   107.0 |   107.0 |    0,00 |  0,0 |1592654871660 |[0.66230774, 0.38166595, 0.9566687, 0.17127788, 0.064008035, 0.6736967, 0.8273287] |[1.0, 1.0, 0.0, 0.0, 0.0, 0.0, 0.0] |
|      f7 |23 |       2 |    5000 |   50 |  0.25 |standard | sshape3 |      50 |   107.0 |   107.0 |    0,00 |0,0010 |1592654871660 |[0.66230774, 0.38166595, 0.9566687, 0.17127788, 0.064008035, 0.6736967, 0.8273287] |[1.0, 1.0, 0.0, 0.0, 0.0, 0.0, 0.0] |
|      f7 |24 |       1 |    5000 |   50 |  0.25 |standard | sshape3 |      50 |   107.0 |   107.0 |    0,00 |  0,0 |1592654871661 |[0.90371346, 0.10995105, 0.7012416, 1.0E-12, 1.0E-12, 1.0, 0.8938923] |[1.0, 0.0, 0.0, 1.0, 0.0, 0.0, 0.0] |
|      f7 |24 |       2 |    5000 |   50 |  0.25 |standard | sshape3 |      50 |   107.0 |   107.0 |    0,00 |  0,0 |1592654871661 |[0.90371346, 0.10995105, 0.7012416, 1.0E-12, 1.0E-12, 1.0, 0.8938923] |[1.0, 0.0, 0.0, 1.0, 0.0, 0.0, 0.0] |
|      f7 |25 |       1 |    5000 |   50 |  0.25 |standard | sshape3 |      50 |   107.0 |   107.0 |    0,00 |-0,0010 |1592654871662 |[0.3725971, 0.5351722, 0.6090119, 0.008950592, 0.8036559, 0.48461205, 0.41380912] |[1.0, 1.0, 0.0, 0.0, 0.0, 0.0, 0.0] |
|      f7 |25 |       2 |    5000 |   50 |  0.25 |standard | sshape3 |      50 |   107.0 |   107.0 |    0,00 |  0,0 |1592654871662 |[0.3725971, 0.5351722, 0.6090119, 0.008950592, 0.8036559, 0.48461205, 0.41380912] |[1.0, 1.0, 0.0, 0.0, 0.0, 0.0, 0.0] |
|      f7 |26 |       1 |    5000 |   50 |  0.25 |standard | sshape3 |      50 |   107.0 |   107.0 |    0,00 |  0,0 |1592654871662 |[0.506571, 0.59809875, 0.6064609, 0.89956677, 0.3967453, 0.92098814, 0.4345763] |[1.0, 1.0, 0.0, 0.0, 0.0, 0.0, 0.0] |
|      f7 |26 |       2 |    5000 |   50 |  0.25 |standard | sshape3 |      50 |   107.0 |   107.0 |    0,00 |  0,0 |1592654871662 |[0.506571, 0.59809875, 0.6064609, 0.89956677, 0.3967453, 0.92098814, 0.4345763] |[1.0, 1.0, 0.0, 0.0, 0.0, 0.0, 0.0] |
|      f7 |27 |       1 |    5000 |   50 |  0.25 |standard | sshape3 |      50 |   107.0 |   107.0 |    0,00 |-0,0010 |1592654871663 |[0.843564, 0.5333813, 0.6894273, 0.307103, 0.9437749, 0.17990276, 0.022452448] |[1.0, 1.0, 0.0, 0.0, 1.0, 1.0, 0.0] |
|      f7 |27 |       2 |    5000 |   50 |  0.25 |standard | sshape3 |      50 |   107.0 |   107.0 |    0,00 |  0,0 |1592654871663 |[0.843564, 0.5333813, 0.6894273, 0.307103, 0.9437749, 0.17990276, 0.022452448] |[1.0, 1.0, 0.0, 0.0, 1.0, 1.0, 0.0] |
|      f7 |28 |       1 |    5000 |   50 |  0.25 |standard | sshape3 |      50 |   107.0 |   107.0 |    0,00 |  0,0 |1592654871663 |[0.90475506, 0.6424354, 0.422301, 0.08011829, 0.6903917, 0.9304276, 0.007509646] |[1.0, 1.0, 0.0, 0.0, 1.0, 1.0, 0.0] |
|      f7 |28 |       2 |    5000 |   50 |  0.25 |standard | sshape3 |      50 |   107.0 |   107.0 |    0,00 |  0,0 |1592654871663 |[0.90475506, 0.6424354, 0.422301, 0.08011829, 0.6903917, 0.9304276, 0.007509646] |[1.0, 1.0, 0.0, 0.0, 1.0, 1.0, 0.0] |
|      f7 |29 |       1 |    5000 |   50 |  0.25 |standard | sshape3 |      50 |   107.0 |   107.0 |    0,00 |-0,0010 |1592654871664 |[0.7860567, 0.62337154, 0.9399361, 0.5222325, 0.6550977, 0.45282087, 0.120199725] |[1.0, 0.0, 0.0, 1.0, 0.0, 0.0, 0.0] |
|      f7 |29 |       2 |    5000 |   50 |  0.25 |standard | sshape3 |      50 |   107.0 |   107.0 |    0,00 |  0,0 |1592654871664 |[0.7860567, 0.62337154, 0.9399361, 0.5222325, 0.6550977, 0.45282087, 0.120199725] |[1.0, 0.0, 0.0, 1.0, 0.0, 0.0, 0.0] |
|      f7 |30 |       1 |    5000 |   50 |  0.25 |standard | sshape3 |      50 |   107.0 |   107.0 |    0,00 |  0,0 |1592654871664 |[0.7598942, 0.33310598, 0.9127113, 0.97305185, 0.484074, 0.08223611, 0.37212557] |[0.0, 1.0, 0.0, 0.0, 1.0, 0.0, 1.0] |
|      f7 |30 |       2 |    5000 |   50 |  0.25 |standard | sshape3 |      50 |   107.0 |   107.0 |    0,00 |0,0010 |1592654871664 |[0.7598942, 0.33310598, 0.9127113, 0.97305185, 0.484074, 0.08223611, 0.37212557] |[0.0, 1.0, 0.0, 0.0, 1.0, 0.0, 1.0] |
|      f7 |31 |       1 |    5000 |   50 |  0.25 |standard | sshape3 |      50 |   107.0 |   107.0 |    0,00 |  0,0 |1592654871665 |[0.4388655, 0.6050384, 0.16405128, 0.07451019, 0.73754966, 0.1964964, 0.6593747] |[1.0, 1.0, 0.0, 0.0, 0.0, 0.0, 0.0] |
|      f7 |31 |       2 |    5000 |   50 |  0.25 |standard | sshape3 |      50 |   107.0 |   107.0 |    0,00 |  0,0 |1592654871665 |[0.4388655, 0.6050384, 0.16405128, 0.07451019, 0.73754966, 0.1964964, 0.6593747] |[1.0, 1.0, 0.0, 0.0, 0.0, 0.0, 0.0] |
