| # | Nest | %Desc |#Iter |Instancia | CapMoch |ValOptmo | BestFit |     RDP | time |      semilla |VectorSolucion |
-------------------------------------------------------------------------------------------------
| 1 |   50 |  0.25 | 5000 |      f3 |      20 |    35.0 |    35.0 |    0,00 |-1,6e+09 |1592522386748 |[0.64542913, 0.8518131, 0.18865472, 0.32484442] |
| 1 |   50 |  0.25 | 5000 |      f3 |      20 |    35.0 |    35.0 |    0,00 |0,0010 |1592522386748 |[0.64542913, 0.8518131, 0.18865472, 0.32484442] |
| 2 |   50 |  0.25 | 5000 |      f3 |      20 |    35.0 |    35.0 |    0,00 |  0,0 |1592522386749 |[0.3254423, 0.44576865, 0.43285137, 0.46289158] |
| 2 |   50 |  0.25 | 5000 |      f3 |      20 |    35.0 |    35.0 |    0,00 |0,0010 |1592522386749 |[0.3254423, 0.44576865, 0.43285137, 0.46289158] |
| 3 |   50 |  0.25 | 5000 |      f3 |      20 |    35.0 |    35.0 |    0,00 |  0,0 |1592522386750 |[0.71357566, 0.79473996, 0.36821496, 0.42130685] |
| 3 |   50 |  0.25 | 5000 |      f3 |      20 |    35.0 |    35.0 |    0,00 |0,0010 |1592522386750 |[0.71357566, 0.79473996, 0.36821496, 0.42130685] |
| 4 |   50 |  0.25 | 5000 |      f3 |      20 |    35.0 |    35.0 |    0,00 |  0,0 |1592522386751 |[0.8543112, 0.9098728, 0.98151493, 0.85301274] |
| 4 |   50 |  0.25 | 5000 |      f3 |      20 |    35.0 |    35.0 |    0,00 |0,0010 |1592522386751 |[0.8543112, 0.9098728, 0.98151493, 0.85301274] |
| 5 |   50 |  0.25 | 5000 |      f3 |      20 |    35.0 |    35.0 |    0,00 |  0,0 |1592522386752 |[0.5046515, 0.19066882, 0.028817534, 0.37938583] |
| 5 |   50 |  0.25 | 5000 |      f3 |      20 |    35.0 |    35.0 |    0,00 |0,0010 |1592522386752 |[0.5046515, 0.19066882, 0.028817534, 0.37938583] |
| 6 |   50 |  0.25 | 5000 |      f3 |      20 |    35.0 |    35.0 |    0,00 |  0,0 |1592522386753 |[0.23552746, 0.6816851, 0.93906087, 0.4871248] |
| 6 |   50 |  0.25 | 5000 |      f3 |      20 |    35.0 |    35.0 |    0,00 |0,0010 |1592522386753 |[0.23552746, 0.6816851, 0.93906087, 0.4871248] |
| 7 |   50 |  0.25 | 5000 |      f3 |      20 |    35.0 |    35.0 |    0,00 |  0,0 |1592522386754 |[0.24997336, 0.43163663, 0.52730936, 0.86692697] |
| 7 |   50 |  0.25 | 5000 |      f3 |      20 |    35.0 |    35.0 |    0,00 |  0,0 |1592522386754 |[0.24997336, 0.43163663, 0.52730936, 0.86692697] |
| 8 |   50 |  0.25 | 5000 |      f3 |      20 |    35.0 |    35.0 |    0,00 |-0,0010 |1592522386755 |[0.5221922, 0.23789823, 0.048732698, 0.12165642] |
| 8 |   50 |  0.25 | 5000 |      f3 |      20 |    35.0 |    35.0 |    0,00 |  0,0 |1592522386755 |[0.5221922, 0.23789823, 0.048732698, 0.12165642] |
| 9 |   50 |  0.25 | 5000 |      f3 |      20 |    35.0 |    35.0 |    0,00 |  0,0 |1592522386755 |[0.23599726, 0.26420176, 0.63549256, 0.98426527] |
| 9 |   50 |  0.25 | 5000 |      f3 |      20 |    35.0 |    35.0 |    0,00 |0,0010 |1592522386755 |[0.23599726, 0.26420176, 0.63549256, 0.98426527] |
|10 |   50 |  0.25 | 5000 |      f3 |      20 |    35.0 |    35.0 |    0,00 |  0,0 |1592522386756 |[0.9826553, 0.36858672, 0.5430474, 0.4280179] |
|10 |   50 |  0.25 | 5000 |      f3 |      20 |    35.0 |    35.0 |    0,00 |0,0010 |1592522386756 |[0.9826553, 0.36858672, 0.5430474, 0.4280179] |
|11 |   50 |  0.25 | 5000 |      f3 |      20 |    35.0 |    35.0 |    0,00 |  0,0 |1592522386757 |[0.48088545, 0.23349595, 0.881498, 0.9681712] |
|11 |   50 |  0.25 | 5000 |      f3 |      20 |    35.0 |    35.0 |    0,00 |0,0010 |1592522386757 |[0.48088545, 0.23349595, 0.881498, 0.9681712] |
|12 |   50 |  0.25 | 5000 |      f3 |      20 |    35.0 |    35.0 |    0,00 |  0,0 |1592522386758 |[0.43985552, 0.067878306, 0.0490582, 0.8938428] |
|12 |   50 |  0.25 | 5000 |      f3 |      20 |    35.0 |    35.0 |    0,00 |0,0010 |1592522386758 |[0.43985552, 0.067878306, 0.0490582, 0.8938428] |
|13 |   50 |  0.25 | 5000 |      f3 |      20 |    35.0 |    35.0 |    0,00 |  0,0 |1592522386759 |[0.59436804, 0.58911836, 0.97591394, 0.405663] |
|13 |   50 |  0.25 | 5000 |      f3 |      20 |    35.0 |    35.0 |    0,00 |  0,0 |1592522386759 |[0.59436804, 0.58911836, 0.97591394, 0.405663] |
|14 |   50 |  0.25 | 5000 |      f3 |      20 |    35.0 |    35.0 |    0,00 |-0,0010 |1592522386760 |[0.64072365, 0.8494879, 0.35447985, 0.20822954] |
|14 |   50 |  0.25 | 5000 |      f3 |      20 |    35.0 |    35.0 |    0,00 |  0,0 |1592522386760 |[0.64072365, 0.8494879, 0.35447985, 0.20822954] |
|15 |   50 |  0.25 | 5000 |      f3 |      20 |    35.0 |    35.0 |    0,00 |-0,0010 |1592522386761 |[0.32889295, 0.17490846, 0.6788457, 0.46163136] |
|15 |   50 |  0.25 | 5000 |      f3 |      20 |    35.0 |    35.0 |    0,00 |  0,0 |1592522386761 |[0.32889295, 0.17490846, 0.6788457, 0.46163136] |
