|Instancia |Ejecucion |Iteracion |Iter Max |Nidos |   %Pa |tipoDiscretizacion |tipoBinarizacion | CapMoch |   Optmo |OptimoObtenido |     RDP | time |      semilla |VectorSolucionReal |VectorSolucionBinario |
-------------------------------------------------------------------------------------------------
|      f3 | 1 |       1 |    5000 |   50 |  0.25 |standard | sshape3 |      20 |    35.0 |    35.0 |    0,00 |-1,6e+09 |1592601000388 |[0.32419968, 0.10098928, 0.82092553, 0.76427484] |[1.0, 1.0, 0.0, 1.0] |
|      f3 | 1 |       2 |    5000 |   50 |  0.25 |standard | sshape3 |      20 |    35.0 |    35.0 |    0,00 |0,0010 |1592601000388 |[0.32419968, 0.10098928, 0.82092553, 0.76427484] |[1.0, 1.0, 0.0, 1.0] |
|      f3 | 2 |       1 |    5000 |   50 |  0.25 |standard | sshape3 |      20 |    35.0 |    35.0 |    0,00 |-0,0010 |1592601000390 |[0.29604456, 0.78415227, 0.38916612, 0.7044943] |[1.0, 1.0, 1.0, 0.0] |
|      f3 | 2 |       2 |    5000 |   50 |  0.25 |standard | sshape3 |      20 |    35.0 |    35.0 |    0,00 |  0,0 |1592601000390 |[0.29604456, 0.78415227, 0.38916612, 0.7044943] |[1.0, 1.0, 1.0, 0.0] |
|      f3 | 3 |       1 |    5000 |   50 |  0.25 |standard | sshape3 |      20 |    35.0 |    35.0 |    0,00 |-0,0010 |1592601000391 |[0.067466795, 0.68357015, 0.55487186, 8.171797E-5] |[1.0, 1.0, 0.0, 1.0] |
|      f3 | 3 |       2 |    5000 |   50 |  0.25 |standard | sshape3 |      20 |    35.0 |    35.0 |    0,00 |  0,0 |1592601000391 |[0.067466795, 0.68357015, 0.55487186, 8.171797E-5] |[1.0, 1.0, 0.0, 1.0] |
|      f3 | 4 |       1 |    5000 |   50 |  0.25 |standard | sshape3 |      20 |    35.0 |    35.0 |    0,00 |-0,0010 |1592601000392 |[0.48247868, 0.21733129, 0.050592065, 0.038681448] |[1.0, 1.0, 0.0, 1.0] |
|      f3 | 4 |       2 |    5000 |   50 |  0.25 |standard | sshape3 |      20 |    35.0 |    35.0 |    0,00 |  0,0 |1592601000392 |[0.48247868, 0.21733129, 0.050592065, 0.038681448] |[1.0, 1.0, 0.0, 1.0] |
|      f3 | 5 |       1 |    5000 |   50 |  0.25 |standard | sshape3 |      20 |    35.0 |    35.0 |    0,00 |-0,0010 |1592601000393 |[0.69845045, 0.7849924, 0.5470881, 0.38637763] |[0.0, 1.0, 1.0, 0.0] |
|      f3 | 5 |       2 |    5000 |   50 |  0.25 |standard | sshape3 |      20 |    35.0 |    35.0 |    0,00 |0,0010 |1592601000393 |[0.69845045, 0.7849924, 0.5470881, 0.38637763] |[0.0, 1.0, 1.0, 0.0] |
|      f3 | 6 |       1 |    5000 |   50 |  0.25 |standard | sshape3 |      20 |    35.0 |    35.0 |    0,00 |  0,0 |1592601000394 |[0.97045726, 0.13980907, 0.33461046, 0.21673238] |[1.0, 1.0, 0.0, 1.0] |
|      f3 | 6 |       2 |    5000 |   50 |  0.25 |standard | sshape3 |      20 |    35.0 |    35.0 |    0,00 |0,0010 |1592601000394 |[0.97045726, 0.13980907, 0.33461046, 0.21673238] |[1.0, 1.0, 0.0, 1.0] |
|      f3 | 7 |       1 |    5000 |   50 |  0.25 |standard | sshape3 |      20 |    35.0 |    35.0 |    0,00 |-0,0010 |1592601000396 |[0.65542996, 0.35271138, 0.04239991, 0.83700466] |[1.0, 1.0, 0.0, 1.0] |
|      f3 | 7 |       2 |    5000 |   50 |  0.25 |standard | sshape3 |      20 |    35.0 |    35.0 |    0,00 |  0,0 |1592601000396 |[0.65542996, 0.35271138, 0.04239991, 0.83700466] |[1.0, 1.0, 0.0, 1.0] |
|      f3 | 8 |       1 |    5000 |   50 |  0.25 |standard | sshape3 |      20 |    35.0 |    35.0 |    0,00 |-0,0010 |1592601000397 |[0.27927417, 0.027839808, 0.89652276, 0.36359674] |[1.0, 1.0, 0.0, 1.0] |
|      f3 | 8 |       2 |    5000 |   50 |  0.25 |standard | sshape3 |      20 |    35.0 |    35.0 |    0,00 |0,0030 |1592601000397 |[0.27927417, 0.027839808, 0.89652276, 0.36359674] |[1.0, 1.0, 0.0, 1.0] |
|      f3 | 9 |       1 |    5000 |   50 |  0.25 |standard | sshape3 |      20 |    35.0 |    35.0 |    0,00 |-0,0010 |1592601000401 |[0.6563842, 0.25712788, 0.7335422, 0.6706306] |[1.0, 1.0, 0.0, 1.0] |
|      f3 | 9 |       2 |    5000 |   50 |  0.25 |standard | sshape3 |      20 |    35.0 |    35.0 |    0,00 |0,0010 |1592601000401 |[0.6563842, 0.25712788, 0.7335422, 0.6706306] |[1.0, 1.0, 0.0, 1.0] |
|      f3 |10 |       1 |    5000 |   50 |  0.25 |standard | sshape3 |      20 |    35.0 |    35.0 |    0,00 |  0,0 |1592601000402 |[0.58562833, 0.79421467, 0.4535299, 1.0E-12] |[1.0, 1.0, 0.0, 1.0] |
|      f3 |10 |       2 |    5000 |   50 |  0.25 |standard | sshape3 |      20 |    35.0 |    35.0 |    0,00 |0,0010 |1592601000402 |[0.58562833, 0.79421467, 0.4535299, 1.0E-12] |[1.0, 1.0, 0.0, 1.0] |
|      f3 |11 |       1 |    5000 |   50 |  0.25 |standard | sshape3 |      20 |    35.0 |    35.0 |    0,00 |  0,0 |1592601000403 |[0.0029229522, 0.21903759, 0.11667609, 0.6578115] |[1.0, 1.0, 0.0, 1.0] |
|      f3 |11 |       2 |    5000 |   50 |  0.25 |standard | sshape3 |      20 |    35.0 |    35.0 |    0,00 |0,0010 |1592601000403 |[0.0029229522, 0.21903759, 0.11667609, 0.6578115] |[1.0, 1.0, 0.0, 1.0] |
|      f3 |12 |       1 |    5000 |   50 |  0.25 |standard | sshape3 |      20 |    35.0 |    35.0 |    0,00 |  0,0 |1592601000404 |[0.9454111, 0.04916907, 0.59825623, 0.2986066] |[1.0, 1.0, 0.0, 1.0] |
|      f3 |12 |       2 |    5000 |   50 |  0.25 |standard | sshape3 |      20 |    35.0 |    35.0 |    0,00 |  0,0 |1592601000404 |[0.9454111, 0.04916907, 0.59825623, 0.2986066] |[1.0, 1.0, 0.0, 1.0] |
|      f3 |13 |       1 |    5000 |   50 |  0.25 |standard | sshape3 |      20 |    35.0 |    35.0 |    0,00 |-0,0010 |1592601000405 |[0.5849142, 0.525523, 0.6135862, 0.31693223] |[0.0, 1.0, 1.0, 0.0] |
|      f3 |13 |       2 |    5000 |   50 |  0.25 |standard | sshape3 |      20 |    35.0 |    35.0 |    0,00 |  0,0 |1592601000405 |[0.5849142, 0.525523, 0.6135862, 0.31693223] |[0.0, 1.0, 1.0, 0.0] |
|      f3 |14 |       1 |    5000 |   50 |  0.25 |standard | sshape3 |      20 |    35.0 |    35.0 |    0,00 |-0,0010 |1592601000406 |[0.6348583, 0.24188751, 0.7147852, 0.74823743] |[1.0, 1.0, 1.0, 0.0] |
|      f3 |14 |       2 |    5000 |   50 |  0.25 |standard | sshape3 |      20 |    35.0 |    35.0 |    0,00 |  0,0 |1592601000406 |[0.6348583, 0.24188751, 0.7147852, 0.74823743] |[1.0, 1.0, 1.0, 0.0] |
|      f3 |15 |       1 |    5000 |   50 |  0.25 |standard | sshape3 |      20 |    35.0 |    35.0 |    0,00 |-0,0010 |1592601000407 |[0.92312723, 0.8476689, 0.8402732, 0.53954613] |[1.0, 1.0, 0.0, 1.0] |
|      f3 |15 |       2 |    5000 |   50 |  0.25 |standard | sshape3 |      20 |    35.0 |    35.0 |    0,00 |  0,0 |1592601000407 |[0.92312723, 0.8476689, 0.8402732, 0.53954613] |[1.0, 1.0, 0.0, 1.0] |
