| # | Nest | %Desc |#Iter |Instancia | CapMoch |ValOptmo | BestFit |     RDP | time |      semilla |VectorSolucion |
-------------------------------------------------------------------------------------------------
| 1 |   25 |  0.25 | 2500 |      f7 |      50 |   107.0 |    90.0 |   15,89 |-1,6e+09 |1592499813449 |[0.1982733, 0.6503045, 0.6587408, 0.5661867, 0.67131007, 0.8241291, 0.034502864] |
| 2 |   25 |  0.25 | 2500 |      f7 |      50 |   107.0 |    90.0 |   15,89 |  0,0 |1592499813928 |[0.4763863, 0.38092357, 0.017603278, 0.7167367, 0.6121193, 0.5078085, 0.61891586] |
| 3 |   25 |  0.25 | 2500 |      f7 |      50 |   107.0 |    90.0 |   15,89 |-0,0010 |1592499814403 |[0.021872759, 0.11340761, 0.204198, 0.65446705, 0.596219, 0.4826159, 0.90268415] |
| 4 |   25 |  0.25 | 2500 |      f7 |      50 |   107.0 |    90.0 |   15,89 |  0,0 |1592499814883 |[0.2740519, 0.16737556, 0.36040556, 0.19134074, 0.06868768, 0.6718823, 0.53299457] |
| 5 |   25 |  0.25 | 2500 |      f7 |      50 |   107.0 |    90.0 |   15,89 |  0,0 |1592499815359 |[0.28629214, 0.74662703, 0.11367136, 0.51944673, 0.83188385, 0.9861883, 0.19394076] |
| 6 |   25 |  0.25 | 2500 |      f7 |      50 |   107.0 |    90.0 |   15,89 |  0,0 |1592499815836 |[0.6565675, 0.18147808, 0.003549993, 0.37440157, 0.67758757, 0.059164822, 0.25140405] |
| 7 |   25 |  0.25 | 2500 |      f7 |      50 |   107.0 |    90.0 |   15,89 |  0,0 |1592499816309 |[0.29833865, 0.8251841, 0.90479934, 0.9292635, 0.50249875, 0.49563736, 0.34973216] |
| 8 |   25 |  0.25 | 2500 |      f7 |      50 |   107.0 |    90.0 |   15,89 |-0,0010 |1592499816782 |[0.79946405, 0.79152465, 0.14988631, 0.70615953, 0.8581053, 0.7433941, 0.12116116] |
| 9 |   25 |  0.25 | 2500 |      f7 |      50 |   107.0 |    90.0 |   15,89 |  0,0 |1592499817252 |[0.07655048, 0.7961804, 0.82780707, 0.5828028, 0.3764792, 0.11595756, 0.105257034] |
|10 |   25 |  0.25 | 2500 |      f7 |      50 |   107.0 |    90.0 |   15,89 |-0,0010 |1592499817722 |[0.11578089, 0.07280868, 0.6320323, 0.724267, 0.479845, 0.78459716, 0.9278756] |
|11 |   25 |  0.25 | 2500 |      f7 |      50 |   107.0 |    90.0 |   15,89 |  0,0 |1592499818191 |[0.9514533, 0.44942093, 0.5922552, 0.3504671, 0.24419576, 0.4761505, 0.9062933] |
|12 |   25 |  0.25 | 2500 |      f7 |      50 |   107.0 |    90.0 |   15,89 |  0,0 |1592499818663 |[0.86325675, 0.49793863, 0.79904395, 0.012443066, 0.36479443, 0.63194376, 0.29060274] |
|13 |   25 |  0.25 | 2500 |      f7 |      50 |   107.0 |    90.0 |   15,89 |  0,0 |1592499819136 |[7.456541E-5, 0.554028, 0.87468857, 0.913011, 0.49827278, 0.022116303, 0.9927567] |
|14 |   25 |  0.25 | 2500 |      f7 |      50 |   107.0 |    90.0 |   15,89 |-0,0010 |1592499819612 |[0.69840515, 0.8225241, 0.7926754, 0.24833858, 0.56179696, 0.77582335, 0.4151544] |
|15 |   25 |  0.25 | 2500 |      f7 |      50 |   107.0 |    90.0 |   15,89 |  0,0 |1592499820089 |[0.21751428, 0.66686815, 0.82905865, 0.6836386, 0.015705764, 0.97426254, 0.22645146] |
