|Instancia |Ejecucion |Iteracion |Iter Max |Nidos |   %Pa |tipoDiscretizacion |tipoBinarizacion | CapMoch |   Optmo |OptimoObtenido |     RDP | time |      semilla |VectorSolucionReal |VectorSolucionBinario |
-------------------------------------------------------------------------------------------------
| Hf2_100 | 1 |       1 |    5000 |   25 |  0.25 |standard | sshape3 |     995 |  1514.0 |   865.0 |   42,87 |-1,6e+09 |1593227925846 |   [0.99822235] |          [1.0] |
| Hf2_100 | 1 |     500 |    5000 |   25 |  0.44 |standard | sshape3 |     995 |  1514.0 |   865.0 |   42,87 |-1,6e+09 |1593227925846 |   [0.99822235] |          [1.0] |
| Hf2_100 | 1 |    1000 |    5000 |   25 |  0.32 |standard | sshape3 |     995 |  1514.0 |   865.0 |   42,87 |-1,6e+09 |1593227925846 |   [0.99822235] |          [1.0] |
| Hf2_100 | 1 |    1500 |    5000 |   30 |  0.36 |standard | sshape3 |     995 |  1514.0 |   865.0 |   42,87 |-1,6e+09 |1593227925846 |   [0.99822235] |          [0.0] |
| Hf2_100 | 1 |    2000 |    5000 |   30 |0.13333334 |standard | sshape3 |     995 |  1514.0 |   865.0 |   42,87 |-1,6e+09 |1593227925846 |   [0.99822235] |          [1.0] |
| Hf2_100 | 1 |    2500 |    5000 |   30 |0.33333334 |standard | sshape3 |     995 |  1514.0 |   865.0 |   42,87 |-1,6e+09 |1593227925846 |    [0.7561877] |          [1.0] |
| Hf2_100 | 1 |    3000 |    5000 |   30 |   0.4 |standard | sshape3 |     995 |  1514.0 |   865.0 |   42,87 |-1,6e+09 |1593227925846 |    [0.7561877] |          [1.0] |
| Hf2_100 | 1 |    3500 |    5000 |   35 |  0.45 |standard | sshape3 |     995 |  1514.0 |   865.0 |   42,87 |-1,6e+09 |1593227925846 |    [0.7587791] |          [0.0] |
| Hf2_100 | 1 |    4000 |    5000 |   35 |0.2857143 |standard | sshape3 |     995 |  1514.0 |   865.0 |   42,87 |-1,6e+09 |1593227925846 |    [0.9457613] |          [1.0] |
| Hf2_100 | 1 |    4500 |    5000 |   35 |0.37142858 |standard | sshape3 |     995 |  1514.0 |   865.0 |   42,87 |-1,6e+09 |1593227925846 |    [0.9457613] |          [1.0] |
| Hf2_100 | 1 |    5000 |    5000 |   35 |0.42857143 |standard | sshape3 |     995 |  1514.0 |   865.0 |   42,87 |-1,6e+09 |1593227925846 |    [0.9457613] |          [1.0] |
| Hf2_100 | 1 |    5001 |    5000 |   35 |0.42857143 |standard | sshape3 |     995 |  1514.0 |   865.0 |   42,87 | 0,25 |1593227925846 |    [0.9457613] |          [1.0] |
| Hf2_100 | 2 |       1 |    5000 |   25 |  0.25 |standard | sshape3 |     995 |  1514.0 |   865.0 |   42,87 |-0,0040 |1593227926096 |   [0.25362724] |          [1.0] |
| Hf2_100 | 2 |     500 |    5000 |   30 |  0.32 |standard | sshape3 |     995 |  1514.0 |   865.0 |   42,87 |-0,0040 |1593227926096 |   [0.25362724] |          [0.0] |
| Hf2_100 | 2 |    1000 |    5000 |   30 |   0.3 |standard | sshape3 |     995 |  1514.0 |   865.0 |   42,87 |-0,0040 |1593227926096 |   [0.25362724] |          [1.0] |
| Hf2_100 | 2 |    1500 |    5000 |   30 |0.16666667 |standard | sshape3 |     995 |  1514.0 |   865.0 |   42,87 |-0,0040 |1593227926096 |   [0.51725936] |          [1.0] |
| Hf2_100 | 2 |    2000 |    5000 |   30 |   0.2 |standard | sshape3 |     995 |  1514.0 |   865.0 |   42,87 |-0,0040 |1593227926096 |   [0.51725936] |          [1.0] |
| Hf2_100 | 2 |    2500 |    5000 |   35 |0.16666667 |standard | sshape3 |     995 |  1514.0 |   865.0 |   42,87 |-0,0040 |1593227926096 |   [0.51725936] |          [0.0] |
| Hf2_100 | 2 |    3000 |    5000 |   35 |0.31428573 |standard | sshape3 |     995 |  1514.0 |   865.0 |   42,87 |-0,0040 |1593227926096 |   [0.51725936] |          [1.0] |
| Hf2_100 | 2 |    3500 |    5000 |   35 |  0.45 |standard | sshape3 |     995 |  1514.0 |   865.0 |   42,87 |-0,0040 |1593227926096 |   [0.51725936] |          [1.0] |
| Hf2_100 | 2 |    4000 |    5000 |   35 |0.2857143 |standard | sshape3 |     995 |  1514.0 |   865.0 |   42,87 |-0,0040 |1593227926096 |   [0.51725936] |          [1.0] |
| Hf2_100 | 2 |    4500 |    5000 |   40 |0.42857143 |standard | sshape3 |     995 |  1514.0 |   865.0 |   42,87 |-0,0040 |1593227926096 |   [0.51725936] |          [0.0] |
| Hf2_100 | 2 |    5000 |    5000 |   40 |   0.3 |standard | sshape3 |     995 |  1514.0 |   865.0 |   42,87 |-0,0040 |1593227926096 |   [0.51725936] |          [1.0] |
| Hf2_100 | 2 |    5001 |    5000 |   40 |   0.3 |standard | sshape3 |     995 |  1514.0 |   865.0 |   42,87 | 0,17 |1593227926096 |   [0.51725936] |          [1.0] |
| Hf2_100 | 3 |       1 |    5000 |   25 |  0.25 |standard | sshape3 |     995 |  1514.0 |   865.0 |   42,87 |-0,0010 |1593227926267 |    [0.8472213] |          [1.0] |
| Hf2_100 | 3 |     500 |    5000 |   25 |  0.28 |standard | sshape3 |     995 |  1514.0 |   865.0 |   42,87 |-0,0010 |1593227926267 |    [0.8472213] |          [1.0] |
| Hf2_100 | 3 |    1000 |    5000 |   25 |  0.44 |standard | sshape3 |     995 |  1514.0 |   865.0 |   42,87 |-0,0010 |1593227926267 |    [0.8472213] |          [1.0] |
| Hf2_100 | 3 |    1500 |    5000 |   30 |  0.44 |standard | sshape3 |     995 |  1514.0 |   865.0 |   42,87 |-0,0010 |1593227926267 |    [0.7874815] |          [0.0] |
| Hf2_100 | 3 |    2000 |    5000 |   30 |   0.2 |standard | sshape3 |     995 |  1514.0 |   865.0 |   42,87 |-0,0010 |1593227926267 |    [0.7874815] |          [1.0] |
| Hf2_100 | 3 |    2500 |    5000 |   30 |0.33333334 |standard | sshape3 |     995 |  1514.0 |   865.0 |   42,87 |-0,0010 |1593227926267 |    [0.7874815] |          [1.0] |
| Hf2_100 | 3 |    3000 |    5000 |   30 |   0.3 |standard | sshape3 |     995 |  1514.0 |   865.0 |   42,87 |-0,0010 |1593227926267 |    [0.7874815] |          [1.0] |
| Hf2_100 | 3 |    3500 |    5000 |   35 |   0.3 |standard | sshape3 |     995 |  1514.0 |   865.0 |   42,87 |-0,0010 |1593227926267 |    [0.7874815] |          [0.0] |
| Hf2_100 | 3 |    4000 |    5000 |   35 |0.31428573 |standard | sshape3 |     995 |  1514.0 |   865.0 |   42,87 |-0,0010 |1593227926267 |    [0.7874815] |          [1.0] |
| Hf2_100 | 3 |    4500 |    5000 |   35 |0.25714287 |standard | sshape3 |     995 |  1514.0 |   865.0 |   42,87 |-0,0010 |1593227926267 |    [0.7874815] |          [1.0] |
| Hf2_100 | 3 |    5000 |    5000 |   35 |0.17142858 |standard | sshape3 |     995 |  1514.0 |   865.0 |   42,87 |-0,0010 |1593227926267 |    [0.7874815] |          [1.0] |
| Hf2_100 | 3 |    5001 |    5000 |   35 |0.17142858 |standard | sshape3 |     995 |  1514.0 |   865.0 |   42,87 | 0,12 |1593227926267 |    [0.7874815] |          [1.0] |
| Hf2_100 | 4 |       1 |    5000 |   25 |  0.25 |standard | sshape3 |     995 |  1514.0 |   865.0 |   42,87 |  0,0 |1593227926385 |   [0.46896696] |          [1.0] |
| Hf2_100 | 4 |     500 |    5000 |   30 |  0.36 |standard | sshape3 |     995 |  1514.0 |   865.0 |   42,87 |  0,0 |1593227926385 |   [0.46896696] |          [0.0] |
| Hf2_100 | 4 |    1000 |    5000 |   30 |   0.3 |standard | sshape3 |     995 |  1514.0 |   865.0 |   42,87 |  0,0 |1593227926385 |   [0.46896696] |          [1.0] |
| Hf2_100 | 4 |    1500 |    5000 |   30 |0.23333333 |standard | sshape3 |     995 |  1514.0 |   865.0 |   42,87 |  0,0 |1593227926385 |   [0.46896696] |          [1.0] |
| Hf2_100 | 4 |    2000 |    5000 |   30 |   0.2 |standard | sshape3 |     995 |  1514.0 |   865.0 |   42,87 |  0,0 |1593227926385 |   [0.46896696] |          [1.0] |
| Hf2_100 | 4 |    2500 |    5000 |   35 |0.23333333 |standard | sshape3 |     995 |  1514.0 |   865.0 |   42,87 |  0,0 |1593227926385 |   [0.46896696] |          [0.0] |
| Hf2_100 | 4 |    3000 |    5000 |   35 |   0.2 |standard | sshape3 |     995 |  1514.0 |   865.0 |   42,87 |  0,0 |1593227926385 |   [0.46896696] |          [1.0] |
| Hf2_100 | 4 |    3500 |    5000 |   35 |0.31428573 |standard | sshape3 |     995 |  1514.0 |   865.0 |   42,87 |  0,0 |1593227926385 |   [0.46896696] |          [1.0] |
| Hf2_100 | 4 |    4000 |    5000 |   35 |0.31428573 |standard | sshape3 |     995 |  1514.0 |   865.0 |   42,87 |  0,0 |1593227926385 |   [0.46896696] |          [1.0] |
| Hf2_100 | 4 |    4500 |    5000 |   40 |   0.2 |standard | sshape3 |     995 |  1514.0 |   865.0 |   42,87 |  0,0 |1593227926385 |   [0.46896696] |          [0.0] |
| Hf2_100 | 4 |    5000 |    5000 |   40 | 0.325 |standard | sshape3 |     995 |  1514.0 |   865.0 |   42,87 |  0,0 |1593227926385 |   [0.46896696] |          [1.0] |
| Hf2_100 | 4 |    5001 |    5000 |   40 | 0.325 |standard | sshape3 |     995 |  1514.0 |   865.0 |   42,87 | 0,12 |1593227926385 |   [0.46896696] |          [1.0] |
| Hf2_100 | 5 |       1 |    5000 |   25 |  0.25 |standard | sshape3 |     995 |  1514.0 |   865.0 |   42,87 |  0,0 |1593227926504 |   [0.10549939] |          [1.0] |
| Hf2_100 | 5 |     500 |    5000 |   25 |  0.28 |standard | sshape3 |     995 |  1514.0 |   865.0 |   42,87 |  0,0 |1593227926504 |    [0.9573419] |          [1.0] |
| Hf2_100 | 5 |    1000 |    5000 |   25 |  0.45 |standard | sshape3 |     995 |  1514.0 |   865.0 |   42,87 |  0,0 |1593227926504 |    [0.9573419] |          [1.0] |
| Hf2_100 | 5 |    1500 |    5000 |   30 |  0.36 |standard | sshape3 |     995 |  1514.0 |   865.0 |   42,87 |  0,0 |1593227926504 |    [0.9573419] |          [0.0] |
| Hf2_100 | 5 |    2000 |    5000 |   30 |   0.4 |standard | sshape3 |     995 |  1514.0 |   865.0 |   42,87 |  0,0 |1593227926504 |    [0.9573419] |          [1.0] |
| Hf2_100 | 5 |    2500 |    5000 |   30 |  0.45 |standard | sshape3 |     995 |  1514.0 |   865.0 |   42,87 |  0,0 |1593227926504 |    [0.9573419] |          [1.0] |
| Hf2_100 | 5 |    3000 |    5000 |   30 |0.26666668 |standard | sshape3 |     995 |  1514.0 |   865.0 |   42,87 |  0,0 |1593227926504 |    [0.9573419] |          [1.0] |
| Hf2_100 | 5 |    3500 |    5000 |   35 |   0.3 |standard | sshape3 |     995 |  1514.0 |   865.0 |   42,87 |  0,0 |1593227926504 |    [0.9573419] |          [0.0] |
| Hf2_100 | 5 |    4000 |    5000 |   35 |0.37142858 |standard | sshape3 |     995 |  1514.0 |   865.0 |   42,87 |  0,0 |1593227926504 |    [0.9573419] |          [1.0] |
| Hf2_100 | 5 |    4500 |    5000 |   35 |0.42857143 |standard | sshape3 |     995 |  1514.0 |   865.0 |   42,87 |  0,0 |1593227926504 |    [0.9573419] |          [1.0] |
| Hf2_100 | 5 |    5000 |    5000 |   35 |0.34285715 |standard | sshape3 |     995 |  1514.0 |   865.0 |   42,87 |  0,0 |1593227926504 |    [0.9573419] |          [1.0] |
| Hf2_100 | 5 |    5001 |    5000 |   35 |0.34285715 |standard | sshape3 |     995 |  1514.0 |   865.0 |   42,87 | 0,11 |1593227926504 |    [0.9573419] |          [1.0] |
| Hf2_100 | 6 |       1 |    5000 |   25 |  0.25 |standard | sshape3 |     995 |  1514.0 |   865.0 |   42,87 |  0,0 |1593227926611 |   [0.19590348] |          [1.0] |
| Hf2_100 | 6 |     500 |    5000 |   30 |  0.28 |standard | sshape3 |     995 |  1514.0 |   865.0 |   42,87 |  0,0 |1593227926611 |   [0.19590348] |          [0.0] |
| Hf2_100 | 6 |    1000 |    5000 |   30 |0.16666667 |standard | sshape3 |     995 |  1514.0 |   865.0 |   42,87 |  0,0 |1593227926611 |   [0.19590348] |          [1.0] |
| Hf2_100 | 6 |    1500 |    5000 |   30 |0.16666667 |standard | sshape3 |     995 |  1514.0 |   865.0 |   42,87 |  0,0 |1593227926611 |   [0.19590348] |          [1.0] |
| Hf2_100 | 6 |    2000 |    5000 |   30 |   0.4 |standard | sshape3 |     995 |  1514.0 |   865.0 |   42,87 |  0,0 |1593227926611 |   [0.19590348] |          [1.0] |
| Hf2_100 | 6 |    2500 |    5000 |   35 |0.23333333 |standard | sshape3 |     995 |  1514.0 |   865.0 |   42,87 |  0,0 |1593227926611 |   [0.19590348] |          [0.0] |
| Hf2_100 | 6 |    3000 |    5000 |   35 |0.37142858 |standard | sshape3 |     995 |  1514.0 |   865.0 |   42,87 |  0,0 |1593227926611 |   [0.19590348] |          [1.0] |
| Hf2_100 | 6 |    3500 |    5000 |   35 |0.25714287 |standard | sshape3 |     995 |  1514.0 |   865.0 |   42,87 |  0,0 |1593227926611 |   [0.19590348] |          [1.0] |
| Hf2_100 | 6 |    4000 |    5000 |   35 |0.37142858 |standard | sshape3 |     995 |  1514.0 |   865.0 |   42,87 |  0,0 |1593227926611 |   [0.19590348] |          [1.0] |
| Hf2_100 | 6 |    4500 |    5000 |   40 |0.2857143 |standard | sshape3 |     995 |  1514.0 |   865.0 |   42,87 |  0,0 |1593227926611 |   [0.19590348] |          [0.0] |
| Hf2_100 | 6 |    5000 |    5000 |   40 | 0.375 |standard | sshape3 |     995 |  1514.0 |   865.0 |   42,87 |  0,0 |1593227926611 |   [0.19590348] |          [1.0] |
| Hf2_100 | 6 |    5001 |    5000 |   40 | 0.375 |standard | sshape3 |     995 |  1514.0 |   865.0 |   42,87 | 0,11 |1593227926611 |   [0.19590348] |          [1.0] |
| Hf2_100 | 7 |       1 |    5000 |   25 |  0.25 |standard | sshape3 |     995 |  1514.0 |   865.0 |   42,87 |  0,0 |1593227926722 |    [0.5342834] |          [1.0] |
| Hf2_100 | 7 |     500 |    5000 |   25 |  0.36 |standard | sshape3 |     995 |  1514.0 |   865.0 |   42,87 |  0,0 |1593227926722 |    [0.5342834] |          [1.0] |
| Hf2_100 | 7 |    1000 |    5000 |   25 |  0.28 |standard | sshape3 |     995 |  1514.0 |   865.0 |   42,87 |  0,0 |1593227926722 |    [0.5342834] |          [1.0] |
| Hf2_100 | 7 |    1500 |    5000 |   30 |  0.16 |standard | sshape3 |     995 |  1514.0 |   865.0 |   42,87 |  0,0 |1593227926722 |    [0.5342834] |          [0.0] |
| Hf2_100 | 7 |    2000 |    5000 |   30 |   0.2 |standard | sshape3 |     995 |  1514.0 |   865.0 |   42,87 |  0,0 |1593227926722 |    [0.5342834] |          [1.0] |
| Hf2_100 | 7 |    2500 |    5000 |   30 |0.43333334 |standard | sshape3 |     995 |  1514.0 |   865.0 |   42,87 |  0,0 |1593227926722 |    [0.5342834] |          [1.0] |
| Hf2_100 | 7 |    3000 |    5000 |   30 |   0.2 |standard | sshape3 |     995 |  1514.0 |   865.0 |   42,87 |  0,0 |1593227926722 |    [0.5342834] |          [1.0] |
| Hf2_100 | 7 |    3500 |    5000 |   35 |0.26666668 |standard | sshape3 |     995 |  1514.0 |   865.0 |   42,87 |  0,0 |1593227926722 |    [0.5342834] |          [0.0] |
| Hf2_100 | 7 |    4000 |    5000 |   35 |0.37142858 |standard | sshape3 |     995 |  1514.0 |   865.0 |   42,87 |  0,0 |1593227926722 |    [0.5342834] |          [1.0] |
| Hf2_100 | 7 |    4500 |    5000 |   35 |0.37142858 |standard | sshape3 |     995 |  1514.0 |   865.0 |   42,87 |  0,0 |1593227926722 |    [0.5342834] |          [1.0] |
| Hf2_100 | 7 |    5000 |    5000 |   35 |0.2857143 |standard | sshape3 |     995 |  1514.0 |   865.0 |   42,87 |  0,0 |1593227926722 |    [0.5342834] |          [1.0] |
| Hf2_100 | 7 |    5001 |    5000 |   35 |0.2857143 |standard | sshape3 |     995 |  1514.0 |   865.0 |   42,87 |0,098 |1593227926722 |    [0.5342834] |          [1.0] |
| Hf2_100 | 8 |       1 |    5000 |   25 |  0.25 |standard | sshape3 |     995 |  1514.0 |   865.0 |   42,87 |-0,0010 |1593227926821 |   [0.29356134] |          [1.0] |
| Hf2_100 | 8 |     500 |    5000 |   30 |   0.4 |standard | sshape3 |     995 |  1514.0 |   865.0 |   42,87 |-0,0010 |1593227926821 |   [0.29356134] |          [0.0] |
| Hf2_100 | 8 |    1000 |    5000 |   30 |   0.2 |standard | sshape3 |     995 |  1514.0 |   865.0 |   42,87 |-0,0010 |1593227926821 |    [0.9497254] |          [1.0] |
| Hf2_100 | 8 |    1500 |    5000 |   30 |0.33333334 |standard | sshape3 |     995 |  1514.0 |   865.0 |   42,87 |-0,0010 |1593227926821 |    [0.9497254] |          [1.0] |
| Hf2_100 | 8 |    2000 |    5000 |   30 |0.26666668 |standard | sshape3 |     995 |  1514.0 |   865.0 |   42,87 |-0,0010 |1593227926821 |    [0.9497254] |          [1.0] |
| Hf2_100 | 8 |    2500 |    5000 |   35 |0.43333334 |standard | sshape3 |     995 |  1514.0 |   865.0 |   42,87 |-0,0010 |1593227926821 |    [0.9497254] |          [0.0] |
| Hf2_100 | 8 |    3000 |    5000 |   35 |0.25714287 |standard | sshape3 |     995 |  1514.0 |   865.0 |   42,87 |-0,0010 |1593227926821 |    [0.9497254] |          [1.0] |
| Hf2_100 | 8 |    3500 |    5000 |   35 |0.2857143 |standard | sshape3 |     995 |  1514.0 |   865.0 |   42,87 |-0,0010 |1593227926821 |    [0.9497254] |          [1.0] |
| Hf2_100 | 8 |    4000 |    5000 |   35 |0.22857143 |standard | sshape3 |     995 |  1514.0 |   865.0 |   42,87 |-0,0010 |1593227926821 |    [0.9497254] |          [1.0] |
| Hf2_100 | 8 |    4500 |    5000 |   40 |0.22857143 |standard | sshape3 |     995 |  1514.0 |   865.0 |   42,87 |-0,0010 |1593227926821 |    [0.9497254] |          [0.0] |
| Hf2_100 | 8 |    5000 |    5000 |   40 |   0.4 |standard | sshape3 |     995 |  1514.0 |   865.0 |   42,87 |-0,0010 |1593227926821 |    [0.9497254] |          [1.0] |
| Hf2_100 | 8 |    5001 |    5000 |   40 |   0.4 |standard | sshape3 |     995 |  1514.0 |   865.0 |   42,87 | 0,11 |1593227926821 |    [0.9497254] |          [1.0] |
| Hf2_100 | 9 |       1 |    5000 |   25 |  0.25 |standard | sshape3 |     995 |  1514.0 |   865.0 |   42,87 |  0,0 |1593227926932 |   [0.38933504] |          [1.0] |
| Hf2_100 | 9 |     500 |    5000 |   25 |  0.16 |standard | sshape3 |     995 |  1514.0 |   865.0 |   42,87 |  0,0 |1593227926932 |   [0.38933504] |          [1.0] |
| Hf2_100 | 9 |    1000 |    5000 |   25 |   0.2 |standard | sshape3 |     995 |  1514.0 |   865.0 |   42,87 |  0,0 |1593227926932 |   [0.38933504] |          [1.0] |
| Hf2_100 | 9 |    1500 |    5000 |   30 |  0.32 |standard | sshape3 |     995 |  1514.0 |   865.0 |   42,87 |  0,0 |1593227926932 |   [0.38933504] |          [0.0] |
| Hf2_100 | 9 |    2000 |    5000 |   30 |0.26666668 |standard | sshape3 |     995 |  1514.0 |   865.0 |   42,87 |  0,0 |1593227926932 |   [0.38933504] |          [1.0] |
| Hf2_100 | 9 |    2500 |    5000 |   30 |0.26666668 |standard | sshape3 |     995 |  1514.0 |   865.0 |   42,87 |  0,0 |1593227926932 |   [0.38933504] |          [1.0] |
| Hf2_100 | 9 |    3000 |    5000 |   30 |   0.4 |standard | sshape3 |     995 |  1514.0 |   865.0 |   42,87 |  0,0 |1593227926932 |   [0.38933504] |          [1.0] |
| Hf2_100 | 9 |    3500 |    5000 |   35 |   0.3 |standard | sshape3 |     995 |  1514.0 |   865.0 |   42,87 |  0,0 |1593227926932 |   [0.38933504] |          [0.0] |
| Hf2_100 | 9 |    4000 |    5000 |   35 |0.37142858 |standard | sshape3 |     995 |  1514.0 |   865.0 |   42,87 |  0,0 |1593227926932 |   [0.38933504] |          [1.0] |
| Hf2_100 | 9 |    4500 |    5000 |   35 |0.34285715 |standard | sshape3 |     995 |  1514.0 |   865.0 |   42,87 |  0,0 |1593227926932 |   [0.38933504] |          [1.0] |
| Hf2_100 | 9 |    5000 |    5000 |   35 |0.37142858 |standard | sshape3 |     995 |  1514.0 |   865.0 |   42,87 |  0,0 |1593227926932 |   [0.38933504] |          [1.0] |
| Hf2_100 | 9 |    5001 |    5000 |   35 |0.37142858 |standard | sshape3 |     995 |  1514.0 |   865.0 |   42,87 |0,097 |1593227926932 |   [0.38933504] |          [1.0] |
| Hf2_100 |10 |       1 |    5000 |   25 |  0.25 |standard | sshape3 |     995 |  1514.0 |   865.0 |   42,87 |  0,0 |1593227927029 |   [0.63902545] |          [1.0] |
| Hf2_100 |10 |     500 |    5000 |   30 |  0.36 |standard | sshape3 |     995 |  1514.0 |   865.0 |   42,87 |  0,0 |1593227927029 |   [0.63902545] |          [0.0] |
| Hf2_100 |10 |    1000 |    5000 |   30 |   0.2 |standard | sshape3 |     995 |  1514.0 |   865.0 |   42,87 |  0,0 |1593227927029 |   [0.63902545] |          [1.0] |
| Hf2_100 |10 |    1500 |    5000 |   30 |0.23333333 |standard | sshape3 |     995 |  1514.0 |   865.0 |   42,87 |  0,0 |1593227927029 |   [0.63902545] |          [1.0] |
| Hf2_100 |10 |    2000 |    5000 |   30 |0.33333334 |standard | sshape3 |     995 |  1514.0 |   865.0 |   42,87 |  0,0 |1593227927029 |   [0.63902545] |          [1.0] |
| Hf2_100 |10 |    2500 |    5000 |   35 |   0.4 |standard | sshape3 |     995 |  1514.0 |   865.0 |   42,87 |  0,0 |1593227927029 |   [0.63902545] |          [0.0] |
| Hf2_100 |10 |    3000 |    5000 |   35 |  0.45 |standard | sshape3 |     995 |  1514.0 |   865.0 |   42,87 |  0,0 |1593227927029 |   [0.63902545] |          [1.0] |
| Hf2_100 |10 |    3500 |    5000 |   35 |   0.2 |standard | sshape3 |     995 |  1514.0 |   865.0 |   42,87 |  0,0 |1593227927029 |   [0.63902545] |          [1.0] |
| Hf2_100 |10 |    4000 |    5000 |   35 |0.37142858 |standard | sshape3 |     995 |  1514.0 |   865.0 |   42,87 |  0,0 |1593227927029 |   [0.63902545] |          [1.0] |
| Hf2_100 |10 |    4500 |    5000 |   40 |0.34285715 |standard | sshape3 |     995 |  1514.0 |   865.0 |   42,87 |  0,0 |1593227927029 |   [0.63902545] |          [0.0] |
| Hf2_100 |10 |    5000 |    5000 |   40 |  0.45 |standard | sshape3 |     995 |  1514.0 |   865.0 |   42,87 |  0,0 |1593227927029 |   [0.63902545] |          [1.0] |
| Hf2_100 |10 |    5001 |    5000 |   40 |  0.45 |standard | sshape3 |     995 |  1514.0 |   865.0 |   42,87 | 0,12 |1593227927029 |   [0.63902545] |          [1.0] |
| Hf2_100 |11 |       1 |    5000 |   25 |  0.25 |standard | sshape3 |     995 |  1514.0 |   865.0 |   42,87 |  0,0 |1593227927150 |    [0.5560005] |          [1.0] |
| Hf2_100 |11 |     500 |    5000 |   25 |  0.24 |standard | sshape3 |     995 |  1514.0 |   865.0 |   42,87 |  0,0 |1593227927150 |    [0.5560005] |          [1.0] |
| Hf2_100 |11 |    1000 |    5000 |   25 |  0.32 |standard | sshape3 |     995 |  1514.0 |   865.0 |   42,87 |  0,0 |1593227927150 |    [0.5560005] |          [1.0] |
| Hf2_100 |11 |    1500 |    5000 |   30 |   0.4 |standard | sshape3 |     995 |  1514.0 |   865.0 |   42,87 |  0,0 |1593227927150 |    [0.5560005] |          [0.0] |
| Hf2_100 |11 |    2000 |    5000 |   30 |  0.45 |standard | sshape3 |     995 |  1514.0 |   865.0 |   42,87 |  0,0 |1593227927150 |    [0.5560005] |          [1.0] |
| Hf2_100 |11 |    2500 |    5000 |   30 |0.33333334 |standard | sshape3 |     995 |  1514.0 |   865.0 |   42,87 |  0,0 |1593227927150 |    [0.5560005] |          [1.0] |
| Hf2_100 |11 |    3000 |    5000 |   30 |0.36666667 |standard | sshape3 |     995 |  1514.0 |   865.0 |   42,87 |  0,0 |1593227927150 |    [0.5560005] |          [1.0] |
| Hf2_100 |11 |    3500 |    5000 |   35 |0.13333334 |standard | sshape3 |     995 |  1514.0 |   865.0 |   42,87 |  0,0 |1593227927150 |    [0.5560005] |          [0.0] |
| Hf2_100 |11 |    4000 |    5000 |   35 |0.42857143 |standard | sshape3 |     995 |  1514.0 |   865.0 |   42,87 |  0,0 |1593227927150 |    [0.5560005] |          [1.0] |
| Hf2_100 |11 |    4500 |    5000 |   35 |0.2857143 |standard | sshape3 |     995 |  1514.0 |   865.0 |   42,87 |  0,0 |1593227927150 |    [0.5560005] |          [1.0] |
| Hf2_100 |11 |    5000 |    5000 |   35 |0.42857143 |standard | sshape3 |     995 |  1514.0 |   865.0 |   42,87 |  0,0 |1593227927150 |    [0.5560005] |          [1.0] |
| Hf2_100 |11 |    5001 |    5000 |   35 |0.42857143 |standard | sshape3 |     995 |  1514.0 |   865.0 |   42,87 | 0,12 |1593227927150 |    [0.5560005] |          [1.0] |
| Hf2_100 |12 |       1 |    5000 |   25 |  0.25 |standard | sshape3 |     995 |  1514.0 |   865.0 |   42,87 |-0,0010 |1593227927267 |   [0.15156156] |          [1.0] |
| Hf2_100 |12 |     500 |    5000 |   30 |  0.32 |standard | sshape3 |     995 |  1514.0 |   865.0 |   42,87 |-0,0010 |1593227927267 |   [0.15156156] |          [0.0] |
| Hf2_100 |12 |    1000 |    5000 |   30 |0.33333334 |standard | sshape3 |     995 |  1514.0 |   865.0 |   42,87 |-0,0010 |1593227927267 |   [0.15156156] |          [1.0] |
| Hf2_100 |12 |    1500 |    5000 |   30 |0.26666668 |standard | sshape3 |     995 |  1514.0 |   865.0 |   42,87 |-0,0010 |1593227927267 |   [0.15156156] |          [1.0] |
| Hf2_100 |12 |    2000 |    5000 |   30 |0.26666668 |standard | sshape3 |     995 |  1514.0 |   865.0 |   42,87 |-0,0010 |1593227927267 |   [0.15156156] |          [1.0] |
| Hf2_100 |12 |    2500 |    5000 |   35 |   0.3 |standard | sshape3 |     995 |  1514.0 |   865.0 |   42,87 |-0,0010 |1593227927267 |   [0.15156156] |          [0.0] |
| Hf2_100 |12 |    3000 |    5000 |   35 |0.2857143 |standard | sshape3 |     995 |  1514.0 |   865.0 |   42,87 |-0,0010 |1593227927267 |   [0.15156156] |          [1.0] |
| Hf2_100 |12 |    3500 |    5000 |   35 |0.31428573 |standard | sshape3 |     995 |  1514.0 |   865.0 |   42,87 |-0,0010 |1593227927267 |   [0.15156156] |          [1.0] |
| Hf2_100 |12 |    4000 |    5000 |   35 |  0.45 |standard | sshape3 |     995 |  1514.0 |   865.0 |   42,87 |-0,0010 |1593227927267 |   [0.15156156] |          [1.0] |
| Hf2_100 |12 |    4500 |    5000 |   40 |   0.4 |standard | sshape3 |     995 |  1514.0 |   865.0 |   42,87 |-0,0010 |1593227927267 |   [0.15156156] |          [0.0] |
| Hf2_100 |12 |    5000 |    5000 |   40 | 0.375 |standard | sshape3 |     995 |  1514.0 |   865.0 |   42,87 |-0,0010 |1593227927267 |   [0.86391234] |          [1.0] |
| Hf2_100 |12 |    5001 |    5000 |   40 | 0.375 |standard | sshape3 |     995 |  1514.0 |   865.0 |   42,87 | 0,12 |1593227927267 |   [0.86391234] |          [1.0] |
| Hf2_100 |13 |       1 |    5000 |   25 |  0.25 |standard | sshape3 |     995 |  1514.0 |   865.0 |   42,87 |-0,0010 |1593227927384 |   [0.39581376] |          [1.0] |
| Hf2_100 |13 |     500 |    5000 |   25 |  0.32 |standard | sshape3 |     995 |  1514.0 |   865.0 |   42,87 |-0,0010 |1593227927384 |   [0.39581376] |          [1.0] |
| Hf2_100 |13 |    1000 |    5000 |   25 |  0.45 |standard | sshape3 |     995 |  1514.0 |   865.0 |   42,87 |-0,0010 |1593227927384 |   [0.39581376] |          [1.0] |
| Hf2_100 |13 |    1500 |    5000 |   30 |  0.28 |standard | sshape3 |     995 |  1514.0 |   865.0 |   42,87 |-0,0010 |1593227927384 |   [0.39581376] |          [0.0] |
| Hf2_100 |13 |    2000 |    5000 |   30 |   0.3 |standard | sshape3 |     995 |  1514.0 |   865.0 |   42,87 |-0,0010 |1593227927384 |   [0.39581376] |          [1.0] |
| Hf2_100 |13 |    2500 |    5000 |   30 |0.16666667 |standard | sshape3 |     995 |  1514.0 |   865.0 |   42,87 |-0,0010 |1593227927384 |   [0.39581376] |          [1.0] |
| Hf2_100 |13 |    3000 |    5000 |   30 |0.43333334 |standard | sshape3 |     995 |  1514.0 |   865.0 |   42,87 |-0,0010 |1593227927384 |   [0.39581376] |          [1.0] |
| Hf2_100 |13 |    3500 |    5000 |   35 |   0.2 |standard | sshape3 |     995 |  1514.0 |   865.0 |   42,87 |-0,0010 |1593227927384 |   [0.39581376] |          [0.0] |
| Hf2_100 |13 |    4000 |    5000 |   35 |0.42857143 |standard | sshape3 |     995 |  1514.0 |   865.0 |   42,87 |-0,0010 |1593227927384 |   [0.39581376] |          [1.0] |
| Hf2_100 |13 |    4500 |    5000 |   35 |0.34285715 |standard | sshape3 |     995 |  1514.0 |   865.0 |   42,87 |-0,0010 |1593227927384 |   [0.39581376] |          [1.0] |
| Hf2_100 |13 |    5000 |    5000 |   35 |0.2857143 |standard | sshape3 |     995 |  1514.0 |   865.0 |   42,87 |-0,0010 |1593227927384 |   [0.39581376] |          [1.0] |
| Hf2_100 |13 |    5001 |    5000 |   35 |0.2857143 |standard | sshape3 |     995 |  1514.0 |   865.0 |   42,87 |0,099 |1593227927384 |   [0.39581376] |          [1.0] |
| Hf2_100 |14 |       1 |    5000 |   25 |  0.25 |standard | sshape3 |     995 |  1514.0 |   865.0 |   42,87 |-0,0010 |1593227927484 |   [0.99484265] |          [1.0] |
| Hf2_100 |14 |     500 |    5000 |   30 |  0.24 |standard | sshape3 |     995 |  1514.0 |   865.0 |   42,87 |-0,0010 |1593227927484 |   [0.99484265] |          [0.0] |
| Hf2_100 |14 |    1000 |    5000 |   30 |0.36666667 |standard | sshape3 |     995 |  1514.0 |   865.0 |   42,87 |-0,0010 |1593227927484 |   [0.99484265] |          [1.0] |
| Hf2_100 |14 |    1500 |    5000 |   30 |0.36666667 |standard | sshape3 |     995 |  1514.0 |   865.0 |   42,87 |-0,0010 |1593227927484 |   [0.99484265] |          [1.0] |
| Hf2_100 |14 |    2000 |    5000 |   30 |0.26666668 |standard | sshape3 |     995 |  1514.0 |   865.0 |   42,87 |-0,0010 |1593227927484 |   [0.99484265] |          [1.0] |
| Hf2_100 |14 |    2500 |    5000 |   35 |0.23333333 |standard | sshape3 |     995 |  1514.0 |   865.0 |   42,87 |-0,0010 |1593227927484 |   [0.99484265] |          [0.0] |
| Hf2_100 |14 |    3000 |    5000 |   35 |0.25714287 |standard | sshape3 |     995 |  1514.0 |   865.0 |   42,87 |-0,0010 |1593227927484 |   [0.99484265] |          [1.0] |
| Hf2_100 |14 |    3500 |    5000 |   35 |0.2857143 |standard | sshape3 |     995 |  1514.0 |   865.0 |   42,87 |-0,0010 |1593227927484 |   [0.99484265] |          [1.0] |
| Hf2_100 |14 |    4000 |    5000 |   35 |0.2857143 |standard | sshape3 |     995 |  1514.0 |   865.0 |   42,87 |-0,0010 |1593227927484 |   [0.99484265] |          [1.0] |
| Hf2_100 |14 |    4500 |    5000 |   40 |0.25714287 |standard | sshape3 |     995 |  1514.0 |   865.0 |   42,87 |-0,0010 |1593227927484 |  [0.111052215] |          [0.0] |
| Hf2_100 |14 |    5000 |    5000 |   40 |   0.4 |standard | sshape3 |     995 |  1514.0 |   865.0 |   42,87 |-0,0010 |1593227927484 |  [0.111052215] |          [1.0] |
| Hf2_100 |14 |    5001 |    5000 |   40 |   0.4 |standard | sshape3 |     995 |  1514.0 |   865.0 |   42,87 | 0,11 |1593227927484 |  [0.111052215] |          [1.0] |
| Hf2_100 |15 |       1 |    5000 |   25 |  0.25 |standard | sshape3 |     995 |  1514.0 |   865.0 |   42,87 |  0,0 |1593227927592 |   [0.96581453] |          [1.0] |
| Hf2_100 |15 |     500 |    5000 |   25 |  0.32 |standard | sshape3 |     995 |  1514.0 |   865.0 |   42,87 |  0,0 |1593227927592 |   [0.96581453] |          [1.0] |
| Hf2_100 |15 |    1000 |    5000 |   25 |   0.4 |standard | sshape3 |     995 |  1514.0 |   865.0 |   42,87 |  0,0 |1593227927592 |   [0.96581453] |          [1.0] |
| Hf2_100 |15 |    1500 |    5000 |   30 |  0.32 |standard | sshape3 |     995 |  1514.0 |   865.0 |   42,87 |  0,0 |1593227927592 |   [0.96581453] |          [0.0] |
| Hf2_100 |15 |    2000 |    5000 |   30 |0.23333333 |standard | sshape3 |     995 |  1514.0 |   865.0 |   42,87 |  0,0 |1593227927592 |   [0.75390947] |          [1.0] |
| Hf2_100 |15 |    2500 |    5000 |   30 |0.26666668 |standard | sshape3 |     995 |  1514.0 |   865.0 |   42,87 |  0,0 |1593227927592 |   [0.75390947] |          [1.0] |
| Hf2_100 |15 |    3000 |    5000 |   30 |0.43333334 |standard | sshape3 |     995 |  1514.0 |   865.0 |   42,87 |  0,0 |1593227927592 |   [0.75390947] |          [1.0] |
| Hf2_100 |15 |    3500 |    5000 |   35 |0.33333334 |standard | sshape3 |     995 |  1514.0 |   865.0 |   42,87 |  0,0 |1593227927592 |   [0.75390947] |          [0.0] |
| Hf2_100 |15 |    4000 |    5000 |   35 |0.34285715 |standard | sshape3 |     995 |  1514.0 |   865.0 |   42,87 |  0,0 |1593227927592 |   [0.75390947] |          [1.0] |
| Hf2_100 |15 |    4500 |    5000 |   35 |0.37142858 |standard | sshape3 |     995 |  1514.0 |   865.0 |   42,87 |  0,0 |1593227927592 |   [0.75390947] |          [1.0] |
| Hf2_100 |15 |    5000 |    5000 |   35 |0.37142858 |standard | sshape3 |     995 |  1514.0 |   865.0 |   42,87 |  0,0 |1593227927592 |   [0.75390947] |          [1.0] |
| Hf2_100 |15 |    5001 |    5000 |   35 |0.37142858 |standard | sshape3 |     995 |  1514.0 |   865.0 |   42,87 |0,096 |1593227927592 |   [0.75390947] |          [1.0] |
