|Instancia |Ejecucion |Iteracion |Iter Max |Nidos |   %Pa |tipoDiscretizacion |tipoBinarizacion | CapMoch |   Optmo |OptimoObtenido |     RDP | time |      semilla |VectorSolucionReal |VectorSolucionBinario |
-------------------------------------------------------------------------------------------------
|      f8 | 1 |       1 |    5000 |   50 |  0.25 |standard | sshape3 |   10000 |  9767.0 |  9754.0 |    0,13 |-1,6e+09 |1592621429842 |[0.41732234, 0.14115304, 0.032036483, 0.9050738, 0.40000027, 0.99543935, 0.38588983, 0.0012137294, 0.1979059, 0.2938282, 0.17152601, 0.8500328, 0.96717817, 0.24900883, 0.40768635, 0.8136999, 0.40098214, 0.7254648, 0.8464397, 0.7746596, 0.13887179, 0.6693024, 0.77507454] |[1.0, 1.0, 1.0, 1.0, 1.0, 0.0, 1.0, 1.0, 1.0, 1.0, 1.0, 0.0, 0.0, 1.0, 0.0, 0.0, 1.0, 0.0, 0.0, 0.0, 0.0, 0.0, 0.0] |
|      f8 | 1 |      15 |    5000 |   50 |  0.25 |standard | sshape3 |   10000 |  9767.0 |  9767.0 |    0,00 |0,0090 |1592621429842 |[0.38969022, 0.39458147, 0.263467, 0.91866684, 0.47382832, 0.1733196, 0.5451726, 0.0015908334, 0.8907141, 0.40905046, 0.18052757, 0.73691136, 0.015155008, 0.99002224, 1.0, 0.28245068, 0.39420727, 0.8762335, 0.71707976, 0.6821214, 0.60728055, 0.4165362, 0.9998817] |[1.0, 1.0, 1.0, 1.0, 1.0, 1.0, 0.0, 0.0, 1.0, 1.0, 0.0, 0.0, 1.0, 0.0, 0.0, 1.0, 0.0, 0.0, 0.0, 0.0, 0.0, 0.0, 0.0] |
|      f8 | 2 |       1 |    5000 |   50 |  0.25 |standard | sshape3 |   10000 |  9767.0 |  9767.0 |    0,00 |  0,0 |1592621429851 |[0.010062337, 0.20510685, 0.47749686, 0.4740842, 0.8560946, 0.06391609, 0.12753767, 0.47059304, 0.5878627, 0.24927902, 0.57857203, 0.5222273, 0.9001567, 0.38371247, 0.59041697, 0.7362708, 0.31540126, 0.95572203, 0.5846852, 0.3857388, 0.65835357, 0.3978343, 0.87696695] |[1.0, 0.0, 0.0, 0.0, 1.0, 1.0, 0.0, 0.0, 0.0, 0.0, 0.0, 0.0, 1.0, 0.0, 0.0, 1.0, 1.0, 1.0, 0.0, 1.0, 0.0, 1.0, 1.0] |
|      f8 | 2 |       2 |    5000 |   50 |  0.25 |standard | sshape3 |   10000 |  9767.0 |  9767.0 |    0,00 |0,0010 |1592621429851 |[0.010062337, 0.20510685, 0.47749686, 0.4740842, 0.8560946, 0.06391609, 0.12753767, 0.47059304, 0.5878627, 0.24927902, 0.57857203, 0.5222273, 0.9001567, 0.38371247, 0.59041697, 0.7362708, 0.31540126, 0.95572203, 0.5846852, 0.3857388, 0.65835357, 0.3978343, 0.87696695] |[1.0, 0.0, 0.0, 0.0, 1.0, 1.0, 0.0, 0.0, 0.0, 0.0, 0.0, 0.0, 1.0, 0.0, 0.0, 1.0, 1.0, 1.0, 0.0, 1.0, 0.0, 1.0, 1.0] |
|      f8 | 3 |       1 |    5000 |   50 |  0.25 |standard | sshape3 |   10000 |  9767.0 |  9765.0 |    0,02 |-0,0010 |1592621429853 |[0.80117434, 0.68391675, 0.09695411, 0.8120032, 0.87014586, 0.33236575, 0.37496865, 0.9384069, 0.6404908, 0.22282857, 0.05801499, 0.93212426, 0.36010933, 0.12536442, 0.72624755, 0.26319867, 0.22219723, 0.7921014, 0.96855885, 0.4705922, 0.75155896, 0.14279938, 0.80420053] |[1.0, 0.0, 0.0, 1.0, 1.0, 0.0, 1.0, 1.0, 1.0, 1.0, 1.0, 0.0, 0.0, 1.0, 0.0, 1.0, 0.0, 0.0, 1.0, 0.0, 0.0, 1.0, 0.0] |
|      f8 | 3 |      32 |    5000 |   50 |  0.25 |standard | sshape3 |   10000 |  9767.0 |  9767.0 |    0,00 |0,017 |1592621429853 |[0.6119343, 0.8914331, 1.0E-12, 0.41978356, 1.0, 0.7812439, 0.56870574, 1.0, 1.0, 0.66931105, 0.8392708, 0.1601705, 0.6066967, 0.61312145, 0.473614, 1.0, 0.7376288, 0.17531227, 0.07353365, 0.7752986, 0.8860566, 0.73989445, 0.32340017] |[1.0, 1.0, 1.0, 1.0, 1.0, 1.0, 1.0, 1.0, 0.0, 0.0, 1.0, 0.0, 0.0, 0.0, 0.0, 1.0, 1.0, 0.0, 0.0, 0.0, 0.0, 0.0, 0.0] |
|      f8 | 4 |       1 |    5000 |   50 |  0.25 |standard | sshape3 |   10000 |  9767.0 |  9763.0 |    0,04 |-0,0010 |1592621429871 |[0.97103375, 1.0, 0.39119303, 0.48459077, 0.79501987, 0.6239335, 0.34995493, 1.0, 0.11044812, 0.78319883, 0.20632556, 1.0, 1.0, 0.21594258, 0.44919592, 0.6692195, 0.07171233, 0.7056066, 0.29826367, 0.469311, 0.89155954, 0.25590265, 1.0E-12] |[1.0, 1.0, 1.0, 1.0, 1.0, 1.0, 1.0, 0.0, 0.0, 1.0, 0.0, 1.0, 0.0, 0.0, 0.0, 1.0, 1.0, 0.0, 0.0, 0.0, 0.0, 0.0, 0.0] |
|      f8 | 4 |      17 |    5000 |   50 |  0.25 |standard | sshape3 |   10000 |  9767.0 |  9767.0 |    0,00 |0,0090 |1592621429871 |[0.49926203, 0.5902867, 0.29727697, 0.34716007, 0.8725506, 0.96761805, 0.06642259, 0.10732133, 0.2011106, 0.36746538, 0.4583325, 0.8036655, 0.27118132, 0.37460667, 0.83242524, 0.23625155, 0.34117955, 0.17763403, 0.23155732, 0.31181204, 0.5148138, 0.8853866, 0.20965466] |[1.0, 1.0, 1.0, 1.0, 0.0, 0.0, 0.0, 1.0, 0.0, 0.0, 1.0, 0.0, 0.0, 0.0, 1.0, 0.0, 1.0, 1.0, 1.0, 0.0, 1.0, 0.0, 0.0] |
|      f8 | 5 |       1 |    5000 |   50 |  0.25 |standard | sshape3 |   10000 |  9767.0 |  9761.0 |    0,06 |  0,0 |1592621429880 |[0.3084311, 0.5837836, 0.5807867, 0.42005405, 0.16353868, 0.48435786, 0.5095398, 0.8687333, 0.7070174, 0.56121594, 0.49184704, 0.7727018, 0.14298958, 0.094658464, 0.66682804, 1.0, 1.0, 1.0E-12, 0.37669063, 0.8382021, 0.39883342, 0.30507004, 0.88984776] |[1.0, 1.0, 1.0, 1.0, 1.0, 0.0, 1.0, 1.0, 0.0, 1.0, 0.0, 1.0, 0.0, 0.0, 0.0, 1.0, 1.0, 0.0, 0.0, 0.0, 0.0, 0.0, 0.0] |
|      f8 | 5 |      78 |    5000 |   50 |  0.25 |standard | sshape3 |   10000 |  9767.0 |  9767.0 |    0,00 |0,042 |1592621429880 |[0.026994735, 0.4365752, 0.9973393, 0.9974768, 0.8294144, 0.59379727, 1.0, 1.0E-12, 0.04673141, 0.7243409, 0.57682186, 0.82973707, 0.56378996, 0.09009143, 0.7114826, 0.026985202, 1.0, 0.64236593, 0.72897047, 0.41511494, 0.87777126, 0.054625273, 1.0E-12] |[1.0, 1.0, 1.0, 1.0, 1.0, 1.0, 1.0, 1.0, 0.0, 1.0, 0.0, 1.0, 0.0, 0.0, 0.0, 1.0, 0.0, 0.0, 0.0, 0.0, 0.0, 0.0, 0.0] |
|      f8 | 6 |       1 |    5000 |   50 |  0.25 |standard | sshape3 |   10000 |  9767.0 |  9765.0 |    0,02 |  0,0 |1592621429922 |[0.5023607, 0.12900496, 0.20689404, 0.5643636, 0.15510541, 0.124620244, 0.36488122, 0.16183323, 0.2535686, 0.6644235, 1.0, 0.17398755, 0.6033335, 0.41230962, 0.71786505, 0.33629602, 0.23105127, 0.36657646, 0.34148848, 0.16792321, 0.612407, 0.1483843, 0.8679396] |[1.0, 1.0, 1.0, 1.0, 1.0, 1.0, 0.0, 1.0, 1.0, 0.0, 0.0, 0.0, 0.0, 0.0, 0.0, 1.0, 1.0, 0.0, 0.0, 0.0, 0.0, 0.0, 0.0] |
|      f8 | 6 |      50 |    5000 |   50 |  0.25 |standard | sshape3 |   10000 |  9767.0 |  9767.0 |    0,00 |0,028 |1592621429922 |[1.0, 0.2601399, 0.0942342, 0.8002325, 0.3790789, 0.20670271, 0.56958115, 0.27187884, 0.9782348, 0.49574742, 0.0021092724, 0.18692002, 0.43339062, 0.5832044, 0.0058289673, 0.9265517, 0.851663, 0.5002914, 0.24114951, 0.18829967, 0.2633771, 0.4909917, 0.5386611] |[0.0, 1.0, 1.0, 0.0, 0.0, 1.0, 1.0, 1.0, 1.0, 1.0, 1.0, 1.0, 0.0, 0.0, 0.0, 1.0, 1.0, 0.0, 0.0, 0.0, 0.0, 0.0, 0.0] |
|      f8 | 7 |       1 |    5000 |   50 |  0.25 |standard | sshape3 |   10000 |  9767.0 |  9767.0 |    0,00 |  0,0 |1592621429950 |[0.4194916, 0.91645366, 0.43554106, 0.35125825, 0.9411449, 1.0, 1.0, 0.8306472, 1.0E-12, 1.0E-12, 0.8525942, 0.1529648, 0.6426518, 0.10505841, 0.1369412, 0.23133251, 0.42992407, 0.795776, 0.33528256, 0.1294347, 0.3613701, 1.0E-12, 0.71494883] |[1.0, 1.0, 1.0, 1.0, 1.0, 1.0, 1.0, 1.0, 0.0, 0.0, 1.0, 0.0, 0.0, 0.0, 0.0, 1.0, 1.0, 0.0, 0.0, 0.0, 0.0, 0.0, 0.0] |
|      f8 | 7 |       2 |    5000 |   50 |  0.25 |standard | sshape3 |   10000 |  9767.0 |  9767.0 |    0,00 |0,0020 |1592621429950 |[0.4194916, 0.91645366, 0.43554106, 0.35125825, 0.9411449, 1.0, 1.0, 0.8306472, 1.0E-12, 1.0E-12, 0.8525942, 0.1529648, 0.6426518, 0.10505841, 0.1369412, 0.23133251, 0.42992407, 0.795776, 0.33528256, 0.1294347, 0.3613701, 1.0E-12, 0.71494883] |[1.0, 1.0, 1.0, 1.0, 1.0, 1.0, 1.0, 1.0, 0.0, 0.0, 1.0, 0.0, 0.0, 0.0, 0.0, 1.0, 1.0, 0.0, 0.0, 0.0, 0.0, 0.0, 0.0] |
|      f8 | 8 |       1 |    5000 |   50 |  0.25 |standard | sshape3 |   10000 |  9767.0 |  9757.0 |    0,10 |-0,0020 |1592621429954 |[0.015434265, 0.6613941, 0.951283, 0.3313566, 0.4652123, 0.29231238, 0.02773209, 0.72152853, 0.73434293, 0.32511243, 1.0E-12, 1.0E-12, 0.015419543, 1.0E-12, 0.41414058, 0.63935465, 0.11571604, 1.0E-12, 0.335243, 1.0E-12, 0.17550503, 0.77709544, 0.2140206] |[1.0, 1.0, 1.0, 1.0, 1.0, 0.0, 1.0, 0.0, 1.0, 0.0, 1.0, 1.0, 0.0, 0.0, 0.0, 1.0, 1.0, 0.0, 0.0, 0.0, 0.0, 0.0, 0.0] |
|      f8 | 8 |      11 |    5000 |   50 |  0.25 |standard | sshape3 |   10000 |  9767.0 |  9767.0 |    0,00 |0,0060 |1592621429954 |[0.5696191, 0.4801944, 1.0, 0.24006426, 0.9857775, 0.19242316, 0.13315777, 0.06891413, 0.113987975, 0.063243605, 0.41164854, 0.0029300775, 0.008842006, 0.7029128, 1.0, 0.7463491, 0.11713422, 0.22818032, 0.47770283, 0.35789832, 0.6578681, 0.6582876, 0.002326268] |[0.0, 1.0, 0.0, 0.0, 1.0, 1.0, 1.0, 1.0, 0.0, 0.0, 1.0, 0.0, 1.0, 0.0, 0.0, 1.0, 0.0, 0.0, 1.0, 0.0, 1.0, 1.0, 0.0] |
|      f8 | 9 |       1 |    5000 |   50 |  0.25 |standard | sshape3 |   10000 |  9767.0 |  9755.0 |    0,12 |  0,0 |1592621429960 |[0.44891095, 0.37330607, 0.7469539, 0.38524717, 0.838731, 0.023357717, 0.7622154, 0.54494846, 0.41681018, 0.38014352, 0.34711286, 0.33544925, 0.41494557, 0.65293455, 0.33142412, 0.41712022, 0.12496613, 0.15214106, 0.10436986, 0.1878004, 0.055106446, 0.79199827, 0.5634506] |[1.0, 1.0, 1.0, 1.0, 1.0, 1.0, 0.0, 1.0, 0.0, 1.0, 1.0, 1.0, 1.0, 0.0, 0.0, 0.0, 0.0, 0.0, 0.0, 0.0, 0.0, 0.0, 0.0] |
|      f8 | 9 |      35 |    5000 |   50 |  0.25 |standard | sshape3 |   10000 |  9767.0 |  9767.0 |    0,00 |0,020 |1592621429960 |[1.0, 0.9083885, 1.0, 1.0E-12, 0.07939066, 0.21153875, 1.0E-12, 0.07722308, 0.46303442, 0.056768283, 0.634461, 1.0, 1.0E-12, 0.23170209, 1.0, 0.32044065, 1.0, 0.3609282, 0.013819827, 1.0E-12, 1.0E-12, 0.06113293, 0.6940837] |[1.0, 1.0, 1.0, 1.0, 1.0, 1.0, 1.0, 1.0, 0.0, 1.0, 0.0, 0.0, 0.0, 0.0, 0.0, 1.0, 1.0, 0.0, 0.0, 0.0, 0.0, 0.0, 0.0] |
|      f8 |10 |       1 |    5000 |   50 |  0.25 |standard | sshape3 |   10000 |  9767.0 |  9759.0 |    0,08 |  0,0 |1592621429980 |[0.3205493, 0.38088882, 0.034996957, 0.29609314, 0.54962033, 0.34974584, 0.788077, 0.6722869, 0.5472603, 0.19774538, 0.6509989, 0.5299795, 0.8523813, 0.17188302, 0.93450433, 0.22029676, 0.827413, 0.4139758, 0.3180673, 0.24769169, 0.59014225, 0.7579319, 0.8108132] |[0.0, 1.0, 1.0, 0.0, 1.0, 1.0, 1.0, 0.0, 1.0, 1.0, 1.0, 1.0, 0.0, 1.0, 0.0, 1.0, 1.0, 0.0, 0.0, 0.0, 0.0, 0.0, 0.0] |
|      f8 |10 |      65 |    5000 |   50 |  0.25 |standard | sshape3 |   10000 |  9767.0 |  9767.0 |    0,00 |0,036 |1592621429980 |[1.0E-12, 0.9182421, 0.6200277, 0.78905904, 1.0E-12, 0.50797033, 0.54373723, 0.46273613, 0.71260357, 0.23602068, 1.0, 0.5273379, 0.38605762, 0.0942522, 0.98587877, 0.97542375, 0.20190844, 0.16791876, 0.41812748, 0.7771339, 9.494071E-4, 1.0, 0.39901912] |[1.0, 1.0, 1.0, 1.0, 1.0, 1.0, 1.0, 1.0, 0.0, 1.0, 0.0, 0.0, 0.0, 0.0, 0.0, 1.0, 1.0, 0.0, 0.0, 0.0, 0.0, 0.0, 0.0] |
|      f8 |11 |       1 |    5000 |   50 |  0.25 |standard | sshape3 |   10000 |  9767.0 |  9757.0 |    0,10 |  0,0 |1592621430016 |[0.8232597, 0.4636408, 0.37535405, 0.7382561, 0.27354872, 0.0046270937, 1.0, 0.38689178, 0.80142236, 1.0, 0.891774, 0.781135, 0.9550313, 1.0E-12, 0.7017176, 0.048257735, 1.0E-12, 0.9967384, 0.8024081, 1.0, 0.10792643, 0.06951237, 1.0E-12] |[1.0, 0.0, 1.0, 1.0, 1.0, 1.0, 1.0, 1.0, 1.0, 1.0, 0.0, 0.0, 0.0, 0.0, 0.0, 1.0, 1.0, 0.0, 0.0, 0.0, 0.0, 0.0, 0.0] |
|      f8 |11 |      11 |    5000 |   50 |  0.25 |standard | sshape3 |   10000 |  9767.0 |  9767.0 |    0,00 |0,0060 |1592621430016 |[0.014926726, 0.27758372, 0.20534106, 1.0, 1.0E-12, 0.67162824, 1.0E-12, 0.68356407, 1.0, 0.9995975, 0.002534981, 1.0E-12, 0.010114005, 0.671002, 0.5453765, 0.70157915, 0.28269312, 0.61960053, 0.52255344, 0.54845756, 0.9936454, 0.71016383, 0.99064344] |[0.0, 0.0, 1.0, 0.0, 0.0, 0.0, 0.0, 1.0, 1.0, 0.0, 0.0, 0.0, 1.0, 0.0, 1.0, 1.0, 1.0, 0.0, 0.0, 1.0, 0.0, 1.0, 1.0] |
|      f8 |12 |       1 |    5000 |   50 |  0.25 |standard | sshape3 |   10000 |  9767.0 |  9765.0 |    0,02 |  0,0 |1592621430022 |[0.60443705, 0.88961595, 0.25413805, 0.5616458, 0.26046, 0.99531066, 0.34788257, 0.900937, 0.18411495, 0.2949951, 0.5772203, 0.1577813, 0.6172705, 0.7033236, 0.6893383, 0.6304902, 0.038950168, 0.18554242, 0.8813945, 0.8420179, 0.53091455, 0.7681878, 0.08730528] |[1.0, 0.0, 1.0, 0.0, 1.0, 1.0, 0.0, 1.0, 1.0, 1.0, 1.0, 0.0, 1.0, 0.0, 0.0, 1.0, 0.0, 0.0, 0.0, 0.0, 0.0, 1.0, 0.0] |
|      f8 |12 |      47 |    5000 |   50 |  0.25 |standard | sshape3 |   10000 |  9767.0 |  9767.0 |    0,00 |0,025 |1592621430022 |[0.7814973, 0.47783327, 0.38736272, 1.0E-12, 1.0, 1.0, 0.4658446, 1.0, 0.40756747, 1.0E-12, 0.69360507, 0.7974589, 0.45813245, 0.5989006, 1.0E-12, 0.81728774, 0.47873676, 0.048724174, 0.041557446, 0.75038606, 1.0, 0.46937555, 1.0E-12] |[1.0, 1.0, 1.0, 1.0, 1.0, 1.0, 1.0, 1.0, 0.0, 0.0, 1.0, 0.0, 0.0, 0.0, 0.0, 1.0, 1.0, 0.0, 0.0, 0.0, 0.0, 0.0, 0.0] |
|      f8 |13 |       1 |    5000 |   50 |  0.25 |standard | sshape3 |   10000 |  9767.0 |  9767.0 |    0,00 |  0,0 |1592621430047 |[0.5956862, 0.7979906, 0.3630723, 1.0E-12, 0.7854451, 0.5044786, 0.9745796, 0.26836497, 0.9102557, 0.37063333, 0.9370384, 1.0E-12, 0.7369444, 0.6703235, 0.14270076, 0.72698224, 0.50585395, 1.0E-12, 0.81914836, 0.26109105, 0.18204466, 0.8567677, 1.0] |[1.0, 1.0, 1.0, 1.0, 1.0, 1.0, 1.0, 1.0, 0.0, 1.0, 0.0, 0.0, 0.0, 0.0, 0.0, 1.0, 1.0, 0.0, 0.0, 0.0, 0.0, 0.0, 0.0] |
|      f8 |13 |       2 |    5000 |   50 |  0.25 |standard | sshape3 |   10000 |  9767.0 |  9767.0 |    0,00 |0,0010 |1592621430047 |[0.5956862, 0.7979906, 0.3630723, 1.0E-12, 0.7854451, 0.5044786, 0.9745796, 0.26836497, 0.9102557, 0.37063333, 0.9370384, 1.0E-12, 0.7369444, 0.6703235, 0.14270076, 0.72698224, 0.50585395, 1.0E-12, 0.81914836, 0.26109105, 0.18204466, 0.8567677, 1.0] |[1.0, 1.0, 1.0, 1.0, 1.0, 1.0, 1.0, 1.0, 0.0, 1.0, 0.0, 0.0, 0.0, 0.0, 0.0, 1.0, 1.0, 0.0, 0.0, 0.0, 0.0, 0.0, 0.0] |
|      f8 |14 |       1 |    5000 |   50 |  0.25 |standard | sshape3 |   10000 |  9767.0 |  9763.0 |    0,04 |  0,0 |1592621430048 |[0.6244123, 0.19186187, 0.19547373, 0.21803468, 0.511234, 0.5736998, 0.36041617, 0.6910037, 0.67020696, 0.75406414, 0.9537402, 0.92890716, 0.0791477, 0.24014598, 0.418091, 0.85470474, 0.047153115, 0.022435725, 0.24758661, 0.030770779, 0.32394576, 0.6872766, 0.07044649] |[0.0, 1.0, 0.0, 1.0, 0.0, 1.0, 1.0, 1.0, 1.0, 1.0, 0.0, 0.0, 1.0, 0.0, 0.0, 1.0, 1.0, 0.0, 0.0, 0.0, 0.0, 1.0, 0.0] |
|      f8 |14 |      39 |    5000 |   50 |  0.25 |standard | sshape3 |   10000 |  9767.0 |  9767.0 |    0,00 |0,023 |1592621430048 |[0.45893195, 0.2455678, 0.30957037, 0.5077261, 0.943449, 0.35557467, 0.1699169, 0.2597075, 0.900034, 0.89364356, 0.44811642, 0.27035964, 0.64818007, 0.26658034, 0.19924237, 0.105395615, 0.13088726, 0.5158314, 0.85670394, 0.17673932, 0.17506498, 0.107445195, 0.1447957] |[1.0, 0.0, 1.0, 0.0, 1.0, 1.0, 0.0, 0.0, 0.0, 0.0, 1.0, 1.0, 1.0, 0.0, 0.0, 1.0, 1.0, 1.0, 1.0, 0.0, 0.0, 0.0, 0.0] |
|      f8 |15 |       1 |    5000 |   50 |  0.25 |standard | sshape3 |   10000 |  9767.0 |  9759.0 |    0,08 |-0,0010 |1592621430072 |[0.078138985, 0.8140022, 0.32655668, 0.6819238, 0.13787904, 0.2356404, 0.16142927, 0.7116155, 0.80422664, 0.9781934, 0.45552996, 0.4353953, 0.96562177, 0.30232763, 0.7677225, 0.6914042, 0.5040864, 0.36085093, 0.6042695, 0.55915636, 0.19247764, 0.8391715, 0.9272004] |[0.0, 0.0, 0.0, 1.0, 0.0, 0.0, 1.0, 0.0, 1.0, 1.0, 1.0, 1.0, 1.0, 1.0, 1.0, 0.0, 0.0, 1.0, 1.0, 1.0, 0.0, 1.0, 0.0] |
|      f8 |15 |       3 |    5000 |   50 |  0.25 |standard | sshape3 |   10000 |  9767.0 |  9767.0 |    0,00 |0,0010 |1592621430072 |[0.30676052, 0.93288845, 0.8910254, 0.34418, 0.019960396, 0.7994493, 0.8472415, 0.14734285, 0.20138139, 0.95364165, 0.6323612, 0.08513801, 0.4939137, 0.74092644, 0.568625, 0.11537767, 0.8733637, 0.43519735, 0.73067766, 0.04223067, 0.103601456, 0.70802146, 0.09441871] |[1.0, 0.0, 1.0, 1.0, 0.0, 1.0, 0.0, 1.0, 1.0, 1.0, 0.0, 0.0, 1.0, 1.0, 0.0, 0.0, 1.0, 0.0, 0.0, 0.0, 0.0, 1.0, 0.0] |
|      f8 |16 |       1 |    5000 |   50 |  0.25 |standard | sshape3 |   10000 |  9767.0 |  9761.0 |    0,06 |-0,0010 |1592621430074 |[0.744943, 0.82567835, 0.34182352, 0.25871432, 0.87339675, 0.72548974, 0.5316605, 0.89208853, 0.5824763, 0.2732858, 0.21206713, 0.17567462, 0.31913197, 0.92221904, 0.7206525, 0.52862805, 0.43136662, 0.76079786, 0.6943813, 0.5579801, 0.40972996, 0.94777185, 0.9705567] |[1.0, 1.0, 0.0, 0.0, 1.0, 0.0, 1.0, 0.0, 1.0, 1.0, 0.0, 1.0, 0.0, 1.0, 1.0, 1.0, 1.0, 0.0, 0.0, 0.0, 0.0, 1.0, 0.0] |
|      f8 |16 |       9 |    5000 |   50 |  0.25 |standard | sshape3 |   10000 |  9767.0 |  9767.0 |    0,00 |0,0050 |1592621430074 |[0.94586253, 0.1311596, 0.35319194, 0.9177729, 0.38347307, 0.05175993, 0.7432767, 0.9964619, 0.41971633, 0.60635835, 0.39060816, 0.43525952, 0.6319825, 0.9244607, 0.39663038, 0.41848853, 0.27788246, 1.964232E-4, 0.54598665, 0.11675463, 0.35852388, 0.51553464, 1.0E-12] |[1.0, 1.0, 0.0, 0.0, 0.0, 1.0, 0.0, 1.0, 0.0, 1.0, 1.0, 0.0, 1.0, 1.0, 1.0, 1.0, 0.0, 0.0, 1.0, 0.0, 0.0, 1.0, 0.0] |
|      f8 |17 |       1 |    5000 |   50 |  0.25 |standard | sshape3 |   10000 |  9767.0 |  9760.0 |    0,07 |  0,0 |1592621430079 |[0.3949359, 0.10640128, 0.25144535, 0.88791823, 0.11490482, 0.86966056, 0.45592755, 0.2954392, 0.11140167, 0.3769565, 0.12972748, 0.18627734, 0.785416, 0.1517234, 0.23234446, 0.6561769, 0.7950326, 0.18327783, 0.5535489, 0.70248425, 0.11675738, 0.6153338, 0.44146076] |[0.0, 0.0, 0.0, 1.0, 1.0, 0.0, 0.0, 1.0, 0.0, 1.0, 0.0, 0.0, 1.0, 1.0, 0.0, 0.0, 1.0, 1.0, 1.0, 1.0, 0.0, 1.0, 0.0] |
|      f8 |17 |      35 |    5000 |   50 |  0.25 |standard | sshape3 |   10000 |  9767.0 |  9767.0 |    0,00 |0,020 |1592621430079 |[0.26976648, 0.8064082, 0.747827, 0.13443969, 0.35750455, 0.18582721, 0.4778227, 0.6801982, 0.6056654, 0.61171144, 0.3742904, 1.0E-12, 0.4985757, 0.8259964, 0.071649656, 0.88223594, 0.45748252, 0.6615126, 0.805347, 0.8177201, 0.5260314, 0.1658653, 0.026203096] |[1.0, 1.0, 1.0, 1.0, 1.0, 1.0, 1.0, 1.0, 0.0, 1.0, 0.0, 0.0, 0.0, 0.0, 0.0, 1.0, 1.0, 0.0, 0.0, 0.0, 0.0, 0.0, 0.0] |
|      f8 |18 |       1 |    5000 |   50 |  0.25 |standard | sshape3 |   10000 |  9767.0 |  9758.0 |    0,09 |  0,0 |1592621430099 |[1.0E-12, 0.8639316, 0.40168074, 0.51064175, 0.09540753, 0.71305424, 0.47709864, 1.0, 0.8297583, 1.0E-12, 0.24669084, 1.0, 0.44221088, 0.9705376, 0.8783153, 0.6098515, 0.36818594, 1.0E-12, 1.0E-12, 0.7855347, 0.54022753, 0.4703332, 0.7346949] |[1.0, 1.0, 0.0, 1.0, 1.0, 1.0, 1.0, 1.0, 1.0, 1.0, 0.0, 0.0, 0.0, 0.0, 0.0, 1.0, 1.0, 0.0, 0.0, 0.0, 0.0, 0.0, 0.0] |
|      f8 |18 |      14 |    5000 |   50 |  0.25 |standard | sshape3 |   10000 |  9767.0 |  9767.0 |    0,00 |0,0080 |1592621430099 |[0.67627215, 0.52303946, 0.24200441, 0.80905914, 0.9792114, 0.4334833, 0.28774676, 0.6406612, 0.4202111, 0.5384966, 0.5828096, 0.90506834, 0.18480967, 0.36840406, 0.523429, 0.14453691, 0.77601826, 0.24089257, 0.29474282, 0.61031157, 0.72365314, 0.8428124, 0.5939405] |[1.0, 1.0, 1.0, 0.0, 1.0, 1.0, 0.0, 1.0, 1.0, 1.0, 1.0, 0.0, 0.0, 0.0, 0.0, 0.0, 1.0, 0.0, 0.0, 0.0, 0.0, 1.0, 0.0] |
|      f8 |19 |       1 |    5000 |   50 |  0.25 |standard | sshape3 |   10000 |  9767.0 |  9760.0 |    0,07 |  0,0 |1592621430107 |[0.54772115, 0.90550786, 0.49941152, 0.909346, 0.95596963, 0.056797266, 0.98193365, 0.5705966, 0.39583534, 0.20109713, 0.396326, 0.6620845, 0.23214829, 0.5765925, 0.18416637, 0.016206443, 0.27819347, 0.5245996, 0.5261622, 0.71196836, 0.9785207, 0.21933258, 0.011887014] |[1.0, 0.0, 1.0, 1.0, 1.0, 1.0, 1.0, 1.0, 1.0, 0.0, 0.0, 0.0, 0.0, 0.0, 0.0, 1.0, 1.0, 0.0, 0.0, 0.0, 0.0, 0.0, 0.0] |
|      f8 |19 |       4 |    5000 |   50 |  0.25 |standard | sshape3 |   10000 |  9767.0 |  9767.0 |    0,00 |0,0020 |1592621430107 |[0.40181834, 0.6334104, 0.333, 0.3194669, 0.117377356, 0.3418135, 0.33856273, 0.9594966, 0.6054218, 0.34234518, 0.97994614, 0.086434856, 0.6599386, 0.26122463, 0.18773149, 0.34472027, 0.4459157, 0.50188434, 0.604786, 0.7396242, 0.28635028, 0.3511587, 0.1933659] |[1.0, 1.0, 1.0, 0.0, 1.0, 1.0, 1.0, 1.0, 1.0, 0.0, 1.0, 1.0, 0.0, 0.0, 0.0, 0.0, 1.0, 0.0, 0.0, 0.0, 0.0, 0.0, 0.0] |
|      f8 |20 |       1 |    5000 |   50 |  0.25 |standard | sshape3 |   10000 |  9767.0 |  9763.0 |    0,04 |-0,0010 |1592621430110 |[0.8215516, 0.25628304, 0.80630356, 0.49167317, 0.39985484, 0.7014429, 0.3037396, 0.2952851, 0.37210196, 0.6788043, 0.5294495, 0.7159078, 0.10814172, 0.26812238, 0.60761917, 0.20006329, 0.045811713, 0.9860117, 0.65988714, 0.7535623, 0.8090184, 0.8850813, 0.6903579] |[1.0, 1.0, 1.0, 1.0, 1.0, 1.0, 1.0, 1.0, 1.0, 1.0, 0.0, 0.0, 0.0, 0.0, 0.0, 1.0, 0.0, 0.0, 0.0, 0.0, 0.0, 0.0, 0.0] |
|      f8 |20 |      37 |    5000 |   50 |  0.25 |standard | sshape3 |   10000 |  9767.0 |  9767.0 |    0,00 |0,021 |1592621430110 |[0.042351756, 0.52882636, 1.0, 0.20858173, 0.38705504, 0.94821787, 0.17045368, 0.62745386, 1.0E-12, 0.56496453, 0.12619098, 0.811859, 1.0E-12, 0.0073617767, 0.8634333, 0.4764124, 1.0, 0.7245513, 0.9998938, 1.0, 0.003176677, 0.0456931, 0.35963234] |[1.0, 1.0, 1.0, 1.0, 1.0, 1.0, 1.0, 1.0, 0.0, 1.0, 0.0, 0.0, 0.0, 0.0, 0.0, 1.0, 1.0, 0.0, 0.0, 0.0, 0.0, 0.0, 0.0] |
|      f8 |21 |       1 |    5000 |   50 |  0.25 |standard | sshape3 |   10000 |  9767.0 |  9765.0 |    0,02 |  0,0 |1592621430131 |[0.62119746, 0.40709043, 0.5689635, 0.42552412, 0.68908536, 0.65436065, 0.41194585, 0.19024195, 0.08536917, 0.35942027, 0.8948347, 0.7749641, 0.3606326, 0.8835782, 0.49374473, 0.07831536, 0.33970746, 0.114016674, 0.18536308, 0.56668836, 0.21269546, 0.7383371, 0.5507554] |[1.0, 1.0, 1.0, 0.0, 1.0, 0.0, 0.0, 0.0, 0.0, 0.0, 0.0, 1.0, 1.0, 1.0, 1.0, 1.0, 1.0, 0.0, 0.0, 1.0, 0.0, 0.0, 0.0] |
|      f8 |21 |      22 |    5000 |   50 |  0.25 |standard | sshape3 |   10000 |  9767.0 |  9767.0 |    0,00 |0,014 |1592621430131 |[0.9219625, 0.65058064, 0.024262791, 0.19047047, 3.024382E-4, 0.6693351, 0.4360142, 0.8114201, 0.80532956, 0.2666237, 0.9618274, 0.01691323, 0.49993023, 0.49927697, 0.119251356, 0.9201397, 0.07291933, 0.28510025, 0.3517122, 0.26400584, 0.89715356, 0.19458629, 0.4381043] |[1.0, 1.0, 1.0, 1.0, 1.0, 0.0, 0.0, 1.0, 0.0, 1.0, 1.0, 1.0, 0.0, 0.0, 1.0, 0.0, 0.0, 0.0, 1.0, 0.0, 0.0, 0.0, 0.0] |
|      f8 |22 |       1 |    5000 |   50 |  0.25 |standard | sshape3 |   10000 |  9767.0 |  9756.0 |    0,11 |  0,0 |1592621430145 |[0.07724033, 1.0E-12, 1.0, 1.0, 0.4240381, 0.16704288, 0.046814755, 0.75291896, 0.17383842, 0.88682115, 0.9952855, 0.19986202, 0.08282319, 0.7137407, 0.7524531, 0.31223887, 0.23915756, 0.34917554, 0.4424488, 0.81456697, 0.12416276, 0.4205102, 0.65593326] |[0.0, 1.0, 1.0, 1.0, 1.0, 1.0, 1.0, 1.0, 1.0, 0.0, 1.0, 0.0, 0.0, 0.0, 0.0, 1.0, 1.0, 0.0, 0.0, 0.0, 0.0, 0.0, 0.0] |
|      f8 |22 |       7 |    5000 |   50 |  0.25 |standard | sshape3 |   10000 |  9767.0 |  9767.0 |    0,00 |0,0040 |1592621430145 |[0.2683615, 0.3056249, 1.0E-12, 0.9396133, 0.61455727, 0.69169956, 1.0E-12, 0.67889863, 0.0053445697, 0.0695711, 0.88821685, 0.6839919, 0.024765082, 1.0E-12, 1.0E-12, 1.0, 0.59937096, 1.0E-12, 1.0E-12, 0.83016205, 0.19589518, 0.16457506, 0.95942885] |[1.0, 1.0, 1.0, 1.0, 1.0, 1.0, 1.0, 1.0, 0.0, 1.0, 0.0, 0.0, 0.0, 0.0, 0.0, 1.0, 1.0, 0.0, 0.0, 0.0, 0.0, 0.0, 0.0] |
|      f8 |23 |       1 |    5000 |   50 |  0.25 |standard | sshape3 |   10000 |  9767.0 |  9761.0 |    0,06 |  0,0 |1592621430149 |[0.62210643, 0.9603213, 0.91274005, 0.04270512, 0.28035086, 0.6894719, 0.40597975, 0.082081795, 0.45932752, 0.64791733, 0.4791515, 0.24430972, 0.9985808, 0.11776823, 0.004468739, 0.31464696, 0.6350537, 0.06286794, 0.74483603, 0.2316994, 0.21387905, 0.06782472, 0.44700044] |[1.0, 1.0, 1.0, 1.0, 1.0, 0.0, 1.0, 1.0, 1.0, 1.0, 0.0, 0.0, 0.0, 0.0, 0.0, 1.0, 1.0, 0.0, 0.0, 0.0, 0.0, 0.0, 0.0] |
|      f8 |23 |       6 |    5000 |   50 |  0.25 |standard | sshape3 |   10000 |  9767.0 |  9767.0 |    0,00 |0,0050 |1592621430149 |[0.45174724, 0.15566109, 0.48848143, 0.5196543, 0.5865915, 0.46420127, 1.0, 0.19097525, 0.4552667, 0.17373616, 0.97242796, 0.35319984, 0.65200543, 0.91842085, 1.0E-12, 1.0, 0.85624385, 0.33033955, 0.34412202, 0.6383855, 0.08854122, 0.97414875, 0.9288714] |[1.0, 1.0, 1.0, 1.0, 1.0, 1.0, 1.0, 1.0, 0.0, 0.0, 1.0, 0.0, 0.0, 0.0, 0.0, 1.0, 1.0, 0.0, 0.0, 0.0, 0.0, 0.0, 0.0] |
|      f8 |24 |       1 |    5000 |   50 |  0.25 |standard | sshape3 |   10000 |  9767.0 |  9751.0 |    0,16 |  0,0 |1592621430154 |[0.3176844, 0.8466337, 0.85190684, 0.7137868, 0.32771206, 0.6839683, 0.28813726, 0.19116908, 0.5476524, 0.5849719, 0.20370519, 0.052242637, 0.42140752, 0.6423589, 0.9568501, 0.90227824, 0.045675218, 0.418351, 0.20002365, 0.1009202, 0.6114948, 0.20246494, 0.1289531] |[1.0, 1.0, 0.0, 1.0, 0.0, 1.0, 1.0, 0.0, 1.0, 1.0, 1.0, 0.0, 0.0, 0.0, 0.0, 1.0, 1.0, 0.0, 0.0, 0.0, 0.0, 1.0, 0.0] |
|      f8 |24 |      47 |    5000 |   50 |  0.25 |standard | sshape3 |   10000 |  9767.0 |  9767.0 |    0,00 |0,027 |1592621430154 |[0.850498, 0.7695634, 0.21524397, 0.49061245, 0.12912974, 0.009302449, 0.2090398, 0.29425365, 0.78268284, 0.32398954, 0.28285807, 0.45406613, 0.9883815, 0.988056, 0.020924466, 0.8123326, 0.28894255, 0.5861977, 0.79317594, 0.98766184, 0.6041961, 0.6329973, 1.0] |[0.0, 1.0, 0.0, 1.0, 1.0, 0.0, 1.0, 1.0, 1.0, 0.0, 1.0, 1.0, 1.0, 0.0, 0.0, 1.0, 0.0, 0.0, 0.0, 0.0, 0.0, 1.0, 0.0] |
|      f8 |25 |       1 |    5000 |   50 |  0.25 |standard | sshape3 |   10000 |  9767.0 |  9765.0 |    0,02 |  0,0 |1592621430181 |[0.20950626, 0.04768322, 0.6397824, 0.2037395, 0.41332212, 0.59855926, 0.32040063, 0.7727387, 0.41851872, 0.89323497, 0.6163005, 0.033029936, 0.34416518, 0.70391893, 0.8869841, 0.9982906, 0.7792329, 0.49335262, 0.038569763, 0.14341997, 0.6163141, 0.07193961, 0.1775132] |[1.0, 1.0, 0.0, 1.0, 0.0, 1.0, 1.0, 1.0, 0.0, 1.0, 1.0, 1.0, 0.0, 0.0, 1.0, 1.0, 0.0, 0.0, 0.0, 0.0, 0.0, 1.0, 0.0] |
|      f8 |25 |      23 |    5000 |   50 |  0.25 |standard | sshape3 |   10000 |  9767.0 |  9767.0 |    0,00 |0,013 |1592621430181 |[0.33676654, 0.38068405, 0.48146892, 0.8024496, 0.7388821, 0.13671516, 0.42172512, 0.66893965, 0.077916294, 0.60672975, 0.47199014, 1.0E-12, 0.783987, 0.19163705, 0.9749852, 1.0, 1.0E-12, 0.5839278, 0.2037887, 0.6311548, 0.93940854, 0.29824507, 0.17670861] |[0.0, 0.0, 0.0, 1.0, 1.0, 1.0, 0.0, 1.0, 0.0, 1.0, 1.0, 1.0, 0.0, 1.0, 0.0, 1.0, 0.0, 1.0, 0.0, 0.0, 1.0, 0.0, 1.0] |
|      f8 |26 |       1 |    5000 |   50 |  0.25 |standard | sshape3 |   10000 |  9767.0 |  9756.0 |    0,11 |-0,0010 |1592621430195 |[0.25298685, 0.6723826, 0.31745005, 0.9659399, 0.7253457, 1.0, 0.7189123, 0.89336836, 0.32075226, 0.9080912, 1.0, 0.72183555, 0.018539608, 0.55524135, 0.3794848, 1.0E-12, 0.8156536, 0.25001898, 0.39123946, 0.82268447, 1.0E-12, 1.0E-12, 0.13165404] |[1.0, 1.0, 1.0, 1.0, 0.0, 1.0, 1.0, 0.0, 1.0, 0.0, 1.0, 1.0, 0.0, 0.0, 0.0, 1.0, 1.0, 0.0, 0.0, 0.0, 0.0, 0.0, 0.0] |
|      f8 |26 |       8 |    5000 |   50 |  0.25 |standard | sshape3 |   10000 |  9767.0 |  9767.0 |    0,00 |0,0040 |1592621430195 |[0.39455178, 0.6308923, 1.0E-12, 1.0, 0.85631454, 0.16882885, 0.44409895, 1.0, 0.9282508, 0.56219304, 1.0E-12, 0.15004978, 1.0, 0.9919303, 1.0, 0.31500325, 0.25028485, 0.09532705, 0.52231824, 0.8504194, 0.1932391, 0.56916267, 0.8440602] |[1.0, 1.0, 1.0, 1.0, 1.0, 1.0, 1.0, 1.0, 0.0, 1.0, 0.0, 0.0, 0.0, 0.0, 0.0, 1.0, 1.0, 0.0, 0.0, 0.0, 0.0, 0.0, 0.0] |
|      f8 |27 |       1 |    5000 |   50 |  0.25 |standard | sshape3 |   10000 |  9767.0 |  9758.0 |    0,09 |-0,0010 |1592621430200 |[0.384271, 0.67869365, 0.58958167, 0.53990215, 0.30782482, 0.8274618, 0.46981043, 0.49383008, 0.7653779, 0.4494224, 0.1743469, 0.8007663, 0.026187168, 0.5171474, 0.37780926, 0.9756215, 0.05298219, 0.025686735, 0.77229846, 0.58843154, 0.0066055846, 0.2296976, 0.10059626] |[0.0, 1.0, 1.0, 0.0, 0.0, 1.0, 0.0, 1.0, 0.0, 0.0, 0.0, 0.0, 0.0, 1.0, 0.0, 1.0, 1.0, 1.0, 1.0, 1.0, 0.0, 1.0, 0.0] |
|      f8 |27 |      11 |    5000 |   50 |  0.25 |standard | sshape3 |   10000 |  9767.0 |  9767.0 |    0,00 |0,0060 |1592621430200 |[0.7708969, 0.35225344, 0.2959081, 0.28369787, 0.1559489, 0.8392547, 0.001183242, 0.35087478, 0.45897213, 0.88344467, 0.48478088, 0.40016454, 0.08381378, 0.49561223, 0.20821878, 0.29435217, 0.0710974, 0.41658592, 0.14652611, 0.9394486, 0.9052968, 0.6555767, 0.6529676] |[1.0, 0.0, 1.0, 0.0, 0.0, 1.0, 0.0, 0.0, 1.0, 0.0, 0.0, 0.0, 1.0, 0.0, 1.0, 1.0, 1.0, 1.0, 0.0, 1.0, 0.0, 1.0, 0.0] |
|      f8 |28 |       1 |    5000 |   50 |  0.25 |standard | sshape3 |   10000 |  9767.0 |  9763.0 |    0,04 |  0,0 |1592621430206 |[0.23083538, 0.56256694, 0.6860515, 0.10093564, 0.23719317, 0.9503363, 0.9969745, 0.59136474, 0.13039255, 0.091538966, 0.1419015, 0.85180163, 0.9711882, 0.15932846, 0.4395151, 0.57519776, 0.7755019, 0.41405982, 0.2649759, 0.58401656, 0.5411395, 0.15792143, 0.60728705] |[0.0, 0.0, 0.0, 0.0, 0.0, 0.0, 1.0, 1.0, 1.0, 1.0, 0.0, 0.0, 1.0, 1.0, 1.0, 1.0, 0.0, 0.0, 0.0, 1.0, 1.0, 1.0, 1.0] |
|      f8 |28 |       5 |    5000 |   50 |  0.25 |standard | sshape3 |   10000 |  9767.0 |  9767.0 |    0,00 |0,0030 |1592621430206 |[1.0, 1.0E-12, 0.7344667, 1.0, 0.9159842, 0.18818727, 0.52240574, 1.0, 0.83712065, 0.29244432, 1.0, 0.50408566, 0.42911145, 0.5904386, 0.29497263, 0.098738104, 0.41899446, 0.5314647, 0.10449807, 0.32721123, 1.0E-12, 0.34082407, 0.47822434] |[1.0, 1.0, 1.0, 1.0, 1.0, 1.0, 1.0, 1.0, 0.0, 0.0, 1.0, 0.0, 0.0, 0.0, 0.0, 1.0, 1.0, 0.0, 0.0, 0.0, 0.0, 0.0, 0.0] |
|      f8 |29 |       1 |    5000 |   50 |  0.25 |standard | sshape3 |   10000 |  9767.0 |  9761.0 |    0,06 |  0,0 |1592621430209 |[0.7569382, 0.5105842, 0.84848386, 0.6108705, 0.37027478, 0.093625575, 0.32767454, 0.091023214, 0.8791735, 0.07857936, 0.789618, 0.34956554, 1.0, 0.046202134, 0.83219445, 0.55396307, 0.9613345, 0.13138686, 0.74159056, 0.7950378, 0.3399776, 0.1597549, 0.2962462] |[1.0, 1.0, 1.0, 1.0, 1.0, 0.0, 0.0, 1.0, 1.0, 1.0, 0.0, 1.0, 0.0, 0.0, 0.0, 1.0, 0.0, 0.0, 0.0, 0.0, 0.0, 0.0, 0.0] |
|      f8 |29 |      18 |    5000 |   50 |  0.25 |standard | sshape3 |   10000 |  9767.0 |  9767.0 |    0,00 |0,010 |1592621430209 |[0.37919295, 0.8826132, 0.6916013, 0.6670707, 0.61704785, 0.32985806, 0.48277724, 0.6748063, 1.0E-12, 0.32953253, 0.83339643, 0.05596201, 1.0E-12, 0.767594, 0.5442622, 0.810021, 1.0E-12, 0.9462945, 0.53659236, 0.7516484, 1.0E-12, 0.76873463, 0.3526243] |[1.0, 1.0, 1.0, 1.0, 1.0, 1.0, 1.0, 1.0, 0.0, 1.0, 0.0, 0.0, 0.0, 0.0, 0.0, 1.0, 1.0, 0.0, 0.0, 0.0, 0.0, 0.0, 0.0] |
|      f8 |30 |       1 |    5000 |   50 |  0.25 |standard | sshape3 |   10000 |  9767.0 |  9761.0 |    0,06 |  0,0 |1592621430219 |[0.9143942, 0.9080899, 0.66095364, 0.67994773, 0.19120708, 0.35306808, 0.17793757, 0.8984065, 0.98291355, 0.37511572, 0.76332545, 0.44901517, 0.08929366, 0.753876, 0.44526193, 0.12810852, 0.14852983, 0.87510866, 0.64925027, 0.5461029, 0.3519078, 0.8126724, 0.3178838] |[1.0, 1.0, 0.0, 1.0, 0.0, 0.0, 0.0, 1.0, 0.0, 1.0, 1.0, 1.0, 0.0, 0.0, 1.0, 1.0, 0.0, 1.0, 0.0, 0.0, 1.0, 0.0, 1.0] |
|      f8 |30 |       8 |    5000 |   50 |  0.25 |standard | sshape3 |   10000 |  9767.0 |  9767.0 |    0,00 |0,0040 |1592621430219 |[0.519535, 0.8606475, 0.5591971, 0.5414215, 0.42966208, 0.062342223, 0.7421772, 0.48373255, 0.2825538, 0.6530969, 0.5433844, 0.9425783, 0.3375143, 0.3682884, 0.8547533, 0.85492826, 0.7073861, 0.4393114, 0.3255481, 0.45715007, 0.6578099, 0.33284476, 0.68157446] |[0.0, 1.0, 1.0, 0.0, 0.0, 0.0, 0.0, 0.0, 1.0, 1.0, 1.0, 1.0, 0.0, 1.0, 1.0, 1.0, 1.0, 1.0, 0.0, 0.0, 0.0, 1.0, 0.0] |
|      f8 |31 |       1 |    5000 |   50 |  0.25 |standard | sshape3 |   10000 |  9767.0 |  9767.0 |    0,00 |-0,0010 |1592621430224 |[0.186539, 0.2996109, 0.480551, 0.7540888, 0.7276235, 0.7602288, 0.48033524, 0.8319113, 0.2305075, 0.16945922, 0.5558696, 0.31839573, 0.36818117, 0.10543561, 0.65134305, 0.09600127, 0.78976303, 0.41551036, 0.8369845, 0.42623514, 0.8500111, 0.652641, 0.89185447] |[1.0, 0.0, 1.0, 1.0, 1.0, 0.0, 1.0, 0.0, 1.0, 1.0, 0.0, 0.0, 1.0, 1.0, 1.0, 1.0, 0.0, 1.0, 0.0, 0.0, 0.0, 0.0, 0.0] |
|      f8 |31 |       2 |    5000 |   50 |  0.25 |standard | sshape3 |   10000 |  9767.0 |  9767.0 |    0,00 |0,0010 |1592621430224 |[0.186539, 0.2996109, 0.480551, 0.7540888, 0.7276235, 0.7602288, 0.48033524, 0.8319113, 0.2305075, 0.16945922, 0.5558696, 0.31839573, 0.36818117, 0.10543561, 0.65134305, 0.09600127, 0.78976303, 0.41551036, 0.8369845, 0.42623514, 0.8500111, 0.652641, 0.89185447] |[1.0, 0.0, 1.0, 1.0, 1.0, 0.0, 1.0, 0.0, 1.0, 1.0, 0.0, 0.0, 1.0, 1.0, 1.0, 1.0, 0.0, 1.0, 0.0, 0.0, 0.0, 0.0, 0.0] |
