| # | Nest | %Desc |#Iter |Instancia | CapMoch |ValOptmo | BestFit |     RDP | time |      semilla |VectorSolucion |
-------------------------------------------------------------------------------------------------
| 1 |   50 |  0.25 | 5000 |      f1 |     269 |   295.0 |   295.0 |    0,00 |-1,6e+09 |1592532507876 |[0.73470265, 0.07224226, 0.52326375, 0.34120154, 0.47717673, 0.07124084, 0.01732564, 0.74882025, 0.2841065, 0.30565304] |
| 1 |   50 |  0.25 | 5000 |      f1 |     269 |   295.0 |   295.0 |    0,00 |0,015 |1592532507876 |[0.73470265, 0.07224226, 0.52326375, 0.34120154, 0.47717673, 0.07124084, 0.01732564, 0.74882025, 0.2841065, 0.30565304] |
| 2 |   50 |  0.25 | 5000 |      f1 |     269 |   295.0 |   295.0 |    0,00 |-0,0020 |1592532507893 |[0.16194455, 0.048989758, 0.07775896, 0.30125192, 0.5611744, 0.103218414, 0.28388578, 0.62561953, 0.675392, 0.40827024] |
| 2 |   50 |  0.25 | 5000 |      f1 |     269 |   295.0 |   295.0 |    0,00 |0,0030 |1592532507893 |[0.16194455, 0.048989758, 0.07775896, 0.30125192, 0.5611744, 0.103218414, 0.28388578, 0.62561953, 0.675392, 0.40827024] |
| 3 |   50 |  0.25 | 5000 |      f1 |     269 |   295.0 |   295.0 |    0,00 |-0,0020 |1592532507898 |[0.8375233, 0.7179219, 0.1878174, 0.5944618, 0.36617, 0.31377298, 0.6971317, 0.5048869, 0.2561974, 0.43179095] |
| 3 |   50 |  0.25 | 5000 |      f1 |     269 |   295.0 |   295.0 |    0,00 |0,0020 |1592532507898 |[0.8375233, 0.7179219, 0.1878174, 0.5944618, 0.36617, 0.31377298, 0.6971317, 0.5048869, 0.2561974, 0.43179095] |
| 4 |   50 |  0.25 | 5000 |      f1 |     269 |   295.0 |   295.0 |    0,00 |-0,0010 |1592532507901 |[0.16957575, 0.8107744, 0.7354669, 0.45969197, 0.1935419, 0.22431071, 0.64621127, 0.97010845, 0.55491096, 0.082233235] |
| 4 |   50 |  0.25 | 5000 |      f1 |     269 |   295.0 |   295.0 |    0,00 |0,0040 |1592532507901 |[0.16957575, 0.8107744, 0.7354669, 0.45969197, 0.1935419, 0.22431071, 0.64621127, 0.97010845, 0.55491096, 0.082233235] |
| 5 |   50 |  0.25 | 5000 |      f1 |     269 |   295.0 |   295.0 |    0,00 |-0,0010 |1592532507906 |[0.7463855, 0.47816253, 0.8140341, 0.33935708, 0.012219108, 0.15943156, 0.4195182, 0.54764843, 0.063942164, 0.63144195] |
| 5 |   50 |  0.25 | 5000 |      f1 |     269 |   295.0 |   295.0 |    0,00 |0,0020 |1592532507906 |[0.7463855, 0.47816253, 0.8140341, 0.33935708, 0.012219108, 0.15943156, 0.4195182, 0.54764843, 0.063942164, 0.63144195] |
| 6 |   50 |  0.25 | 5000 |      f1 |     269 |   295.0 |   295.0 |    0,00 |-0,0010 |1592532507909 |[1.0, 0.83513737, 0.44168523, 0.97472906, 0.38163608, 0.9418625, 0.16025986, 0.89544237, 1.0E-12, 0.83550376] |
| 6 |   50 |  0.25 | 5000 |      f1 |     269 |   295.0 |   295.0 |    0,00 |0,0020 |1592532507909 |[1.0, 0.83513737, 0.44168523, 0.97472906, 0.38163608, 0.9418625, 0.16025986, 0.89544237, 1.0E-12, 0.83550376] |
| 7 |   50 |  0.25 | 5000 |      f1 |     269 |   295.0 |   295.0 |    0,00 |-0,0010 |1592532507912 |[0.32268518, 0.27675807, 0.70489603, 0.5631068, 0.93009275, 0.92105913, 0.6875671, 0.63686657, 0.74300593, 0.40644777] |
| 7 |   50 |  0.25 | 5000 |      f1 |     269 |   295.0 |   295.0 |    0,00 |0,0020 |1592532507912 |[0.32268518, 0.27675807, 0.70489603, 0.5631068, 0.93009275, 0.92105913, 0.6875671, 0.63686657, 0.74300593, 0.40644777] |
| 8 |   50 |  0.25 | 5000 |      f1 |     269 |   295.0 |   295.0 |    0,00 |-0,0030 |1592532507917 |[0.0636807, 0.5844439, 0.20894451, 0.8706737, 0.30523396, 0.5447559, 0.67186564, 0.6506882, 0.17200771, 0.84976846] |
| 8 |   50 |  0.25 | 5000 |      f1 |     269 |   295.0 |   295.0 |    0,00 |0,0020 |1592532507917 |[0.0636807, 0.5844439, 0.20894451, 0.8706737, 0.30523396, 0.5447559, 0.67186564, 0.6506882, 0.17200771, 0.84976846] |
| 9 |   50 |  0.25 | 5000 |      f1 |     269 |   295.0 |   295.0 |    0,00 |-0,0020 |1592532507921 |[0.3118561, 0.84798115, 0.20548499, 0.076928616, 0.20972192, 0.49470657, 0.6955201, 0.9143807, 0.30445236, 0.8112606] |
| 9 |   50 |  0.25 | 5000 |      f1 |     269 |   295.0 |   295.0 |    0,00 |0,0020 |1592532507921 |[0.3118561, 0.84798115, 0.20548499, 0.076928616, 0.20972192, 0.49470657, 0.6955201, 0.9143807, 0.30445236, 0.8112606] |
|10 |   50 |  0.25 | 5000 |      f1 |     269 |   295.0 |   295.0 |    0,00 |-0,0010 |1592532507924 |[0.7659861, 0.533965, 0.4710259, 0.49103734, 0.9593887, 0.78214574, 0.21742433, 0.6227576, 0.3325845, 0.31579912] |
|10 |   50 |  0.25 | 5000 |      f1 |     269 |   295.0 |   295.0 |    0,00 |0,0030 |1592532507924 |[0.7659861, 0.533965, 0.4710259, 0.49103734, 0.9593887, 0.78214574, 0.21742433, 0.6227576, 0.3325845, 0.31579912] |
|11 |   50 |  0.25 | 5000 |      f1 |     269 |   295.0 |   295.0 |    0,00 |-0,0010 |1592532507928 |[0.12820393, 0.05803442, 0.79779834, 1.0, 0.15668488, 0.06832671, 0.55029726, 0.21885125, 0.7174418, 0.6135513] |
|11 |   50 |  0.25 | 5000 |      f1 |     269 |   295.0 |   295.0 |    0,00 |0,0020 |1592532507928 |[0.12820393, 0.05803442, 0.79779834, 1.0, 0.15668488, 0.06832671, 0.55029726, 0.21885125, 0.7174418, 0.6135513] |
|12 |   50 |  0.25 | 5000 |      f1 |     269 |   295.0 |   295.0 |    0,00 |-0,0010 |1592532507931 |[0.22429016, 0.69835746, 0.6224137, 0.099986486, 0.99649, 0.1511434, 0.39179978, 0.25736228, 0.94620234, 0.6560042] |
|12 |   50 |  0.25 | 5000 |      f1 |     269 |   295.0 |   295.0 |    0,00 |0,0030 |1592532507931 |[0.22429016, 0.69835746, 0.6224137, 0.099986486, 0.99649, 0.1511434, 0.39179978, 0.25736228, 0.94620234, 0.6560042] |
|13 |   50 |  0.25 | 5000 |      f1 |     269 |   295.0 |   295.0 |    0,00 |-0,0010 |1592532507935 |[0.39709052, 0.4479621, 0.50545824, 0.55951875, 0.78761524, 0.1133575, 0.69998705, 0.43486574, 0.84159184, 0.9260749] |
|13 |   50 |  0.25 | 5000 |      f1 |     269 |   295.0 |   295.0 |    0,00 |0,0020 |1592532507935 |[0.39709052, 0.4479621, 0.50545824, 0.55951875, 0.78761524, 0.1133575, 0.69998705, 0.43486574, 0.84159184, 0.9260749] |
|14 |   50 |  0.25 | 5000 |      f1 |     269 |   295.0 |   295.0 |    0,00 |-0,0010 |1592532507938 |[0.80944306, 1.0E-12, 0.6598433, 0.49732244, 0.97256434, 0.11505954, 0.52576023, 0.48946133, 0.757161, 0.9533456] |
|14 |   50 |  0.25 | 5000 |      f1 |     269 |   295.0 |   295.0 |    0,00 |0,0010 |1592532507938 |[0.80944306, 1.0E-12, 0.6598433, 0.49732244, 0.97256434, 0.11505954, 0.52576023, 0.48946133, 0.757161, 0.9533456] |
|15 |   50 |  0.25 | 5000 |      f1 |     269 |   295.0 |   295.0 |    0,00 |-0,0010 |1592532507940 |[0.46707988, 0.10605645, 0.26142877, 0.76855975, 0.42789775, 0.10284209, 0.46558416, 0.38617492, 0.121542454, 0.896904] |
|15 |   50 |  0.25 | 5000 |      f1 |     269 |   295.0 |   295.0 |    0,00 |0,0020 |1592532507940 |[0.46707988, 0.10605645, 0.26142877, 0.76855975, 0.42789775, 0.10284209, 0.46558416, 0.38617492, 0.121542454, 0.896904] |
