| # | Nest | %Desc |#Iter |Instancia | CapMoch |ValOptmo | BestFit |     RDP | time |      semilla |VectorSolucion |
-------------------------------------------------------------------------------------------------
| 1 |   25 |  0.25 | 2500 |      f6 |      60 |    52.0 |    52.0 |    0,00 |-1,6e+09 |1592499538057 |[0.342228, 0.107158065, 0.86507815, 0.81443936, 0.9401231, 0.40013236, 0.5285123, 0.0010029078, 0.513454, 0.014622629] |
| 2 |   25 |  0.25 | 2500 |      f6 |      60 |    52.0 |    52.0 |    0,00 |  0,0 |1592499538059 |[0.67508817, 0.18959057, 0.49707633, 0.1336798, 0.59658736, 0.60273695, 0.11168462, 0.7882988, 0.14295965, 0.4967308] |
| 3 |   25 |  0.25 | 2500 |      f6 |      60 |    52.0 |    52.0 |    0,00 |-0,0010 |1592499538061 |[0.55607545, 0.38887095, 0.17040431, 0.5709448, 0.8992368, 0.9475073, 0.7868503, 0.8914916, 0.58663476, 0.06668854] |
| 4 |   25 |  0.25 | 2500 |      f6 |      60 |    52.0 |    52.0 |    0,00 |  0,0 |1592499538062 |[0.07161814, 0.8396284, 0.20831555, 0.15705937, 0.40103418, 0.21698076, 0.17713016, 0.65698314, 0.562119, 0.674746] |
| 5 |   25 |  0.25 | 2500 |      f6 |      60 |    52.0 |    52.0 |    0,00 |-0,0010 |1592499538064 |[0.0539214, 0.07566023, 0.32735157, 0.76660496, 0.88160866, 0.9163077, 0.8292557, 0.7452728, 0.43718296, 0.083798945] |
| 6 |   25 |  0.25 | 2500 |      f6 |      60 |    52.0 |    52.0 |    0,00 |-0,0010 |1592499538065 |[0.39182156, 0.27938336, 0.9212752, 0.6416937, 0.50501686, 0.66285163, 0.085359395, 0.91011393, 0.5628113, 0.7955852] |
| 7 |   25 |  0.25 | 2500 |      f6 |      60 |    52.0 |    52.0 |    0,00 |  0,0 |1592499538066 |[0.8315022, 0.39040053, 0.97795427, 0.53063095, 0.43614542, 0.4078887, 0.271118, 0.72643065, 0.51411957, 0.6760776] |
| 8 |   25 |  0.25 | 2500 |      f6 |      60 |    52.0 |    52.0 |    0,00 |  0,0 |1592499538067 |[0.72220033, 0.16550106, 0.8095084, 0.36642307, 0.12463623, 0.028175473, 0.796709, 0.91340834, 0.68702245, 0.231615] |
| 9 |   25 |  0.25 | 2500 |      f6 |      60 |    52.0 |    52.0 |    0,00 |  0,0 |1592499538068 |[0.18798977, 0.20170814, 0.2210443, 0.2518859, 0.93867654, 0.9368326, 0.79634905, 0.78429973, 9.943247E-4, 0.2286787] |
|10 |   25 |  0.25 | 2500 |      f6 |      60 |    52.0 |    52.0 |    0,00 |-0,0010 |1592499538070 |[0.058374226, 0.16403306, 0.712235, 0.5878983, 0.32648975, 0.98377407, 0.60358155, 0.24693638, 0.41853714, 0.9617996] |
|11 |   25 |  0.25 | 2500 |      f6 |      60 |    52.0 |    52.0 |    0,00 |  0,0 |1592499538071 |[0.6173675, 0.6798238, 0.6626509, 0.14191645, 0.5624875, 0.8252054, 0.5447519, 0.2752692, 0.98652464, 0.4551196] |
|12 |   25 |  0.25 | 2500 |      f6 |      60 |    52.0 |    52.0 |    0,00 |  0,0 |1592499538072 |[0.9408188, 0.9337032, 0.928844, 0.4145428, 0.2236712, 0.15929419, 0.5071966, 0.5726288, 0.027155995, 0.15968621] |
|13 |   25 |  0.25 | 2500 |      f6 |      60 |    52.0 |    52.0 |    0,00 |-0,0010 |1592499538074 |[0.58261275, 0.14126027, 0.6138433, 0.12815917, 0.7143968, 0.19583493, 0.82953846, 0.90249676, 0.0892362, 0.33072573] |
|14 |   25 |  0.25 | 2500 |      f6 |      60 |    52.0 |    52.0 |    0,00 |-0,0010 |1592499538075 |[0.49019623, 0.6355574, 0.31590742, 0.030914545, 0.117661536, 0.41503316, 0.4875775, 0.27785438, 0.6573873, 0.38197297] |
|15 |   25 |  0.25 | 2500 |      f6 |      60 |    52.0 |    52.0 |    0,00 |  0,0 |1592499538076 |[0.9934943, 0.12513256, 0.7205122, 0.34657556, 0.7348879, 0.28579253, 0.0387581, 0.23649347, 0.50400245, 0.57420534] |
