| # | Nest | %Desc |#Iter |Instancia | CapMoch |ValOptmo | BestFit |     RDP | time |      semilla |VectorSolucion |
-------------------------------------------------------------------------------------------------
| 1 |   50 |  0.25 | 5000 |      f1 |     269 |   295.0 |   290.0 |    1,69 |-1,6e+09 |1592525732022 |[0.8906711, 0.30607677, 0.71582437, 0.7627022, 0.64354914, 0.70610476, 0.3998412, 0.80401635, 0.7326888, 0.7282584] |
| 1 |   50 |  0.26 | 5000 |      f1 |     269 |   295.0 |   290.0 |    1,69 |-1,6e+09 |1592525732022 |[0.8906711, 0.30607677, 0.71582437, 0.7627022, 0.64354914, 0.70610476, 0.3998412, 0.80401635, 0.7326888, 0.7282584] |
| 1 |   50 |  0.28 | 5000 |      f1 |     269 |   295.0 |   290.0 |    1,69 |-1,6e+09 |1592525732022 |[0.8906711, 0.30607677, 0.71582437, 0.7627022, 0.64354914, 0.70610476, 0.3998412, 0.80401635, 0.7326888, 0.7282584] |
| 1 |   55 |  0.38 | 5000 |      f1 |     269 |   295.0 |   290.0 |    1,69 |-1,6e+09 |1592525732022 |[0.8906711, 0.30607677, 0.71582437, 0.7627022, 0.64354914, 0.70610476, 0.3998412, 0.80401635, 0.7326888, 0.7282584] |
| 1 |   55 |  0.45 | 5000 |      f1 |     269 |   295.0 |   290.0 |    1,69 |-1,6e+09 |1592525732022 |[0.8906711, 0.30607677, 0.71582437, 0.7627022, 0.64354914, 0.70610476, 0.3998412, 0.80401635, 0.7326888, 0.7282584] |
| 1 |   55 |0.38181818 | 5000 |      f1 |     269 |   295.0 |   290.0 |    1,69 |-1,6e+09 |1592525732022 |[0.8906711, 0.30607677, 0.71582437, 0.7627022, 0.64354914, 0.70610476, 0.3998412, 0.80401635, 0.7326888, 0.7282584] |
| 1 |   55 |  0.45 | 5000 |      f1 |     269 |   295.0 |   290.0 |    1,69 |-1,6e+09 |1592525732022 |[0.8906711, 0.30607677, 0.71582437, 0.7627022, 0.64354914, 0.70610476, 0.3998412, 0.80401635, 0.7326888, 0.7282584] |
| 1 |   60 |0.43636364 | 5000 |      f1 |     269 |   295.0 |   290.0 |    1,69 |-1,6e+09 |1592525732022 |[0.8906711, 0.30607677, 0.71582437, 0.7627022, 0.64354914, 0.70610476, 0.3998412, 0.80401635, 0.7326888, 0.7282584] |
| 1 |   60 |  0.45 | 5000 |      f1 |     269 |   295.0 |   290.0 |    1,69 |-1,6e+09 |1592525732022 |[0.8906711, 0.30607677, 0.71582437, 0.7627022, 0.64354914, 0.70610476, 0.3998412, 0.80401635, 0.7326888, 0.7282584] |
| 1 |   60 |  0.45 | 5000 |      f1 |     269 |   295.0 |   290.0 |    1,69 |-1,6e+09 |1592525732022 |[0.8906711, 0.30607677, 0.71582437, 0.7627022, 0.64354914, 0.70610476, 0.3998412, 0.80401635, 0.7326888, 0.7282584] |
| 1 |   60 |0.38333333 | 5000 |      f1 |     269 |   295.0 |   290.0 |    1,69 |-1,6e+09 |1592525732022 |[0.8906711, 0.30607677, 0.71582437, 0.7627022, 0.64354914, 0.70610476, 0.3998412, 0.80401635, 0.7326888, 0.7282584] |
| 1 |   65 |  0.45 | 5000 |      f1 |     269 |   295.0 |   290.0 |    1,69 |-1,6e+09 |1592525732022 |[0.8906711, 0.30607677, 0.71582437, 0.7627022, 0.64354914, 0.70610476, 0.3998412, 0.80401635, 0.7326888, 0.7282584] |
| 1 |   65 |0.41538462 | 5000 |      f1 |     269 |   295.0 |   290.0 |    1,69 |-1,6e+09 |1592525732022 |[0.8906711, 0.30607677, 0.71582437, 0.7627022, 0.64354914, 0.70610476, 0.3998412, 0.80401635, 0.7326888, 0.7282584] |
| 1 |   65 |   0.4 | 5000 |      f1 |     269 |   295.0 |   290.0 |    1,69 |-1,6e+09 |1592525732022 |[0.8906711, 0.30607677, 0.71582437, 0.7627022, 0.64354914, 0.70610476, 0.3998412, 0.80401635, 0.7326888, 0.7282584] |
| 1 |   65 |0.36923078 | 5000 |      f1 |     269 |   295.0 |   290.0 |    1,69 |-1,6e+09 |1592525732022 |[0.8906711, 0.30607677, 0.71582437, 0.7627022, 0.64354914, 0.70610476, 0.3998412, 0.80401635, 0.7326888, 0.7282584] |
| 1 |   70 |0.43076923 | 5000 |      f1 |     269 |   295.0 |   290.0 |    1,69 |-1,6e+09 |1592525732022 |[0.8906711, 0.30607677, 0.71582437, 0.7627022, 0.64354914, 0.70610476, 0.3998412, 0.80401635, 0.7326888, 0.7282584] |
| 1 |   70 |  0.45 | 5000 |      f1 |     269 |   295.0 |   290.0 |    1,69 |-1,6e+09 |1592525732022 |[0.8906711, 0.30607677, 0.71582437, 0.7627022, 0.64354914, 0.70610476, 0.3998412, 0.80401635, 0.7326888, 0.7282584] |
| 1 |   70 |   0.4 | 5000 |      f1 |     269 |   295.0 |   290.0 |    1,69 |-1,6e+09 |1592525732022 |[0.8906711, 0.30607677, 0.71582437, 0.7627022, 0.64354914, 0.70610476, 0.3998412, 0.80401635, 0.7326888, 0.7282584] |
| 1 |   70 |   0.4 | 5000 |      f1 |     269 |   295.0 |   290.0 |    1,69 |-1,6e+09 |1592525732022 |[0.8906711, 0.30607677, 0.71582437, 0.7627022, 0.64354914, 0.70610476, 0.3998412, 0.80401635, 0.7326888, 0.7282584] |
| 1 |   75 |   0.4 | 5000 |      f1 |     269 |   295.0 |   290.0 |    1,69 |-1,6e+09 |1592525732022 |[0.8906711, 0.30607677, 0.71582437, 0.7627022, 0.64354914, 0.70610476, 0.3998412, 0.80401635, 0.7326888, 0.7282584] |
