|Instancia |Ejecucion |Iteracion |Iter Max |Nidos |   %Pa |tipoDiscretizacion |tipoBinarizacion | CapMoch |   Optmo |OptimoObtenido |     RDP | time |      semilla |VectorSolucionReal |VectorSolucionBinario |
-------------------------------------------------------------------------------------------------
|      f7 | 1 |       1 |    5000 |   50 |  0.25 |standard | sshape3 |      50 |   107.0 |   107.0 |    0,00 |-1,6e+09 |1592601034561 |[0.31981072, 0.053041514, 0.3011186, 0.37591574, 0.1866178, 0.016115097, 0.7477743] |[1.0, 0.0, 0.0, 1.0, 0.0, 0.0, 0.0] |
|      f7 | 1 |       2 |    5000 |   50 |  0.25 |standard | sshape3 |      50 |   107.0 |   107.0 |    0,00 |0,0010 |1592601034561 |[0.31981072, 0.053041514, 0.3011186, 0.37591574, 0.1866178, 0.016115097, 0.7477743] |[1.0, 0.0, 0.0, 1.0, 0.0, 0.0, 0.0] |
|      f7 | 2 |       1 |    5000 |   50 |  0.25 |standard | sshape3 |      50 |   107.0 |   107.0 |    0,00 |  0,0 |1592601034562 |[0.038799435, 0.3637898, 0.6267805, 0.9000933, 0.14036646, 1.0, 0.951324] |[1.0, 0.0, 0.0, 1.0, 0.0, 0.0, 0.0] |
|      f7 | 2 |       2 |    5000 |   50 |  0.25 |standard | sshape3 |      50 |   107.0 |   107.0 |    0,00 |0,0010 |1592601034562 |[0.038799435, 0.3637898, 0.6267805, 0.9000933, 0.14036646, 1.0, 0.951324] |[1.0, 0.0, 0.0, 1.0, 0.0, 0.0, 0.0] |
|      f7 | 3 |       1 |    5000 |   50 |  0.25 |standard | sshape3 |      50 |   107.0 |   107.0 |    0,00 |  0,0 |1592601034563 |[0.7572915, 0.8749857, 0.32041395, 0.8064724, 0.033461094, 0.0155707, 0.86533296] |[0.0, 1.0, 0.0, 1.0, 1.0, 0.0, 1.0] |
|      f7 | 3 |       2 |    5000 |   50 |  0.25 |standard | sshape3 |      50 |   107.0 |   107.0 |    0,00 |  0,0 |1592601034563 |[0.7572915, 0.8749857, 0.32041395, 0.8064724, 0.033461094, 0.0155707, 0.86533296] |[0.0, 1.0, 0.0, 1.0, 1.0, 0.0, 1.0] |
|      f7 | 4 |       1 |    5000 |   50 |  0.25 |standard | sshape3 |      50 |   107.0 |   107.0 |    0,00 |  0,0 |1592601034563 |[0.5616316, 0.89390767, 0.48367372, 1.0E-12, 0.87257576, 0.44022226, 0.8846277] |[1.0, 1.0, 0.0, 0.0, 0.0, 0.0, 0.0] |
|      f7 | 4 |       2 |    5000 |   50 |  0.25 |standard | sshape3 |      50 |   107.0 |   107.0 |    0,00 |0,0010 |1592601034563 |[0.5616316, 0.89390767, 0.48367372, 1.0E-12, 0.87257576, 0.44022226, 0.8846277] |[1.0, 1.0, 0.0, 0.0, 0.0, 0.0, 0.0] |
|      f7 | 5 |       1 |    5000 |   50 |  0.25 |standard | sshape3 |      50 |   107.0 |   107.0 |    0,00 |  0,0 |1592601034564 |[0.57755095, 0.30377838, 0.2448172, 0.85705245, 0.24151626, 0.37371147, 0.8581763] |[0.0, 0.0, 1.0, 0.0, 0.0, 1.0, 0.0] |
|      f7 | 5 |       2 |    5000 |   50 |  0.25 |standard | sshape3 |      50 |   107.0 |   107.0 |    0,00 |0,0010 |1592601034564 |[0.57755095, 0.30377838, 0.2448172, 0.85705245, 0.24151626, 0.37371147, 0.8581763] |[0.0, 0.0, 1.0, 0.0, 0.0, 1.0, 0.0] |
|      f7 | 6 |       1 |    5000 |   50 |  0.25 |standard | sshape3 |      50 |   107.0 |   107.0 |    0,00 |  0,0 |1592601034565 |[0.8890351, 0.24330194, 0.2122307, 0.73009974, 0.21633622, 0.3261155, 0.7145361] |[0.0, 1.0, 0.0, 1.0, 1.0, 0.0, 1.0] |
|      f7 | 6 |       2 |    5000 |   50 |  0.25 |standard | sshape3 |      50 |   107.0 |   107.0 |    0,00 |  0,0 |1592601034565 |[0.8890351, 0.24330194, 0.2122307, 0.73009974, 0.21633622, 0.3261155, 0.7145361] |[0.0, 1.0, 0.0, 1.0, 1.0, 0.0, 1.0] |
|      f7 | 7 |       1 |    5000 |   50 |  0.25 |standard | sshape3 |      50 |   107.0 |   107.0 |    0,00 |-0,0010 |1592601034566 |[0.3334623, 0.5118254, 0.49843186, 0.52586514, 1.0, 0.88887167, 1.0E-12] |[1.0, 0.0, 0.0, 1.0, 0.0, 0.0, 0.0] |
|      f7 | 7 |       2 |    5000 |   50 |  0.25 |standard | sshape3 |      50 |   107.0 |   107.0 |    0,00 |  0,0 |1592601034566 |[0.3334623, 0.5118254, 0.49843186, 0.52586514, 1.0, 0.88887167, 1.0E-12] |[1.0, 0.0, 0.0, 1.0, 0.0, 0.0, 0.0] |
|      f7 | 8 |       1 |    5000 |   50 |  0.25 |standard | sshape3 |      50 |   107.0 |   107.0 |    0,00 |  0,0 |1592601034566 |[0.7065261, 0.38148594, 0.26582506, 0.54798037, 0.2510612, 0.5577553, 0.99280083] |[1.0, 0.0, 0.0, 1.0, 0.0, 0.0, 0.0] |
|      f7 | 8 |       2 |    5000 |   50 |  0.25 |standard | sshape3 |      50 |   107.0 |   107.0 |    0,00 |0,0010 |1592601034566 |[0.7065261, 0.38148594, 0.26582506, 0.54798037, 0.2510612, 0.5577553, 0.99280083] |[1.0, 0.0, 0.0, 1.0, 0.0, 0.0, 0.0] |
|      f7 | 9 |       1 |    5000 |   50 |  0.25 |standard | sshape3 |      50 |   107.0 |   107.0 |    0,00 |  0,0 |1592601034567 |[0.3943877, 0.49525258, 0.39721814, 1.0, 0.11490967, 0.76947063, 0.35021013] |[0.0, 0.0, 0.0, 1.0, 0.0, 1.0, 1.0] |
|      f7 | 9 |       2 |    5000 |   50 |  0.25 |standard | sshape3 |      50 |   107.0 |   107.0 |    0,00 |0,0010 |1592601034567 |[0.3943877, 0.49525258, 0.39721814, 1.0, 0.11490967, 0.76947063, 0.35021013] |[0.0, 0.0, 0.0, 1.0, 0.0, 1.0, 1.0] |
|      f7 |10 |       1 |    5000 |   50 |  0.25 |standard | sshape3 |      50 |   107.0 |   107.0 |    0,00 |  0,0 |1592601034568 |[0.5223979, 0.43782765, 0.6401056, 0.11796412, 0.11030254, 0.05901964, 0.33526957] |[1.0, 0.0, 0.0, 1.0, 0.0, 0.0, 0.0] |
|      f7 |10 |       2 |    5000 |   50 |  0.25 |standard | sshape3 |      50 |   107.0 |   107.0 |    0,00 |  0,0 |1592601034568 |[0.5223979, 0.43782765, 0.6401056, 0.11796412, 0.11030254, 0.05901964, 0.33526957] |[1.0, 0.0, 0.0, 1.0, 0.0, 0.0, 0.0] |
|      f7 |11 |       1 |    5000 |   50 |  0.25 |standard | sshape3 |      50 |   107.0 |   107.0 |    0,00 |  0,0 |1592601034568 |[0.66217005, 0.9453703, 0.6521035, 0.37635, 0.46441913, 0.31081662, 0.8073369] |[1.0, 0.0, 0.0, 1.0, 0.0, 0.0, 0.0] |
|      f7 |11 |       2 |    5000 |   50 |  0.25 |standard | sshape3 |      50 |   107.0 |   107.0 |    0,00 |0,0010 |1592601034568 |[0.66217005, 0.9453703, 0.6521035, 0.37635, 0.46441913, 0.31081662, 0.8073369] |[1.0, 0.0, 0.0, 1.0, 0.0, 0.0, 0.0] |
|      f7 |12 |       1 |    5000 |   50 |  0.25 |standard | sshape3 |      50 |   107.0 |   107.0 |    0,00 |  0,0 |1592601034569 |[0.8110621, 0.6695173, 0.95366323, 0.28224677, 0.27343357, 0.26147062, 0.33777046] |[0.0, 1.0, 1.0, 0.0, 0.0, 1.0, 0.0] |
|      f7 |12 |       2 |    5000 |   50 |  0.25 |standard | sshape3 |      50 |   107.0 |   107.0 |    0,00 |0,0010 |1592601034569 |[0.8110621, 0.6695173, 0.95366323, 0.28224677, 0.27343357, 0.26147062, 0.33777046] |[0.0, 1.0, 1.0, 0.0, 0.0, 1.0, 0.0] |
|      f7 |13 |       1 |    5000 |   50 |  0.25 |standard | sshape3 |      50 |   107.0 |   107.0 |    0,00 |  0,0 |1592601034570 |[0.70782256, 0.47187704, 0.2620927, 0.89561045, 0.25217834, 0.51347107, 0.27332288] |[1.0, 0.0, 0.0, 1.0, 0.0, 0.0, 0.0] |
|      f7 |13 |       2 |    5000 |   50 |  0.25 |standard | sshape3 |      50 |   107.0 |   107.0 |    0,00 |  0,0 |1592601034570 |[0.70782256, 0.47187704, 0.2620927, 0.89561045, 0.25217834, 0.51347107, 0.27332288] |[1.0, 0.0, 0.0, 1.0, 0.0, 0.0, 0.0] |
|      f7 |14 |       1 |    5000 |   50 |  0.25 |standard | sshape3 |      50 |   107.0 |   107.0 |    0,00 |  0,0 |1592601034570 |[0.5846886, 0.013767481, 0.29540431, 0.60663164, 0.70609087, 0.7526552, 0.46491092] |[0.0, 0.0, 1.0, 0.0, 1.0, 1.0, 1.0] |
|      f7 |14 |       2 |    5000 |   50 |  0.25 |standard | sshape3 |      50 |   107.0 |   107.0 |    0,00 |0,0010 |1592601034570 |[0.5846886, 0.013767481, 0.29540431, 0.60663164, 0.70609087, 0.7526552, 0.46491092] |[0.0, 0.0, 1.0, 0.0, 1.0, 1.0, 1.0] |
|      f7 |15 |       1 |    5000 |   50 |  0.25 |standard | sshape3 |      50 |   107.0 |   107.0 |    0,00 |  0,0 |1592601034571 |[0.9886086, 0.109716296, 0.2833457, 0.8186529, 0.7848377, 0.9221051, 0.87664896] |[1.0, 1.0, 0.0, 0.0, 0.0, 0.0, 0.0] |
|      f7 |15 |       2 |    5000 |   50 |  0.25 |standard | sshape3 |      50 |   107.0 |   107.0 |    0,00 |  0,0 |1592601034571 |[0.9886086, 0.109716296, 0.2833457, 0.8186529, 0.7848377, 0.9221051, 0.87664896] |[1.0, 1.0, 0.0, 0.0, 0.0, 0.0, 0.0] |
