| # | Nest | %Desc |#Iter |Instancia | CapMoch |ValOptmo | BestFit |     RDP | time |      semilla |VectorSolucion |
-------------------------------------------------------------------------------------------------
| 1 |   25 |  0.25 | 2500 |      f2 |     878 |  1024.0 |  1018.0 |    0,59 |-1,6e+09 |1592509794066 |[0.73487425, 0.31813514, 0.6416306, 0.6199177, 0.8277818, 0.48759902, 0.6289077, 0.9610184, 0.49640805, 0.52156264, 0.22639531, 0.4402802, 0.25049692, 0.8338972, 0.22415173, 0.90151596, 0.33110178, 0.59455556, 0.079181135, 0.54981977] |
| 1 |   40 |  0.25 | 2500 |      f2 |     878 |  1024.0 |  1018.0 |    0,59 |  2,9 |1592509794066 |[0.0, 0.0, 0.0, 0.0, 0.0, 0.0, 0.0, 0.0, 0.0, 0.0, 0.0, 0.0, 0.0, 0.0, 0.0, 0.0, 0.0, 0.0, 0.0, 0.0] |
| 2 |   25 |  0.25 | 2500 |      f2 |     878 |  1024.0 |  1018.0 |    0,59 |-0,0010 |1592509796979 |[0.5025788, 0.6458645, 0.9640287, 0.6317211, 0.93538725, 0.49988663, 0.49176502, 0.72797674, 0.048620224, 0.025277257, 0.870328, 0.08350873, 0.7732355, 0.57508796, 0.95388657, 0.5526956, 0.43209213, 0.5738651, 0.65161777, 0.13422096] |
| 2 |   40 |  0.25 | 2500 |      f2 |     878 |  1024.0 |  1018.0 |    0,59 |  2,9 |1592509796979 |[0.0, 0.0, 0.0, 0.0, 0.0, 0.0, 0.0, 0.0, 0.0, 0.0, 0.0, 0.0, 0.0, 0.0, 0.0, 0.0, 0.0, 0.0, 0.0, 0.0] |
| 3 |   25 |  0.25 | 2500 |      f2 |     878 |  1024.0 |  1018.0 |    0,59 |  0,0 |1592509799847 |[0.17823136, 0.7109103, 0.30421472, 0.043625712, 0.6770001, 0.7672392, 0.5213023, 0.4829002, 0.49998242, 0.33769375, 0.3386361, 0.20723408, 0.6400057, 0.59841233, 0.6257126, 0.072794855, 0.80650145, 0.09689063, 0.05117649, 0.33068818] |
| 3 |   40 |  0.25 | 2500 |      f2 |     878 |  1024.0 |  1018.0 |    0,59 |  2,9 |1592509799847 |[0.0, 0.0, 0.0, 0.0, 0.0, 0.0, 0.0, 0.0, 0.0, 0.0, 0.0, 0.0, 0.0, 0.0, 0.0, 0.0, 0.0, 0.0, 0.0, 0.0] |
| 4 |   25 |  0.25 | 2500 |      f2 |     878 |  1024.0 |  1018.0 |    0,59 |-0,0010 |1592509802723 |[0.052223146, 0.33974206, 0.11390233, 0.7478407, 0.86810887, 0.2053175, 0.37515634, 0.17515403, 0.48971057, 0.23320198, 0.3832398, 0.53126454, 0.58502126, 0.4078011, 0.35343528, 0.6979738, 0.5412709, 0.43129998, 0.028257966, 0.46258223] |
| 4 |   40 |  0.25 | 2500 |      f2 |     878 |  1024.0 |  1018.0 |    0,59 |  2,9 |1592509802723 |[0.0, 0.0, 0.0, 0.0, 0.0, 0.0, 0.0, 0.0, 0.0, 0.0, 0.0, 0.0, 0.0, 0.0, 0.0, 0.0, 0.0, 0.0, 0.0, 0.0] |
| 5 |   25 |  0.25 | 2500 |      f2 |     878 |  1024.0 |  1018.0 |    0,59 |  0,0 |1592509805613 |[0.68167686, 0.22322923, 0.5410777, 0.96224505, 0.21005863, 0.51776993, 0.14111298, 0.25600022, 0.75307035, 0.969229, 0.4726578, 0.9096235, 0.5412098, 0.9127152, 0.0056995153, 0.6160177, 0.18642676, 0.9157758, 0.61486167, 0.8267602] |
