| # | Nest | %Desc |#Iter |Instancia | CapMoch |ValOptmo | BestFit |     RDP | time |      semilla |VectorSolucion |
-------------------------------------------------------------------------------------------------
| 1 |   25 |  0.25 | 2500 |      f9 |      80 |   130.0 |   130.0 |    0,00 |-1,6e+09 |1592499271010 |[0.5069228, 0.42252904, 0.94102865, 0.73466897, 0.2953604] |
| 2 |   25 |  0.25 | 2500 |      f9 |      80 |   130.0 |   130.0 |    0,00 |-0,0060 |1592499271017 |[0.28764778, 0.23976034, 0.9610573, 0.73476803, 0.33470803] |
| 3 |   25 |  0.25 | 2500 |      f9 |      80 |   130.0 |   130.0 |    0,00 |  0,0 |1592499271018 |[0.53466713, 0.1273796, 0.4724335, 3.993511E-6, 0.13971496] |
| 4 |   25 |  0.25 | 2500 |      f9 |      80 |   130.0 |   130.0 |    0,00 |-0,0010 |1592499271020 |[0.27904332, 0.50466025, 0.4464715, 0.71510303, 0.921069] |
| 5 |   25 |  0.25 | 2500 |      f9 |      80 |   130.0 |   130.0 |    0,00 |-0,0010 |1592499271021 |[0.34024775, 0.4239164, 0.2795446, 0.15558589, 0.8971049] |
| 6 |   25 |  0.25 | 2500 |      f9 |      80 |   130.0 |   130.0 |    0,00 |-0,0010 |1592499271023 |[0.37566614, 0.3983646, 0.41014212, 0.26817095, 0.5467678] |
| 7 |   25 |  0.25 | 2500 |      f9 |      80 |   130.0 |   130.0 |    0,00 |  0,0 |1592499271024 |[0.4752453, 0.7329475, 0.86388147, 0.9915204, 0.7516784] |
| 8 |   25 |  0.25 | 2500 |      f9 |      80 |   130.0 |   130.0 |    0,00 |-0,0010 |1592499271026 |[0.55941147, 0.9979665, 0.5144187, 0.030910552, 0.24930531] |
| 9 |   25 |  0.25 | 2500 |      f9 |      80 |   130.0 |   130.0 |    0,00 |-0,0010 |1592499271027 |[0.018137753, 0.4264865, 0.01676476, 0.88834095, 0.2216146] |
|10 |   25 |  0.25 | 2500 |      f9 |      80 |   130.0 |   130.0 |    0,00 |  0,0 |1592499271028 |[0.39399683, 0.25049835, 0.69593745, 0.6210673, 0.9964284] |
|11 |   25 |  0.25 | 2500 |      f9 |      80 |   130.0 |   130.0 |    0,00 |-0,0010 |1592499271029 |[0.0120251775, 0.04566431, 0.029274344, 0.37853992, 0.29794645] |
|12 |   25 |  0.25 | 2500 |      f9 |      80 |   130.0 |   130.0 |    0,00 |  0,0 |1592499271029 |[0.60681605, 0.011831164, 0.37710428, 0.76388234, 0.467422] |
|13 |   25 |  0.25 | 2500 |      f9 |      80 |   130.0 |   130.0 |    0,00 |  0,0 |1592499271030 |[0.3344261, 0.4095878, 0.47060525, 0.8673447, 0.736708] |
|14 |   25 |  0.25 | 2500 |      f9 |      80 |   130.0 |   130.0 |    0,00 |  0,0 |1592499271031 |[0.074811995, 0.20976716, 0.9055252, 0.5343017, 0.46048856] |
|15 |   25 |  0.25 | 2500 |      f9 |      80 |   130.0 |   130.0 |    0,00 |  0,0 |1592499271032 |[0.99767774, 0.9452992, 0.5749613, 0.47202665, 0.22604322] |
