| # | Nest | %Desc |#Iter |Instancia | CapMoch |ValOptmo | BestFit |     RDP | time |      semilla |VectorSolucion |
-------------------------------------------------------------------------------------------------
| 1 |   30 |   0.2 | 2500 |      f5 |     375 |481.0694 |   477.0 |    0,85 |-1,6e+09 |1592510564637 |[0.34032208, 0.4094476, 0.97096133, 0.29378438, 0.039381683, 0.73563164, 0.26006824, 0.14920002, 0.19272763, 0.91524935, 0.23782599, 0.9667066, 0.77735025, 0.0684613, 0.72281253] |
| 1 |   30 |  0.45 | 2500 |      f5 |     375 |481.0694 |   477.0 |    0,85 |-1,6e+09 |1592510564637 |[0.34032208, 0.4094476, 0.97096133, 0.29378438, 0.039381683, 0.73563164, 0.26006824, 0.14920002, 0.19272763, 0.91524935, 0.23782599, 0.9667066, 0.77735025, 0.0684613, 0.72281253] |
| 1 |   30 |   0.3 | 2500 |      f5 |     375 |481.0694 |   477.0 |    0,85 |-1,6e+09 |1592510564637 |[0.34032208, 0.4094476, 0.97096133, 0.29378438, 0.039381683, 0.73563164, 0.26006824, 0.14920002, 0.19272763, 0.91524935, 0.23782599, 0.9667066, 0.77735025, 0.0684613, 0.72281253] |
| 1 |   30 |   0.4 | 2500 |      f5 |     375 |481.0694 |   477.0 |    0,85 |-1,6e+09 |1592510564637 |[0.34032208, 0.4094476, 0.97096133, 0.29378438, 0.039381683, 0.73563164, 0.26006824, 0.14920002, 0.19272763, 0.91524935, 0.23782599, 0.9667066, 0.77735025, 0.0684613, 0.72281253] |
| 2 |   30 |   0.2 | 2500 |      f5 |     375 |481.0694 |   477.0 |    0,85 |  0,0 |1592510566328 |[0.25394225, 0.08518547, 0.81489813, 0.42345297, 0.80408967, 0.8312276, 0.75102305, 0.45912784, 0.7857803, 0.9988668, 0.45933622, 0.5567587, 0.972098, 0.30675954, 0.84009784] |
| 2 |   30 |  0.45 | 2500 |      f5 |     375 |481.0694 |   477.0 |    0,85 |  0,0 |1592510566328 |[0.25394225, 0.08518547, 0.81489813, 0.42345297, 0.80408967, 0.8312276, 0.75102305, 0.45912784, 0.7857803, 0.9988668, 0.45933622, 0.5567587, 0.972098, 0.30675954, 0.84009784] |
| 2 |   30 |   0.3 | 2500 |      f5 |     375 |481.0694 |   477.0 |    0,85 |  0,0 |1592510566328 |[0.25394225, 0.08518547, 0.81489813, 0.42345297, 0.80408967, 0.8312276, 0.75102305, 0.45912784, 0.7857803, 0.9988668, 0.45933622, 0.5567587, 0.972098, 0.30675954, 0.84009784] |
| 2 |   30 |0.36666667 | 2500 |      f5 |     375 |481.0694 |   477.0 |    0,85 |  0,0 |1592510566328 |[0.25394225, 0.08518547, 0.81489813, 0.42345297, 0.80408967, 0.8312276, 0.75102305, 0.45912784, 0.7857803, 0.9988668, 0.45933622, 0.5567587, 0.972098, 0.30675954, 0.84009784] |
| 3 |   30 |  0.32 | 2500 |      f5 |     375 |481.0694 |   477.0 |    0,85 |  0,0 |1592510568001 |[0.5546184, 0.93572783, 0.5106935, 0.1755228, 0.37305653, 0.72766846, 0.57802916, 0.015650392, 0.24392259, 0.44166517, 0.45572126, 0.8873781, 0.050525248, 0.71999896, 0.8301132] |
| 3 |   30 |  0.45 | 2500 |      f5 |     375 |481.0694 |   477.0 |    0,85 |  0,0 |1592510568001 |[0.5546184, 0.93572783, 0.5106935, 0.1755228, 0.37305653, 0.72766846, 0.57802916, 0.015650392, 0.24392259, 0.44166517, 0.45572126, 0.8873781, 0.050525248, 0.71999896, 0.8301132] |
| 3 |   30 |0.36666667 | 2500 |      f5 |     375 |481.0694 |   477.0 |    0,85 |  0,0 |1592510568001 |[0.936059, 0.030077875, 0.036872864, 0.33684105, 0.6052997, 0.91347736, 0.6238671, 0.55671704, 0.9882638, 0.6292598, 0.38408476, 0.17521524, 0.00587517, 0.04415524, 0.9493192] |
| 3 |   30 |0.33333334 | 2500 |      f5 |     375 |481.0694 |   477.0 |    0,85 |  0,0 |1592510568001 |[0.936059, 0.030077875, 0.036872864, 0.33684105, 0.6052997, 0.91347736, 0.6238671, 0.55671704, 0.9882638, 0.6292598, 0.38408476, 0.17521524, 0.00587517, 0.04415524, 0.9493192] |
| 4 |   30 |   0.4 | 2500 |      f5 |     375 |481.0694 |   477.0 |    0,85 |-0,0010 |1592510569690 |[0.8470059, 0.24795097, 0.47766382, 0.55244344, 0.31931967, 0.50777173, 0.8375994, 0.93410033, 0.9651689, 0.6247118, 0.7382494, 0.20032203, 0.2032159, 0.17347187, 0.38139206] |
| 4 |   30 |  0.45 | 2500 |      f5 |     375 |481.0694 |   477.0 |    0,85 |-0,0010 |1592510569690 |[0.8470059, 0.24795097, 0.47766382, 0.55244344, 0.31931967, 0.50777173, 0.8375994, 0.93410033, 0.9651689, 0.6247118, 0.7382494, 0.20032203, 0.2032159, 0.17347187, 0.38139206] |
| 4 |   30 |0.43333334 | 2500 |      f5 |     375 |481.0694 |   477.0 |    0,85 |-0,0010 |1592510569690 |[0.8470059, 0.24795097, 0.47766382, 0.55244344, 0.31931967, 0.50777173, 0.8375994, 0.93410033, 0.9651689, 0.6247118, 0.7382494, 0.20032203, 0.2032159, 0.17347187, 0.38139206] |
| 4 |   30 |0.36666667 | 2500 |      f5 |     375 |481.0694 |   477.0 |    0,85 |-0,0010 |1592510569690 |[0.8470059, 0.24795097, 0.47766382, 0.55244344, 0.31931967, 0.50777173, 0.8375994, 0.93410033, 0.9651689, 0.6247118, 0.7382494, 0.20032203, 0.2032159, 0.17347187, 0.38139206] |
| 5 |   30 |  0.45 | 2500 |      f5 |     375 |481.0694 |   477.0 |    0,85 |  0,0 |1592510571382 |[0.517236, 0.11596537, 0.74778354, 0.64417213, 0.41395485, 0.3157941, 0.7721337, 0.15576631, 0.46340644, 0.33238858, 0.55566126, 0.9141806, 0.5914782, 0.9196741, 0.020554781] |
| 5 |   30 |  0.45 | 2500 |      f5 |     375 |481.0694 |   477.0 |    0,85 |  0,0 |1592510571382 |[0.517236, 0.11596537, 0.74778354, 0.64417213, 0.41395485, 0.3157941, 0.7721337, 0.15576631, 0.46340644, 0.33238858, 0.55566126, 0.9141806, 0.5914782, 0.9196741, 0.020554781] |
| 5 |   30 |   0.4 | 2500 |      f5 |     375 |481.0694 |   477.0 |    0,85 |  0,0 |1592510571382 |[0.517236, 0.11596537, 0.74778354, 0.64417213, 0.41395485, 0.3157941, 0.7721337, 0.15576631, 0.46340644, 0.33238858, 0.55566126, 0.9141806, 0.5914782, 0.9196741, 0.020554781] |
| 5 |   30 |0.23333333 | 2500 |      f5 |     375 |481.0694 |   477.0 |    0,85 |  0,0 |1592510571382 |[0.517236, 0.11596537, 0.74778354, 0.64417213, 0.41395485, 0.3157941, 0.7721337, 0.15576631, 0.46340644, 0.33238858, 0.55566126, 0.9141806, 0.5914782, 0.9196741, 0.020554781] |
| 6 |   30 |  0.36 | 2500 |      f5 |     375 |481.0694 |   477.0 |    0,85 |  0,0 |1592510573032 |[0.92601705, 0.013283014, 0.024195552, 0.13156736, 0.93110347, 0.31487906, 0.4782197, 0.95100856, 0.35181773, 0.34257382, 0.34169823, 0.85839003, 0.2207253, 0.7809447, 0.065152645] |
| 6 |   30 |  0.45 | 2500 |      f5 |     375 |481.0694 |   477.0 |    0,85 |  0,0 |1592510573032 |[0.92601705, 0.013283014, 0.024195552, 0.13156736, 0.93110347, 0.31487906, 0.4782197, 0.95100856, 0.35181773, 0.34257382, 0.34169823, 0.85839003, 0.2207253, 0.7809447, 0.065152645] |
| 6 |   30 |   0.4 | 2500 |      f5 |     375 |481.0694 |   477.0 |    0,85 |  0,0 |1592510573032 |[0.97672826, 0.6327831, 0.6258252, 0.42283964, 0.19312972, 0.15366125, 0.5241315, 0.4954934, 0.23538268, 0.29532456, 0.69912523, 0.74336314, 0.48666, 0.9450039, 0.15140098] |
| 6 |   30 |0.26666668 | 2500 |      f5 |     375 |481.0694 |   477.0 |    0,85 |  0,0 |1592510573032 |[0.97672826, 0.6327831, 0.6258252, 0.42283964, 0.19312972, 0.15366125, 0.5241315, 0.4954934, 0.23538268, 0.29532456, 0.69912523, 0.74336314, 0.48666, 0.9450039, 0.15140098] |
| 7 |   30 |  0.36 | 2500 |      f5 |     375 |481.0694 |   477.0 |    0,85 |-0,0010 |1592510574675 |[0.37455565, 0.37307006, 0.52210516, 0.651257, 0.6404546, 0.6470112, 0.054128766, 0.8035709, 0.012425184, 0.99430513, 0.63506824, 0.26587301, 0.2504362, 0.4670545, 0.89422405] |
| 7 |   30 |  0.45 | 2500 |      f5 |     375 |481.0694 |   477.0 |    0,85 |-0,0010 |1592510574675 |[0.37455565, 0.37307006, 0.52210516, 0.651257, 0.6404546, 0.6470112, 0.054128766, 0.8035709, 0.012425184, 0.99430513, 0.63506824, 0.26587301, 0.2504362, 0.4670545, 0.89422405] |
| 7 |   30 |0.36666667 | 2500 |      f5 |     375 |481.0694 |   477.0 |    0,85 |-0,0010 |1592510574675 |[0.46623522, 0.59322023, 0.46268117, 0.57995737, 0.6075493, 0.3057633, 0.33211517, 0.54286045, 0.3126688, 0.3657546, 0.20171785, 0.26834643, 0.32889038, 0.955716, 0.5574346] |
| 7 |   30 |   0.3 | 2500 |      f5 |     375 |481.0694 |   477.0 |    0,85 |-0,0010 |1592510574675 |[0.46623522, 0.59322023, 0.46268117, 0.57995737, 0.6075493, 0.3057633, 0.33211517, 0.54286045, 0.3126688, 0.3657546, 0.20171785, 0.26834643, 0.32889038, 0.955716, 0.5574346] |
| 8 |   30 |  0.32 | 2500 |      f5 |     375 |481.0694 |   477.0 |    0,85 |  0,0 |1592510576357 |[0.39122647, 0.7211159, 0.20542032, 0.04006964, 0.082116246, 0.045243382, 0.085850894, 0.3556552, 0.48138762, 0.8103653, 0.56007963, 0.8001731, 0.9481339, 0.56921273, 0.69595903] |
| 8 |   30 |  0.45 | 2500 |      f5 |     375 |481.0694 |   477.0 |    0,85 |  0,0 |1592510576357 |[0.39122647, 0.7211159, 0.20542032, 0.04006964, 0.082116246, 0.045243382, 0.085850894, 0.3556552, 0.48138762, 0.8103653, 0.56007963, 0.8001731, 0.9481339, 0.56921273, 0.69595903] |
| 8 |   30 |0.36666667 | 2500 |      f5 |     375 |481.0694 |   477.0 |    0,85 |  0,0 |1592510576357 |[0.39122647, 0.7211159, 0.20542032, 0.04006964, 0.082116246, 0.045243382, 0.085850894, 0.3556552, 0.48138762, 0.8103653, 0.56007963, 0.8001731, 0.9481339, 0.56921273, 0.69595903] |
| 8 |   30 |0.33333334 | 2500 |      f5 |     375 |481.0694 |   477.0 |    0,85 |  0,0 |1592510576357 |[0.39122647, 0.7211159, 0.20542032, 0.04006964, 0.082116246, 0.045243382, 0.085850894, 0.3556552, 0.48138762, 0.8103653, 0.56007963, 0.8001731, 0.9481339, 0.56921273, 0.69595903] |
| 9 |   30 |  0.28 | 2500 |      f5 |     375 |481.0694 |   477.0 |    0,85 |-0,0010 |1592510578001 |[0.34338945, 0.28531373, 0.74410176, 0.81063765, 0.8280917, 0.5734888, 0.43526578, 0.046917856, 0.31030387, 0.3790838, 0.6081699, 0.8813343, 0.4379732, 0.522641, 0.2701714] |
| 9 |   30 |  0.45 | 2500 |      f5 |     375 |481.0694 |   477.0 |    0,85 |-0,0010 |1592510578001 |[0.34338945, 0.28531373, 0.74410176, 0.81063765, 0.8280917, 0.5734888, 0.43526578, 0.046917856, 0.31030387, 0.3790838, 0.6081699, 0.8813343, 0.4379732, 0.522641, 0.2701714] |
| 9 |   30 |  0.45 | 2500 |      f5 |     375 |481.0694 |   477.0 |    0,85 |-0,0010 |1592510578001 |[0.34338945, 0.28531373, 0.74410176, 0.81063765, 0.8280917, 0.5734888, 0.43526578, 0.046917856, 0.31030387, 0.3790838, 0.6081699, 0.8813343, 0.4379732, 0.522641, 0.2701714] |
| 9 |   30 |0.36666667 | 2500 |      f5 |     375 |481.0694 |   477.0 |    0,85 |-0,0010 |1592510578001 |[0.34338945, 0.28531373, 0.74410176, 0.81063765, 0.8280917, 0.5734888, 0.43526578, 0.046917856, 0.31030387, 0.3790838, 0.6081699, 0.8813343, 0.4379732, 0.522641, 0.2701714] |
|10 |   30 |   0.4 | 2500 |      f5 |     375 |481.0694 |   477.0 |    0,85 |  0,0 |1592510579657 |[0.78806686, 0.7876253, 0.3008318, 0.9967905, 0.20701104, 0.2412923, 0.42079765, 0.55968547, 0.1626364, 0.43327546, 0.99898756, 0.84595543, 0.95131046, 0.8625452, 0.68407243] |
|10 |   30 |  0.45 | 2500 |      f5 |     375 |481.0694 |   477.0 |    0,85 |  0,0 |1592510579657 |[0.78806686, 0.7876253, 0.3008318, 0.9967905, 0.20701104, 0.2412923, 0.42079765, 0.55968547, 0.1626364, 0.43327546, 0.99898756, 0.84595543, 0.95131046, 0.8625452, 0.68407243] |
|10 |   30 |   0.4 | 2500 |      f5 |     375 |481.0694 |   477.0 |    0,85 |  0,0 |1592510579657 |[0.95987356, 0.33294505, 0.60597575, 0.6919968, 0.43511635, 0.40588123, 0.9978932, 0.28306144, 0.9752794, 0.07550585, 0.056658983, 0.81478304, 0.6302696, 0.68185437, 0.78007483] |
|10 |   30 |0.33333334 | 2500 |      f5 |     375 |481.0694 |   477.0 |    0,85 |  0,0 |1592510579657 |[0.95987356, 0.33294505, 0.60597575, 0.6919968, 0.43511635, 0.40588123, 0.9978932, 0.28306144, 0.9752794, 0.07550585, 0.056658983, 0.81478304, 0.6302696, 0.68185437, 0.78007483] |
|11 |   30 |  0.36 | 2500 |      f5 |     375 |481.0694 |   477.0 |    0,85 |-0,0010 |1592510581307 |[0.9904938, 0.6176945, 0.31326056, 0.07335782, 0.3954208, 0.03820592, 0.8221046, 0.8229382, 0.80871797, 0.55295366, 0.4137888, 0.32033968, 0.7999022, 0.008820355, 0.7329147] |
|11 |   30 |  0.45 | 2500 |      f5 |     375 |481.0694 |   477.0 |    0,85 |-0,0010 |1592510581307 |[0.9904938, 0.6176945, 0.31326056, 0.07335782, 0.3954208, 0.03820592, 0.8221046, 0.8229382, 0.80871797, 0.55295366, 0.4137888, 0.32033968, 0.7999022, 0.008820355, 0.7329147] |
|11 |   30 |0.36666667 | 2500 |      f5 |     375 |481.0694 |   477.0 |    0,85 |-0,0010 |1592510581307 |[0.9904938, 0.6176945, 0.31326056, 0.07335782, 0.3954208, 0.03820592, 0.8221046, 0.8229382, 0.80871797, 0.55295366, 0.4137888, 0.32033968, 0.7999022, 0.008820355, 0.7329147] |
|11 |   30 |0.33333334 | 2500 |      f5 |     375 |481.0694 |   477.0 |    0,85 |-0,0010 |1592510581307 |[0.9904938, 0.6176945, 0.31326056, 0.07335782, 0.3954208, 0.03820592, 0.8221046, 0.8229382, 0.80871797, 0.55295366, 0.4137888, 0.32033968, 0.7999022, 0.008820355, 0.7329147] |
|12 |   30 |  0.32 | 2500 |      f5 |     375 |481.0694 |   477.0 |    0,85 |  0,0 |1592510582959 |[0.12579334, 0.9040213, 0.55640537, 0.26152778, 0.4018376, 0.5873741, 0.14019102, 0.42155564, 0.06646901, 0.49866992, 0.4771878, 0.23282766, 0.68081737, 0.5589828, 0.46978962] |
|12 |   30 |  0.45 | 2500 |      f5 |     375 |481.0694 |   477.0 |    0,85 |  0,0 |1592510582959 |[0.12579334, 0.9040213, 0.55640537, 0.26152778, 0.4018376, 0.5873741, 0.14019102, 0.42155564, 0.06646901, 0.49866992, 0.4771878, 0.23282766, 0.68081737, 0.5589828, 0.46978962] |
|12 |   30 |   0.3 | 2500 |      f5 |     375 |481.0694 |   477.0 |    0,85 |  0,0 |1592510582959 |[0.12579334, 0.9040213, 0.55640537, 0.26152778, 0.4018376, 0.5873741, 0.14019102, 0.42155564, 0.06646901, 0.49866992, 0.4771878, 0.23282766, 0.68081737, 0.5589828, 0.46978962] |
|12 |   30 |0.36666667 | 2500 |      f5 |     375 |481.0694 |   477.0 |    0,85 |  0,0 |1592510582959 |[0.12579334, 0.9040213, 0.55640537, 0.26152778, 0.4018376, 0.5873741, 0.14019102, 0.42155564, 0.06646901, 0.49866992, 0.4771878, 0.23282766, 0.68081737, 0.5589828, 0.46978962] |
|13 |   30 |  0.28 | 2500 |      f5 |     375 |481.0694 |   477.0 |    0,85 |  0,0 |1592510584602 |[0.039818883, 0.74236053, 0.26636505, 0.012252033, 0.78080547, 0.22186637, 0.9548341, 0.032794237, 0.302433, 0.34572947, 0.43082756, 0.92886704, 0.72799337, 0.091252685, 0.92930573] |
|13 |   30 |  0.45 | 2500 |      f5 |     375 |481.0694 |   477.0 |    0,85 |  0,0 |1592510584602 |[0.039818883, 0.74236053, 0.26636505, 0.012252033, 0.78080547, 0.22186637, 0.9548341, 0.032794237, 0.302433, 0.34572947, 0.43082756, 0.92886704, 0.72799337, 0.091252685, 0.92930573] |
|13 |   30 |0.33333334 | 2500 |      f5 |     375 |481.0694 |   477.0 |    0,85 |  0,0 |1592510584602 |[0.039818883, 0.74236053, 0.26636505, 0.012252033, 0.78080547, 0.22186637, 0.9548341, 0.032794237, 0.302433, 0.34572947, 0.43082756, 0.92886704, 0.72799337, 0.091252685, 0.92930573] |
|13 |   30 |  0.45 | 2500 |      f5 |     375 |481.0694 |   477.0 |    0,85 |  0,0 |1592510584602 |[0.6170722, 0.15298003, 0.8008809, 0.6069331, 0.97742593, 0.7701894, 0.20270127, 0.9262977, 0.47219217, 0.4937479, 0.86914784, 0.32664132, 0.11592275, 0.871435, 0.83781874] |
|14 |   30 |  0.45 | 2500 |      f5 |     375 |481.0694 |   477.0 |    0,85 |-0,0010 |1592510586251 |[0.8572615, 0.6476349, 0.8843515, 0.015606999, 0.6445359, 0.16293359, 0.8932106, 0.010024607, 0.8546031, 0.9387209, 0.61730605, 0.22071713, 0.32127327, 0.3600396, 0.42421657] |
|14 |   30 |  0.45 | 2500 |      f5 |     375 |481.0694 |   477.0 |    0,85 |-0,0010 |1592510586251 |[0.8572615, 0.6476349, 0.8843515, 0.015606999, 0.6445359, 0.16293359, 0.8932106, 0.010024607, 0.8546031, 0.9387209, 0.61730605, 0.22071713, 0.32127327, 0.3600396, 0.42421657] |
|14 |   30 |  0.45 | 2500 |      f5 |     375 |481.0694 |   477.0 |    0,85 |-0,0010 |1592510586251 |[0.8572615, 0.6476349, 0.8843515, 0.015606999, 0.6445359, 0.16293359, 0.8932106, 0.010024607, 0.8546031, 0.9387209, 0.61730605, 0.22071713, 0.32127327, 0.3600396, 0.42421657] |
|14 |   30 |0.43333334 | 2500 |      f5 |     375 |481.0694 |   477.0 |    0,85 |-0,0010 |1592510586251 |[0.8572615, 0.6476349, 0.8843515, 0.015606999, 0.6445359, 0.16293359, 0.8932106, 0.010024607, 0.8546031, 0.9387209, 0.61730605, 0.22071713, 0.32127327, 0.3600396, 0.42421657] |
|15 |   30 |  0.36 | 2500 |      f5 |     375 |481.0694 |   477.0 |    0,85 |  0,0 |1592510587909 |[0.35303897, 0.24903, 0.95301944, 0.110961914, 0.5537272, 0.685694, 0.06889486, 0.08310783, 0.1147576, 0.03179103, 0.15423608, 0.5309002, 0.5821755, 0.19641411, 0.35411972] |
|15 |   30 |  0.45 | 2500 |      f5 |     375 |481.0694 |   477.0 |    0,85 |  0,0 |1592510587909 |[0.35303897, 0.24903, 0.95301944, 0.110961914, 0.5537272, 0.685694, 0.06889486, 0.08310783, 0.1147576, 0.03179103, 0.15423608, 0.5309002, 0.5821755, 0.19641411, 0.35411972] |
|15 |   30 |   0.2 | 2500 |      f5 |     375 |481.0694 |   477.0 |    0,85 |  0,0 |1592510587909 |[0.94063777, 0.26189512, 0.58564246, 0.91599256, 0.37282753, 0.6630671, 0.10794681, 0.16929626, 0.14483726, 0.899544, 0.123768866, 0.6214717, 0.6844493, 0.33435953, 0.73923105] |
|15 |   30 |0.23333333 | 2500 |      f5 |     375 |481.0694 |   477.0 |    0,85 |  0,0 |1592510587909 |[0.94063777, 0.26189512, 0.58564246, 0.91599256, 0.37282753, 0.6630671, 0.10794681, 0.16929626, 0.14483726, 0.899544, 0.123768866, 0.6214717, 0.6844493, 0.33435953, 0.73923105] |
