| # | Nest | %Desc |#Iter |Instancia | CapMoch |ValOptmo | BestFit |     RDP | time |      semilla |VectorSolucion |
-------------------------------------------------------------------------------------------------
| 1 |   50 |  0.25 | 5000 |      f9 |      80 |   130.0 |   130.0 |    0,00 |-1,6e+09 |1592521715177 |[0.60253817, 0.6774277, 0.635827, 0.8265606, 0.676909] |
| 1 |   50 |  0.25 | 5000 |      f9 |      80 |   130.0 |   130.0 |    0,00 |0,0010 |1592521715177 |[0.60253817, 0.6774277, 0.635827, 0.8265606, 0.676909] |
| 2 |   50 |  0.25 | 5000 |      f9 |      80 |   130.0 |   130.0 |    0,00 |  0,0 |1592521715178 |[0.9288427, 0.7483627, 0.007861137, 0.5072976, 0.66060567] |
| 2 |   50 |  0.25 | 5000 |      f9 |      80 |   130.0 |   130.0 |    0,00 |0,0010 |1592521715178 |[0.9288427, 0.7483627, 0.007861137, 0.5072976, 0.66060567] |
| 3 |   50 |  0.25 | 5000 |      f9 |      80 |   130.0 |   130.0 |    0,00 |  0,0 |1592521715179 |[0.28105384, 0.856297, 0.35901237, 0.6435248, 0.70115113] |
| 3 |   50 |  0.25 | 5000 |      f9 |      80 |   130.0 |   130.0 |    0,00 |0,0010 |1592521715179 |[0.28105384, 0.856297, 0.35901237, 0.6435248, 0.70115113] |
| 4 |   50 |  0.25 | 5000 |      f9 |      80 |   130.0 |   130.0 |    0,00 |  0,0 |1592521715180 |[0.9519344, 0.79274607, 0.2050265, 0.2979288, 0.17358434] |
| 4 |   50 |  0.25 | 5000 |      f9 |      80 |   130.0 |   130.0 |    0,00 |  0,0 |1592521715180 |[0.9519344, 0.79274607, 0.2050265, 0.2979288, 0.17358434] |
| 5 |   50 |  0.25 | 5000 |      f9 |      80 |   130.0 |   130.0 |    0,00 |  0,0 |1592521715180 |[0.16494703, 0.50357836, 0.52604586, 0.4338336, 0.32611322] |
| 5 |   50 |  0.25 | 5000 |      f9 |      80 |   130.0 |   130.0 |    0,00 |0,0010 |1592521715180 |[0.16494703, 0.50357836, 0.52604586, 0.4338336, 0.32611322] |
| 6 |   50 |  0.25 | 5000 |      f9 |      80 |   130.0 |   130.0 |    0,00 |  0,0 |1592521715181 |[0.30908573, 0.01986581, 0.09749913, 0.8444495, 0.7783806] |
| 6 |   50 |  0.25 | 5000 |      f9 |      80 |   130.0 |   130.0 |    0,00 |0,0010 |1592521715181 |[0.30908573, 0.01986581, 0.09749913, 0.8444495, 0.7783806] |
| 7 |   50 |  0.25 | 5000 |      f9 |      80 |   130.0 |   130.0 |    0,00 |  0,0 |1592521715182 |[0.4701482, 0.39873135, 0.94838554, 0.67168283, 0.12309152] |
| 7 |   50 |  0.25 | 5000 |      f9 |      80 |   130.0 |   130.0 |    0,00 |  0,0 |1592521715182 |[0.4701482, 0.39873135, 0.94838554, 0.67168283, 0.12309152] |
| 8 |   50 |  0.25 | 5000 |      f9 |      80 |   130.0 |   130.0 |    0,00 |-0,0010 |1592521715183 |[0.6704518, 0.40079492, 0.1905663, 0.7566813, 0.4001422] |
| 8 |   50 |  0.25 | 5000 |      f9 |      80 |   130.0 |   130.0 |    0,00 |  0,0 |1592521715183 |[0.6704518, 0.40079492, 0.1905663, 0.7566813, 0.4001422] |
| 9 |   50 |  0.25 | 5000 |      f9 |      80 |   130.0 |   130.0 |    0,00 |  0,0 |1592521715183 |[0.31665742, 0.79534906, 0.768593, 0.3867944, 0.6805962] |
| 9 |   50 |  0.25 | 5000 |      f9 |      80 |   130.0 |   130.0 |    0,00 |0,0010 |1592521715183 |[0.31665742, 0.79534906, 0.768593, 0.3867944, 0.6805962] |
|10 |   50 |  0.25 | 5000 |      f9 |      80 |   130.0 |   130.0 |    0,00 |  0,0 |1592521715184 |[0.85798967, 0.61361706, 0.07900143, 0.7384672, 0.6983282] |
|10 |   50 |  0.25 | 5000 |      f9 |      80 |   130.0 |   130.0 |    0,00 |0,0010 |1592521715184 |[0.85798967, 0.61361706, 0.07900143, 0.7384672, 0.6983282] |
|11 |   50 |  0.25 | 5000 |      f9 |      80 |   130.0 |   130.0 |    0,00 |  0,0 |1592521715185 |[0.33770448, 0.79452693, 0.18888617, 0.38597333, 0.53906506] |
|11 |   50 |  0.25 | 5000 |      f9 |      80 |   130.0 |   130.0 |    0,00 |  0,0 |1592521715185 |[0.33770448, 0.79452693, 0.18888617, 0.38597333, 0.53906506] |
|12 |   50 |  0.25 | 5000 |      f9 |      80 |   130.0 |   130.0 |    0,00 |  0,0 |1592521715185 |[0.20525837, 0.9971824, 0.5745184, 0.27375424, 0.15435863] |
|12 |   50 |  0.25 | 5000 |      f9 |      80 |   130.0 |   130.0 |    0,00 |0,0010 |1592521715185 |[0.20525837, 0.9971824, 0.5745184, 0.27375424, 0.15435863] |
|13 |   50 |  0.25 | 5000 |      f9 |      80 |   130.0 |   130.0 |    0,00 |  0,0 |1592521715186 |[0.4199735, 0.5002711, 0.4196999, 0.79745954, 0.24637336] |
|13 |   50 |  0.25 | 5000 |      f9 |      80 |   130.0 |   130.0 |    0,00 |0,0010 |1592521715186 |[0.4199735, 0.5002711, 0.4196999, 0.79745954, 0.24637336] |
|14 |   50 |  0.25 | 5000 |      f9 |      80 |   130.0 |   130.0 |    0,00 |  0,0 |1592521715187 |[0.22573149, 0.41439962, 0.31499243, 0.43412596, 0.779846] |
|14 |   50 |  0.25 | 5000 |      f9 |      80 |   130.0 |   130.0 |    0,00 |  0,0 |1592521715187 |[0.22573149, 0.41439962, 0.31499243, 0.43412596, 0.779846] |
|15 |   50 |  0.25 | 5000 |      f9 |      80 |   130.0 |   130.0 |    0,00 |-0,0010 |1592521715188 |[0.6165807, 0.22260451, 0.58527404, 0.24907589, 0.8631306] |
|15 |   50 |  0.25 | 5000 |      f9 |      80 |   130.0 |   130.0 |    0,00 |  0,0 |1592521715188 |[0.6165807, 0.22260451, 0.58527404, 0.24907589, 0.8631306] |
