| # | Nest | %Desc |#Iter |Instancia | CapMoch |ValOptmo | BestFit |     RDP | time |      semilla |VectorSolucion |
-------------------------------------------------------------------------------------------------
| 1 |   25 |  0.25 | 2500 |      f3 |      20 |    35.0 |    35.0 |    0,00 |-1,6e+09 |1592499288668 |[0.037014127, 0.8593136, 0.82089406, 0.79514456] |
| 2 |   25 |  0.25 | 2500 |      f3 |      20 |    35.0 |    35.0 |    0,00 |-0,0010 |1592499288671 |[0.5531143, 0.3543566, 0.7087373, 0.1329549] |
| 3 |   25 |  0.25 | 2500 |      f3 |      20 |    35.0 |    35.0 |    0,00 |-0,0020 |1592499288677 |[0.71779954, 0.49093586, 0.78593063, 0.84555507] |
| 4 |   25 |  0.25 | 2500 |      f3 |      20 |    35.0 |    35.0 |    0,00 |-0,0010 |1592499288679 |[0.4084797, 0.9184924, 0.8744709, 0.16233599] |
| 5 |   25 |  0.25 | 2500 |      f3 |      20 |    35.0 |    35.0 |    0,00 |-0,0010 |1592499288681 |[0.5268314, 0.041321695, 0.20228577, 0.18138564] |
| 6 |   25 |  0.25 | 2500 |      f3 |      20 |    35.0 |    35.0 |    0,00 |-0,0010 |1592499288684 |[0.44123495, 0.40366668, 0.57545614, 0.24328417] |
| 7 |   25 |  0.25 | 2500 |      f3 |      20 |    35.0 |    35.0 |    0,00 |-0,0010 |1592499288686 |[0.7930677, 0.9493236, 0.16999394, 0.29918844] |
| 8 |   25 |  0.25 | 2500 |      f3 |      20 |    35.0 |    35.0 |    0,00 |-0,0010 |1592499288688 |[0.041646063, 0.017651021, 0.83965164, 0.9236735] |
| 9 |   25 |  0.25 | 2500 |      f3 |      20 |    35.0 |    35.0 |    0,00 |-0,0010 |1592499288689 |[0.10898, 0.098287344, 0.7530491, 0.4496311] |
|10 |   25 |  0.25 | 2500 |      f3 |      20 |    35.0 |    35.0 |    0,00 |  0,0 |1592499288691 |[0.35044897, 0.9955048, 0.9717888, 0.06265706] |
|11 |   25 |  0.25 | 2500 |      f3 |      20 |    35.0 |    35.0 |    0,00 |-0,0010 |1592499288693 |[0.86283356, 0.021061659, 0.8893972, 0.5460524] |
|12 |   25 |  0.25 | 2500 |      f3 |      20 |    35.0 |    35.0 |    0,00 |  0,0 |1592499288694 |[0.87623674, 0.9821569, 0.70055455, 0.16940278] |
|13 |   25 |  0.25 | 2500 |      f3 |      20 |    35.0 |    35.0 |    0,00 |-0,0010 |1592499288696 |[0.8234323, 0.46772808, 0.12834477, 0.625142] |
|14 |   25 |  0.25 | 2500 |      f3 |      20 |    35.0 |    35.0 |    0,00 |  0,0 |1592499288697 |[0.58194715, 0.91966116, 0.2729001, 0.89370805] |
|15 |   25 |  0.25 | 2500 |      f3 |      20 |    35.0 |    35.0 |    0,00 |  0,0 |1592499288698 |[0.44622236, 0.2659104, 0.74414676, 0.67121255] |
