| # | Nest | %Desc |#Iter |Instancia | CapMoch |ValOptmo | BestFit |     RDP | time |      semilla |VectorSolucion |
-------------------------------------------------------------------------------------------------
| 1 |   75 |0.34285715 | 5000 |      f2 |     878 |  1024.0 |  1018.0 |    0,59 |-1,6e+09 |1592512601813 |[0.3404346, 0.188074, 0.20919085, 0.82317555, 0.9524652, 0.23088837, 0.15724462, 0.6320094, 0.37266237, 0.17805898, 0.28434682, 0.66139233, 0.024495602, 0.98196715, 0.047634244, 0.9712088, 0.48884237, 0.8392819, 0.024646223, 0.39197892] |
| 1 |   75 |  0.45 | 5000 |      f2 |     878 |  1024.0 |  1018.0 |    0,59 |-1,6e+09 |1592512601813 |[0.3404346, 0.188074, 0.20919085, 0.82317555, 0.9524652, 0.23088837, 0.15724462, 0.6320094, 0.37266237, 0.17805898, 0.28434682, 0.66139233, 0.024495602, 0.98196715, 0.047634244, 0.9712088, 0.48884237, 0.8392819, 0.024646223, 0.39197892] |
| 2 |   75 |0.44285715 | 5000 |      f2 |     878 |  1024.0 |  1018.0 |    0,59 |-0,0010 |1592512612806 |[0.022361338, 0.87221956, 0.3411551, 0.7301442, 0.53346115, 0.6221425, 0.8923772, 0.33956778, 0.6741865, 0.27918202, 0.14660656, 0.4053623, 0.6144596, 0.25648326, 0.22195685, 0.12830645, 0.59218305, 0.8479775, 0.32418233, 0.27149385] |
| 2 |   75 |  0.45 | 5000 |      f2 |     878 |  1024.0 |  1018.0 |    0,59 |-0,0010 |1592512612806 |[0.022361338, 0.87221956, 0.3411551, 0.7301442, 0.53346115, 0.6221425, 0.8923772, 0.33956778, 0.6741865, 0.27918202, 0.14660656, 0.4053623, 0.6144596, 0.25648326, 0.22195685, 0.12830645, 0.59218305, 0.8479775, 0.32418233, 0.27149385] |
| 3 |   75 |0.3857143 | 5000 |      f2 |     878 |  1024.0 |  1018.0 |    0,59 |  0,0 |1592512623831 |[0.15906316, 0.92142004, 0.95717037, 0.17595404, 0.08956444, 0.91747105, 0.009857118, 0.5826021, 0.68477476, 0.81711566, 0.8424123, 0.61822206, 0.0079600215, 0.47364378, 0.04443127, 0.15756708, 0.7363652, 0.73010635, 0.15792376, 0.19577503] |
| 3 |   75 |  0.45 | 5000 |      f2 |     878 |  1024.0 |  1018.0 |    0,59 |  0,0 |1592512623831 |[0.15906316, 0.92142004, 0.95717037, 0.17595404, 0.08956444, 0.91747105, 0.009857118, 0.5826021, 0.68477476, 0.81711566, 0.8424123, 0.61822206, 0.0079600215, 0.47364378, 0.04443127, 0.15756708, 0.7363652, 0.73010635, 0.15792376, 0.19577503] |
| 4 |   75 |0.44285715 | 5000 |      f2 |     878 |  1024.0 |  1018.0 |    0,59 |-0,0010 |1592512634806 |[0.31004125, 0.60892224, 0.19616312, 0.8878175, 0.97202283, 0.33029616, 0.20702112, 0.47471535, 0.40978616, 0.003834784, 0.33497202, 0.33732098, 0.31641465, 0.17114514, 0.721172, 0.69602394, 0.7511932, 0.31539845, 0.26618576, 0.33337516] |
| 4 |   75 |  0.45 | 5000 |      f2 |     878 |  1024.0 |  1018.0 |    0,59 |-0,0010 |1592512634806 |[0.31004125, 0.60892224, 0.19616312, 0.8878175, 0.97202283, 0.33029616, 0.20702112, 0.47471535, 0.40978616, 0.003834784, 0.33497202, 0.33732098, 0.31641465, 0.17114514, 0.721172, 0.69602394, 0.7511932, 0.31539845, 0.26618576, 0.33337516] |
| 5 |   75 |0.25714287 | 5000 |      f2 |     878 |  1024.0 |  1018.0 |    0,59 |  0,0 |1592512645707 |[0.5290932, 0.36604613, 0.5248286, 0.27099514, 0.5110318, 0.5950347, 0.6611959, 0.98626006, 0.05010122, 0.9348285, 0.9753337, 0.3062349, 0.70743096, 0.68501407, 0.11663759, 0.35748255, 0.4798882, 0.44693726, 0.13949853, 0.9403687] |
| 5 |   75 |  0.45 | 5000 |      f2 |     878 |  1024.0 |  1018.0 |    0,59 |  0,0 |1592512645707 |[0.5290932, 0.36604613, 0.5248286, 0.27099514, 0.5110318, 0.5950347, 0.6611959, 0.98626006, 0.05010122, 0.9348285, 0.9753337, 0.3062349, 0.70743096, 0.68501407, 0.11663759, 0.35748255, 0.4798882, 0.44693726, 0.13949853, 0.9403687] |
| 6 |   75 |0.31428573 | 5000 |      f2 |     878 |  1024.0 |  1018.0 |    0,59 |  0,0 |1592512656591 |[0.69132966, 0.2647403, 0.91458905, 0.22023726, 0.36210418, 0.16487938, 0.25628322, 0.35660118, 0.19190699, 0.59864455, 0.9982926, 0.5729315, 0.4752102, 0.9387238, 0.17992002, 0.6201414, 0.6503151, 0.31358194, 0.46402925, 0.5010124] |
| 6 |   75 |  0.45 | 5000 |      f2 |     878 |  1024.0 |  1018.0 |    0,59 |  0,0 |1592512656591 |[0.69132966, 0.2647403, 0.91458905, 0.22023726, 0.36210418, 0.16487938, 0.25628322, 0.35660118, 0.19190699, 0.59864455, 0.9982926, 0.5729315, 0.4752102, 0.9387238, 0.17992002, 0.6201414, 0.6503151, 0.31358194, 0.46402925, 0.5010124] |
| 7 |   75 |0.31428573 | 5000 |      f2 |     878 |  1024.0 |  1018.0 |    0,59 |  0,0 |1592512667514 |[0.95631576, 0.76912457, 0.63740987, 0.012592316, 0.4479658, 0.75506335, 0.967454, 0.88041335, 0.11812079, 0.64365745, 0.5488372, 0.24520326, 0.5810412, 0.9440738, 0.35428154, 0.77835757, 0.78252524, 0.90689063, 0.5638566, 0.9648872] |
| 7 |   75 |  0.45 | 5000 |      f2 |     878 |  1024.0 |  1018.0 |    0,59 |  0,0 |1592512667514 |[0.95631576, 0.76912457, 0.63740987, 0.012592316, 0.4479658, 0.75506335, 0.967454, 0.88041335, 0.11812079, 0.64365745, 0.5488372, 0.24520326, 0.5810412, 0.9440738, 0.35428154, 0.77835757, 0.78252524, 0.90689063, 0.5638566, 0.9648872] |
| 8 |   75 |0.32857144 | 5000 |      f2 |     878 |  1024.0 |  1018.0 |    0,59 |  0,0 |1592512678382 |[0.35668874, 0.5315623, 0.27443528, 0.44795257, 0.5794362, 0.14356178, 0.6594946, 0.17104793, 0.39255565, 0.43224794, 0.02405256, 0.260382, 0.24104607, 0.53912926, 0.45077002, 0.24374866, 0.4562335, 0.24904221, 0.6883356, 0.109648466] |
| 8 |   75 |  0.44 | 5000 |      f2 |     878 |  1024.0 |  1018.0 |    0,59 |  0,0 |1592512678382 |[0.35668874, 0.5315623, 0.27443528, 0.44795257, 0.5794362, 0.14356178, 0.6594946, 0.17104793, 0.39255565, 0.43224794, 0.02405256, 0.260382, 0.24104607, 0.53912926, 0.45077002, 0.24374866, 0.4562335, 0.24904221, 0.6883356, 0.109648466] |
| 9 |   75 |0.27142859 | 5000 |      f2 |     878 |  1024.0 |  1018.0 |    0,59 |  0,0 |1592512689256 |[0.8937331, 0.42891216, 0.49613613, 0.8540666, 0.22910058, 0.7340486, 0.18916231, 0.5615691, 0.5865066, 0.6725094, 0.057004273, 0.031583965, 0.4669212, 0.33227164, 0.2951098, 0.6000124, 0.07319337, 0.6486154, 0.25197792, 0.12703055] |
| 9 |   75 |  0.45 | 5000 |      f2 |     878 |  1024.0 |  1018.0 |    0,59 |  0,0 |1592512689256 |[0.8937331, 0.42891216, 0.49613613, 0.8540666, 0.22910058, 0.7340486, 0.18916231, 0.5615691, 0.5865066, 0.6725094, 0.057004273, 0.031583965, 0.4669212, 0.33227164, 0.2951098, 0.6000124, 0.07319337, 0.6486154, 0.25197792, 0.12703055] |
|10 |   75 |0.41428572 | 5000 |      f2 |     878 |  1024.0 |  1018.0 |    0,59 |  0,0 |1592512700307 |[0.8294509, 0.94587886, 0.9563471, 0.6111639, 0.55212164, 0.5442078, 0.75136626, 0.26786196, 0.6268264, 0.49487084, 0.7101422, 0.99630195, 0.79290146, 0.14288348, 0.48967218, 0.5626207, 0.87409127, 0.30765378, 0.3446173, 0.68009436] |
|10 |   75 |  0.45 | 5000 |      f2 |     878 |  1024.0 |  1018.0 |    0,59 |  0,0 |1592512700307 |[0.8294509, 0.94587886, 0.9563471, 0.6111639, 0.55212164, 0.5442078, 0.75136626, 0.26786196, 0.6268264, 0.49487084, 0.7101422, 0.99630195, 0.79290146, 0.14288348, 0.48967218, 0.5626207, 0.87409127, 0.30765378, 0.3446173, 0.68009436] |
|11 |   75 |0.24285714 | 5000 |      f2 |     878 |  1024.0 |  1018.0 |    0,59 |  0,0 |1592512711214 |[0.39239538, 0.9159947, 0.47615284, 0.19785511, 0.51781905, 0.8072821, 0.8152627, 0.0536139, 0.53652954, 0.36390013, 0.062440515, 0.6720852, 0.886518, 0.18647242, 0.44093102, 0.5127144, 0.9280806, 0.9745105, 0.72618294, 0.988985] |
|11 |   75 |  0.45 | 5000 |      f2 |     878 |  1024.0 |  1018.0 |    0,59 |  0,0 |1592512711214 |[0.39239538, 0.9159947, 0.47615284, 0.19785511, 0.51781905, 0.8072821, 0.8152627, 0.0536139, 0.53652954, 0.36390013, 0.062440515, 0.6720852, 0.886518, 0.18647242, 0.44093102, 0.5127144, 0.9280806, 0.9745105, 0.72618294, 0.988985] |
|12 |   75 |0.35714287 | 5000 |      f2 |     878 |  1024.0 |  1018.0 |    0,59 |  0,0 |1592512722111 |[0.66745085, 0.47490662, 0.45695227, 0.94343233, 0.9813177, 0.3194304, 0.4272697, 0.22479999, 0.8085384, 0.41564518, 0.31919783, 0.6102828, 0.9332782, 0.85238254, 0.9503594, 0.90064776, 0.49455243, 0.17713684, 0.46795583, 0.35025656] |
|12 |   75 |  0.45 | 5000 |      f2 |     878 |  1024.0 |  1018.0 |    0,59 |  0,0 |1592512722111 |[0.66745085, 0.47490662, 0.45695227, 0.94343233, 0.9813177, 0.3194304, 0.4272697, 0.22479999, 0.8085384, 0.41564518, 0.31919783, 0.6102828, 0.9332782, 0.85238254, 0.9503594, 0.90064776, 0.49455243, 0.17713684, 0.46795583, 0.35025656] |
