| # | Nest | %Desc |#Iter |Instancia | CapMoch |ValOptmo | BestFit |     RDP | time |      semilla |VectorSolucion |
-------------------------------------------------------------------------------------------------
| 1 |   25 |  0.25 | 2500 |      f3 |      20 |    35.0 |    35.0 |    0,00 |-1,6e+09 |1592499605519 |[0.513009, 0.54760265, 0.49772727, 0.30444992] |
| 2 |   25 |  0.25 | 2500 |      f3 |      20 |    35.0 |    35.0 |    0,00 |-0,0010 |1592499605521 |[0.6217071, 0.5238807, 0.22436172, 0.887062] |
| 3 |   25 |  0.25 | 2500 |      f3 |      20 |    35.0 |    35.0 |    0,00 |  0,0 |1592499605523 |[0.43339097, 0.7177668, 0.4874189, 0.54942864] |
| 4 |   25 |  0.25 | 2500 |      f3 |      20 |    35.0 |    35.0 |    0,00 |-0,0010 |1592499605525 |[0.8985945, 0.73456067, 0.09114015, 0.49263775] |
| 5 |   25 |  0.25 | 2500 |      f3 |      20 |    35.0 |    35.0 |    0,00 |-0,0010 |1592499605528 |[0.5907115, 0.06424624, 0.091065705, 0.6107163] |
| 6 |   25 |  0.25 | 2500 |      f3 |      20 |    35.0 |    35.0 |    0,00 |-0,0010 |1592499605530 |[0.52341425, 0.4256764, 0.017784297, 0.85236365] |
| 7 |   25 |  0.25 | 2500 |      f3 |      20 |    35.0 |    35.0 |    0,00 |-0,0010 |1592499605532 |[0.6677556, 0.71395046, 0.27807564, 0.1390503] |
| 8 |   25 |  0.25 | 2500 |      f3 |      20 |    35.0 |    35.0 |    0,00 |-0,0010 |1592499605535 |[0.3737743, 0.559346, 0.86338925, 0.9345095] |
| 9 |   25 |  0.25 | 2500 |      f3 |      20 |    35.0 |    35.0 |    0,00 |-0,0010 |1592499605537 |[0.17321414, 0.047744274, 0.40086806, 0.4784714] |
|10 |   25 |  0.25 | 2500 |      f3 |      20 |    35.0 |    35.0 |    0,00 |-0,0010 |1592499605539 |[0.20585704, 0.6216082, 0.69959974, 0.33951998] |
|11 |   25 |  0.25 | 2500 |      f3 |      20 |    35.0 |    35.0 |    0,00 |-0,0010 |1592499605541 |[0.084207356, 0.13367492, 0.47873724, 0.38275832] |
|12 |   25 |  0.25 | 2500 |      f3 |      20 |    35.0 |    35.0 |    0,00 |-0,0010 |1592499605542 |[0.5228094, 0.26643413, 0.9458535, 0.26601964] |
|13 |   25 |  0.25 | 2500 |      f3 |      20 |    35.0 |    35.0 |    0,00 |-0,0010 |1592499605544 |[0.85378474, 0.7918987, 0.51418835, 0.7894354] |
|14 |   25 |  0.25 | 2500 |      f3 |      20 |    35.0 |    35.0 |    0,00 |  0,0 |1592499605545 |[0.09496039, 0.6145553, 0.1009562, 0.20270169] |
|15 |   25 |  0.25 | 2500 |      f3 |      20 |    35.0 |    35.0 |    0,00 |-0,0010 |1592499605547 |[0.37776405, 0.5015935, 0.11252338, 0.40351415] |
