| # | Nest | %Desc |#Iter |Instancia | CapMoch |ValOptmo | BestFit |     RDP | time |      semilla |VectorSolucion |
-------------------------------------------------------------------------------------------------
| 1 |   25 |  0.25 | 2500 |      f7 |      50 |   107.0 |    90.0 |   15,89 |-1,6e+09 |1592510589593 |[0.45346868, 0.7711394, 9.6976757E-4, 0.5592677, 0.07138634, 0.16727066, 0.92554] |
| 1 |   40 |  0.45 | 2500 |      f7 |      50 |   107.0 |    90.0 |   15,89 | 0,59 |1592510589593 |[0.48568988, 0.23597461, 0.51798755, 0.21701002, 0.5830686, 0.41536605, 0.8594846] |
| 2 |   25 |  0.25 | 2500 |      f7 |      50 |   107.0 |    90.0 |   15,89 |  0,0 |1592510590186 |[0.041414857, 0.74677485, 0.5736258, 0.7299918, 0.06832683, 0.840791, 0.33555943] |
| 2 |   40 |  0.45 | 2500 |      f7 |      50 |   107.0 |    90.0 |   15,89 | 0,59 |1592510590186 |[0.67840385, 0.05700171, 0.19709378, 0.13199544, 0.47217685, 0.42973316, 0.54993504] |
| 3 |   25 |  0.25 | 2500 |      f7 |      50 |   107.0 |    90.0 |   15,89 |  0,0 |1592510590778 |[0.22374368, 0.90806055, 0.06980932, 0.7814132, 0.35119903, 0.8656936, 0.8713394] |
| 3 |   40 |  0.45 | 2500 |      f7 |      50 |   107.0 |    90.0 |   15,89 | 0,59 |1592510590778 |[0.5258038, 0.07716805, 0.30885112, 0.4295562, 0.25316995, 0.43394983, 0.72077274] |
| 4 |   25 |  0.25 | 2500 |      f7 |      50 |   107.0 |    90.0 |   15,89 |-0,0020 |1592510591370 |[0.253192, 0.9632178, 0.8459536, 0.21339244, 0.12534577, 0.231116, 0.19551551] |
| 4 |   40 |  0.45 | 2500 |      f7 |      50 |   107.0 |    90.0 |   15,89 | 0,59 |1592510591370 |[0.83488137, 0.15774411, 0.025715351, 0.87535155, 0.020396411, 0.52309763, 0.09212512] |
| 5 |   25 |  0.25 | 2500 |      f7 |      50 |   107.0 |    90.0 |   15,89 |  0,0 |1592510591960 |[0.8870509, 0.24692225, 0.31501758, 0.46725845, 0.85550845, 0.7441509, 0.76639885] |
| 5 |   40 |  0.45 | 2500 |      f7 |      50 |   107.0 |    90.0 |   15,89 | 0,60 |1592510591960 |[0.011029959, 0.05322039, 0.98111, 0.9443289, 0.3240391, 0.8363851, 0.8769002] |
| 6 |   25 |  0.25 | 2500 |      f7 |      50 |   107.0 |    90.0 |   15,89 |-0,0010 |1592510592556 |[0.017801106, 0.91606975, 0.52915376, 0.47612548, 0.9799821, 0.5002906, 0.19999361] |
| 6 |   40 |  0.45 | 2500 |      f7 |      50 |   107.0 |    90.0 |   15,89 | 0,59 |1592510592556 |[0.017801106, 0.91606975, 0.52915376, 0.47612548, 0.9799821, 0.5002906, 0.19999361] |
| 7 |   25 |  0.25 | 2500 |      f7 |      50 |   107.0 |    90.0 |   15,89 |  0,0 |1592510593149 |[0.26984227, 0.10757899, 0.98359585, 0.55347633, 0.14417285, 0.082340956, 0.4911961] |
| 7 |   40 |  0.45 | 2500 |      f7 |      50 |   107.0 |    90.0 |   15,89 | 0,59 |1592510593149 |[0.6374198, 0.35537148, 0.10728842, 0.1311481, 0.8622764, 0.8607596, 0.28143775] |
| 8 |   25 |  0.25 | 2500 |      f7 |      50 |   107.0 |    90.0 |   15,89 |  0,0 |1592510593743 |[0.29873204, 0.7047487, 0.14276594, 0.8665969, 0.3935213, 0.47559685, 0.2957148] |
| 8 |   40 |  0.45 | 2500 |      f7 |      50 |   107.0 |    90.0 |   15,89 | 0,59 |1592510593743 |[0.29873204, 0.7047487, 0.14276594, 0.8665969, 0.3935213, 0.47559685, 0.2957148] |
| 9 |   25 |  0.25 | 2500 |      f7 |      50 |   107.0 |    90.0 |   15,89 |  0,0 |1592510594337 |[0.32473505, 0.24485582, 0.30607128, 0.44361264, 0.7213197, 0.68823224, 0.7639199] |
| 9 |   40 |  0.45 | 2500 |      f7 |      50 |   107.0 |    90.0 |   15,89 | 0,59 |1592510594337 |[0.6853447, 0.24879992, 0.34582448, 0.9511351, 0.8392305, 0.70670944, 0.3218708] |
|10 |   25 |  0.25 | 2500 |      f7 |      50 |   107.0 |    90.0 |   15,89 |-0,0010 |1592510594931 |[0.12339884, 0.6466114, 0.99994326, 0.74549234, 0.21047151, 0.75721294, 0.4645834] |
|10 |   40 |  0.45 | 2500 |      f7 |      50 |   107.0 |    90.0 |   15,89 | 0,60 |1592510594931 |[0.8386881, 0.85151863, 0.14397854, 0.18291157, 0.08685309, 0.74919116, 0.928488] |
|11 |   25 |  0.25 | 2500 |      f7 |      50 |   107.0 |    90.0 |   15,89 |-0,0010 |1592510595533 |[0.5560633, 0.23177809, 0.44793564, 0.03546828, 0.20544058, 0.2515561, 0.2969538] |
|11 |   40 |  0.45 | 2500 |      f7 |      50 |   107.0 |    90.0 |   15,89 | 0,59 |1592510595533 |[0.5560633, 0.23177809, 0.44793564, 0.03546828, 0.20544058, 0.2515561, 0.2969538] |
|12 |   25 |  0.25 | 2500 |      f7 |      50 |   107.0 |    90.0 |   15,89 |  0,0 |1592510596123 |[0.27254856, 0.8913495, 0.3366863, 0.36958605, 0.21017396, 0.32203734, 0.9584485] |
|12 |   40 |  0.45 | 2500 |      f7 |      50 |   107.0 |    90.0 |   15,89 | 0,62 |1592510596123 |[0.82242465, 0.38280004, 0.8547284, 0.6522382, 0.8760194, 0.36081904, 0.5239932] |
|13 |   25 |  0.25 | 2500 |      f7 |      50 |   107.0 |    90.0 |   15,89 |-0,0010 |1592510596744 |[0.70583755, 0.04724115, 0.47547203, 0.07346386, 0.6316644, 0.5521344, 0.8470532] |
|13 |   40 |  0.45 | 2500 |      f7 |      50 |   107.0 |    90.0 |   15,89 | 0,71 |1592510596744 |[0.5213591, 0.8586362, 0.07846165, 0.9947381, 0.015035808, 0.12787092, 0.82231635] |
|14 |   25 |  0.25 | 2500 |      f7 |      50 |   107.0 |    90.0 |   15,89 |  0,0 |1592510597459 |[0.2004621, 0.9286993, 0.07597506, 0.56805956, 0.9296255, 0.49121493, 0.59656835] |
|14 |   40 |  0.45 | 2500 |      f7 |      50 |   107.0 |    90.0 |   15,89 | 0,60 |1592510597459 |[0.40963197, 0.27630293, 0.56170934, 0.49824482, 0.51218814, 0.3660099, 0.39077353] |
|15 |   25 |  0.25 | 2500 |      f7 |      50 |   107.0 |    90.0 |   15,89 |  0,0 |1592510598054 |[0.023873389, 0.69980335, 0.20394075, 0.4563468, 0.24348539, 0.95289177, 0.45258552] |
|15 |   40 |  0.45 | 2500 |      f7 |      50 |   107.0 |    90.0 |   15,89 | 0,60 |1592510598054 |[0.14683372, 0.12504268, 0.82457584, 0.08126247, 0.2508207, 0.012251198, 0.21409243] |
