| # | Nest | %Desc |#Iter |Instancia | CapMoch |ValOptmo | BestFit |     RDP | time |      semilla |VectorSolucion |
-------------------------------------------------------------------------------------------------
| 1 |   30 |  0.44 | 2500 |      f7 |      50 |   107.0 |    90.0 |   15,89 |-1,6e+09 |1592510589593 |[0.45346868, 0.7711394, 9.6976757E-4, 0.5592677, 0.07138634, 0.16727066, 0.92554] |
| 1 |   30 |  0.45 | 2500 |      f7 |      50 |   107.0 |    90.0 |   15,89 |-1,6e+09 |1592510589593 |[0.45346868, 0.7711394, 9.6976757E-4, 0.5592677, 0.07138634, 0.16727066, 0.92554] |
| 1 |   30 |  0.45 | 2500 |      f7 |      50 |   107.0 |    90.0 |   15,89 |-1,6e+09 |1592510589593 |[0.45346868, 0.7711394, 9.6976757E-4, 0.5592677, 0.07138634, 0.16727066, 0.92554] |
| 1 |   30 |0.33333334 | 2500 |      f7 |      50 |   107.0 |    90.0 |   15,89 |-1,6e+09 |1592510589593 |[0.45346868, 0.7711394, 9.6976757E-4, 0.5592677, 0.07138634, 0.16727066, 0.92554] |
| 2 |   30 |   0.2 | 2500 |      f7 |      50 |   107.0 |    90.0 |   15,89 |  0,0 |1592510590186 |[0.67840385, 0.05700171, 0.19709378, 0.13199544, 0.47217685, 0.42973316, 0.54993504] |
| 2 |   30 |0.43333334 | 2500 |      f7 |      50 |   107.0 |    90.0 |   15,89 |  0,0 |1592510590186 |[0.67840385, 0.05700171, 0.19709378, 0.13199544, 0.47217685, 0.42973316, 0.54993504] |
| 2 |   30 |0.36666667 | 2500 |      f7 |      50 |   107.0 |    90.0 |   15,89 |  0,0 |1592510590186 |[0.67840385, 0.05700171, 0.19709378, 0.13199544, 0.47217685, 0.42973316, 0.54993504] |
| 2 |   30 |   0.3 | 2500 |      f7 |      50 |   107.0 |    90.0 |   15,89 |  0,0 |1592510590186 |[0.67840385, 0.05700171, 0.19709378, 0.13199544, 0.47217685, 0.42973316, 0.54993504] |
| 3 |   30 |  0.32 | 2500 |      f7 |      50 |   107.0 |    90.0 |   15,89 |  0,0 |1592510590778 |[0.6547235, 0.08929318, 0.3447134, 0.73400885, 0.015788555, 0.86118317, 0.76091564] |
| 3 |   30 |  0.45 | 2500 |      f7 |      50 |   107.0 |    90.0 |   15,89 |  0,0 |1592510590778 |[0.6547235, 0.08929318, 0.3447134, 0.73400885, 0.015788555, 0.86118317, 0.76091564] |
| 3 |   30 |0.43333334 | 2500 |      f7 |      50 |   107.0 |    90.0 |   15,89 |  0,0 |1592510590778 |[0.6547235, 0.08929318, 0.3447134, 0.73400885, 0.015788555, 0.86118317, 0.76091564] |
| 3 |   30 |0.33333334 | 2500 |      f7 |      50 |   107.0 |    90.0 |   15,89 |  0,0 |1592510590778 |[0.6547235, 0.08929318, 0.3447134, 0.73400885, 0.015788555, 0.86118317, 0.76091564] |
| 4 |   30 |  0.44 | 2500 |      f7 |      50 |   107.0 |    90.0 |   15,89 |-0,0020 |1592510591370 |[0.253192, 0.9632178, 0.8459536, 0.21339244, 0.12534577, 0.231116, 0.19551551] |
| 4 |   30 |  0.45 | 2500 |      f7 |      50 |   107.0 |    90.0 |   15,89 |-0,0020 |1592510591370 |[0.253192, 0.9632178, 0.8459536, 0.21339244, 0.12534577, 0.231116, 0.19551551] |
| 4 |   30 |0.43333334 | 2500 |      f7 |      50 |   107.0 |    90.0 |   15,89 |-0,0020 |1592510591370 |[0.253192, 0.9632178, 0.8459536, 0.21339244, 0.12534577, 0.231116, 0.19551551] |
| 4 |   30 |0.36666667 | 2500 |      f7 |      50 |   107.0 |    90.0 |   15,89 |-0,0020 |1592510591370 |[0.2857958, 0.4642573, 0.7561263, 0.83843905, 0.30475295, 0.9992977, 0.09297711] |
| 5 |   30 |  0.45 | 2500 |      f7 |      50 |   107.0 |    90.0 |   15,89 |  0,0 |1592510591960 |[0.8870509, 0.24692225, 0.31501758, 0.46725845, 0.85550845, 0.7441509, 0.76639885] |
| 5 |   30 |  0.45 | 2500 |      f7 |      50 |   107.0 |    90.0 |   15,89 |  0,0 |1592510591960 |[0.8870509, 0.24692225, 0.31501758, 0.46725845, 0.85550845, 0.7441509, 0.76639885] |
| 5 |   30 |   0.4 | 2500 |      f7 |      50 |   107.0 |    90.0 |   15,89 |  0,0 |1592510591960 |[0.8870509, 0.24692225, 0.31501758, 0.46725845, 0.85550845, 0.7441509, 0.76639885] |
| 5 |   30 |0.33333334 | 2500 |      f7 |      50 |   107.0 |    90.0 |   15,89 |  0,0 |1592510591960 |[0.011029959, 0.05322039, 0.98111, 0.9443289, 0.3240391, 0.8363851, 0.8769002] |
| 6 |   30 |  0.36 | 2500 |      f7 |      50 |   107.0 |    90.0 |   15,89 |-0,0010 |1592510592556 |[0.017801106, 0.91606975, 0.52915376, 0.47612548, 0.9799821, 0.5002906, 0.19999361] |
| 6 |   30 |  0.45 | 2500 |      f7 |      50 |   107.0 |    90.0 |   15,89 |-0,0010 |1592510592556 |[0.017801106, 0.91606975, 0.52915376, 0.47612548, 0.9799821, 0.5002906, 0.19999361] |
| 6 |   30 |0.36666667 | 2500 |      f7 |      50 |   107.0 |    90.0 |   15,89 |-0,0010 |1592510592556 |[0.017801106, 0.91606975, 0.52915376, 0.47612548, 0.9799821, 0.5002906, 0.19999361] |
| 6 |   30 |  0.45 | 2500 |      f7 |      50 |   107.0 |    90.0 |   15,89 |-0,0010 |1592510592556 |[0.017801106, 0.91606975, 0.52915376, 0.47612548, 0.9799821, 0.5002906, 0.19999361] |
| 7 |   30 |  0.36 | 2500 |      f7 |      50 |   107.0 |    90.0 |   15,89 |  0,0 |1592510593149 |[0.22389942, 0.35993195, 0.89585525, 0.3763489, 0.98345417, 0.64804864, 0.8135002] |
| 7 |   30 |  0.45 | 2500 |      f7 |      50 |   107.0 |    90.0 |   15,89 |  0,0 |1592510593149 |[0.22389942, 0.35993195, 0.89585525, 0.3763489, 0.98345417, 0.64804864, 0.8135002] |
| 7 |   30 |0.36666667 | 2500 |      f7 |      50 |   107.0 |    90.0 |   15,89 |  0,0 |1592510593149 |[0.22389942, 0.35993195, 0.89585525, 0.3763489, 0.98345417, 0.64804864, 0.8135002] |
| 7 |   30 |0.43333334 | 2500 |      f7 |      50 |   107.0 |    90.0 |   15,89 |  0,0 |1592510593149 |[0.22389942, 0.35993195, 0.89585525, 0.3763489, 0.98345417, 0.64804864, 0.8135002] |
| 8 |   30 |  0.28 | 2500 |      f7 |      50 |   107.0 |    90.0 |   15,89 |  0,0 |1592510593743 |[0.29873204, 0.7047487, 0.14276594, 0.8665969, 0.3935213, 0.47559685, 0.2957148] |
| 8 |   30 |  0.45 | 2500 |      f7 |      50 |   107.0 |    90.0 |   15,89 |  0,0 |1592510593743 |[0.29873204, 0.7047487, 0.14276594, 0.8665969, 0.3935213, 0.47559685, 0.2957148] |
| 8 |   30 |   0.3 | 2500 |      f7 |      50 |   107.0 |    90.0 |   15,89 |  0,0 |1592510593743 |[0.29873204, 0.7047487, 0.14276594, 0.8665969, 0.3935213, 0.47559685, 0.2957148] |
| 8 |   30 |   0.4 | 2500 |      f7 |      50 |   107.0 |    90.0 |   15,89 |  0,0 |1592510593743 |[0.29873204, 0.7047487, 0.14276594, 0.8665969, 0.3935213, 0.47559685, 0.2957148] |
| 9 |   30 |  0.32 | 2500 |      f7 |      50 |   107.0 |    90.0 |   15,89 |  0,0 |1592510594337 |[0.6853447, 0.24879992, 0.34582448, 0.9511351, 0.8392305, 0.70670944, 0.3218708] |
| 9 |   30 |0.36666667 | 2500 |      f7 |      50 |   107.0 |    90.0 |   15,89 |  0,0 |1592510594337 |[0.6853447, 0.24879992, 0.34582448, 0.9511351, 0.8392305, 0.70670944, 0.3218708] |
| 9 |   30 |0.36666667 | 2500 |      f7 |      50 |   107.0 |    90.0 |   15,89 |  0,0 |1592510594337 |[0.6853447, 0.24879992, 0.34582448, 0.9511351, 0.8392305, 0.70670944, 0.3218708] |
| 9 |   30 |   0.3 | 2500 |      f7 |      50 |   107.0 |    90.0 |   15,89 |  0,0 |1592510594337 |[0.6853447, 0.24879992, 0.34582448, 0.9511351, 0.8392305, 0.70670944, 0.3218708] |
|10 |   30 |   0.4 | 2500 |      f7 |      50 |   107.0 |    90.0 |   15,89 |-0,0010 |1592510594931 |[0.12339884, 0.6466114, 0.99994326, 0.74549234, 0.21047151, 0.75721294, 0.4645834] |
|10 |   30 |  0.45 | 2500 |      f7 |      50 |   107.0 |    90.0 |   15,89 |-0,0010 |1592510594931 |[0.12339884, 0.6466114, 0.99994326, 0.74549234, 0.21047151, 0.75721294, 0.4645834] |
|10 |   30 |   0.2 | 2500 |      f7 |      50 |   107.0 |    90.0 |   15,89 |-0,0010 |1592510594931 |[0.053219795, 0.2641039, 0.12323487, 0.054562867, 0.84295475, 0.026890993, 0.48184723] |
|10 |   30 |   0.3 | 2500 |      f7 |      50 |   107.0 |    90.0 |   15,89 |-0,0010 |1592510594931 |[0.8386881, 0.85151863, 0.14397854, 0.18291157, 0.08685309, 0.74919116, 0.928488] |
|11 |   30 |  0.44 | 2500 |      f7 |      50 |   107.0 |    90.0 |   15,89 |-0,0010 |1592510595533 |[0.5560633, 0.23177809, 0.44793564, 0.03546828, 0.20544058, 0.2515561, 0.2969538] |
|11 |   30 |  0.45 | 2500 |      f7 |      50 |   107.0 |    90.0 |   15,89 |-0,0010 |1592510595533 |[0.5560633, 0.23177809, 0.44793564, 0.03546828, 0.20544058, 0.2515561, 0.2969538] |
|11 |   30 |0.36666667 | 2500 |      f7 |      50 |   107.0 |    90.0 |   15,89 |-0,0010 |1592510595533 |[0.5560633, 0.23177809, 0.44793564, 0.03546828, 0.20544058, 0.2515561, 0.2969538] |
|11 |   30 |0.23333333 | 2500 |      f7 |      50 |   107.0 |    90.0 |   15,89 |-0,0010 |1592510595533 |[0.5560633, 0.23177809, 0.44793564, 0.03546828, 0.20544058, 0.2515561, 0.2969538] |
|12 |   30 |  0.28 | 2500 |      f7 |      50 |   107.0 |    90.0 |   15,89 |  0,0 |1592510596123 |[0.27254856, 0.8913495, 0.3366863, 0.36958605, 0.21017396, 0.32203734, 0.9584485] |
|12 |   30 |  0.45 | 2500 |      f7 |      50 |   107.0 |    90.0 |   15,89 |  0,0 |1592510596123 |[0.27254856, 0.8913495, 0.3366863, 0.36958605, 0.21017396, 0.32203734, 0.9584485] |
|12 |   30 |   0.4 | 2500 |      f7 |      50 |   107.0 |    90.0 |   15,89 |  0,0 |1592510596123 |[0.27254856, 0.8913495, 0.3366863, 0.36958605, 0.21017396, 0.32203734, 0.9584485] |
|12 |   30 |   0.3 | 2500 |      f7 |      50 |   107.0 |    90.0 |   15,89 |  0,0 |1592510596123 |[0.27254856, 0.8913495, 0.3366863, 0.36958605, 0.21017396, 0.32203734, 0.9584485] |
|13 |   30 |  0.28 | 2500 |      f7 |      50 |   107.0 |    90.0 |   15,89 |-0,0010 |1592510596744 |[0.70583755, 0.04724115, 0.47547203, 0.07346386, 0.6316644, 0.5521344, 0.8470532] |
|13 |   30 |  0.45 | 2500 |      f7 |      50 |   107.0 |    90.0 |   15,89 |-0,0010 |1592510596744 |[0.70583755, 0.04724115, 0.47547203, 0.07346386, 0.6316644, 0.5521344, 0.8470532] |
|13 |   30 |0.26666668 | 2500 |      f7 |      50 |   107.0 |    90.0 |   15,89 |-0,0010 |1592510596744 |[0.70583755, 0.04724115, 0.47547203, 0.07346386, 0.6316644, 0.5521344, 0.8470532] |
|13 |   30 |   0.3 | 2500 |      f7 |      50 |   107.0 |    90.0 |   15,89 |-0,0010 |1592510596744 |[0.70583755, 0.04724115, 0.47547203, 0.07346386, 0.6316644, 0.5521344, 0.8470532] |
|14 |   30 |  0.28 | 2500 |      f7 |      50 |   107.0 |    90.0 |   15,89 |  0,0 |1592510597459 |[0.1915335, 0.70461583, 0.46658856, 0.5664904, 0.94608307, 0.5259481, 0.74249506] |
|14 |   30 |  0.45 | 2500 |      f7 |      50 |   107.0 |    90.0 |   15,89 |  0,0 |1592510597459 |[0.1915335, 0.70461583, 0.46658856, 0.5664904, 0.94608307, 0.5259481, 0.74249506] |
|14 |   30 |0.33333334 | 2500 |      f7 |      50 |   107.0 |    90.0 |   15,89 |  0,0 |1592510597459 |[0.1915335, 0.70461583, 0.46658856, 0.5664904, 0.94608307, 0.5259481, 0.74249506] |
|14 |   30 |0.36666667 | 2500 |      f7 |      50 |   107.0 |    90.0 |   15,89 |  0,0 |1592510597459 |[0.1915335, 0.70461583, 0.46658856, 0.5664904, 0.94608307, 0.5259481, 0.74249506] |
|15 |   30 |  0.32 | 2500 |      f7 |      50 |   107.0 |    90.0 |   15,89 |  0,0 |1592510598054 |[0.023873389, 0.69980335, 0.20394075, 0.4563468, 0.24348539, 0.95289177, 0.45258552] |
|15 |   30 |  0.45 | 2500 |      f7 |      50 |   107.0 |    90.0 |   15,89 |  0,0 |1592510598054 |[0.023873389, 0.69980335, 0.20394075, 0.4563468, 0.24348539, 0.95289177, 0.45258552] |
|15 |   30 |  0.45 | 2500 |      f7 |      50 |   107.0 |    90.0 |   15,89 |  0,0 |1592510598054 |[0.023873389, 0.69980335, 0.20394075, 0.4563468, 0.24348539, 0.95289177, 0.45258552] |
|15 |   30 |   0.2 | 2500 |      f7 |      50 |   107.0 |    90.0 |   15,89 |  0,0 |1592510598054 |[0.023873389, 0.69980335, 0.20394075, 0.4563468, 0.24348539, 0.95289177, 0.45258552] |
