| # | Nest | %Desc |#Iter |Instancia | CapMoch |ValOptmo | BestFit |     RDP | time |      semilla |VectorSolucion |
-------------------------------------------------------------------------------------------------
| 1 |   25 |  0.25 | 2500 |      f5 |     375 |481.0694 |   477.0 |    0,85 |-1,6e+09 |1592499793752 |[0.6507651, 0.40135497, 0.9437441, 0.904559, 0.31985343, 0.25711274, 0.86160636, 0.08401847, 0.44586712, 0.746134, 0.82664526, 0.95892334, 0.47733706, 0.85351026, 0.15984297] |
| 2 |   25 |  0.25 | 2500 |      f5 |     375 |481.0694 |   477.0 |    0,85 |-0,0010 |1592499795063 |[0.25123793, 0.24716306, 0.8417089, 0.54060173, 0.61090636, 0.6241735, 0.48734587, 0.7757194, 0.7914028, 0.34286833, 0.041630566, 0.8875156, 0.96493155, 0.567852, 0.6925269] |
| 3 |   25 |  0.25 | 2500 |      f5 |     375 |481.0694 |   477.0 |    0,85 |  0,0 |1592499796387 |[0.5899341, 0.58786064, 0.25132114, 0.57234687, 0.49854147, 0.122772634, 5.8174133E-5, 0.41603172, 0.7795959, 0.12981999, 0.17141742, 0.27801967, 0.8518216, 0.7684037, 0.09502256] |
| 4 |   25 |  0.25 | 2500 |      f5 |     375 |481.0694 |   477.0 |    0,85 |  0,0 |1592499797756 |[0.53536576, 0.59498113, 0.5778351, 0.27964985, 0.9943976, 0.66682315, 0.16956443, 0.38938993, 0.4583465, 0.044007123, 0.21079439, 0.26278782, 0.63058513, 0.20014459, 0.1925649] |
| 5 |   25 |  0.25 | 2500 |      f5 |     375 |481.0694 |   477.0 |    0,85 |  0,0 |1592499799064 |[0.5796195, 0.04717666, 0.11788964, 0.0335927, 0.9155546, 0.93100566, 0.022126913, 0.2227059, 0.66756576, 0.91611207, 0.6677108, 0.9557637, 0.651362, 0.9820745, 0.31045353] |
| 6 |   25 |  0.25 | 2500 |      f5 |     375 |481.0694 |   477.0 |    0,85 |-0,0010 |1592499800377 |[0.4059773, 0.45965642, 0.07727605, 0.38214618, 0.4835686, 0.8254853, 0.58947796, 0.92441714, 0.5523137, 0.0226655, 0.06278306, 0.30427992, 0.058618844, 0.8683539, 0.8964839] |
| 7 |   25 |  0.25 | 2500 |      f5 |     375 |481.0694 |   477.0 |    0,85 |  0,0 |1592499801686 |[0.9873555, 0.32718414, 0.63203853, 0.9818135, 0.5833691, 0.176997, 0.24545163, 0.17337298, 0.28921825, 0.77361995, 0.07080686, 0.56152844, 0.58399737, 0.4564249, 0.9217416] |
| 8 |   25 |  0.25 | 2500 |      f5 |     375 |481.0694 |   477.0 |    0,85 |-0,0010 |1592499803000 |[0.042814374, 0.47162342, 0.95812947, 0.6872962, 0.5160765, 0.26196134, 0.22099757, 0.61169493, 0.19456661, 0.97716653, 0.61790186, 0.23456997, 0.25867218, 0.18554741, 0.86861247] |
| 9 |   25 |  0.25 | 2500 |      f5 |     375 |481.0694 |   477.0 |    0,85 |  0,0 |1592499804308 |[0.19827706, 0.19821846, 0.5025114, 0.6325179, 0.87580305, 0.95360243, 0.94486415, 0.2835409, 0.045268297, 0.20398438, 0.07123184, 0.35829407, 0.6634652, 0.95374024, 0.5216569] |
|10 |   25 |  0.25 | 2500 |      f5 |     375 |481.0694 |   477.0 |    0,85 |-0,0010 |1592499805608 |[0.5348345, 0.5323031, 0.24376285, 0.019049764, 0.93939036, 0.7764786, 0.8756016, 0.5807914, 0.83266604, 0.2540385, 0.7324963, 0.50096077, 0.92559123, 0.020043671, 0.008934319] |
|11 |   25 |  0.25 | 2500 |      f5 |     375 |481.0694 |   477.0 |    0,85 |-0,0010 |1592499806918 |[0.4203983, 0.5782417, 0.31459677, 0.5453481, 0.94168866, 0.8447832, 0.32335973, 0.06410432, 0.9255195, 0.680896, 0.51970756, 0.012016237, 0.5865359, 0.9411005, 0.39103502] |
|12 |   25 |  0.25 | 2500 |      f5 |     375 |481.0694 |   477.0 |    0,85 |  0,0 |1592499808223 |[0.6870827, 0.12632483, 0.015023291, 0.96899873, 0.25392926, 0.95831645, 0.9775693, 0.41684783, 0.7580951, 0.64399385, 0.0924294, 0.4924084, 0.31380647, 0.10263717, 0.00856173] |
|13 |   25 |  0.25 | 2500 |      f5 |     375 |481.0694 |   477.0 |    0,85 |-0,0010 |1592499809529 |[0.67667735, 0.96127266, 0.14297491, 0.53794974, 0.092617095, 0.82538056, 0.07885718, 0.71581626, 0.7368305, 0.12362844, 0.4982838, 0.49818885, 0.17422056, 0.31496674, 0.49362397] |
|14 |   25 |  0.25 | 2500 |      f5 |     375 |481.0694 |   477.0 |    0,85 |  0,0 |1592499810828 |[0.85452265, 0.05863768, 0.23065162, 0.19410151, 0.9248753, 0.23087913, 0.39923787, 0.86970675, 0.60972893, 0.9827784, 0.89196646, 0.02422303, 0.7154103, 0.2565676, 0.26536888] |
|15 |   25 |  0.25 | 2500 |      f5 |     375 |481.0694 |   477.0 |    0,85 |-0,0010 |1592499812133 |[0.6785739, 0.5963706, 0.54047817, 0.8151657, 0.991866, 0.012533665, 0.9771248, 0.80680525, 0.2065829, 0.15062457, 0.5405244, 0.94664574, 0.4549511, 0.51709396, 0.1074453] |
