| # | Nest | %Desc |#Iter |Instancia | CapMoch |ValOptmo | BestFit |     RDP | time |      semilla |VectorSolucion |
-------------------------------------------------------------------------------------------------
| 1 |   25 |  0.25 | 2500 |      f1 |     269 |   295.0 |   290.0 |    1,69 |-1,6e+09 |1592499744855 |[0.85917884, 0.79849464, 0.4514206, 0.7594489, 0.8345857, 0.40575373, 0.9679111, 0.7949268, 0.06261909, 0.28152192] |
| 2 |   25 |  0.25 | 2500 |      f1 |     269 |   295.0 |   290.0 |    1,69 |-0,0010 |1592499745674 |[0.31708097, 0.39890587, 0.49110848, 0.17956221, 0.62123334, 0.846089, 0.37132478, 0.84055036, 0.6735025, 0.63774395] |
| 3 |   25 |  0.25 | 2500 |      f1 |     269 |   295.0 |   290.0 |    1,69 |-0,0010 |1592499746447 |[0.563407, 0.34078562, 0.9905577, 0.4755565, 0.6665695, 0.16685075, 0.6410682, 0.2762711, 0.57443124, 0.032294273] |
| 4 |   25 |  0.25 | 2500 |      f1 |     269 |   295.0 |   290.0 |    1,69 |-0,0010 |1592499747208 |[0.08203524, 0.5121285, 0.6320272, 0.9291244, 0.09635121, 0.44819528, 0.47877783, 0.40134788, 0.096471906, 0.7258434] |
| 5 |   25 |  0.25 | 2500 |      f1 |     269 |   295.0 |   290.0 |    1,69 |-0,0010 |1592499747961 |[0.6090707, 0.35444558, 0.7932397, 0.939716, 0.18962449, 0.038856804, 0.9379431, 0.78087306, 0.8241785, 0.71825397] |
| 6 |   25 |  0.25 | 2500 |      f1 |     269 |   295.0 |   290.0 |    1,69 |-0,0010 |1592499748715 |[0.55560344, 0.4406209, 0.29880482, 0.2618944, 0.8415663, 0.073967874, 0.9313937, 0.54254895, 0.084533036, 0.15153706] |
| 7 |   25 |  0.25 | 2500 |      f1 |     269 |   295.0 |   290.0 |    1,69 |  0,0 |1592499749476 |[0.29427814, 0.3432575, 0.47967482, 0.36758572, 0.6095771, 0.7272398, 0.36736572, 0.7202528, 0.5223171, 0.26853848] |
| 8 |   25 |  0.25 | 2500 |      f1 |     269 |   295.0 |   290.0 |    1,69 |  0,0 |1592499750217 |[0.20470124, 0.13245201, 0.30097872, 0.58945996, 0.46196216, 0.120524526, 0.53768575, 0.6644282, 0.38034016, 0.4918924] |
| 9 |   25 |  0.25 | 2500 |      f1 |     269 |   295.0 |   290.0 |    1,69 |  0,0 |1592499750966 |[0.28667933, 0.7004543, 0.021794796, 0.5274583, 0.18046129, 0.66893435, 0.20149028, 0.0712015, 0.33410805, 0.60850036] |
|10 |   25 |  0.25 | 2500 |      f1 |     269 |   295.0 |   290.0 |    1,69 |-0,0010 |1592499751705 |[0.8812449, 0.4590546, 0.48139966, 0.52397317, 0.85184354, 0.91129464, 0.40104008, 0.49735254, 0.41534638, 0.104376614] |
|11 |   25 |  0.25 | 2500 |      f1 |     269 |   295.0 |   290.0 |    1,69 |  0,0 |1592499752444 |[0.28918856, 0.33969092, 0.7282594, 0.052414477, 0.49077392, 0.29259396, 0.26809347, 0.2547403, 0.23911452, 0.7059269] |
|12 |   25 |  0.25 | 2500 |      f1 |     269 |   295.0 |   290.0 |    1,69 |-0,0010 |1592499753177 |[0.40586436, 0.086987376, 0.0027568936, 0.8925851, 0.9535647, 0.96928513, 0.79677576, 0.06914979, 0.3562222, 0.22968066] |
|13 |   25 |  0.25 | 2500 |      f1 |     269 |   295.0 |   290.0 |    1,69 |  0,0 |1592499753914 |[0.2293523, 0.8182978, 0.30944806, 0.060909867, 0.9228206, 0.68234634, 0.5437292, 0.11918843, 0.28337163, 0.82030606] |
|14 |   25 |  0.25 | 2500 |      f1 |     269 |   295.0 |   290.0 |    1,69 |  0,0 |1592499754661 |[0.18466419, 0.49917072, 0.33484757, 0.32869542, 0.28700107, 0.29417038, 0.58300674, 0.76113874, 0.4551583, 0.71674764] |
|15 |   25 |  0.25 | 2500 |      f1 |     269 |   295.0 |   290.0 |    1,69 |-0,0010 |1592499755400 |[0.41728318, 0.49117666, 0.5402574, 0.7915064, 0.6154363, 0.66154563, 0.5714371, 0.013268948, 0.47616744, 0.05214888] |
