| # | Nest | %Desc |#Iter |Instancia | CapMoch |ValOptmo | BestFit |     RDP | time |      semilla |VectorSolucion |
-------------------------------------------------------------------------------------------------
| 1 |   50 |  0.25 | 5000 |      f1 |     269 |   295.0 |   290.0 |    1,69 |-1,6e+09 |1592525711019 |[0.18406153, 0.7506411, 0.18632597, 0.05955261, 0.96651053, 0.5196701, 0.11113185, 0.716965, 0.9784019, 0.15845746] |
| 1 |   50 |  0.32 | 5000 |      f1 |     269 |   295.0 |   290.0 |    1,69 |-1,6e+09 |1592525711019 |[0.18406153, 0.7506411, 0.18632597, 0.05955261, 0.96651053, 0.5196701, 0.11113185, 0.716965, 0.9784019, 0.15845746] |
| 1 |   50 |  0.26 | 5000 |      f1 |     269 |   295.0 |   290.0 |    1,69 |-1,6e+09 |1592525711019 |[0.18406153, 0.7506411, 0.18632597, 0.05955261, 0.96651053, 0.5196701, 0.11113185, 0.716965, 0.9784019, 0.15845746] |
| 1 |   55 |  0.34 | 5000 |      f1 |     269 |   295.0 |   290.0 |    1,69 |-1,6e+09 |1592525711019 |[0.18406153, 0.7506411, 0.18632597, 0.05955261, 0.96651053, 0.5196701, 0.11113185, 0.716965, 0.9784019, 0.15845746] |
| 1 |   55 |  0.45 | 5000 |      f1 |     269 |   295.0 |   290.0 |    1,69 |-1,6e+09 |1592525711019 |[0.18406153, 0.7506411, 0.18632597, 0.05955261, 0.96651053, 0.5196701, 0.11113185, 0.716965, 0.9784019, 0.15845746] |
| 1 |   55 |0.4181818 | 5000 |      f1 |     269 |   295.0 |   290.0 |    1,69 |-1,6e+09 |1592525711019 |[0.18406153, 0.7506411, 0.18632597, 0.05955261, 0.96651053, 0.5196701, 0.11113185, 0.716965, 0.9784019, 0.15845746] |
| 1 |   55 |   0.4 | 5000 |      f1 |     269 |   295.0 |   290.0 |    1,69 |-1,6e+09 |1592525711019 |[0.18406153, 0.7506411, 0.18632597, 0.05955261, 0.96651053, 0.5196701, 0.11113185, 0.716965, 0.9784019, 0.15845746] |
| 1 |   60 |0.3272727 | 5000 |      f1 |     269 |   295.0 |   290.0 |    1,69 |-1,6e+09 |1592525711019 |[0.18406153, 0.7506411, 0.18632597, 0.05955261, 0.96651053, 0.5196701, 0.11113185, 0.716965, 0.9784019, 0.15845746] |
| 1 |   60 |  0.45 | 5000 |      f1 |     269 |   295.0 |   290.0 |    1,69 |-1,6e+09 |1592525711019 |[0.18406153, 0.7506411, 0.18632597, 0.05955261, 0.96651053, 0.5196701, 0.11113185, 0.716965, 0.9784019, 0.15845746] |
| 1 |   60 |  0.35 | 5000 |      f1 |     269 |   295.0 |   290.0 |    1,69 |-1,6e+09 |1592525711019 |[0.18406153, 0.7506411, 0.18632597, 0.05955261, 0.96651053, 0.5196701, 0.11113185, 0.716965, 0.9784019, 0.15845746] |
| 1 |   60 |0.41666666 | 5000 |      f1 |     269 |   295.0 |   290.0 |    1,69 |-1,6e+09 |1592525711019 |[0.18406153, 0.7506411, 0.18632597, 0.05955261, 0.96651053, 0.5196701, 0.11113185, 0.716965, 0.9784019, 0.15845746] |
| 1 |   65 |0.28333333 | 5000 |      f1 |     269 |   295.0 |   290.0 |    1,69 |-1,6e+09 |1592525711019 |[0.18406153, 0.7506411, 0.18632597, 0.05955261, 0.96651053, 0.5196701, 0.11113185, 0.716965, 0.9784019, 0.15845746] |
| 1 |   65 |  0.45 | 5000 |      f1 |     269 |   295.0 |   290.0 |    1,69 |-1,6e+09 |1592525711019 |[0.18406153, 0.7506411, 0.18632597, 0.05955261, 0.96651053, 0.5196701, 0.11113185, 0.716965, 0.9784019, 0.15845746] |
| 1 |   65 |0.30769232 | 5000 |      f1 |     269 |   295.0 |   290.0 |    1,69 |-1,6e+09 |1592525711019 |[0.18406153, 0.7506411, 0.18632597, 0.05955261, 0.96651053, 0.5196701, 0.11113185, 0.716965, 0.9784019, 0.15845746] |
| 1 |   65 |0.2769231 | 5000 |      f1 |     269 |   295.0 |   290.0 |    1,69 |-1,6e+09 |1592525711019 |[0.18406153, 0.7506411, 0.18632597, 0.05955261, 0.96651053, 0.5196701, 0.11113185, 0.716965, 0.9784019, 0.15845746] |
| 1 |   70 |0.30769232 | 5000 |      f1 |     269 |   295.0 |   290.0 |    1,69 |-1,6e+09 |1592525711019 |[0.18406153, 0.7506411, 0.18632597, 0.05955261, 0.96651053, 0.5196701, 0.11113185, 0.716965, 0.9784019, 0.15845746] |
| 1 |   70 |  0.45 | 5000 |      f1 |     269 |   295.0 |   290.0 |    1,69 |-1,6e+09 |1592525711019 |[0.18406153, 0.7506411, 0.18632597, 0.05955261, 0.96651053, 0.5196701, 0.11113185, 0.716965, 0.9784019, 0.15845746] |
| 1 |   70 |0.34285715 | 5000 |      f1 |     269 |   295.0 |   290.0 |    1,69 |-1,6e+09 |1592525711019 |[0.18406153, 0.7506411, 0.18632597, 0.05955261, 0.96651053, 0.5196701, 0.11113185, 0.716965, 0.9784019, 0.15845746] |
| 1 |   70 |0.31428573 | 5000 |      f1 |     269 |   295.0 |   290.0 |    1,69 |-1,6e+09 |1592525711019 |[0.18406153, 0.7506411, 0.18632597, 0.05955261, 0.96651053, 0.5196701, 0.11113185, 0.716965, 0.9784019, 0.15845746] |
| 1 |   75 |0.34285715 | 5000 |      f1 |     269 |   295.0 |   290.0 |    1,69 |-1,6e+09 |1592525711019 |[0.18406153, 0.7506411, 0.18632597, 0.05955261, 0.96651053, 0.5196701, 0.11113185, 0.716965, 0.9784019, 0.15845746] |
| 1 |   75 |  0.45 | 5000 |      f1 |     269 |   295.0 |   290.0 |    1,69 |-1,6e+09 |1592525711019 |[0.18406153, 0.7506411, 0.18632597, 0.05955261, 0.96651053, 0.5196701, 0.11113185, 0.716965, 0.9784019, 0.15845746] |
| 1 |   75 |  0.45 | 5000 |      f1 |     269 |   295.0 |   290.0 |    1,69 |  3,8 |1592525711019 |[0.18406153, 0.7506411, 0.18632597, 0.05955261, 0.96651053, 0.5196701, 0.11113185, 0.716965, 0.9784019, 0.15845746] |
| 2 |   50 |  0.25 | 5000 |      f1 |     269 |   295.0 |   290.0 |    1,69 |-0,0050 |1592525714870 |[0.011730611, 0.75472283, 0.831283, 0.6848567, 0.9430227, 0.58343303, 0.6164613, 0.08228612, 0.07589406, 0.305835] |
| 2 |   50 |   0.4 | 5000 |      f1 |     269 |   295.0 |   290.0 |    1,69 |-0,0050 |1592525714870 |[0.011730611, 0.75472283, 0.831283, 0.6848567, 0.9430227, 0.58343303, 0.6164613, 0.08228612, 0.07589406, 0.305835] |
| 2 |   50 |  0.28 | 5000 |      f1 |     269 |   295.0 |   290.0 |    1,69 |-0,0050 |1592525714870 |[0.011730611, 0.75472283, 0.831283, 0.6848567, 0.9430227, 0.58343303, 0.6164613, 0.08228612, 0.07589406, 0.305835] |
| 2 |   55 |  0.34 | 5000 |      f1 |     269 |   295.0 |   290.0 |    1,69 |-0,0050 |1592525714870 |[0.011730611, 0.75472283, 0.831283, 0.6848567, 0.9430227, 0.58343303, 0.6164613, 0.08228612, 0.07589406, 0.305835] |
| 2 |   55 |0.43636364 | 5000 |      f1 |     269 |   295.0 |   290.0 |    1,69 |-0,0050 |1592525714870 |[0.011730611, 0.75472283, 0.831283, 0.6848567, 0.9430227, 0.58343303, 0.6164613, 0.08228612, 0.07589406, 0.305835] |
| 2 |   55 |0.3272727 | 5000 |      f1 |     269 |   295.0 |   290.0 |    1,69 |-0,0050 |1592525714870 |[0.011730611, 0.75472283, 0.831283, 0.6848567, 0.9430227, 0.58343303, 0.6164613, 0.08228612, 0.07589406, 0.305835] |
| 2 |   55 |0.36363637 | 5000 |      f1 |     269 |   295.0 |   290.0 |    1,69 |-0,0050 |1592525714870 |[0.011730611, 0.75472283, 0.831283, 0.6848567, 0.9430227, 0.58343303, 0.6164613, 0.08228612, 0.07589406, 0.305835] |
| 2 |   60 |0.38181818 | 5000 |      f1 |     269 |   295.0 |   290.0 |    1,69 |-0,0050 |1592525714870 |[0.011730611, 0.75472283, 0.831283, 0.6848567, 0.9430227, 0.58343303, 0.6164613, 0.08228612, 0.07589406, 0.305835] |
| 2 |   60 |  0.45 | 5000 |      f1 |     269 |   295.0 |   290.0 |    1,69 |-0,0050 |1592525714870 |[0.011730611, 0.75472283, 0.831283, 0.6848567, 0.9430227, 0.58343303, 0.6164613, 0.08228612, 0.07589406, 0.305835] |
| 2 |   60 |   0.4 | 5000 |      f1 |     269 |   295.0 |   290.0 |    1,69 |-0,0050 |1592525714870 |[0.011730611, 0.75472283, 0.831283, 0.6848567, 0.9430227, 0.58343303, 0.6164613, 0.08228612, 0.07589406, 0.305835] |
| 2 |   60 |0.36666667 | 5000 |      f1 |     269 |   295.0 |   290.0 |    1,69 |-0,0050 |1592525714870 |[0.011730611, 0.75472283, 0.831283, 0.6848567, 0.9430227, 0.58343303, 0.6164613, 0.08228612, 0.07589406, 0.305835] |
| 2 |   65 |   0.4 | 5000 |      f1 |     269 |   295.0 |   290.0 |    1,69 |-0,0050 |1592525714870 |[0.011730611, 0.75472283, 0.831283, 0.6848567, 0.9430227, 0.58343303, 0.6164613, 0.08228612, 0.07589406, 0.305835] |
| 2 |   65 |  0.45 | 5000 |      f1 |     269 |   295.0 |   290.0 |    1,69 |-0,0050 |1592525714870 |[0.011730611, 0.75472283, 0.831283, 0.6848567, 0.9430227, 0.58343303, 0.6164613, 0.08228612, 0.07589406, 0.305835] |
| 2 |   65 |0.43076923 | 5000 |      f1 |     269 |   295.0 |   290.0 |    1,69 |-0,0050 |1592525714870 |[0.011730611, 0.75472283, 0.831283, 0.6848567, 0.9430227, 0.58343303, 0.6164613, 0.08228612, 0.07589406, 0.305835] |
| 2 |   65 |0.35384616 | 5000 |      f1 |     269 |   295.0 |   290.0 |    1,69 |-0,0050 |1592525714870 |[0.011730611, 0.75472283, 0.831283, 0.6848567, 0.9430227, 0.58343303, 0.6164613, 0.08228612, 0.07589406, 0.305835] |
| 2 |   70 |0.43076923 | 5000 |      f1 |     269 |   295.0 |   290.0 |    1,69 |-0,0050 |1592525714870 |[0.011730611, 0.75472283, 0.831283, 0.6848567, 0.9430227, 0.58343303, 0.6164613, 0.08228612, 0.07589406, 0.305835] |
| 2 |   70 |  0.45 | 5000 |      f1 |     269 |   295.0 |   290.0 |    1,69 |-0,0050 |1592525714870 |[0.011730611, 0.75472283, 0.831283, 0.6848567, 0.9430227, 0.58343303, 0.6164613, 0.08228612, 0.07589406, 0.305835] |
| 2 |   70 |0.42857143 | 5000 |      f1 |     269 |   295.0 |   290.0 |    1,69 |-0,0050 |1592525714870 |[0.011730611, 0.75472283, 0.831283, 0.6848567, 0.9430227, 0.58343303, 0.6164613, 0.08228612, 0.07589406, 0.305835] |
| 2 |   70 |0.41428572 | 5000 |      f1 |     269 |   295.0 |   290.0 |    1,69 |-0,0050 |1592525714870 |[0.011730611, 0.75472283, 0.831283, 0.6848567, 0.9430227, 0.58343303, 0.6164613, 0.08228612, 0.07589406, 0.305835] |
| 2 |   75 |0.37142858 | 5000 |      f1 |     269 |   295.0 |   290.0 |    1,69 |-0,0050 |1592525714870 |[0.011730611, 0.75472283, 0.831283, 0.6848567, 0.9430227, 0.58343303, 0.6164613, 0.08228612, 0.07589406, 0.305835] |
| 2 |   75 |  0.45 | 5000 |      f1 |     269 |   295.0 |   290.0 |    1,69 |-0,0050 |1592525714870 |[0.011730611, 0.75472283, 0.831283, 0.6848567, 0.9430227, 0.58343303, 0.6164613, 0.08228612, 0.07589406, 0.305835] |
| 2 |   75 |  0.45 | 5000 |      f1 |     269 |   295.0 |   290.0 |    1,69 |  3,8 |1592525714870 |[0.011730611, 0.75472283, 0.831283, 0.6848567, 0.9430227, 0.58343303, 0.6164613, 0.08228612, 0.07589406, 0.305835] |
| 3 |   50 |  0.25 | 5000 |      f1 |     269 |   295.0 |   290.0 |    1,69 |-0,0040 |1592525718628 |[0.25224727, 0.29495466, 0.23106074, 0.3225292, 0.70847124, 0.71478885, 0.40877408, 0.83189416, 0.54697305, 0.6331681] |
| 3 |   50 |  0.32 | 5000 |      f1 |     269 |   295.0 |   290.0 |    1,69 |-0,0040 |1592525718628 |[0.25224727, 0.29495466, 0.23106074, 0.3225292, 0.70847124, 0.71478885, 0.40877408, 0.83189416, 0.54697305, 0.6331681] |
| 3 |   50 |  0.36 | 5000 |      f1 |     269 |   295.0 |   290.0 |    1,69 |-0,0040 |1592525718628 |[0.25224727, 0.29495466, 0.23106074, 0.3225292, 0.70847124, 0.71478885, 0.40877408, 0.83189416, 0.54697305, 0.6331681] |
| 3 |   55 |  0.38 | 5000 |      f1 |     269 |   295.0 |   290.0 |    1,69 |-0,0040 |1592525718628 |[0.25224727, 0.29495466, 0.23106074, 0.3225292, 0.70847124, 0.71478885, 0.40877408, 0.83189416, 0.54697305, 0.6331681] |
| 3 |   55 |  0.45 | 5000 |      f1 |     269 |   295.0 |   290.0 |    1,69 |-0,0040 |1592525718628 |[0.33512634, 0.14840245, 0.39588493, 0.6308998, 0.0878036, 0.44399405, 0.9011896, 0.683729, 0.5580098, 0.3514213] |
| 3 |   55 |  0.45 | 5000 |      f1 |     269 |   295.0 |   290.0 |    1,69 |-0,0040 |1592525718628 |[0.33512634, 0.14840245, 0.39588493, 0.6308998, 0.0878036, 0.44399405, 0.9011896, 0.683729, 0.5580098, 0.3514213] |
| 3 |   55 |0.3272727 | 5000 |      f1 |     269 |   295.0 |   290.0 |    1,69 |-0,0040 |1592525718628 |[0.007468283, 0.7140032, 0.39118648, 0.37678486, 0.7422781, 0.6995329, 0.28112245, 0.29937023, 0.14849246, 0.58014345] |
| 3 |   60 |0.3272727 | 5000 |      f1 |     269 |   295.0 |   290.0 |    1,69 |-0,0040 |1592525718628 |[0.007468283, 0.7140032, 0.39118648, 0.37678486, 0.7422781, 0.6995329, 0.28112245, 0.29937023, 0.14849246, 0.58014345] |
| 3 |   60 |  0.45 | 5000 |      f1 |     269 |   295.0 |   290.0 |    1,69 |-0,0040 |1592525718628 |[0.007468283, 0.7140032, 0.39118648, 0.37678486, 0.7422781, 0.6995329, 0.28112245, 0.29937023, 0.14849246, 0.58014345] |
| 3 |   60 |  0.45 | 5000 |      f1 |     269 |   295.0 |   290.0 |    1,69 |-0,0040 |1592525718628 |[0.007468283, 0.7140032, 0.39118648, 0.37678486, 0.7422781, 0.6995329, 0.28112245, 0.29937023, 0.14849246, 0.58014345] |
| 3 |   60 |0.36666667 | 5000 |      f1 |     269 |   295.0 |   290.0 |    1,69 |-0,0040 |1592525718628 |[0.007468283, 0.7140032, 0.39118648, 0.37678486, 0.7422781, 0.6995329, 0.28112245, 0.29937023, 0.14849246, 0.58014345] |
| 3 |   65 |0.33333334 | 5000 |      f1 |     269 |   295.0 |   290.0 |    1,69 |-0,0040 |1592525718628 |[0.007468283, 0.7140032, 0.39118648, 0.37678486, 0.7422781, 0.6995329, 0.28112245, 0.29937023, 0.14849246, 0.58014345] |
| 3 |   65 |  0.45 | 5000 |      f1 |     269 |   295.0 |   290.0 |    1,69 |-0,0040 |1592525718628 |[0.007468283, 0.7140032, 0.39118648, 0.37678486, 0.7422781, 0.6995329, 0.28112245, 0.29937023, 0.14849246, 0.58014345] |
| 3 |   65 |0.32307693 | 5000 |      f1 |     269 |   295.0 |   290.0 |    1,69 |-0,0040 |1592525718628 |[0.007468283, 0.7140032, 0.39118648, 0.37678486, 0.7422781, 0.6995329, 0.28112245, 0.29937023, 0.14849246, 0.58014345] |
| 3 |   65 |0.30769232 | 5000 |      f1 |     269 |   295.0 |   290.0 |    1,69 |-0,0040 |1592525718628 |[0.007468283, 0.7140032, 0.39118648, 0.37678486, 0.7422781, 0.6995329, 0.28112245, 0.29937023, 0.14849246, 0.58014345] |
| 3 |   70 |0.36923078 | 5000 |      f1 |     269 |   295.0 |   290.0 |    1,69 |-0,0040 |1592525718628 |[0.007468283, 0.7140032, 0.39118648, 0.37678486, 0.7422781, 0.6995329, 0.28112245, 0.29937023, 0.14849246, 0.58014345] |
| 3 |   70 |  0.45 | 5000 |      f1 |     269 |   295.0 |   290.0 |    1,69 |-0,0040 |1592525718628 |[0.007468283, 0.7140032, 0.39118648, 0.37678486, 0.7422781, 0.6995329, 0.28112245, 0.29937023, 0.14849246, 0.58014345] |
| 3 |   70 |0.34285715 | 5000 |      f1 |     269 |   295.0 |   290.0 |    1,69 |-0,0040 |1592525718628 |[0.007468283, 0.7140032, 0.39118648, 0.37678486, 0.7422781, 0.6995329, 0.28112245, 0.29937023, 0.14849246, 0.58014345] |
| 3 |   70 |0.31428573 | 5000 |      f1 |     269 |   295.0 |   290.0 |    1,69 |-0,0040 |1592525718628 |[0.007468283, 0.7140032, 0.39118648, 0.37678486, 0.7422781, 0.6995329, 0.28112245, 0.29937023, 0.14849246, 0.58014345] |
| 3 |   75 |   0.4 | 5000 |      f1 |     269 |   295.0 |   290.0 |    1,69 |-0,0040 |1592525718628 |[0.007468283, 0.7140032, 0.39118648, 0.37678486, 0.7422781, 0.6995329, 0.28112245, 0.29937023, 0.14849246, 0.58014345] |
| 3 |   75 |  0.45 | 5000 |      f1 |     269 |   295.0 |   290.0 |    1,69 |-0,0040 |1592525718628 |[0.007468283, 0.7140032, 0.39118648, 0.37678486, 0.7422781, 0.6995329, 0.28112245, 0.29937023, 0.14849246, 0.58014345] |
| 3 |   75 |  0.45 | 5000 |      f1 |     269 |   295.0 |   290.0 |    1,69 |  3,6 |1592525718628 |[0.007468283, 0.7140032, 0.39118648, 0.37678486, 0.7422781, 0.6995329, 0.28112245, 0.29937023, 0.14849246, 0.58014345] |
| 4 |   50 |  0.25 | 5000 |      f1 |     269 |   295.0 |   290.0 |    1,69 |  0,0 |1592525722232 |[0.11239672, 0.45933592, 0.034735203, 0.6734654, 0.033781588, 0.33878314, 0.95104784, 0.6127648, 0.7137332, 0.12638944] |
| 4 |   50 |   0.3 | 5000 |      f1 |     269 |   295.0 |   290.0 |    1,69 |  0,0 |1592525722232 |[0.11239672, 0.45933592, 0.034735203, 0.6734654, 0.033781588, 0.33878314, 0.95104784, 0.6127648, 0.7137332, 0.12638944] |
| 4 |   50 |   0.3 | 5000 |      f1 |     269 |   295.0 |   290.0 |    1,69 |  0,0 |1592525722232 |[0.11239672, 0.45933592, 0.034735203, 0.6734654, 0.033781588, 0.33878314, 0.95104784, 0.6127648, 0.7137332, 0.12638944] |
| 4 |   55 |   0.3 | 5000 |      f1 |     269 |   295.0 |   290.0 |    1,69 |  0,0 |1592525722232 |[0.11239672, 0.45933592, 0.034735203, 0.6734654, 0.033781588, 0.33878314, 0.95104784, 0.6127648, 0.7137332, 0.12638944] |
| 4 |   55 |  0.45 | 5000 |      f1 |     269 |   295.0 |   290.0 |    1,69 |  0,0 |1592525722232 |[0.11239672, 0.45933592, 0.034735203, 0.6734654, 0.033781588, 0.33878314, 0.95104784, 0.6127648, 0.7137332, 0.12638944] |
| 4 |   55 |0.3090909 | 5000 |      f1 |     269 |   295.0 |   290.0 |    1,69 |  0,0 |1592525722232 |[0.11239672, 0.45933592, 0.034735203, 0.6734654, 0.033781588, 0.33878314, 0.95104784, 0.6127648, 0.7137332, 0.12638944] |
| 4 |   55 |0.3090909 | 5000 |      f1 |     269 |   295.0 |   290.0 |    1,69 |  0,0 |1592525722232 |[0.67821574, 0.13219833, 0.17361689, 0.5823729, 0.9683441, 0.8290024, 0.4220485, 0.9457057, 0.36566252, 0.050685167] |
| 4 |   60 |   0.4 | 5000 |      f1 |     269 |   295.0 |   290.0 |    1,69 |  0,0 |1592525722232 |[0.67821574, 0.13219833, 0.17361689, 0.5823729, 0.9683441, 0.8290024, 0.4220485, 0.9457057, 0.36566252, 0.050685167] |
| 4 |   60 |  0.45 | 5000 |      f1 |     269 |   295.0 |   290.0 |    1,69 |  0,0 |1592525722232 |[0.67821574, 0.13219833, 0.17361689, 0.5823729, 0.9683441, 0.8290024, 0.4220485, 0.9457057, 0.36566252, 0.050685167] |
| 4 |   60 |0.43333334 | 5000 |      f1 |     269 |   295.0 |   290.0 |    1,69 |  0,0 |1592525722232 |[0.67821574, 0.13219833, 0.17361689, 0.5823729, 0.9683441, 0.8290024, 0.4220485, 0.9457057, 0.36566252, 0.050685167] |
| 4 |   60 |0.38333333 | 5000 |      f1 |     269 |   295.0 |   290.0 |    1,69 |  0,0 |1592525722232 |[0.67821574, 0.13219833, 0.17361689, 0.5823729, 0.9683441, 0.8290024, 0.4220485, 0.9457057, 0.36566252, 0.050685167] |
| 4 |   65 |  0.45 | 5000 |      f1 |     269 |   295.0 |   290.0 |    1,69 |  0,0 |1592525722232 |[0.67821574, 0.13219833, 0.17361689, 0.5823729, 0.9683441, 0.8290024, 0.4220485, 0.9457057, 0.36566252, 0.050685167] |
| 4 |   65 |  0.45 | 5000 |      f1 |     269 |   295.0 |   290.0 |    1,69 |  0,0 |1592525722232 |[0.67821574, 0.13219833, 0.17361689, 0.5823729, 0.9683441, 0.8290024, 0.4220485, 0.9457057, 0.36566252, 0.050685167] |
| 4 |   65 |   0.4 | 5000 |      f1 |     269 |   295.0 |   290.0 |    1,69 |  0,0 |1592525722232 |[0.67821574, 0.13219833, 0.17361689, 0.5823729, 0.9683441, 0.8290024, 0.4220485, 0.9457057, 0.36566252, 0.050685167] |
| 4 |   65 |0.30769232 | 5000 |      f1 |     269 |   295.0 |   290.0 |    1,69 |  0,0 |1592525722232 |[0.67821574, 0.13219833, 0.17361689, 0.5823729, 0.9683441, 0.8290024, 0.4220485, 0.9457057, 0.36566252, 0.050685167] |
| 4 |   70 |0.33846155 | 5000 |      f1 |     269 |   295.0 |   290.0 |    1,69 |  0,0 |1592525722232 |[0.67821574, 0.13219833, 0.17361689, 0.5823729, 0.9683441, 0.8290024, 0.4220485, 0.9457057, 0.36566252, 0.050685167] |
| 4 |   70 |  0.45 | 5000 |      f1 |     269 |   295.0 |   290.0 |    1,69 |  0,0 |1592525722232 |[0.67821574, 0.13219833, 0.17361689, 0.5823729, 0.9683441, 0.8290024, 0.4220485, 0.9457057, 0.36566252, 0.050685167] |
| 4 |   70 |0.2857143 | 5000 |      f1 |     269 |   295.0 |   290.0 |    1,69 |  0,0 |1592525722232 |[0.67821574, 0.13219833, 0.17361689, 0.5823729, 0.9683441, 0.8290024, 0.4220485, 0.9457057, 0.36566252, 0.050685167] |
| 4 |   70 |0.35714287 | 5000 |      f1 |     269 |   295.0 |   290.0 |    1,69 |  0,0 |1592525722232 |[0.67821574, 0.13219833, 0.17361689, 0.5823729, 0.9683441, 0.8290024, 0.4220485, 0.9457057, 0.36566252, 0.050685167] |
| 4 |   75 |0.34285715 | 5000 |      f1 |     269 |   295.0 |   290.0 |    1,69 |  0,0 |1592525722232 |[0.67821574, 0.13219833, 0.17361689, 0.5823729, 0.9683441, 0.8290024, 0.4220485, 0.9457057, 0.36566252, 0.050685167] |
| 4 |   75 |  0.45 | 5000 |      f1 |     269 |   295.0 |   290.0 |    1,69 |  0,0 |1592525722232 |[0.67821574, 0.13219833, 0.17361689, 0.5823729, 0.9683441, 0.8290024, 0.4220485, 0.9457057, 0.36566252, 0.050685167] |
| 4 |   75 |  0.45 | 5000 |      f1 |     269 |   295.0 |   290.0 |    1,69 |  3,7 |1592525722232 |[0.67821574, 0.13219833, 0.17361689, 0.5823729, 0.9683441, 0.8290024, 0.4220485, 0.9457057, 0.36566252, 0.050685167] |
| 5 |   50 |  0.25 | 5000 |      f1 |     269 |   295.0 |   290.0 |    1,69 |-0,0010 |1592525725901 |[0.5702596, 0.9420334, 0.18048805, 0.90120965, 0.22072965, 0.22508156, 0.35995895, 0.6135529, 0.01108557, 0.16228616] |
| 5 |   50 |  0.42 | 5000 |      f1 |     269 |   295.0 |   290.0 |    1,69 |-0,0010 |1592525725901 |[0.5702596, 0.9420334, 0.18048805, 0.90120965, 0.22072965, 0.22508156, 0.35995895, 0.6135529, 0.01108557, 0.16228616] |
| 5 |   50 |  0.38 | 5000 |      f1 |     269 |   295.0 |   290.0 |    1,69 |-0,0010 |1592525725901 |[0.5702596, 0.9420334, 0.18048805, 0.90120965, 0.22072965, 0.22508156, 0.35995895, 0.6135529, 0.01108557, 0.16228616] |
