|Instancia |Ejecucion |Iteracion |Iter Max |Nidos |   %Pa |tipoDiscretizacion |tipoBinarizacion | CapMoch |   Optmo |OptimoObtenido |     RDP | time |      semilla |VectorSolucionReal |VectorSolucionBinario |
-------------------------------------------------------------------------------------------------
|      f5 | 1 |       1 |    5000 |   25 |  0,25 |standard | sshape3 |     375 |481,0694 |481,0694 |    0,00 |-1,6e+09 |1594081067127 |[0,5593547, 0,6564462, 0,9023086, 0,4696855, 0,96287143, 0,8505847, 0,68335795, 0,9778981, 0,3119803, 0,34228688, 0,43062645, 0,3855614, 0,76909316, 0,0643881, 0,4142803] |[0,0, 1,0, 0,0, 1,0, 0,0, 0,0, 1,0, 1,0, 1,0, 0,0, 1,0, 1,0, 0,0, 1,0, 0,0] |
|      f5 | 1 |       2 |    5000 |   25 |  0,25 |standard | sshape3 |     375 |481,0694 |481,0694 |    0,00 |0,012 |1594081067127 |[0,5593547, 0,6564462, 0,9023086, 0,4696855, 0,96287143, 0,8505847, 0,68335795, 0,9778981, 0,3119803, 0,34228688, 0,43062645, 0,3855614, 0,76909316, 0,0643881, 0,4142803] |[0,0, 1,0, 0,0, 1,0, 0,0, 0,0, 1,0, 1,0, 1,0, 0,0, 1,0, 1,0, 0,0, 1,0, 0,0] |
|      f5 | 2 |       1 |    5000 |   25 |  0,25 |standard | sshape3 |     375 |481,0694 |481,0694 |    0,00 |-0,0030 |1594081067142 |[0,40167513, 0,9158807, 0,43122974, 0,23805751, 0,73943603, 0,8340494, 0,24703391, 0,34417498, 0,16030373, 0,84000397, 0,18700556, 0,6497803, 0,34964094, 0,40821198, 0,88275594] |[0,0, 1,0, 0,0, 0,0, 1,0, 0,0, 0,0, 1,0, 1,0, 1,0, 1,0, 1,0, 0,0, 1,0, 1,0] |
|      f5 | 2 |       2 |    5000 |   25 |  0,25 |standard | sshape3 |     375 |481,0694 |481,0694 |    0,00 |0,0050 |1594081067142 |[0,40167513, 0,9158807, 0,43122974, 0,23805751, 0,73943603, 0,8340494, 0,24703391, 0,34417498, 0,16030373, 0,84000397, 0,18700556, 0,6497803, 0,34964094, 0,40821198, 0,88275594] |[0,0, 1,0, 0,0, 0,0, 1,0, 0,0, 0,0, 1,0, 1,0, 1,0, 1,0, 1,0, 0,0, 1,0, 1,0] |
|      f5 | 3 |       1 |    5000 |   25 |  0,25 |standard | sshape3 |     375 |481,0694 |481,0694 |    0,00 |-0,0040 |1594081067151 |[0,27476388, 0,0024183989, 0,35195333, 0,35628575, 0,4056018, 0,11278379, 0,95893043, 0,547262, 0,8007687, 0,43181062, 0,9521733, 0,24793708, 0,38409424, 0,04679066, 0,8970657] |[0,0, 0,0, 1,0, 1,0, 0,0, 0,0, 1,0, 1,0, 0,0, 0,0, 1,0, 1,0, 0,0, 1,0, 1,0] |
|      f5 | 3 |       2 |    5000 |   25 |  0,25 |standard | sshape3 |     375 |481,0694 |481,0694 |    0,00 |0,0030 |1594081067151 |[0,27476388, 0,0024183989, 0,35195333, 0,35628575, 0,4056018, 0,11278379, 0,95893043, 0,547262, 0,8007687, 0,43181062, 0,9521733, 0,24793708, 0,38409424, 0,04679066, 0,8970657] |[0,0, 0,0, 1,0, 1,0, 0,0, 0,0, 1,0, 1,0, 0,0, 0,0, 1,0, 1,0, 0,0, 1,0, 1,0] |
|      f5 | 4 |       1 |    5000 |   25 |  0,25 |standard | sshape3 |     375 |481,0694 |481,0694 |    0,00 |-0,0020 |1594081067156 |[0,98792833, 0,021180153, 0,07358962, 0,21682006, 0,454679, 0,5214408, 0,09310627, 0,38213617, 0,78044266, 0,19100958, 0,92748713, 0,9113824, 0,7329668, 0,35825688, 0,2432999] |[0,0, 1,0, 0,0, 0,0, 0,0, 0,0, 1,0, 1,0, 0,0, 0,0, 1,0, 1,0, 1,0, 1,0, 1,0] |
|      f5 | 4 |       2 |    5000 |   25 |  0,25 |standard | sshape3 |     375 |481,0694 |481,0694 |    0,00 |0,0030 |1594081067156 |[0,98792833, 0,021180153, 0,07358962, 0,21682006, 0,454679, 0,5214408, 0,09310627, 0,38213617, 0,78044266, 0,19100958, 0,92748713, 0,9113824, 0,7329668, 0,35825688, 0,2432999] |[0,0, 1,0, 0,0, 0,0, 0,0, 0,0, 1,0, 1,0, 0,0, 0,0, 1,0, 1,0, 1,0, 1,0, 1,0] |
|      f5 | 5 |       1 |    5000 |   25 |  0,25 |standard | sshape3 |     375 |481,0694 |481,0694 |    0,00 |-0,0020 |1594081067161 |[0,6201119, 0,115576565, 0,01182282, 0,55535084, 0,71086425, 0,00800693, 0,19006681, 0,31672204, 0,34725595, 0,8730001, 0,2724347, 0,7463774, 0,5126574, 0,11703408, 0,025853693] |[0,0, 0,0, 1,0, 0,0, 1,0, 0,0, 1,0, 1,0, 0,0, 1,0, 1,0, 1,0, 0,0, 1,0, 1,0] |
|      f5 | 5 |       2 |    5000 |   25 |  0,25 |standard | sshape3 |     375 |481,0694 |481,0694 |    0,00 |0,0020 |1594081067161 |[0,6201119, 0,115576565, 0,01182282, 0,55535084, 0,71086425, 0,00800693, 0,19006681, 0,31672204, 0,34725595, 0,8730001, 0,2724347, 0,7463774, 0,5126574, 0,11703408, 0,025853693] |[0,0, 0,0, 1,0, 0,0, 1,0, 0,0, 1,0, 1,0, 0,0, 1,0, 1,0, 1,0, 0,0, 1,0, 1,0] |
|      f5 | 6 |       1 |    5000 |   25 |  0,25 |standard | sshape3 |     375 |481,0694 |481,0694 |    0,00 |-0,0020 |1594081067165 |[0,8413462, 0,58506227, 0,3932187, 0,7085906, 0,21346265, 0,7018572, 0,5025731, 0,5730368, 0,14914048, 0,9373982, 0,61272305, 0,9171335, 0,704955, 0,111659944, 0,14369416] |[0,0, 0,0, 1,0, 1,0, 0,0, 0,0, 1,0, 1,0, 0,0, 1,0, 1,0, 1,0, 0,0, 1,0, 1,0] |
|      f5 | 6 |       2 |    5000 |   25 |  0,25 |standard | sshape3 |     375 |481,0694 |481,0694 |    0,00 |0,0050 |1594081067165 |[0,8413462, 0,58506227, 0,3932187, 0,7085906, 0,21346265, 0,7018572, 0,5025731, 0,5730368, 0,14914048, 0,9373982, 0,61272305, 0,9171335, 0,704955, 0,111659944, 0,14369416] |[0,0, 0,0, 1,0, 1,0, 0,0, 0,0, 1,0, 1,0, 0,0, 1,0, 1,0, 1,0, 0,0, 1,0, 1,0] |
|      f5 | 7 |       1 |    5000 |   25 |  0,25 |standard | sshape3 |     375 |481,0694 |481,0694 |    0,00 |-0,0010 |1594081067171 |[0,056412816, 0,07173228, 0,026090205, 0,0041961074, 0,5144794, 0,088302076, 0,9026935, 0,19591236, 0,51570135, 0,7549661, 0,63261664, 0,50804716, 0,3128407, 0,5705213, 0,6079486] |[0,0, 0,0, 1,0, 1,0, 1,0, 0,0, 0,0, 1,0, 0,0, 1,0, 0,0, 1,0, 0,0, 1,0, 1,0] |
|      f5 | 7 |       2 |    5000 |   25 |  0,25 |standard | sshape3 |     375 |481,0694 |481,0694 |    0,00 |0,0030 |1594081067171 |[0,056412816, 0,07173228, 0,026090205, 0,0041961074, 0,5144794, 0,088302076, 0,9026935, 0,19591236, 0,51570135, 0,7549661, 0,63261664, 0,50804716, 0,3128407, 0,5705213, 0,6079486] |[0,0, 0,0, 1,0, 1,0, 1,0, 0,0, 0,0, 1,0, 0,0, 1,0, 0,0, 1,0, 0,0, 1,0, 1,0] |
|      f5 | 8 |       1 |    5000 |   25 |  0,25 |standard | sshape3 |     375 |481,0694 |481,0694 |    0,00 |-0,0020 |1594081067176 |[0,2037934, 0,7901034, 0,96560895, 0,2582593, 0,090445936, 0,34834337, 0,3313672, 0,08653456, 0,70077354, 0,94384444, 0,8624945, 0,42151344, 0,9258076, 0,6934612, 0,014546633] |[0,0, 0,0, 1,0, 0,0, 1,0, 0,0, 1,0, 1,0, 1,0, 0,0, 1,0, 1,0, 1,0, 1,0, 0,0] |
|      f5 | 8 |       2 |    5000 |   25 |  0,25 |standard | sshape3 |     375 |481,0694 |481,0694 |    0,00 |0,0030 |1594081067176 |[0,2037934, 0,7901034, 0,96560895, 0,2582593, 0,090445936, 0,34834337, 0,3313672, 0,08653456, 0,70077354, 0,94384444, 0,8624945, 0,42151344, 0,9258076, 0,6934612, 0,014546633] |[0,0, 0,0, 1,0, 0,0, 1,0, 0,0, 1,0, 1,0, 1,0, 0,0, 1,0, 1,0, 1,0, 1,0, 0,0] |
|      f5 | 9 |       1 |    5000 |   25 |  0,25 |standard | sshape3 |     375 |481,0694 |481,0694 |    0,00 |-0,0010 |1594081067180 |[0,835102, 0,097111546, 1,0, 0,071604684, 0,81794566, 0,68656063, 0,090267986, 0,83318675, 0,06072098, 0,5751656, 0,05826118, 0,563514, 0,3037898, 0,69564795, 0,271605] |[1,0, 0,0, 0,0, 0,0, 1,0, 1,0, 0,0, 1,0, 1,0, 0,0, 1,0, 1,0, 0,0, 1,0, 0,0] |
|      f5 | 9 |       2 |    5000 |   25 |  0,25 |standard | sshape3 |     375 |481,0694 |481,0694 |    0,00 |0,0020 |1594081067180 |[0,835102, 0,097111546, 1,0, 0,071604684, 0,81794566, 0,68656063, 0,090267986, 0,83318675, 0,06072098, 0,5751656, 0,05826118, 0,563514, 0,3037898, 0,69564795, 0,271605] |[1,0, 0,0, 0,0, 0,0, 1,0, 1,0, 0,0, 1,0, 1,0, 0,0, 1,0, 1,0, 0,0, 1,0, 0,0] |
|      f5 |10 |       1 |    5000 |   25 |  0,25 |standard | sshape3 |     375 |481,0694 |481,0694 |    0,00 |-0,0020 |1594081067184 |[0,90984035, 0,12036455, 0,9619227, 0,94441557, 0,35081083, 0,53289175, 0,16811466, 0,13121337, 0,7721657, 0,9643348, 0,97166383, 0,6743582, 0,48877287, 0,252169, 0,06050676] |[0,0, 0,0, 1,0, 1,0, 0,0, 0,0, 1,0, 1,0, 1,0, 0,0, 1,0, 1,0, 1,0, 0,0, 1,0] |
|      f5 |10 |       2 |    5000 |   25 |  0,25 |standard | sshape3 |     375 |481,0694 |481,0694 |    0,00 |0,0030 |1594081067184 |[0,90984035, 0,12036455, 0,9619227, 0,94441557, 0,35081083, 0,53289175, 0,16811466, 0,13121337, 0,7721657, 0,9643348, 0,97166383, 0,6743582, 0,48877287, 0,252169, 0,06050676] |[0,0, 0,0, 1,0, 1,0, 0,0, 0,0, 1,0, 1,0, 1,0, 0,0, 1,0, 1,0, 1,0, 0,0, 1,0] |
|      f5 |11 |       1 |    5000 |   25 |  0,25 |standard | sshape3 |     375 |481,0694 |481,0694 |    0,00 |-0,0010 |1594081067188 |[0,09102982, 0,36797997, 1,0, 1,0, 0,1690713, 0,42411304, 0,45786005, 0,7308033, 1,0, 0,76972705, 0,6552008, 0,22959614, 0,9444644, 0,7958609, 0,8663074] |[0,0, 0,0, 1,0, 0,0, 1,0, 0,0, 1,0, 1,0, 0,0, 1,0, 1,0, 1,0, 0,0, 1,0, 1,0] |
|      f5 |11 |       2 |    5000 |   25 |  0,25 |standard | sshape3 |     375 |481,0694 |481,0694 |    0,00 |0,0020 |1594081067188 |[0,09102982, 0,36797997, 1,0, 1,0, 0,1690713, 0,42411304, 0,45786005, 0,7308033, 1,0, 0,76972705, 0,6552008, 0,22959614, 0,9444644, 0,7958609, 0,8663074] |[0,0, 0,0, 1,0, 0,0, 1,0, 0,0, 1,0, 1,0, 0,0, 1,0, 1,0, 1,0, 0,0, 1,0, 1,0] |
|      f5 |12 |       1 |    5000 |   25 |  0,25 |standard | sshape3 |     375 |481,0694 |481,0694 |    0,00 |-0,0020 |1594081067192 |[0,16767678, 0,37658027, 0,39580992, 0,79650915, 0,3999192, 0,86343277, 0,5847737, 0,976511, 0,57164466, 0,44353804, 0,52035934, 0,07152836, 0,20649429, 0,55112946, 0,82842207] |[0,0, 0,0, 1,0, 0,0, 1,0, 0,0, 1,0, 1,0, 0,0, 1,0, 1,0, 1,0, 0,0, 1,0, 1,0] |
|      f5 |12 |       2 |    5000 |   25 |  0,25 |standard | sshape3 |     375 |481,0694 |481,0694 |    0,00 |0,0020 |1594081067192 |[0,16767678, 0,37658027, 0,39580992, 0,79650915, 0,3999192, 0,86343277, 0,5847737, 0,976511, 0,57164466, 0,44353804, 0,52035934, 0,07152836, 0,20649429, 0,55112946, 0,82842207] |[0,0, 0,0, 1,0, 0,0, 1,0, 0,0, 1,0, 1,0, 0,0, 1,0, 1,0, 1,0, 0,0, 1,0, 1,0] |
|      f5 |13 |       1 |    5000 |   25 |  0,25 |standard | sshape3 |     375 |481,0694 |481,0694 |    0,00 |-0,0010 |1594081067195 |[0,42490092, 1,0, 0,4521957, 1,0E-12, 0,2403753, 0,5392139, 0,13192888, 0,6789744, 0,36244267, 0,5936631, 0,7372342, 0,29958576, 0,9365183, 0,925712, 0,28607312] |[0,0, 0,0, 1,0, 0,0, 1,0, 0,0, 1,0, 1,0, 0,0, 1,0, 1,0, 1,0, 0,0, 1,0, 1,0] |
|      f5 |13 |       2 |    5000 |   25 |  0,25 |standard | sshape3 |     375 |481,0694 |481,0694 |    0,00 |0,0010 |1594081067195 |[0,42490092, 1,0, 0,4521957, 1,0E-12, 0,2403753, 0,5392139, 0,13192888, 0,6789744, 0,36244267, 0,5936631, 0,7372342, 0,29958576, 0,9365183, 0,925712, 0,28607312] |[0,0, 0,0, 1,0, 0,0, 1,0, 0,0, 1,0, 1,0, 0,0, 1,0, 1,0, 1,0, 0,0, 1,0, 1,0] |
|      f5 |14 |       1 |    5000 |   25 |  0,25 |standard | sshape3 |     375 |481,0694 |481,0694 |    0,00 |-0,0010 |1594081067197 |[1,0E-12, 0,09710692, 0,9204684, 0,34350795, 1,0, 0,44003412, 0,5087611, 1,0E-12, 0,15285964, 0,26238132, 0,8599218, 0,44828814, 0,40639177, 0,6900323, 0,67146873] |[0,0, 0,0, 1,0, 0,0, 1,0, 0,0, 1,0, 1,0, 0,0, 1,0, 1,0, 1,0, 0,0, 1,0, 1,0] |
|      f5 |14 |       2 |    5000 |   25 |  0,25 |standard | sshape3 |     375 |481,0694 |481,0694 |    0,00 |0,0030 |1594081067197 |[1,0E-12, 0,09710692, 0,9204684, 0,34350795, 1,0, 0,44003412, 0,5087611, 1,0E-12, 0,15285964, 0,26238132, 0,8599218, 0,44828814, 0,40639177, 0,6900323, 0,67146873] |[0,0, 0,0, 1,0, 0,0, 1,0, 0,0, 1,0, 1,0, 0,0, 1,0, 1,0, 1,0, 0,0, 1,0, 1,0] |
|      f5 |15 |       1 |    5000 |   25 |  0,25 |standard | sshape3 |     375 |481,0694 |481,0694 |    0,00 |-0,0010 |1594081067201 |[0,22645016, 0,18022847, 0,9971731, 0,52970046, 0,9943662, 0,5195329, 0,22693329, 0,28127998, 0,43204144, 0,90546376, 0,8169508, 0,87184745, 0,27065867, 0,74468774, 0,84872746] |[0,0, 0,0, 1,0, 1,0, 1,0, 0,0, 1,0, 1,0, 1,0, 0,0, 0,0, 1,0, 0,0, 0,0, 1,0] |
|      f5 |15 |       2 |    5000 |   25 |  0,25 |standard | sshape3 |     375 |481,0694 |481,0694 |    0,00 |0,0020 |1594081067201 |[0,22645016, 0,18022847, 0,9971731, 0,52970046, 0,9943662, 0,5195329, 0,22693329, 0,28127998, 0,43204144, 0,90546376, 0,8169508, 0,87184745, 0,27065867, 0,74468774, 0,84872746] |[0,0, 0,0, 1,0, 1,0, 1,0, 0,0, 1,0, 1,0, 1,0, 0,0, 0,0, 1,0, 0,0, 0,0, 1,0] |
