|Instancia |Ejecucion |Iteracion |Iter Max |Nidos |   %Pa |tipoDiscretizacion |tipoBinarizacion | CapMoch |   Optmo |OptimoObtenido |     RDP | time |      semilla |VectorSolucionReal |VectorSolucionBinario |
-------------------------------------------------------------------------------------------------
|      f5 | 1 |       1 |    5000 |   25 |  0.25 |standard | sshape3 |     375 |481.0694 |   477.0 |    0,85 |-1,6e+09 |1594060178998 |[0.16082871, 0.3621599, 1.0E-12, 0.9066577, 0.6603365, 0.25603926, 0.20467828, 0.4657836, 0.05243765, 0.49933937, 0.32104295, 0.14081085, 0.6947046, 0.6108455, 0.6182125] |[0.0, 0.0, 1.0, 0.0, 1.0, 0.0, 1.0, 1.0, 0.0, 1.0, 1.0, 1.0, 0.0, 1.0, 1.0] |
|      f5 | 1 |     500 |    5000 |   25 |   0.2 |standard | sshape3 |     375 |481.0694 |   477.0 |    0,85 |-1,6e+09 |1594060178998 |[0.16082871, 0.3621599, 1.0E-12, 0.9066577, 0.6603365, 0.25603926, 0.20467828, 0.4657836, 0.05243765, 0.49933937, 0.32104295, 0.14081085, 0.6947046, 0.6108455, 0.6182125] |[0.0, 1.0, 0.0, 0.0, 0.0, 0.0, 1.0, 1.0, 1.0, 0.0, 1.0, 1.0, 0.0, 1.0, 1.0] |
|      f5 | 1 |    1000 |    5000 |   25 |  0.32 |standard | sshape3 |     375 |481.0694 |   477.0 |    0,85 |-1,6e+09 |1594060178998 |[0.16082871, 0.3621599, 1.0E-12, 0.9066577, 0.6603365, 0.25603926, 0.20467828, 0.4657836, 0.05243765, 0.49933937, 0.32104295, 0.14081085, 0.6947046, 0.6108455, 0.6182125] |[0.0, 1.0, 1.0, 1.0, 0.0, 0.0, 1.0, 1.0, 1.0, 1.0, 1.0, 1.0, 0.0, 0.0, 0.0] |
|      f5 | 1 |    1500 |    5000 |   30 |  0.32 |standard | sshape3 |     375 |481.0694 |   477.0 |    0,85 |-1,6e+09 |1594060178998 |[0.16082871, 0.3621599, 1.0E-12, 0.9066577, 0.6603365, 0.25603926, 0.20467828, 0.4657836, 0.05243765, 0.49933937, 0.32104295, 0.14081085, 0.6947046, 0.6108455, 0.6182125] |[0.0, 0.0, 0.0, 0.0, 0.0, 0.0, 0.0, 0.0, 0.0, 0.0, 0.0, 0.0, 0.0, 0.0, 0.0] |
|      f5 | 1 |    2000 |    5000 |   30 |0.33333334 |standard | sshape3 |     375 |481.0694 |   477.0 |    0,85 |-1,6e+09 |1594060178998 |[0.16082871, 0.3621599, 1.0E-12, 0.9066577, 0.6603365, 0.25603926, 0.20467828, 0.4657836, 0.05243765, 0.49933937, 0.32104295, 0.14081085, 0.6947046, 0.6108455, 0.6182125] |[0.0, 1.0, 0.0, 0.0, 1.0, 0.0, 0.0, 1.0, 1.0, 0.0, 0.0, 1.0, 1.0, 1.0, 1.0] |
|      f5 | 1 |    2500 |    5000 |   30 |   0.4 |standard | sshape3 |     375 |481.0694 |   477.0 |    0,85 |-1,6e+09 |1594060178998 |[0.16082871, 0.3621599, 1.0E-12, 0.9066577, 0.6603365, 0.25603926, 0.20467828, 0.4657836, 0.05243765, 0.49933937, 0.32104295, 0.14081085, 0.6947046, 0.6108455, 0.6182125] |[0.0, 0.0, 1.0, 0.0, 1.0, 0.0, 1.0, 1.0, 0.0, 1.0, 1.0, 1.0, 0.0, 1.0, 1.0] |
|      f5 | 1 |    3000 |    5000 |   30 |   0.3 |standard | sshape3 |     375 |481.0694 |   477.0 |    0,85 |-1,6e+09 |1594060178998 |[0.16082871, 0.3621599, 1.0E-12, 0.9066577, 0.6603365, 0.25603926, 0.20467828, 0.4657836, 0.05243765, 0.49933937, 0.32104295, 0.14081085, 0.6947046, 0.6108455, 0.6182125] |[0.0, 0.0, 0.0, 0.0, 1.0, 0.0, 1.0, 1.0, 1.0, 0.0, 1.0, 1.0, 1.0, 1.0, 1.0] |
|      f5 | 1 |    3500 |    5000 |   35 |0.33333334 |standard | sshape3 |     375 |481.0694 |   477.0 |    0,85 |-1,6e+09 |1594060178998 |[0.16082871, 0.3621599, 1.0E-12, 0.9066577, 0.6603365, 0.25603926, 0.20467828, 0.4657836, 0.05243765, 0.49933937, 0.32104295, 0.14081085, 0.6947046, 0.6108455, 0.6182125] |[0.0, 0.0, 0.0, 0.0, 0.0, 0.0, 0.0, 0.0, 0.0, 0.0, 0.0, 0.0, 0.0, 0.0, 0.0] |
|      f5 | 1 |    4000 |    5000 |   35 |0.42857143 |standard | sshape3 |     375 |481.0694 |   477.0 |    0,85 |-1,6e+09 |1594060178998 |[0.16082871, 0.3621599, 1.0E-12, 0.9066577, 0.6603365, 0.25603926, 0.20467828, 0.4657836, 0.05243765, 0.49933937, 0.32104295, 0.14081085, 0.6947046, 0.6108455, 0.6182125] |[0.0, 0.0, 1.0, 1.0, 1.0, 0.0, 0.0, 1.0, 1.0, 1.0, 1.0, 1.0, 0.0, 0.0, 1.0] |
|      f5 | 1 |    4500 |    5000 |   35 |0.34285715 |standard | sshape3 |     375 |481.0694 |   477.0 |    0,85 |-1,6e+09 |1594060178998 |[0.16082871, 0.3621599, 1.0E-12, 0.9066577, 0.6603365, 0.25603926, 0.20467828, 0.4657836, 0.05243765, 0.49933937, 0.32104295, 0.14081085, 0.6947046, 0.6108455, 0.6182125] |[0.0, 0.0, 1.0, 0.0, 1.0, 0.0, 1.0, 1.0, 0.0, 1.0, 1.0, 1.0, 0.0, 1.0, 1.0] |
|      f5 | 1 |    5000 |    5000 |   35 |0.37142858 |standard | sshape3 |     375 |481.0694 |   477.0 |    0,85 |-1,6e+09 |1594060178998 |[0.16082871, 0.3621599, 1.0E-12, 0.9066577, 0.6603365, 0.25603926, 0.20467828, 0.4657836, 0.05243765, 0.49933937, 0.32104295, 0.14081085, 0.6947046, 0.6108455, 0.6182125] |[0.0, 0.0, 1.0, 1.0, 0.0, 0.0, 1.0, 1.0, 1.0, 1.0, 1.0, 1.0, 1.0, 0.0, 0.0] |
|      f5 | 1 |    5001 |    5000 |   35 |0.37142858 |standard | sshape3 |     375 |481.0694 |   477.0 |    0,85 |  1,3 |1594060178998 |[0.16082871, 0.3621599, 1.0E-12, 0.9066577, 0.6603365, 0.25603926, 0.20467828, 0.4657836, 0.05243765, 0.49933937, 0.32104295, 0.14081085, 0.6947046, 0.6108455, 0.6182125] |[0.0, 0.0, 1.0, 1.0, 0.0, 0.0, 1.0, 1.0, 1.0, 1.0, 1.0, 1.0, 1.0, 0.0, 0.0] |
|      f5 | 2 |       1 |    5000 |   25 |  0.25 |standard | sshape3 |     375 |481.0694 |   477.0 |    0,85 |-0,0020 |1594060180330 |[0.44105715, 0.0047016605, 0.90261865, 0.913065, 0.60851824, 0.5663506, 0.16543983, 0.69955325, 0.66501063, 0.17739592, 0.84698164, 0.31198594, 0.40211302, 0.36261025, 0.031380318] |[0.0, 1.0, 1.0, 1.0, 0.0, 0.0, 0.0, 1.0, 0.0, 1.0, 1.0, 1.0, 0.0, 0.0, 1.0] |
|      f5 | 2 |     500 |    5000 |   30 |  0.36 |standard | sshape3 |     375 |481.0694 |   477.0 |    0,85 |-0,0020 |1594060180330 |[0.7283875, 0.35173815, 0.64405036, 0.92066973, 0.42421025, 0.37525845, 0.7693209, 0.16965503, 0.7177441, 0.3086201, 0.42113996, 0.20178998, 0.51604456, 0.20294023, 0.6574514] |[0.0, 0.0, 0.0, 0.0, 0.0, 0.0, 0.0, 0.0, 0.0, 0.0, 0.0, 0.0, 0.0, 0.0, 0.0] |
|      f5 | 2 |    1000 |    5000 |   30 |  0.45 |standard | sshape3 |     375 |481.0694 |   477.0 |    0,85 |-0,0020 |1594060180330 |[0.7283875, 0.35173815, 0.64405036, 0.92066973, 0.42421025, 0.37525845, 0.7693209, 0.16965503, 0.7177441, 0.3086201, 0.42113996, 0.20178998, 0.51604456, 0.20294023, 0.6574514] |[0.0, 1.0, 1.0, 0.0, 1.0, 0.0, 1.0, 1.0, 1.0, 0.0, 0.0, 1.0, 0.0, 1.0, 0.0] |
|      f5 | 2 |    1500 |    5000 |   30 |0.33333334 |standard | sshape3 |     375 |481.0694 |   477.0 |    0,85 |-0,0020 |1594060180330 |[0.7283875, 0.35173815, 0.64405036, 0.92066973, 0.42421025, 0.37525845, 0.7693209, 0.16965503, 0.7177441, 0.3086201, 0.42113996, 0.20178998, 0.51604456, 0.20294023, 0.6574514] |[0.0, 0.0, 1.0, 0.0, 1.0, 0.0, 1.0, 1.0, 0.0, 1.0, 1.0, 1.0, 1.0, 0.0, 1.0] |
|      f5 | 2 |    2000 |    5000 |   30 |0.36666667 |standard | sshape3 |     375 |481.0694 |   477.0 |    0,85 |-0,0020 |1594060180330 |[0.7283875, 0.35173815, 0.64405036, 0.92066973, 0.42421025, 0.37525845, 0.7693209, 0.16965503, 0.7177441, 0.3086201, 0.42113996, 0.20178998, 0.51604456, 0.20294023, 0.6574514] |[0.0, 0.0, 1.0, 1.0, 1.0, 0.0, 1.0, 1.0, 0.0, 0.0, 1.0, 1.0, 0.0, 1.0, 0.0] |
|      f5 | 2 |    2500 |    5000 |   35 |   0.3 |standard | sshape3 |     375 |481.0694 |   477.0 |    0,85 |-0,0020 |1594060180330 |[0.7283875, 0.35173815, 0.64405036, 0.92066973, 0.42421025, 0.37525845, 0.7693209, 0.16965503, 0.7177441, 0.3086201, 0.42113996, 0.20178998, 0.51604456, 0.20294023, 0.6574514] |[0.0, 0.0, 0.0, 0.0, 0.0, 0.0, 0.0, 0.0, 0.0, 0.0, 0.0, 0.0, 0.0, 0.0, 0.0] |
|      f5 | 2 |    3000 |    5000 |   35 |  0.45 |standard | sshape3 |     375 |481.0694 |   477.0 |    0,85 |-0,0020 |1594060180330 |[0.7283875, 0.35173815, 0.64405036, 0.92066973, 0.42421025, 0.37525845, 0.7693209, 0.16965503, 0.7177441, 0.3086201, 0.42113996, 0.20178998, 0.51604456, 0.20294023, 0.6574514] |[0.0, 0.0, 1.0, 0.0, 1.0, 0.0, 1.0, 1.0, 0.0, 1.0, 1.0, 1.0, 0.0, 1.0, 1.0] |
|      f5 | 2 |    3500 |    5000 |   35 |   0.4 |standard | sshape3 |     375 |481.0694 |   477.0 |    0,85 |-0,0020 |1594060180330 |[0.7283875, 0.35173815, 0.64405036, 0.92066973, 0.42421025, 0.37525845, 0.7693209, 0.16965503, 0.7177441, 0.3086201, 0.42113996, 0.20178998, 0.51604456, 0.20294023, 0.6574514] |[0.0, 0.0, 1.0, 1.0, 0.0, 0.0, 1.0, 1.0, 1.0, 0.0, 1.0, 1.0, 1.0, 1.0, 0.0] |
|      f5 | 2 |    4000 |    5000 |   35 |0.34285715 |standard | sshape3 |     375 |481.0694 |   477.0 |    0,85 |-0,0020 |1594060180330 |[0.7283875, 0.35173815, 0.64405036, 0.92066973, 0.42421025, 0.37525845, 0.7693209, 0.16965503, 0.7177441, 0.3086201, 0.42113996, 0.20178998, 0.51604456, 0.20294023, 0.6574514] |[0.0, 0.0, 1.0, 1.0, 1.0, 0.0, 1.0, 1.0, 0.0, 0.0, 1.0, 1.0, 0.0, 0.0, 1.0] |
|      f5 | 2 |    4500 |    5000 |   40 |0.31428573 |standard | sshape3 |     375 |481.0694 |   477.0 |    0,85 |-0,0020 |1594060180330 |[0.7283875, 0.35173815, 0.64405036, 0.92066973, 0.42421025, 0.37525845, 0.7693209, 0.16965503, 0.7177441, 0.3086201, 0.42113996, 0.20178998, 0.51604456, 0.20294023, 0.6574514] |[0.0, 0.0, 0.0, 0.0, 0.0, 0.0, 0.0, 0.0, 0.0, 0.0, 0.0, 0.0, 0.0, 0.0, 0.0] |
|      f5 | 2 |    5000 |    5000 |   40 |  0.35 |standard | sshape3 |     375 |481.0694 |   477.0 |    0,85 |-0,0020 |1594060180330 |[0.7283875, 0.35173815, 0.64405036, 0.92066973, 0.42421025, 0.37525845, 0.7693209, 0.16965503, 0.7177441, 0.3086201, 0.42113996, 0.20178998, 0.51604456, 0.20294023, 0.6574514] |[0.0, 0.0, 1.0, 1.0, 0.0, 0.0, 1.0, 1.0, 1.0, 1.0, 1.0, 1.0, 0.0, 0.0, 1.0] |
|      f5 | 2 |    5001 |    5000 |   40 |  0.35 |standard | sshape3 |     375 |481.0694 |   477.0 |    0,85 |  1,2 |1594060180330 |[0.7283875, 0.35173815, 0.64405036, 0.92066973, 0.42421025, 0.37525845, 0.7693209, 0.16965503, 0.7177441, 0.3086201, 0.42113996, 0.20178998, 0.51604456, 0.20294023, 0.6574514] |[0.0, 0.0, 1.0, 1.0, 0.0, 0.0, 1.0, 1.0, 1.0, 1.0, 1.0, 1.0, 0.0, 0.0, 1.0] |
|      f5 | 3 |       1 |    5000 |   25 |  0.25 |standard | sshape3 |     375 |481.0694 |   477.0 |    0,85 |-0,0010 |1594060181535 |[0.16940242, 0.6839892, 0.037646532, 0.58734035, 0.4039812, 0.13754648, 0.26529104, 0.36428916, 0.61487633, 0.2884853, 0.25976586, 0.9417159, 0.17626554, 0.9693989, 0.69540465] |[0.0, 0.0, 1.0, 0.0, 0.0, 1.0, 1.0, 1.0, 1.0, 1.0, 1.0, 1.0, 0.0, 0.0, 1.0] |
|      f5 | 3 |     500 |    5000 |   25 |  0.24 |standard | sshape3 |     375 |481.0694 |   477.0 |    0,85 |-0,0010 |1594060181535 |[0.80327976, 0.53132814, 0.46173382, 0.9506758, 0.3476603, 0.7744243, 0.86447704, 0.2752537, 0.28072104, 0.6506472, 0.16254717, 0.65966105, 0.18378356, 0.13172042, 0.69949615] |[0.0, 0.0, 1.0, 0.0, 1.0, 1.0, 0.0, 1.0, 1.0, 0.0, 0.0, 1.0, 0.0, 1.0, 1.0] |
|      f5 | 3 |    1000 |    5000 |   25 |  0.28 |standard | sshape3 |     375 |481.0694 |   477.0 |    0,85 |-0,0010 |1594060181535 |[0.80327976, 0.53132814, 0.46173382, 0.9506758, 0.3476603, 0.7744243, 0.86447704, 0.2752537, 0.28072104, 0.6506472, 0.16254717, 0.65966105, 0.18378356, 0.13172042, 0.69949615] |[0.0, 1.0, 1.0, 1.0, 0.0, 0.0, 0.0, 1.0, 1.0, 1.0, 0.0, 1.0, 0.0, 0.0, 1.0] |
|      f5 | 3 |    1500 |    5000 |   30 |  0.36 |standard | sshape3 |     375 |481.0694 |   477.0 |    0,85 |-0,0010 |1594060181535 |[0.80327976, 0.53132814, 0.46173382, 0.9506758, 0.3476603, 0.7744243, 0.86447704, 0.2752537, 0.28072104, 0.6506472, 0.16254717, 0.65966105, 0.18378356, 0.13172042, 0.69949615] |[0.0, 0.0, 0.0, 0.0, 0.0, 0.0, 0.0, 0.0, 0.0, 0.0, 0.0, 0.0, 0.0, 0.0, 0.0] |
|      f5 | 3 |    2000 |    5000 |   30 |   0.4 |standard | sshape3 |     375 |481.0694 |   477.0 |    0,85 |-0,0010 |1594060181535 |[0.80327976, 0.53132814, 0.46173382, 0.9506758, 0.3476603, 0.7744243, 0.86447704, 0.2752537, 0.28072104, 0.6506472, 0.16254717, 0.65966105, 0.18378356, 0.13172042, 0.69949615] |[0.0, 0.0, 0.0, 1.0, 1.0, 0.0, 1.0, 1.0, 0.0, 1.0, 1.0, 1.0, 0.0, 0.0, 1.0] |
|      f5 | 3 |    2500 |    5000 |   30 |   0.3 |standard | sshape3 |     375 |481.0694 |   477.0 |    0,85 |-0,0010 |1594060181535 |[0.80327976, 0.53132814, 0.46173382, 0.9506758, 0.3476603, 0.7744243, 0.86447704, 0.2752537, 0.28072104, 0.6506472, 0.16254717, 0.65966105, 0.18378356, 0.13172042, 0.69949615] |[0.0, 0.0, 1.0, 0.0, 1.0, 0.0, 1.0, 1.0, 1.0, 1.0, 1.0, 1.0, 1.0, 0.0, 1.0] |
|      f5 | 3 |    3000 |    5000 |   30 |0.33333334 |standard | sshape3 |     375 |481.0694 |   477.0 |    0,85 |-0,0010 |1594060181535 |[0.80327976, 0.53132814, 0.46173382, 0.9506758, 0.3476603, 0.7744243, 0.86447704, 0.2752537, 0.28072104, 0.6506472, 0.16254717, 0.65966105, 0.18378356, 0.13172042, 0.69949615] |[0.0, 0.0, 1.0, 0.0, 1.0, 0.0, 1.0, 1.0, 0.0, 1.0, 1.0, 1.0, 1.0, 0.0, 1.0] |
|      f5 | 3 |    3500 |    5000 |   35 |  0.45 |standard | sshape3 |     375 |481.0694 |   477.0 |    0,85 |-0,0010 |1594060181535 |[0.80327976, 0.53132814, 0.46173382, 0.9506758, 0.3476603, 0.7744243, 0.86447704, 0.2752537, 0.28072104, 0.6506472, 0.16254717, 0.65966105, 0.18378356, 0.13172042, 0.69949615] |[0.0, 0.0, 0.0, 0.0, 0.0, 0.0, 0.0, 0.0, 0.0, 0.0, 0.0, 0.0, 0.0, 0.0, 0.0] |
|      f5 | 3 |    4000 |    5000 |   35 |  0.45 |standard | sshape3 |     375 |481.0694 |   477.0 |    0,85 |-0,0010 |1594060181535 |[0.7186433, 0.9446899, 0.22443205, 0.53388494, 0.20283884, 0.6365654, 0.66692495, 0.4972238, 0.20740515, 0.52079713, 0.06605798, 0.9974644, 0.1065523, 0.6816137, 0.41884708] |[0.0, 1.0, 0.0, 0.0, 1.0, 0.0, 1.0, 1.0, 1.0, 1.0, 1.0, 1.0, 0.0, 0.0, 1.0] |
|      f5 | 3 |    4500 |    5000 |   35 |0.37142858 |standard | sshape3 |     375 |481.0694 |   477.0 |    0,85 |-0,0010 |1594060181535 |[0.7186433, 0.9446899, 0.22443205, 0.53388494, 0.20283884, 0.6365654, 0.66692495, 0.4972238, 0.20740515, 0.52079713, 0.06605798, 0.9974644, 0.1065523, 0.6816137, 0.41884708] |[0.0, 1.0, 0.0, 0.0, 1.0, 0.0, 1.0, 1.0, 0.0, 0.0, 1.0, 1.0, 0.0, 1.0, 1.0] |
|      f5 | 3 |    5000 |    5000 |   35 |0.37142858 |standard | sshape3 |     375 |481.0694 |   477.0 |    0,85 |-0,0010 |1594060181535 |[0.7186433, 0.9446899, 0.22443205, 0.53388494, 0.20283884, 0.6365654, 0.66692495, 0.4972238, 0.20740515, 0.52079713, 0.06605798, 0.9974644, 0.1065523, 0.6816137, 0.41884708] |[0.0, 0.0, 1.0, 1.0, 0.0, 1.0, 0.0, 1.0, 0.0, 1.0, 0.0, 1.0, 1.0, 1.0, 0.0] |
|      f5 | 3 |    5001 |    5000 |   35 |0.37142858 |standard | sshape3 |     375 |481.0694 |   477.0 |    0,85 |  1,1 |1594060181535 |[0.7186433, 0.9446899, 0.22443205, 0.53388494, 0.20283884, 0.6365654, 0.66692495, 0.4972238, 0.20740515, 0.52079713, 0.06605798, 0.9974644, 0.1065523, 0.6816137, 0.41884708] |[0.0, 0.0, 1.0, 1.0, 0.0, 1.0, 0.0, 1.0, 0.0, 1.0, 0.0, 1.0, 1.0, 1.0, 0.0] |
|      f5 | 4 |       1 |    5000 |   25 |  0.25 |standard | sshape3 |     375 |481.0694 |   477.0 |    0,85 |  0,0 |1594060182648 |[0.55035275, 0.6282078, 0.96482825, 0.6947364, 0.45938355, 0.96302, 0.64763045, 0.48767585, 0.8881672, 0.69051296, 0.10944635, 0.504451, 0.48951125, 0.8031841, 0.39948177] |[0.0, 1.0, 1.0, 0.0, 1.0, 0.0, 0.0, 1.0, 1.0, 1.0, 1.0, 1.0, 0.0, 1.0, 0.0] |
|      f5 | 4 |     500 |    5000 |   30 |  0.36 |standard | sshape3 |     375 |481.0694 |   477.0 |    0,85 |  0,0 |1594060182648 |[0.3477654, 0.8076977, 0.90850985, 0.75919527, 0.49771798, 0.9518005, 0.6487286, 0.2736663, 0.36340857, 0.6976476, 0.37191418, 0.5978987, 0.47110963, 0.65209603, 0.7894868] |[0.0, 0.0, 0.0, 0.0, 0.0, 0.0, 0.0, 0.0, 0.0, 0.0, 0.0, 0.0, 0.0, 0.0, 0.0] |
|      f5 | 4 |    1000 |    5000 |   30 |  0.45 |standard | sshape3 |     375 |481.0694 |   477.0 |    0,85 |  0,0 |1594060182648 |[0.3477654, 0.8076977, 0.90850985, 0.75919527, 0.49771798, 0.9518005, 0.6487286, 0.2736663, 0.36340857, 0.6976476, 0.37191418, 0.5978987, 0.47110963, 0.65209603, 0.7894868] |[1.0, 0.0, 1.0, 1.0, 1.0, 0.0, 0.0, 1.0, 0.0, 1.0, 0.0, 1.0, 0.0, 0.0, 1.0] |
|      f5 | 4 |    1500 |    5000 |   30 |   0.4 |standard | sshape3 |     375 |481.0694 |   477.0 |    0,85 |  0,0 |1594060182648 |[0.3477654, 0.8076977, 0.90850985, 0.75919527, 0.49771798, 0.9518005, 0.6487286, 0.2736663, 0.36340857, 0.6976476, 0.37191418, 0.5978987, 0.47110963, 0.65209603, 0.7894868] |[1.0, 0.0, 0.0, 1.0, 0.0, 0.0, 1.0, 1.0, 0.0, 0.0, 0.0, 1.0, 1.0, 1.0, 1.0] |
|      f5 | 4 |    2000 |    5000 |   30 |0.26666668 |standard | sshape3 |     375 |481.0694 |   477.0 |    0,85 |  0,0 |1594060182648 |[0.3477654, 0.8076977, 0.90850985, 0.75919527, 0.49771798, 0.9518005, 0.6487286, 0.2736663, 0.36340857, 0.6976476, 0.37191418, 0.5978987, 0.47110963, 0.65209603, 0.7894868] |[0.0, 0.0, 1.0, 0.0, 1.0, 0.0, 1.0, 1.0, 0.0, 1.0, 1.0, 1.0, 0.0, 1.0, 1.0] |
|      f5 | 4 |    2500 |    5000 |   35 |0.23333333 |standard | sshape3 |     375 |481.0694 |   477.0 |    0,85 |  0,0 |1594060182648 |[0.3477654, 0.8076977, 0.90850985, 0.75919527, 0.49771798, 0.9518005, 0.6487286, 0.2736663, 0.36340857, 0.6976476, 0.37191418, 0.5978987, 0.47110963, 0.65209603, 0.7894868] |[0.0, 0.0, 0.0, 0.0, 0.0, 0.0, 0.0, 0.0, 0.0, 0.0, 0.0, 0.0, 0.0, 0.0, 0.0] |
|      f5 | 4 |    3000 |    5000 |   35 |  0.45 |standard | sshape3 |     375 |481.0694 |   477.0 |    0,85 |  0,0 |1594060182648 |[0.3477654, 0.8076977, 0.90850985, 0.75919527, 0.49771798, 0.9518005, 0.6487286, 0.2736663, 0.36340857, 0.6976476, 0.37191418, 0.5978987, 0.47110963, 0.65209603, 0.7894868] |[1.0, 1.0, 1.0, 0.0, 0.0, 1.0, 0.0, 1.0, 1.0, 1.0, 1.0, 1.0, 0.0, 0.0, 0.0] |
|      f5 | 4 |    3500 |    5000 |   35 |0.34285715 |standard | sshape3 |     375 |481.0694 |   477.0 |    0,85 |  0,0 |1594060182648 |[0.3477654, 0.8076977, 0.90850985, 0.75919527, 0.49771798, 0.9518005, 0.6487286, 0.2736663, 0.36340857, 0.6976476, 0.37191418, 0.5978987, 0.47110963, 0.65209603, 0.7894868] |[0.0, 0.0, 1.0, 1.0, 0.0, 1.0, 0.0, 1.0, 0.0, 0.0, 0.0, 1.0, 0.0, 1.0, 1.0] |
|      f5 | 4 |    4000 |    5000 |   35 |0.37142858 |standard | sshape3 |     375 |481.0694 |   477.0 |    0,85 |  0,0 |1594060182648 |[0.3477654, 0.8076977, 0.90850985, 0.75919527, 0.49771798, 0.9518005, 0.6487286, 0.2736663, 0.36340857, 0.6976476, 0.37191418, 0.5978987, 0.47110963, 0.65209603, 0.7894868] |[0.0, 1.0, 0.0, 0.0, 1.0, 0.0, 1.0, 1.0, 1.0, 0.0, 1.0, 1.0, 0.0, 1.0, 0.0] |
|      f5 | 4 |    4500 |    5000 |   40 |   0.4 |standard | sshape3 |     375 |481.0694 |   477.0 |    0,85 |  0,0 |1594060182648 |[0.3477654, 0.8076977, 0.90850985, 0.75919527, 0.49771798, 0.9518005, 0.6487286, 0.2736663, 0.36340857, 0.6976476, 0.37191418, 0.5978987, 0.47110963, 0.65209603, 0.7894868] |[0.0, 0.0, 0.0, 0.0, 0.0, 0.0, 0.0, 0.0, 0.0, 0.0, 0.0, 0.0, 0.0, 0.0, 0.0] |
|      f5 | 4 |    5000 |    5000 |   40 |  0.45 |standard | sshape3 |     375 |481.0694 |   477.0 |    0,85 |  0,0 |1594060182648 |[0.3477654, 0.8076977, 0.90850985, 0.75919527, 0.49771798, 0.9518005, 0.6487286, 0.2736663, 0.36340857, 0.6976476, 0.37191418, 0.5978987, 0.47110963, 0.65209603, 0.7894868] |[0.0, 0.0, 1.0, 0.0, 1.0, 0.0, 1.0, 1.0, 1.0, 0.0, 1.0, 1.0, 0.0, 1.0, 1.0] |
|      f5 | 4 |    5001 |    5000 |   40 |  0.45 |standard | sshape3 |     375 |481.0694 |   477.0 |    0,85 |  1,2 |1594060182648 |[0.3477654, 0.8076977, 0.90850985, 0.75919527, 0.49771798, 0.9518005, 0.6487286, 0.2736663, 0.36340857, 0.6976476, 0.37191418, 0.5978987, 0.47110963, 0.65209603, 0.7894868] |[0.0, 0.0, 1.0, 0.0, 1.0, 0.0, 1.0, 1.0, 1.0, 0.0, 1.0, 1.0, 0.0, 1.0, 1.0] |
|      f5 | 5 |       1 |    5000 |   25 |  0.25 |standard | sshape3 |     375 |481.0694 |   477.0 |    0,85 |  0,0 |1594060183813 |[0.5951273, 0.21154124, 0.74887013, 0.14725739, 0.88872355, 0.23942822, 0.070320904, 0.3914593, 0.23414773, 0.41832632, 0.947543, 0.09412414, 0.41200686, 0.65355915, 0.11584616] |[1.0, 0.0, 1.0, 1.0, 0.0, 0.0, 1.0, 1.0, 0.0, 1.0, 1.0, 1.0, 0.0, 0.0, 0.0] |
|      f5 | 5 |     500 |    5000 |   25 |  0.32 |standard | sshape3 |     375 |481.0694 |   477.0 |    0,85 |  0,0 |1594060183813 |[0.5951273, 0.21154124, 0.74887013, 0.14725739, 0.88872355, 0.23942822, 0.070320904, 0.3914593, 0.23414773, 0.41832632, 0.947543, 0.09412414, 0.41200686, 0.65355915, 0.11584616] |[0.0, 1.0, 0.0, 0.0, 0.0, 0.0, 1.0, 1.0, 1.0, 1.0, 1.0, 1.0, 0.0, 1.0, 1.0] |
|      f5 | 5 |    1000 |    5000 |   25 |  0.32 |standard | sshape3 |     375 |481.0694 |   477.0 |    0,85 |  0,0 |1594060183813 |[0.5951273, 0.21154124, 0.74887013, 0.14725739, 0.88872355, 0.23942822, 0.070320904, 0.3914593, 0.23414773, 0.41832632, 0.947543, 0.09412414, 0.41200686, 0.65355915, 0.11584616] |[1.0, 0.0, 1.0, 1.0, 1.0, 0.0, 0.0, 1.0, 0.0, 1.0, 0.0, 1.0, 0.0, 1.0, 0.0] |
|      f5 | 5 |    1500 |    5000 |   30 |  0.24 |standard | sshape3 |     375 |481.0694 |   477.0 |    0,85 |  0,0 |1594060183813 |[0.80002576, 0.6197369, 0.3454643, 0.60430336, 0.56193984, 0.55278087, 0.26568806, 0.20179796, 0.963901, 0.611662, 0.95656085, 7.173419E-4, 0.7353246, 0.78222287, 0.12615103] |[0.0, 0.0, 0.0, 0.0, 0.0, 0.0, 0.0, 0.0, 0.0, 0.0, 0.0, 0.0, 0.0, 0.0, 0.0] |
|      f5 | 5 |    2000 |    5000 |   30 |  0.45 |standard | sshape3 |     375 |481.0694 |   477.0 |    0,85 |  0,0 |1594060183813 |[0.80002576, 0.6197369, 0.3454643, 0.60430336, 0.56193984, 0.55278087, 0.26568806, 0.20179796, 0.963901, 0.611662, 0.95656085, 7.173419E-4, 0.7353246, 0.78222287, 0.12615103] |[0.0, 0.0, 0.0, 0.0, 1.0, 0.0, 1.0, 1.0, 1.0, 0.0, 1.0, 1.0, 1.0, 1.0, 1.0] |
|      f5 | 5 |    2500 |    5000 |   30 |0.26666668 |standard | sshape3 |     375 |481.0694 |   477.0 |    0,85 |  0,0 |1594060183813 |[0.80002576, 0.6197369, 0.3454643, 0.60430336, 0.56193984, 0.55278087, 0.26568806, 0.20179796, 0.963901, 0.611662, 0.95656085, 7.173419E-4, 0.7353246, 0.78222287, 0.12615103] |[1.0, 0.0, 0.0, 0.0, 0.0, 1.0, 1.0, 1.0, 1.0, 1.0, 1.0, 1.0, 0.0, 1.0, 0.0] |
|      f5 | 5 |    3000 |    5000 |   30 |0.43333334 |standard | sshape3 |     375 |481.0694 |   477.0 |    0,85 |  0,0 |1594060183813 |[0.80002576, 0.6197369, 0.3454643, 0.60430336, 0.56193984, 0.55278087, 0.26568806, 0.20179796, 0.963901, 0.611662, 0.95656085, 7.173419E-4, 0.7353246, 0.78222287, 0.12615103] |[0.0, 1.0, 0.0, 1.0, 1.0, 0.0, 1.0, 1.0, 0.0, 0.0, 0.0, 1.0, 0.0, 1.0, 0.0] |
|      f5 | 5 |    3500 |    5000 |   35 |0.33333334 |standard | sshape3 |     375 |481.0694 |   477.0 |    0,85 |  0,0 |1594060183813 |[0.80002576, 0.6197369, 0.3454643, 0.60430336, 0.56193984, 0.55278087, 0.26568806, 0.20179796, 0.963901, 0.611662, 0.95656085, 7.173419E-4, 0.7353246, 0.78222287, 0.12615103] |[0.0, 0.0, 0.0, 0.0, 0.0, 0.0, 0.0, 0.0, 0.0, 0.0, 0.0, 0.0, 0.0, 0.0, 0.0] |
|      f5 | 5 |    4000 |    5000 |   35 |  0.45 |standard | sshape3 |     375 |481.0694 |   477.0 |    0,85 |  0,0 |1594060183813 |[0.80002576, 0.6197369, 0.3454643, 0.60430336, 0.56193984, 0.55278087, 0.26568806, 0.20179796, 0.963901, 0.611662, 0.95656085, 7.173419E-4, 0.7353246, 0.78222287, 0.12615103] |[0.0, 1.0, 0.0, 0.0, 1.0, 0.0, 0.0, 1.0, 1.0, 1.0, 1.0, 1.0, 0.0, 1.0, 1.0] |
|      f5 | 5 |    4500 |    5000 |   35 |0.31428573 |standard | sshape3 |     375 |481.0694 |   477.0 |    0,85 |  0,0 |1594060183813 |[0.80002576, 0.6197369, 0.3454643, 0.60430336, 0.56193984, 0.55278087, 0.26568806, 0.20179796, 0.963901, 0.611662, 0.95656085, 7.173419E-4, 0.7353246, 0.78222287, 0.12615103] |[0.0, 0.0, 0.0, 1.0, 1.0, 0.0, 1.0, 1.0, 0.0, 0.0, 0.0, 1.0, 1.0, 1.0, 1.0] |
|      f5 | 5 |    5000 |    5000 |   35 |0.25714287 |standard | sshape3 |     375 |481.0694 |   477.0 |    0,85 |  0,0 |1594060183813 |[0.80002576, 0.6197369, 0.3454643, 0.60430336, 0.56193984, 0.55278087, 0.26568806, 0.20179796, 0.963901, 0.611662, 0.95656085, 7.173419E-4, 0.7353246, 0.78222287, 0.12615103] |[0.0, 1.0, 0.0, 0.0, 1.0, 0.0, 1.0, 1.0, 1.0, 1.0, 1.0, 1.0, 0.0, 0.0, 1.0] |
|      f5 | 5 |    5001 |    5000 |   35 |0.25714287 |standard | sshape3 |     375 |481.0694 |   477.0 |    0,85 |  1,1 |1594060183813 |[0.80002576, 0.6197369, 0.3454643, 0.60430336, 0.56193984, 0.55278087, 0.26568806, 0.20179796, 0.963901, 0.611662, 0.95656085, 7.173419E-4, 0.7353246, 0.78222287, 0.12615103] |[0.0, 1.0, 0.0, 0.0, 1.0, 0.0, 1.0, 1.0, 1.0, 1.0, 1.0, 1.0, 0.0, 0.0, 1.0] |
|      f5 | 6 |       1 |    5000 |   25 |  0.25 |standard | sshape3 |     375 |481.0694 |   477.0 |    0,85 |  0,0 |1594060184866 |[0.26048118, 0.4166484, 0.581867, 0.034776866, 0.5200672, 0.2252484, 0.27087688, 0.17126846, 0.0960595, 0.7967618, 0.20894623, 0.35515022, 0.5658489, 0.14009517, 0.86015475] |[0.0, 0.0, 1.0, 0.0, 1.0, 0.0, 1.0, 1.0, 0.0, 1.0, 1.0, 1.0, 0.0, 1.0, 1.0] |
|      f5 | 6 |     500 |    5000 |   30 |  0.32 |standard | sshape3 |     375 |481.0694 |   477.0 |    0,85 |  0,0 |1594060184866 |[0.42802465, 0.28716978, 0.6543088, 0.30139363, 0.4300297, 0.21917674, 0.12248637, 0.791045, 0.1829197, 0.40924317, 0.6894011, 0.85083216, 0.043301784, 0.68724, 1.0] |[0.0, 0.0, 0.0, 0.0, 0.0, 0.0, 0.0, 0.0, 0.0, 0.0, 0.0, 0.0, 0.0, 0.0, 0.0] |
|      f5 | 6 |    1000 |    5000 |   30 |   0.4 |standard | sshape3 |     375 |481.0694 |   477.0 |    0,85 |  0,0 |1594060184866 |[0.23444384, 0.85441536, 0.4160996, 0.16655856, 0.2550884, 0.70297027, 0.4669066, 0.49460316, 0.15906072, 0.19156373, 0.64546347, 0.53708225, 0.97898763, 0.19734669, 0.42847615] |[0.0, 0.0, 1.0, 1.0, 0.0, 0.0, 1.0, 1.0, 1.0, 1.0, 1.0, 1.0, 0.0, 0.0, 1.0] |
|      f5 | 6 |    1500 |    5000 |   30 |   0.4 |standard | sshape3 |     375 |481.0694 |   477.0 |    0,85 |  0,0 |1594060184866 |[0.23444384, 0.85441536, 0.4160996, 0.16655856, 0.2550884, 0.70297027, 0.4669066, 0.49460316, 0.15906072, 0.19156373, 0.64546347, 0.53708225, 0.97898763, 0.19734669, 0.42847615] |[0.0, 1.0, 1.0, 0.0, 1.0, 1.0, 0.0, 1.0, 0.0, 1.0, 0.0, 1.0, 0.0, 0.0, 1.0] |
|      f5 | 6 |    2000 |    5000 |   30 |0.33333334 |standard | sshape3 |     375 |481.0694 |   477.0 |    0,85 |  0,0 |1594060184866 |[0.23444384, 0.85441536, 0.4160996, 0.16655856, 0.2550884, 0.70297027, 0.4669066, 0.49460316, 0.15906072, 0.19156373, 0.64546347, 0.53708225, 0.97898763, 0.19734669, 0.42847615] |[0.0, 0.0, 1.0, 0.0, 1.0, 0.0, 1.0, 1.0, 0.0, 1.0, 1.0, 1.0, 0.0, 1.0, 1.0] |
|      f5 | 6 |    2500 |    5000 |   35 |   0.4 |standard | sshape3 |     375 |481.0694 |   477.0 |    0,85 |  0,0 |1594060184866 |[0.23444384, 0.85441536, 0.4160996, 0.16655856, 0.2550884, 0.70297027, 0.4669066, 0.49460316, 0.15906072, 0.19156373, 0.64546347, 0.53708225, 0.97898763, 0.19734669, 0.42847615] |[0.0, 0.0, 0.0, 0.0, 0.0, 0.0, 0.0, 0.0, 0.0, 0.0, 0.0, 0.0, 0.0, 0.0, 0.0] |
|      f5 | 6 |    3000 |    5000 |   35 |  0.45 |standard | sshape3 |     375 |481.0694 |   477.0 |    0,85 |  0,0 |1594060184866 |[0.23444384, 0.85441536, 0.4160996, 0.16655856, 0.2550884, 0.70297027, 0.4669066, 0.49460316, 0.15906072, 0.19156373, 0.64546347, 0.53708225, 0.97898763, 0.19734669, 0.42847615] |[0.0, 1.0, 1.0, 0.0, 1.0, 0.0, 1.0, 1.0, 0.0, 0.0, 1.0, 1.0, 0.0, 1.0, 0.0] |
|      f5 | 6 |    3500 |    5000 |   35 |   0.4 |standard | sshape3 |     375 |481.0694 |   477.0 |    0,85 |  0,0 |1594060184866 |[0.23444384, 0.85441536, 0.4160996, 0.16655856, 0.2550884, 0.70297027, 0.4669066, 0.49460316, 0.15906072, 0.19156373, 0.64546347, 0.53708225, 0.97898763, 0.19734669, 0.42847615] |[0.0, 1.0, 1.0, 1.0, 0.0, 0.0, 1.0, 1.0, 0.0, 0.0, 1.0, 1.0, 0.0, 0.0, 0.0] |
|      f5 | 6 |    4000 |    5000 |   35 |0.34285715 |standard | sshape3 |     375 |481.0694 |   477.0 |    0,85 |  0,0 |1594060184866 |[0.23444384, 0.85441536, 0.4160996, 0.16655856, 0.2550884, 0.70297027, 0.4669066, 0.49460316, 0.15906072, 0.19156373, 0.64546347, 0.53708225, 0.97898763, 0.19734669, 0.42847615] |[0.0, 1.0, 0.0, 1.0, 0.0, 0.0, 1.0, 1.0, 1.0, 0.0, 1.0, 1.0, 0.0, 1.0, 0.0] |
|      f5 | 6 |    4500 |    5000 |   40 |0.2857143 |standard | sshape3 |     375 |481.0694 |   477.0 |    0,85 |  0,0 |1594060184866 |[0.23444384, 0.85441536, 0.4160996, 0.16655856, 0.2550884, 0.70297027, 0.4669066, 0.49460316, 0.15906072, 0.19156373, 0.64546347, 0.53708225, 0.97898763, 0.19734669, 0.42847615] |[0.0, 0.0, 0.0, 0.0, 0.0, 0.0, 0.0, 0.0, 0.0, 0.0, 0.0, 0.0, 0.0, 0.0, 0.0] |
|      f5 | 6 |    5000 |    5000 |   40 |  0.45 |standard | sshape3 |     375 |481.0694 |   477.0 |    0,85 |  0,0 |1594060184866 |[0.23444384, 0.85441536, 0.4160996, 0.16655856, 0.2550884, 0.70297027, 0.4669066, 0.49460316, 0.15906072, 0.19156373, 0.64546347, 0.53708225, 0.97898763, 0.19734669, 0.42847615] |[0.0, 1.0, 0.0, 1.0, 0.0, 1.0, 1.0, 1.0, 1.0, 1.0, 0.0, 1.0, 0.0, 0.0, 0.0] |
|      f5 | 6 |    5001 |    5000 |   40 |  0.45 |standard | sshape3 |     375 |481.0694 |   477.0 |    0,85 |  1,1 |1594060184866 |[0.23444384, 0.85441536, 0.4160996, 0.16655856, 0.2550884, 0.70297027, 0.4669066, 0.49460316, 0.15906072, 0.19156373, 0.64546347, 0.53708225, 0.97898763, 0.19734669, 0.42847615] |[0.0, 1.0, 0.0, 1.0, 0.0, 1.0, 1.0, 1.0, 1.0, 1.0, 0.0, 1.0, 0.0, 0.0, 0.0] |
|      f5 | 7 |       1 |    5000 |   25 |  0.25 |standard | sshape3 |     375 |481.0694 |   477.0 |    0,85 |  0,0 |1594060186012 |[0.115763366, 0.4810199, 0.2543859, 0.53578436, 0.8448202, 0.17318594, 0.22995955, 0.3648079, 0.37047905, 0.0899691, 0.8981209, 0.55800515, 0.43994427, 0.89206815, 0.9614057] |[0.0, 0.0, 1.0, 0.0, 1.0, 0.0, 1.0, 1.0, 0.0, 1.0, 1.0, 1.0, 0.0, 1.0, 1.0] |
|      f5 | 7 |     500 |    5000 |   25 |   0.2 |standard | sshape3 |     375 |481.0694 |   477.0 |    0,85 |  0,0 |1594060186012 |[0.02381964, 0.7090056, 0.9997276, 0.4582255, 0.62019676, 0.18867935, 2.6899573E-4, 0.7747343, 0.21387345, 0.4490306, 0.56527, 0.76061285, 0.95990205, 0.33514178, 0.7889824] |[0.0, 0.0, 1.0, 0.0, 1.0, 0.0, 1.0, 1.0, 1.0, 0.0, 1.0, 1.0, 0.0, 1.0, 1.0] |
|      f5 | 7 |    1000 |    5000 |   25 |  0.24 |standard | sshape3 |     375 |481.0694 |   477.0 |    0,85 |  0,0 |1594060186012 |[0.02381964, 0.7090056, 0.9997276, 0.4582255, 0.62019676, 0.18867935, 2.6899573E-4, 0.7747343, 0.21387345, 0.4490306, 0.56527, 0.76061285, 0.95990205, 0.33514178, 0.7889824] |[0.0, 0.0, 1.0, 1.0, 0.0, 0.0, 1.0, 1.0, 1.0, 1.0, 0.0, 1.0, 0.0, 1.0, 1.0] |
|      f5 | 7 |    1500 |    5000 |   30 |  0.36 |standard | sshape3 |     375 |481.0694 |   477.0 |    0,85 |  0,0 |1594060186012 |[0.02381964, 0.7090056, 0.9997276, 0.4582255, 0.62019676, 0.18867935, 2.6899573E-4, 0.7747343, 0.21387345, 0.4490306, 0.56527, 0.76061285, 0.95990205, 0.33514178, 0.7889824] |[0.0, 0.0, 0.0, 0.0, 0.0, 0.0, 0.0, 0.0, 0.0, 0.0, 0.0, 0.0, 0.0, 0.0, 0.0] |
|      f5 | 7 |    2000 |    5000 |   30 |  0.45 |standard | sshape3 |     375 |481.0694 |   477.0 |    0,85 |  0,0 |1594060186012 |[0.02381964, 0.7090056, 0.9997276, 0.4582255, 0.62019676, 0.18867935, 2.6899573E-4, 0.7747343, 0.21387345, 0.4490306, 0.56527, 0.76061285, 0.95990205, 0.33514178, 0.7889824] |[1.0, 0.0, 1.0, 1.0, 0.0, 0.0, 1.0, 1.0, 1.0, 1.0, 1.0, 1.0, 0.0, 0.0, 0.0] |
|      f5 | 7 |    2500 |    5000 |   30 |   0.3 |standard | sshape3 |     375 |481.0694 |   477.0 |    0,85 |  0,0 |1594060186012 |[0.02381964, 0.7090056, 0.9997276, 0.4582255, 0.62019676, 0.18867935, 2.6899573E-4, 0.7747343, 0.21387345, 0.4490306, 0.56527, 0.76061285, 0.95990205, 0.33514178, 0.7889824] |[0.0, 0.0, 1.0, 1.0, 1.0, 0.0, 1.0, 1.0, 0.0, 0.0, 1.0, 1.0, 0.0, 0.0, 1.0] |
|      f5 | 7 |    3000 |    5000 |   30 |   0.3 |standard | sshape3 |     375 |481.0694 |   477.0 |    0,85 |  0,0 |1594060186012 |[0.02381964, 0.7090056, 0.9997276, 0.4582255, 0.62019676, 0.18867935, 2.6899573E-4, 0.7747343, 0.21387345, 0.4490306, 0.56527, 0.76061285, 0.95990205, 0.33514178, 0.7889824] |[0.0, 0.0, 1.0, 1.0, 0.0, 0.0, 1.0, 1.0, 0.0, 0.0, 1.0, 1.0, 0.0, 1.0, 1.0] |
|      f5 | 7 |    3500 |    5000 |   35 |0.36666667 |standard | sshape3 |     375 |481.0694 |   477.0 |    0,85 |  0,0 |1594060186012 |[0.02381964, 0.7090056, 0.9997276, 0.4582255, 0.62019676, 0.18867935, 2.6899573E-4, 0.7747343, 0.21387345, 0.4490306, 0.56527, 0.76061285, 0.95990205, 0.33514178, 0.7889824] |[0.0, 0.0, 0.0, 0.0, 0.0, 0.0, 0.0, 0.0, 0.0, 0.0, 0.0, 0.0, 0.0, 0.0, 0.0] |
|      f5 | 7 |    4000 |    5000 |   35 |  0.45 |standard | sshape3 |     375 |481.0694 |   477.0 |    0,85 |  0,0 |1594060186012 |[0.49148643, 0.8120214, 0.6737093, 0.1930005, 0.93710333, 0.22018778, 0.21904284, 0.60849476, 0.16990465, 0.9580899, 0.695973, 0.11610669, 0.09129304, 0.64235437, 0.21777713] |[0.0, 0.0, 1.0, 0.0, 1.0, 1.0, 1.0, 1.0, 1.0, 1.0, 0.0, 1.0, 1.0, 0.0, 0.0] |
|      f5 | 7 |    4500 |    5000 |   35 |   0.2 |standard | sshape3 |     375 |481.0694 |   477.0 |    0,85 |  0,0 |1594060186012 |[0.49148643, 0.8120214, 0.6737093, 0.1930005, 0.93710333, 0.22018778, 0.21904284, 0.60849476, 0.16990465, 0.9580899, 0.695973, 0.11610669, 0.09129304, 0.64235437, 0.21777713] |[0.0, 1.0, 1.0, 1.0, 0.0, 0.0, 1.0, 1.0, 0.0, 1.0, 0.0, 1.0, 0.0, 1.0, 0.0] |
|      f5 | 7 |    5000 |    5000 |   35 |0.34285715 |standard | sshape3 |     375 |481.0694 |   477.0 |    0,85 |  0,0 |1594060186012 |[0.49148643, 0.8120214, 0.6737093, 0.1930005, 0.93710333, 0.22018778, 0.21904284, 0.60849476, 0.16990465, 0.9580899, 0.695973, 0.11610669, 0.09129304, 0.64235437, 0.21777713] |[1.0, 0.0, 1.0, 0.0, 1.0, 0.0, 1.0, 1.0, 1.0, 0.0, 1.0, 1.0, 1.0, 0.0, 0.0] |
|      f5 | 7 |    5001 |    5000 |   35 |0.34285715 |standard | sshape3 |     375 |481.0694 |   477.0 |    0,85 |  1,1 |1594060186012 |[0.49148643, 0.8120214, 0.6737093, 0.1930005, 0.93710333, 0.22018778, 0.21904284, 0.60849476, 0.16990465, 0.9580899, 0.695973, 0.11610669, 0.09129304, 0.64235437, 0.21777713] |[1.0, 0.0, 1.0, 0.0, 1.0, 0.0, 1.0, 1.0, 1.0, 0.0, 1.0, 1.0, 1.0, 0.0, 0.0] |
|      f5 | 8 |       1 |    5000 |   25 |  0.25 |standard | sshape3 |     375 |481.0694 |   477.0 |    0,85 |-0,0020 |1594060187095 |[0.49442396, 0.49337703, 0.43242848, 1.0E-12, 0.188609, 0.5713351, 0.16498, 0.16051745, 0.9838551, 0.88263226, 0.36641222, 0.4194071, 0.81924415, 1.0E-12, 0.4133015] |[0.0, 0.0, 1.0, 0.0, 1.0, 0.0, 1.0, 1.0, 0.0, 1.0, 1.0, 1.0, 0.0, 1.0, 1.0] |
|      f5 | 8 |     500 |    5000 |   30 |  0.45 |standard | sshape3 |     375 |481.0694 |   477.0 |    0,85 |-0,0020 |1594060187095 |[0.49442396, 0.49337703, 0.43242848, 1.0E-12, 0.188609, 0.5713351, 0.16498, 0.16051745, 0.9838551, 0.88263226, 0.36641222, 0.4194071, 0.81924415, 1.0E-12, 0.4133015] |[0.0, 0.0, 0.0, 0.0, 0.0, 0.0, 0.0, 0.0, 0.0, 0.0, 0.0, 0.0, 0.0, 0.0, 0.0] |
|      f5 | 8 |    1000 |    5000 |   30 |  0.45 |standard | sshape3 |     375 |481.0694 |   477.0 |    0,85 |-0,0020 |1594060187095 |[0.49442396, 0.49337703, 0.43242848, 1.0E-12, 0.188609, 0.5713351, 0.16498, 0.16051745, 0.9838551, 0.88263226, 0.36641222, 0.4194071, 0.81924415, 1.0E-12, 0.4133015] |[0.0, 0.0, 1.0, 1.0, 1.0, 0.0, 1.0, 1.0, 1.0, 0.0, 1.0, 1.0, 0.0, 0.0, 0.0] |
|      f5 | 8 |    1500 |    5000 |   30 |  0.45 |standard | sshape3 |     375 |481.0694 |   477.0 |    0,85 |-0,0020 |1594060187095 |[0.49442396, 0.49337703, 0.43242848, 1.0E-12, 0.188609, 0.5713351, 0.16498, 0.16051745, 0.9838551, 0.88263226, 0.36641222, 0.4194071, 0.81924415, 1.0E-12, 0.4133015] |[0.0, 0.0, 1.0, 0.0, 1.0, 0.0, 1.0, 1.0, 0.0, 1.0, 1.0, 1.0, 0.0, 1.0, 1.0] |
|      f5 | 8 |    2000 |    5000 |   30 |0.43333334 |standard | sshape3 |     375 |481.0694 |   477.0 |    0,85 |-0,0020 |1594060187095 |[0.49442396, 0.49337703, 0.43242848, 1.0E-12, 0.188609, 0.5713351, 0.16498, 0.16051745, 0.9838551, 0.88263226, 0.36641222, 0.4194071, 0.81924415, 1.0E-12, 0.4133015] |[0.0, 1.0, 1.0, 0.0, 0.0, 1.0, 0.0, 1.0, 1.0, 0.0, 1.0, 1.0, 0.0, 1.0, 0.0] |
|      f5 | 8 |    2500 |    5000 |   35 |  0.45 |standard | sshape3 |     375 |481.0694 |   477.0 |    0,85 |-0,0020 |1594060187095 |[0.49442396, 0.49337703, 0.43242848, 1.0E-12, 0.188609, 0.5713351, 0.16498, 0.16051745, 0.9838551, 0.88263226, 0.36641222, 0.4194071, 0.81924415, 1.0E-12, 0.4133015] |[0.0, 0.0, 0.0, 0.0, 0.0, 0.0, 0.0, 0.0, 0.0, 0.0, 0.0, 0.0, 0.0, 0.0, 0.0] |
|      f5 | 8 |    3000 |    5000 |   35 |  0.45 |standard | sshape3 |     375 |481.0694 |   477.0 |    0,85 |-0,0020 |1594060187095 |[0.49442396, 0.49337703, 0.43242848, 1.0E-12, 0.188609, 0.5713351, 0.16498, 0.16051745, 0.9838551, 0.88263226, 0.36641222, 0.4194071, 0.81924415, 1.0E-12, 0.4133015] |[1.0, 0.0, 1.0, 0.0, 1.0, 0.0, 1.0, 1.0, 1.0, 0.0, 1.0, 1.0, 0.0, 1.0, 0.0] |
|      f5 | 8 |    3500 |    5000 |   35 |0.14285715 |standard | sshape3 |     375 |481.0694 |   477.0 |    0,85 |-0,0020 |1594060187095 |[0.1574868, 0.8876056, 0.7644571, 0.051891387, 0.42938322, 0.90010756, 0.37301946, 0.52081877, 0.009476423, 0.29375607, 0.97943586, 0.85634184, 0.86270374, 0.9838009, 0.12810707] |[0.0, 1.0, 1.0, 0.0, 1.0, 1.0, 1.0, 1.0, 0.0, 1.0, 0.0, 1.0, 0.0, 0.0, 0.0] |
|      f5 | 8 |    4000 |    5000 |   35 |0.37142858 |standard | sshape3 |     375 |481.0694 |   477.0 |    0,85 |-0,0020 |1594060187095 |[0.1574868, 0.8876056, 0.7644571, 0.051891387, 0.42938322, 0.90010756, 0.37301946, 0.52081877, 0.009476423, 0.29375607, 0.97943586, 0.85634184, 0.86270374, 0.9838009, 0.12810707] |[0.0, 0.0, 0.0, 1.0, 1.0, 0.0, 1.0, 1.0, 1.0, 0.0, 1.0, 1.0, 0.0, 1.0, 0.0] |
|      f5 | 8 |    4500 |    5000 |   40 |0.34285715 |standard | sshape3 |     375 |481.0694 |   477.0 |    0,85 |-0,0020 |1594060187095 |[0.91454554, 0.097171485, 0.7586441, 0.7450889, 0.4146794, 0.6457084, 0.1119163, 0.64757615, 0.26448864, 0.6152324, 0.18490505, 0.4520948, 0.8420635, 0.24070048, 0.9995783] |[0.0, 0.0, 0.0, 0.0, 0.0, 0.0, 0.0, 0.0, 0.0, 0.0, 0.0, 0.0, 0.0, 0.0, 0.0] |
|      f5 | 8 |    5000 |    5000 |   40 |  0.45 |standard | sshape3 |     375 |481.0694 |   477.0 |    0,85 |-0,0020 |1594060187095 |[0.91454554, 0.097171485, 0.7586441, 0.7450889, 0.4146794, 0.6457084, 0.1119163, 0.64757615, 0.26448864, 0.6152324, 0.18490505, 0.4520948, 0.8420635, 0.24070048, 0.9995783] |[0.0, 1.0, 1.0, 0.0, 0.0, 0.0, 1.0, 1.0, 0.0, 1.0, 1.0, 1.0, 0.0, 1.0, 0.0] |
|      f5 | 8 |    5001 |    5000 |   40 |  0.45 |standard | sshape3 |     375 |481.0694 |   477.0 |    0,85 |  1,1 |1594060187095 |[0.91454554, 0.097171485, 0.7586441, 0.7450889, 0.4146794, 0.6457084, 0.1119163, 0.64757615, 0.26448864, 0.6152324, 0.18490505, 0.4520948, 0.8420635, 0.24070048, 0.9995783] |[0.0, 1.0, 1.0, 0.0, 0.0, 0.0, 1.0, 1.0, 0.0, 1.0, 1.0, 1.0, 0.0, 1.0, 0.0] |
|      f5 | 9 |       1 |    5000 |   25 |  0.25 |standard | sshape3 |     375 |481.0694 |   477.0 |    0,85 |-0,0020 |1594060188238 |[0.7821063, 0.54364616, 0.25242558, 0.3412811, 0.9673835, 0.8328182, 0.12765834, 0.12980583, 0.630797, 0.81617326, 0.6226782, 0.70606524, 0.30891332, 0.82171285, 0.28567308] |[0.0, 1.0, 1.0, 1.0, 0.0, 0.0, 0.0, 1.0, 0.0, 1.0, 1.0, 1.0, 0.0, 0.0, 1.0] |
|      f5 | 9 |     500 |    5000 |   25 |   0.2 |standard | sshape3 |     375 |481.0694 |   477.0 |    0,85 |-0,0020 |1594060188238 |[0.9554908, 0.946223, 0.04708724, 0.41289538, 0.3589741, 0.54476047, 0.88708353, 0.8187976, 0.23703136, 0.32174858, 0.22461864, 0.25960156, 0.38352528, 0.61296, 0.5288082] |[0.0, 0.0, 1.0, 1.0, 0.0, 0.0, 1.0, 1.0, 1.0, 1.0, 1.0, 1.0, 0.0, 1.0, 0.0] |
|      f5 | 9 |    1000 |    5000 |   25 |  0.28 |standard | sshape3 |     375 |481.0694 |   477.0 |    0,85 |-0,0020 |1594060188238 |[0.9554908, 0.946223, 0.04708724, 0.41289538, 0.3589741, 0.54476047, 0.88708353, 0.8187976, 0.23703136, 0.32174858, 0.22461864, 0.25960156, 0.38352528, 0.61296, 0.5288082] |[0.0, 1.0, 0.0, 0.0, 1.0, 0.0, 0.0, 1.0, 1.0, 1.0, 1.0, 1.0, 1.0, 1.0, 0.0] |
|      f5 | 9 |    1500 |    5000 |   30 |  0.32 |standard | sshape3 |     375 |481.0694 |   477.0 |    0,85 |-0,0020 |1594060188238 |[0.9554908, 0.946223, 0.04708724, 0.41289538, 0.3589741, 0.54476047, 0.88708353, 0.8187976, 0.23703136, 0.32174858, 0.22461864, 0.25960156, 0.38352528, 0.61296, 0.5288082] |[0.0, 0.0, 0.0, 0.0, 0.0, 0.0, 0.0, 0.0, 0.0, 0.0, 0.0, 0.0, 0.0, 0.0, 0.0] |
|      f5 | 9 |    2000 |    5000 |   30 |  0.45 |standard | sshape3 |     375 |481.0694 |   477.0 |    0,85 |-0,0020 |1594060188238 |[0.9554908, 0.946223, 0.04708724, 0.41289538, 0.3589741, 0.54476047, 0.88708353, 0.8187976, 0.23703136, 0.32174858, 0.22461864, 0.25960156, 0.38352528, 0.61296, 0.5288082] |[0.0, 1.0, 0.0, 0.0, 1.0, 1.0, 1.0, 1.0, 1.0, 0.0, 0.0, 1.0, 1.0, 0.0, 0.0] |
|      f5 | 9 |    2500 |    5000 |   30 |0.33333334 |standard | sshape3 |     375 |481.0694 |   477.0 |    0,85 |-0,0020 |1594060188238 |[0.9554908, 0.946223, 0.04708724, 0.41289538, 0.3589741, 0.54476047, 0.88708353, 0.8187976, 0.23703136, 0.32174858, 0.22461864, 0.25960156, 0.38352528, 0.61296, 0.5288082] |[0.0, 0.0, 1.0, 1.0, 1.0, 0.0, 1.0, 1.0, 0.0, 0.0, 1.0, 1.0, 0.0, 0.0, 1.0] |
|      f5 | 9 |    3000 |    5000 |   30 |0.26666668 |standard | sshape3 |     375 |481.0694 |   477.0 |    0,85 |-0,0020 |1594060188238 |[0.9554908, 0.946223, 0.04708724, 0.41289538, 0.3589741, 0.54476047, 0.88708353, 0.8187976, 0.23703136, 0.32174858, 0.22461864, 0.25960156, 0.38352528, 0.61296, 0.5288082] |[1.0, 0.0, 0.0, 1.0, 1.0, 0.0, 0.0, 1.0, 0.0, 1.0, 1.0, 1.0, 0.0, 0.0, 1.0] |
|      f5 | 9 |    3500 |    5000 |   35 |   0.4 |standard | sshape3 |     375 |481.0694 |   477.0 |    0,85 |-0,0020 |1594060188238 |[0.9554908, 0.946223, 0.04708724, 0.41289538, 0.3589741, 0.54476047, 0.88708353, 0.8187976, 0.23703136, 0.32174858, 0.22461864, 0.25960156, 0.38352528, 0.61296, 0.5288082] |[0.0, 0.0, 0.0, 0.0, 0.0, 0.0, 0.0, 0.0, 0.0, 0.0, 0.0, 0.0, 0.0, 0.0, 0.0] |
|      f5 | 9 |    4000 |    5000 |   35 |0.37142858 |standard | sshape3 |     375 |481.0694 |   477.0 |    0,85 |-0,0020 |1594060188238 |[0.9554908, 0.946223, 0.04708724, 0.41289538, 0.3589741, 0.54476047, 0.88708353, 0.8187976, 0.23703136, 0.32174858, 0.22461864, 0.25960156, 0.38352528, 0.61296, 0.5288082] |[0.0, 0.0, 0.0, 0.0, 1.0, 1.0, 0.0, 1.0, 0.0, 0.0, 1.0, 1.0, 1.0, 1.0, 1.0] |
|      f5 | 9 |    4500 |    5000 |   35 |0.34285715 |standard | sshape3 |     375 |481.0694 |   477.0 |    0,85 |-0,0020 |1594060188238 |[0.9554908, 0.946223, 0.04708724, 0.41289538, 0.3589741, 0.54476047, 0.88708353, 0.8187976, 0.23703136, 0.32174858, 0.22461864, 0.25960156, 0.38352528, 0.61296, 0.5288082] |[0.0, 0.0, 1.0, 1.0, 1.0, 0.0, 0.0, 1.0, 1.0, 1.0, 1.0, 1.0, 0.0, 1.0, 0.0] |
|      f5 | 9 |    5000 |    5000 |   35 |0.31428573 |standard | sshape3 |     375 |481.0694 |   477.0 |    0,85 |-0,0020 |1594060188238 |[0.9554908, 0.946223, 0.04708724, 0.41289538, 0.3589741, 0.54476047, 0.88708353, 0.8187976, 0.23703136, 0.32174858, 0.22461864, 0.25960156, 0.38352528, 0.61296, 0.5288082] |[0.0, 0.0, 1.0, 1.0, 0.0, 0.0, 1.0, 1.0, 1.0, 1.0, 1.0, 1.0, 0.0, 1.0, 0.0] |
|      f5 | 9 |    5001 |    5000 |   35 |0.31428573 |standard | sshape3 |     375 |481.0694 |   477.0 |    0,85 |  1,1 |1594060188238 |[0.9554908, 0.946223, 0.04708724, 0.41289538, 0.3589741, 0.54476047, 0.88708353, 0.8187976, 0.23703136, 0.32174858, 0.22461864, 0.25960156, 0.38352528, 0.61296, 0.5288082] |[0.0, 0.0, 1.0, 1.0, 0.0, 0.0, 1.0, 1.0, 1.0, 1.0, 1.0, 1.0, 0.0, 1.0, 0.0] |
|      f5 |10 |       1 |    5000 |   25 |  0.25 |standard | sshape3 |     375 |481.0694 |   477.0 |    0,85 |  0,0 |1594060189290 |[0.94416505, 0.5805968, 0.5993545, 0.37462306, 0.71227586, 0.661465, 0.06054932, 0.81121486, 0.0371356, 0.39554024, 0.6729624, 0.5199263, 0.14316541, 0.21484125, 0.47486436] |[0.0, 0.0, 1.0, 0.0, 1.0, 1.0, 1.0, 1.0, 0.0, 1.0, 1.0, 1.0, 0.0, 0.0, 0.0] |
|      f5 |10 |     500 |    5000 |   30 |   0.4 |standard | sshape3 |     375 |481.0694 |   477.0 |    0,85 |  0,0 |1594060189290 |[0.94416505, 0.5805968, 0.5993545, 0.37462306, 0.71227586, 0.661465, 0.06054932, 0.81121486, 0.0371356, 0.39554024, 0.6729624, 0.5199263, 0.14316541, 0.21484125, 0.47486436] |[0.0, 0.0, 0.0, 0.0, 0.0, 0.0, 0.0, 0.0, 0.0, 0.0, 0.0, 0.0, 0.0, 0.0, 0.0] |
|      f5 |10 |    1000 |    5000 |   30 |  0.45 |standard | sshape3 |     375 |481.0694 |   477.0 |    0,85 |  0,0 |1594060189290 |[0.94416505, 0.5805968, 0.5993545, 0.37462306, 0.71227586, 0.661465, 0.06054932, 0.81121486, 0.0371356, 0.39554024, 0.6729624, 0.5199263, 0.14316541, 0.21484125, 0.47486436] |[0.0, 0.0, 1.0, 0.0, 1.0, 0.0, 1.0, 1.0, 0.0, 1.0, 1.0, 1.0, 0.0, 1.0, 1.0] |
|      f5 |10 |    1500 |    5000 |   30 |  0.45 |standard | sshape3 |     375 |481.0694 |   477.0 |    0,85 |  0,0 |1594060189290 |[0.94416505, 0.5805968, 0.5993545, 0.37462306, 0.71227586, 0.661465, 0.06054932, 0.81121486, 0.0371356, 0.39554024, 0.6729624, 0.5199263, 0.14316541, 0.21484125, 0.47486436] |[0.0, 0.0, 1.0, 1.0, 1.0, 0.0, 0.0, 1.0, 1.0, 0.0, 1.0, 1.0, 0.0, 0.0, 1.0] |
|      f5 |10 |    2000 |    5000 |   30 |   0.4 |standard | sshape3 |     375 |481.0694 |   477.0 |    0,85 |  0,0 |1594060189290 |[0.94416505, 0.5805968, 0.5993545, 0.37462306, 0.71227586, 0.661465, 0.06054932, 0.81121486, 0.0371356, 0.39554024, 0.6729624, 0.5199263, 0.14316541, 0.21484125, 0.47486436] |[0.0, 1.0, 0.0, 0.0, 0.0, 0.0, 1.0, 1.0, 1.0, 0.0, 1.0, 1.0, 1.0, 1.0, 1.0] |
|      f5 |10 |    2500 |    5000 |   35 |0.43333334 |standard | sshape3 |     375 |481.0694 |   477.0 |    0,85 |  0,0 |1594060189290 |[0.94416505, 0.5805968, 0.5993545, 0.37462306, 0.71227586, 0.661465, 0.06054932, 0.81121486, 0.0371356, 0.39554024, 0.6729624, 0.5199263, 0.14316541, 0.21484125, 0.47486436] |[0.0, 0.0, 0.0, 0.0, 0.0, 0.0, 0.0, 0.0, 0.0, 0.0, 0.0, 0.0, 0.0, 0.0, 0.0] |
|      f5 |10 |    3000 |    5000 |   35 |0.37142858 |standard | sshape3 |     375 |481.0694 |   477.0 |    0,85 |  0,0 |1594060189290 |[0.94416505, 0.5805968, 0.5993545, 0.37462306, 0.71227586, 0.661465, 0.06054932, 0.81121486, 0.0371356, 0.39554024, 0.6729624, 0.5199263, 0.14316541, 0.21484125, 0.47486436] |[0.0, 1.0, 1.0, 1.0, 0.0, 0.0, 0.0, 1.0, 0.0, 1.0, 0.0, 1.0, 0.0, 1.0, 1.0] |
|      f5 |10 |    3500 |    5000 |   35 |   0.4 |standard | sshape3 |     375 |481.0694 |   477.0 |    0,85 |  0,0 |1594060189290 |[0.94416505, 0.5805968, 0.5993545, 0.37462306, 0.71227586, 0.661465, 0.06054932, 0.81121486, 0.0371356, 0.39554024, 0.6729624, 0.5199263, 0.14316541, 0.21484125, 0.47486436] |[0.0, 0.0, 0.0, 0.0, 1.0, 0.0, 1.0, 1.0, 1.0, 1.0, 1.0, 1.0, 0.0, 1.0, 1.0] |
|      f5 |10 |    4000 |    5000 |   35 |0.31428573 |standard | sshape3 |     375 |481.0694 |   477.0 |    0,85 |  0,0 |1594060189290 |[0.94416505, 0.5805968, 0.5993545, 0.37462306, 0.71227586, 0.661465, 0.06054932, 0.81121486, 0.0371356, 0.39554024, 0.6729624, 0.5199263, 0.14316541, 0.21484125, 0.47486436] |[1.0, 0.0, 1.0, 0.0, 0.0, 1.0, 1.0, 1.0, 0.0, 1.0, 1.0, 1.0, 0.0, 0.0, 0.0] |
|      f5 |10 |    4500 |    5000 |   40 |  0.45 |standard | sshape3 |     375 |481.0694 |   477.0 |    0,85 |  0,0 |1594060189290 |[0.94416505, 0.5805968, 0.5993545, 0.37462306, 0.71227586, 0.661465, 0.06054932, 0.81121486, 0.0371356, 0.39554024, 0.6729624, 0.5199263, 0.14316541, 0.21484125, 0.47486436] |[0.0, 0.0, 0.0, 0.0, 0.0, 0.0, 0.0, 0.0, 0.0, 0.0, 0.0, 0.0, 0.0, 0.0, 0.0] |
|      f5 |10 |    5000 |    5000 |   40 |  0.45 |standard | sshape3 |     375 |481.0694 |   477.0 |    0,85 |  0,0 |1594060189290 |[0.94416505, 0.5805968, 0.5993545, 0.37462306, 0.71227586, 0.661465, 0.06054932, 0.81121486, 0.0371356, 0.39554024, 0.6729624, 0.5199263, 0.14316541, 0.21484125, 0.47486436] |[0.0, 0.0, 1.0, 0.0, 1.0, 0.0, 1.0, 1.0, 1.0, 1.0, 1.0, 1.0, 0.0, 1.0, 0.0] |
|      f5 |10 |    5001 |    5000 |   40 |  0.45 |standard | sshape3 |     375 |481.0694 |   477.0 |    0,85 |  1,1 |1594060189290 |[0.94416505, 0.5805968, 0.5993545, 0.37462306, 0.71227586, 0.661465, 0.06054932, 0.81121486, 0.0371356, 0.39554024, 0.6729624, 0.5199263, 0.14316541, 0.21484125, 0.47486436] |[0.0, 0.0, 1.0, 0.0, 1.0, 0.0, 1.0, 1.0, 1.0, 1.0, 1.0, 1.0, 0.0, 1.0, 0.0] |
|      f5 |11 |       1 |    5000 |   25 |  0.25 |standard | sshape3 |     375 |481.0694 |   477.0 |    0,85 |  0,0 |1594060190423 |[0.25341767, 0.34921104, 0.027245939, 0.88327515, 0.34624344, 0.13044447, 9.123683E-4, 0.2573089, 0.318875, 0.23902822, 0.016582549, 0.001539886, 0.1322658, 0.05317259, 0.41016012] |[0.0, 0.0, 0.0, 1.0, 1.0, 0.0, 0.0, 1.0, 1.0, 1.0, 0.0, 1.0, 0.0, 1.0, 1.0] |
|      f5 |11 |     500 |    5000 |   25 |  0.32 |standard | sshape3 |     375 |481.0694 |   477.0 |    0,85 |  0,0 |1594060190423 |[1.0E-12, 0.5628717, 0.19595337, 0.2947055, 8.191058E-5, 0.7421724, 0.1933795, 0.6776378, 0.04472772, 0.3483497, 0.58649886, 0.21758111, 0.4557519, 0.88033354, 1.0] |[1.0, 0.0, 1.0, 1.0, 0.0, 0.0, 1.0, 1.0, 1.0, 1.0, 1.0, 1.0, 0.0, 0.0, 0.0] |
|      f5 |11 |    1000 |    5000 |   25 |  0.32 |standard | sshape3 |     375 |481.0694 |   477.0 |    0,85 |  0,0 |1594060190423 |[0.9335931, 0.41079706, 0.90870833, 0.24087584, 0.8879667, 0.8672224, 0.38247836, 0.1424371, 0.9630954, 0.76572573, 0.87428683, 0.03504777, 0.9033522, 0.41342777, 0.044027448] |[0.0, 1.0, 1.0, 0.0, 1.0, 0.0, 1.0, 1.0, 1.0, 1.0, 1.0, 1.0, 0.0, 0.0, 0.0] |
|      f5 |11 |    1500 |    5000 |   30 |  0.32 |standard | sshape3 |     375 |481.0694 |   477.0 |    0,85 |  0,0 |1594060190423 |[0.86917216, 0.26335394, 0.51599663, 0.9162751, 0.5431435, 0.72350425, 0.87694794, 0.538737, 0.0661394, 0.039569795, 0.1892376, 0.9578637, 0.73041147, 0.1826908, 0.9572202] |[0.0, 0.0, 0.0, 0.0, 0.0, 0.0, 0.0, 0.0, 0.0, 0.0, 0.0, 0.0, 0.0, 0.0, 0.0] |
|      f5 |11 |    2000 |    5000 |   30 |  0.45 |standard | sshape3 |     375 |481.0694 |   477.0 |    0,85 |  0,0 |1594060190423 |[0.86917216, 0.26335394, 0.51599663, 0.9162751, 0.5431435, 0.72350425, 0.87694794, 0.538737, 0.0661394, 0.039569795, 0.1892376, 0.9578637, 0.73041147, 0.1826908, 0.9572202] |[0.0, 0.0, 1.0, 0.0, 1.0, 0.0, 0.0, 1.0, 1.0, 1.0, 1.0, 1.0, 0.0, 1.0, 1.0] |
|      f5 |11 |    2500 |    5000 |   30 |   0.3 |standard | sshape3 |     375 |481.0694 |   477.0 |    0,85 |  0,0 |1594060190423 |[0.86917216, 0.26335394, 0.51599663, 0.9162751, 0.5431435, 0.72350425, 0.87694794, 0.538737, 0.0661394, 0.039569795, 0.1892376, 0.9578637, 0.73041147, 0.1826908, 0.9572202] |[0.0, 1.0, 0.0, 1.0, 1.0, 0.0, 0.0, 1.0, 0.0, 1.0, 0.0, 1.0, 1.0, 0.0, 1.0] |
|      f5 |11 |    3000 |    5000 |   30 |   0.2 |standard | sshape3 |     375 |481.0694 |   477.0 |    0,85 |  0,0 |1594060190423 |[0.86917216, 0.26335394, 0.51599663, 0.9162751, 0.5431435, 0.72350425, 0.87694794, 0.538737, 0.0661394, 0.039569795, 0.1892376, 0.9578637, 0.73041147, 0.1826908, 0.9572202] |[0.0, 1.0, 1.0, 0.0, 0.0, 1.0, 1.0, 1.0, 1.0, 0.0, 1.0, 1.0, 0.0, 0.0, 0.0] |
|      f5 |11 |    3500 |    5000 |   35 |   0.2 |standard | sshape3 |     375 |481.0694 |   477.0 |    0,85 |  0,0 |1594060190423 |[0.86917216, 0.26335394, 0.51599663, 0.9162751, 0.5431435, 0.72350425, 0.87694794, 0.538737, 0.0661394, 0.039569795, 0.1892376, 0.9578637, 0.73041147, 0.1826908, 0.9572202] |[0.0, 0.0, 0.0, 0.0, 0.0, 0.0, 0.0, 0.0, 0.0, 0.0, 0.0, 0.0, 0.0, 0.0, 0.0] |
|      f5 |11 |    4000 |    5000 |   35 |0.42857143 |standard | sshape3 |     375 |481.0694 |   477.0 |    0,85 |  0,0 |1594060190423 |[0.86917216, 0.26335394, 0.51599663, 0.9162751, 0.5431435, 0.72350425, 0.87694794, 0.538737, 0.0661394, 0.039569795, 0.1892376, 0.9578637, 0.73041147, 0.1826908, 0.9572202] |[0.0, 1.0, 1.0, 0.0, 1.0, 0.0, 1.0, 1.0, 0.0, 0.0, 1.0, 1.0, 1.0, 0.0, 0.0] |
|      f5 |11 |    4500 |    5000 |   35 |0.2857143 |standard | sshape3 |     375 |481.0694 |   477.0 |    0,85 |  0,0 |1594060190423 |[0.86917216, 0.26335394, 0.51599663, 0.9162751, 0.5431435, 0.72350425, 0.87694794, 0.538737, 0.0661394, 0.039569795, 0.1892376, 0.9578637, 0.73041147, 0.1826908, 0.9572202] |[0.0, 1.0, 0.0, 1.0, 0.0, 0.0, 1.0, 1.0, 1.0, 0.0, 1.0, 1.0, 0.0, 0.0, 1.0] |
|      f5 |11 |    5000 |    5000 |   35 |   0.2 |standard | sshape3 |     375 |481.0694 |   477.0 |    0,85 |  0,0 |1594060190423 |[0.86917216, 0.26335394, 0.51599663, 0.9162751, 0.5431435, 0.72350425, 0.87694794, 0.538737, 0.0661394, 0.039569795, 0.1892376, 0.9578637, 0.73041147, 0.1826908, 0.9572202] |[0.0, 1.0, 1.0, 0.0, 0.0, 1.0, 0.0, 1.0, 1.0, 1.0, 1.0, 1.0, 1.0, 0.0, 0.0] |
|      f5 |11 |    5001 |    5000 |   35 |   0.2 |standard | sshape3 |     375 |481.0694 |   477.0 |    0,85 |  1,0 |1594060190423 |[0.86917216, 0.26335394, 0.51599663, 0.9162751, 0.5431435, 0.72350425, 0.87694794, 0.538737, 0.0661394, 0.039569795, 0.1892376, 0.9578637, 0.73041147, 0.1826908, 0.9572202] |[0.0, 1.0, 1.0, 0.0, 0.0, 1.0, 0.0, 1.0, 1.0, 1.0, 1.0, 1.0, 1.0, 0.0, 0.0] |
|      f5 |12 |       1 |    5000 |   25 |  0.25 |standard | sshape3 |     375 |481.0694 |   477.0 |    0,85 |  0,0 |1594060191470 |[0.9808256, 0.20884985, 0.5742841, 0.7928873, 0.6173524, 0.1745612, 0.976745, 0.8613783, 0.622031, 0.4906953, 0.11971009, 0.120744884, 0.45409542, 0.14543742, 0.25626308] |[0.0, 0.0, 0.0, 1.0, 0.0, 1.0, 1.0, 1.0, 0.0, 0.0, 1.0, 1.0, 1.0, 1.0, 0.0] |
|      f5 |12 |     500 |    5000 |   30 |  0.28 |standard | sshape3 |     375 |481.0694 |   477.0 |    0,85 |  0,0 |1594060191470 |[0.9808256, 0.20884985, 0.5742841, 0.7928873, 0.6173524, 0.1745612, 0.976745, 0.8613783, 0.622031, 0.4906953, 0.11971009, 0.120744884, 0.45409542, 0.14543742, 0.25626308] |[0.0, 0.0, 0.0, 0.0, 0.0, 0.0, 0.0, 0.0, 0.0, 0.0, 0.0, 0.0, 0.0, 0.0, 0.0] |
|      f5 |12 |    1000 |    5000 |   30 |  0.45 |standard | sshape3 |     375 |481.0694 |   477.0 |    0,85 |  0,0 |1594060191470 |[0.9808256, 0.20884985, 0.5742841, 0.7928873, 0.6173524, 0.1745612, 0.976745, 0.8613783, 0.622031, 0.4906953, 0.11971009, 0.120744884, 0.45409542, 0.14543742, 0.25626308] |[0.0, 0.0, 1.0, 1.0, 1.0, 0.0, 1.0, 1.0, 0.0, 0.0, 1.0, 1.0, 0.0, 1.0, 0.0] |
|      f5 |12 |    1500 |    5000 |   30 |  0.45 |standard | sshape3 |     375 |481.0694 |   477.0 |    0,85 |  0,0 |1594060191470 |[0.9808256, 0.20884985, 0.5742841, 0.7928873, 0.6173524, 0.1745612, 0.976745, 0.8613783, 0.622031, 0.4906953, 0.11971009, 0.120744884, 0.45409542, 0.14543742, 0.25626308] |[0.0, 0.0, 0.0, 1.0, 1.0, 0.0, 1.0, 1.0, 1.0, 1.0, 1.0, 1.0, 0.0, 1.0, 0.0] |
|      f5 |12 |    2000 |    5000 |   30 |   0.3 |standard | sshape3 |     375 |481.0694 |   477.0 |    0,85 |  0,0 |1594060191470 |[0.9808256, 0.20884985, 0.5742841, 0.7928873, 0.6173524, 0.1745612, 0.976745, 0.8613783, 0.622031, 0.4906953, 0.11971009, 0.120744884, 0.45409542, 0.14543742, 0.25626308] |[1.0, 0.0, 1.0, 0.0, 1.0, 0.0, 1.0, 1.0, 0.0, 1.0, 1.0, 1.0, 1.0, 0.0, 0.0] |
|      f5 |12 |    2500 |    5000 |   35 |0.33333334 |standard | sshape3 |     375 |481.0694 |   477.0 |    0,85 |  0,0 |1594060191470 |[0.9808256, 0.20884985, 0.5742841, 0.7928873, 0.6173524, 0.1745612, 0.976745, 0.8613783, 0.622031, 0.4906953, 0.11971009, 0.120744884, 0.45409542, 0.14543742, 0.25626308] |[0.0, 0.0, 0.0, 0.0, 0.0, 0.0, 0.0, 0.0, 0.0, 0.0, 0.0, 0.0, 0.0, 0.0, 0.0] |
|      f5 |12 |    3000 |    5000 |   35 |  0.45 |standard | sshape3 |     375 |481.0694 |   477.0 |    0,85 |  0,0 |1594060191470 |[0.17769855, 0.15479553, 0.019687712, 0.9038844, 0.0733425, 0.44983214, 0.29756176, 0.7324484, 0.296183, 0.72500336, 0.5019824, 0.57036924, 0.9999478, 0.6541585, 0.6421664] |[0.0, 1.0, 0.0, 1.0, 0.0, 0.0, 1.0, 1.0, 1.0, 0.0, 1.0, 1.0, 0.0, 1.0, 0.0] |
|      f5 |12 |    3500 |    5000 |   35 |0.37142858 |standard | sshape3 |     375 |481.0694 |   477.0 |    0,85 |  0,0 |1594060191470 |[0.807248, 0.31219423, 0.6645933, 0.75510883, 0.48081613, 0.017581463, 0.8799496, 0.3392949, 0.4729408, 0.006296158, 0.58481264, 0.70221686, 0.026830375, 0.94795597, 0.006011367] |[0.0, 0.0, 1.0, 0.0, 1.0, 0.0, 1.0, 1.0, 0.0, 1.0, 1.0, 1.0, 0.0, 1.0, 1.0] |
|      f5 |12 |    4000 |    5000 |   35 |0.31428573 |standard | sshape3 |     375 |481.0694 |   477.0 |    0,85 |  0,0 |1594060191470 |[0.807248, 0.31219423, 0.6645933, 0.75510883, 0.48081613, 0.017581463, 0.8799496, 0.3392949, 0.4729408, 0.006296158, 0.58481264, 0.70221686, 0.026830375, 0.94795597, 0.006011367] |[1.0, 1.0, 0.0, 1.0, 0.0, 0.0, 1.0, 1.0, 0.0, 1.0, 1.0, 1.0, 0.0, 0.0, 0.0] |
|      f5 |12 |    4500 |    5000 |   40 |0.2857143 |standard | sshape3 |     375 |481.0694 |   477.0 |    0,85 |  0,0 |1594060191470 |[0.807248, 0.31219423, 0.6645933, 0.75510883, 0.48081613, 0.017581463, 0.8799496, 0.3392949, 0.4729408, 0.006296158, 0.58481264, 0.70221686, 0.026830375, 0.94795597, 0.006011367] |[0.0, 0.0, 0.0, 0.0, 0.0, 0.0, 0.0, 0.0, 0.0, 0.0, 0.0, 0.0, 0.0, 0.0, 0.0] |
|      f5 |12 |    5000 |    5000 |   40 | 0.375 |standard | sshape3 |     375 |481.0694 |   477.0 |    0,85 |  0,0 |1594060191470 |[0.807248, 0.31219423, 0.6645933, 0.75510883, 0.48081613, 0.017581463, 0.8799496, 0.3392949, 0.4729408, 0.006296158, 0.58481264, 0.70221686, 0.026830375, 0.94795597, 0.006011367] |[0.0, 0.0, 0.0, 1.0, 0.0, 0.0, 1.0, 1.0, 1.0, 1.0, 0.0, 1.0, 1.0, 1.0, 1.0] |
|      f5 |12 |    5001 |    5000 |   40 | 0.375 |standard | sshape3 |     375 |481.0694 |   477.0 |    0,85 |  1,1 |1594060191470 |[0.807248, 0.31219423, 0.6645933, 0.75510883, 0.48081613, 0.017581463, 0.8799496, 0.3392949, 0.4729408, 0.006296158, 0.58481264, 0.70221686, 0.026830375, 0.94795597, 0.006011367] |[0.0, 0.0, 0.0, 1.0, 0.0, 0.0, 1.0, 1.0, 1.0, 1.0, 0.0, 1.0, 1.0, 1.0, 1.0] |
|      f5 |13 |       1 |    5000 |   25 |  0.25 |standard | sshape3 |     375 |481.0694 |   477.0 |    0,85 |  0,0 |1594060192619 |[0.63236487, 0.40624648, 0.9374354, 0.6384228, 0.037068427, 0.43492323, 0.52349967, 0.92967564, 0.6094627, 0.37852907, 0.65644735, 0.15267813, 0.49821097, 0.6117074, 0.62407124] |[0.0, 0.0, 0.0, 1.0, 1.0, 0.0, 0.0, 1.0, 0.0, 1.0, 1.0, 1.0, 0.0, 1.0, 1.0] |
|      f5 |13 |     500 |    5000 |   25 |   0.2 |standard | sshape3 |     375 |481.0694 |   477.0 |    0,85 |  0,0 |1594060192619 |[0.38581088, 0.6678528, 0.0059118206, 0.15994756, 0.208227, 0.3574559, 0.99681777, 0.29765686, 0.87452143, 0.4680709, 0.763151, 0.36979017, 0.7613527, 0.37233338, 0.85541636] |[0.0, 0.0, 1.0, 1.0, 1.0, 0.0, 1.0, 1.0, 1.0, 1.0, 1.0, 1.0, 0.0, 0.0, 0.0] |
|      f5 |13 |    1000 |    5000 |   25 |  0.36 |standard | sshape3 |     375 |481.0694 |   477.0 |    0,85 |  0,0 |1594060192619 |[0.38581088, 0.6678528, 0.0059118206, 0.15994756, 0.208227, 0.3574559, 0.99681777, 0.29765686, 0.87452143, 0.4680709, 0.763151, 0.36979017, 0.7613527, 0.37233338, 0.85541636] |[0.0, 0.0, 1.0, 1.0, 1.0, 0.0, 1.0, 1.0, 0.0, 1.0, 1.0, 1.0, 0.0, 0.0, 0.0] |
|      f5 |13 |    1500 |    5000 |   30 |  0.24 |standard | sshape3 |     375 |481.0694 |   477.0 |    0,85 |  0,0 |1594060192619 |[0.38581088, 0.6678528, 0.0059118206, 0.15994756, 0.208227, 0.3574559, 0.99681777, 0.29765686, 0.87452143, 0.4680709, 0.763151, 0.36979017, 0.7613527, 0.37233338, 0.85541636] |[0.0, 0.0, 0.0, 0.0, 0.0, 0.0, 0.0, 0.0, 0.0, 0.0, 0.0, 0.0, 0.0, 0.0, 0.0] |
|      f5 |13 |    2000 |    5000 |   30 |0.36666667 |standard | sshape3 |     375 |481.0694 |   477.0 |    0,85 |  0,0 |1594060192619 |[0.6517047, 0.115779996, 0.8650399, 0.7822859, 0.10126883, 0.96762544, 0.18437546, 0.8378565, 0.26493847, 0.77402765, 0.5750905, 0.51573586, 0.7337263, 0.98776233, 0.9494672] |[1.0, 1.0, 0.0, 1.0, 0.0, 0.0, 0.0, 1.0, 0.0, 1.0, 0.0, 1.0, 1.0, 0.0, 1.0] |
|      f5 |13 |    2500 |    5000 |   30 |0.33333334 |standard | sshape3 |     375 |481.0694 |   477.0 |    0,85 |  0,0 |1594060192619 |[0.4062425, 0.63643473, 0.41362852, 0.82177085, 0.20964932, 0.9847158, 0.11335039, 0.99114835, 0.5450894, 0.93541527, 0.40924656, 0.3421681, 0.79386586, 0.19088238, 0.9741686] |[0.0, 1.0, 1.0, 0.0, 0.0, 0.0, 1.0, 1.0, 1.0, 1.0, 1.0, 1.0, 0.0, 0.0, 1.0] |
|      f5 |13 |    3000 |    5000 |   30 |0.36666667 |standard | sshape3 |     375 |481.0694 |   477.0 |    0,85 |  0,0 |1594060192619 |[0.4062425, 0.63643473, 0.41362852, 0.82177085, 0.20964932, 0.9847158, 0.11335039, 0.99114835, 0.5450894, 0.93541527, 0.40924656, 0.3421681, 0.79386586, 0.19088238, 0.9741686] |[0.0, 0.0, 1.0, 0.0, 1.0, 1.0, 1.0, 1.0, 1.0, 1.0, 1.0, 1.0, 0.0, 0.0, 0.0] |
|      f5 |13 |    3500 |    5000 |   35 |0.43333334 |standard | sshape3 |     375 |481.0694 |   477.0 |    0,85 |  0,0 |1594060192619 |[0.4062425, 0.63643473, 0.41362852, 0.82177085, 0.20964932, 0.9847158, 0.11335039, 0.99114835, 0.5450894, 0.93541527, 0.40924656, 0.3421681, 0.79386586, 0.19088238, 0.9741686] |[0.0, 0.0, 0.0, 0.0, 0.0, 0.0, 0.0, 0.0, 0.0, 0.0, 0.0, 0.0, 0.0, 0.0, 0.0] |
|      f5 |13 |    4000 |    5000 |   35 |  0.45 |standard | sshape3 |     375 |481.0694 |   477.0 |    0,85 |  0,0 |1594060192619 |[0.4062425, 0.63643473, 0.41362852, 0.82177085, 0.20964932, 0.9847158, 0.11335039, 0.99114835, 0.5450894, 0.93541527, 0.40924656, 0.3421681, 0.79386586, 0.19088238, 0.9741686] |[0.0, 0.0, 1.0, 0.0, 0.0, 0.0, 1.0, 1.0, 1.0, 1.0, 1.0, 1.0, 0.0, 1.0, 1.0] |
|      f5 |13 |    4500 |    5000 |   35 |0.25714287 |standard | sshape3 |     375 |481.0694 |   477.0 |    0,85 |  0,0 |1594060192619 |[0.4062425, 0.63643473, 0.41362852, 0.82177085, 0.20964932, 0.9847158, 0.11335039, 0.99114835, 0.5450894, 0.93541527, 0.40924656, 0.3421681, 0.79386586, 0.19088238, 0.9741686] |[1.0, 0.0, 1.0, 0.0, 1.0, 1.0, 1.0, 1.0, 1.0, 1.0, 0.0, 1.0, 0.0, 0.0, 0.0] |
|      f5 |13 |    5000 |    5000 |   35 |0.25714287 |standard | sshape3 |     375 |481.0694 |   477.0 |    0,85 |  0,0 |1594060192619 |[0.21069467, 0.19347513, 0.40526277, 0.9508719, 0.017977715, 0.22957921, 0.13732433, 0.5502615, 0.06786507, 0.67786705, 0.020269394, 0.13272989, 0.0064426064, 0.66392744, 0.31227326] |[0.0, 0.0, 0.0, 1.0, 0.0, 1.0, 1.0, 1.0, 0.0, 0.0, 1.0, 1.0, 1.0, 1.0, 0.0] |
|      f5 |13 |    5001 |    5000 |   35 |0.25714287 |standard | sshape3 |     375 |481.0694 |   477.0 |    0,85 |  1,0 |1594060192619 |[0.21069467, 0.19347513, 0.40526277, 0.9508719, 0.017977715, 0.22957921, 0.13732433, 0.5502615, 0.06786507, 0.67786705, 0.020269394, 0.13272989, 0.0064426064, 0.66392744, 0.31227326] |[0.0, 0.0, 0.0, 1.0, 0.0, 1.0, 1.0, 1.0, 0.0, 0.0, 1.0, 1.0, 1.0, 1.0, 0.0] |
|      f5 |14 |       1 |    5000 |   25 |  0.25 |standard | sshape3 |     375 |481.0694 |   477.0 |    0,85 |-0,0010 |1594060193661 |[0.35613483, 0.28934586, 0.73406255, 0.35318297, 0.52562463, 0.6665985, 0.80483717, 0.26679337, 0.6769089, 0.6868331, 0.30699396, 0.43886477, 0.06743395, 0.8250124, 0.5789598] |[0.0, 0.0, 1.0, 1.0, 0.0, 0.0, 1.0, 1.0, 0.0, 1.0, 1.0, 1.0, 0.0, 1.0, 1.0] |
|      f5 |14 |     500 |    5000 |   30 |  0.36 |standard | sshape3 |     375 |481.0694 |   477.0 |    0,85 |-0,0010 |1594060193661 |[0.5371464, 0.8549757, 0.23242643, 0.77577347, 0.34146366, 0.78004307, 0.43562636, 0.68668044, 0.5695517, 0.95240736, 0.26564476, 0.15216962, 0.11696465, 0.9668335, 0.30908397] |[0.0, 0.0, 0.0, 0.0, 0.0, 0.0, 0.0, 0.0, 0.0, 0.0, 0.0, 0.0, 0.0, 0.0, 0.0] |
|      f5 |14 |    1000 |    5000 |   30 |  0.45 |standard | sshape3 |     375 |481.0694 |   477.0 |    0,85 |-0,0010 |1594060193661 |[0.5371464, 0.8549757, 0.23242643, 0.77577347, 0.34146366, 0.78004307, 0.43562636, 0.68668044, 0.5695517, 0.95240736, 0.26564476, 0.15216962, 0.11696465, 0.9668335, 0.30908397] |[0.0, 0.0, 0.0, 1.0, 1.0, 1.0, 0.0, 1.0, 0.0, 0.0, 1.0, 1.0, 0.0, 1.0, 0.0] |
|      f5 |14 |    1500 |    5000 |   30 |   0.4 |standard | sshape3 |     375 |481.0694 |   477.0 |    0,85 |-0,0010 |1594060193661 |[0.14604676, 0.09084439, 0.48029, 0.78218037, 0.7274101, 0.9789615, 0.30434257, 0.08691132, 0.88799417, 0.69211966, 0.7006702, 0.97396135, 0.2536229, 0.6544535, 0.5458633] |[0.0, 0.0, 1.0, 0.0, 1.0, 0.0, 1.0, 1.0, 0.0, 1.0, 1.0, 1.0, 0.0, 1.0, 1.0] |
|      f5 |14 |    2000 |    5000 |   30 |  0.45 |standard | sshape3 |     375 |481.0694 |   477.0 |    0,85 |-0,0010 |1594060193661 |[0.26507485, 0.26954204, 0.07159805, 0.7829701, 0.33075315, 0.3576569, 0.88568056, 0.721196, 0.739997, 0.4547944, 0.6692073, 0.44908595, 0.915585, 0.90757483, 0.3658697] |[0.0, 1.0, 1.0, 0.0, 0.0, 0.0, 1.0, 1.0, 0.0, 1.0, 1.0, 1.0, 0.0, 1.0, 1.0] |
|      f5 |14 |    2500 |    5000 |   35 |0.26666668 |standard | sshape3 |     375 |481.0694 |   477.0 |    0,85 |-0,0010 |1594060193661 |[0.26507485, 0.26954204, 0.07159805, 0.7829701, 0.33075315, 0.3576569, 0.88568056, 0.721196, 0.739997, 0.4547944, 0.6692073, 0.44908595, 0.915585, 0.90757483, 0.3658697] |[0.0, 0.0, 0.0, 0.0, 0.0, 0.0, 0.0, 0.0, 0.0, 0.0, 0.0, 0.0, 0.0, 0.0, 0.0] |
|      f5 |14 |    3000 |    5000 |   35 |  0.45 |standard | sshape3 |     375 |481.0694 |   477.0 |    0,85 |-0,0010 |1594060193661 |[0.26507485, 0.26954204, 0.07159805, 0.7829701, 0.33075315, 0.3576569, 0.88568056, 0.721196, 0.739997, 0.4547944, 0.6692073, 0.44908595, 0.915585, 0.90757483, 0.3658697] |[0.0, 0.0, 1.0, 1.0, 0.0, 1.0, 0.0, 1.0, 1.0, 0.0, 1.0, 1.0, 0.0, 0.0, 1.0] |
|      f5 |14 |    3500 |    5000 |   35 |0.42857143 |standard | sshape3 |     375 |481.0694 |   477.0 |    0,85 |-0,0010 |1594060193661 |[0.38310516, 0.10063195, 0.40822327, 0.42656726, 0.26282835, 0.40187985, 0.8573207, 0.41652054, 0.29140627, 0.73435205, 0.8213142, 0.28415108, 0.14025354, 0.9318312, 0.65634054] |[0.0, 0.0, 1.0, 1.0, 0.0, 0.0, 1.0, 1.0, 0.0, 0.0, 1.0, 1.0, 0.0, 1.0, 1.0] |
|      f5 |14 |    4000 |    5000 |   35 |   0.4 |standard | sshape3 |     375 |481.0694 |   477.0 |    0,85 |-0,0010 |1594060193661 |[0.38310516, 0.10063195, 0.40822327, 0.42656726, 0.26282835, 0.40187985, 0.8573207, 0.41652054, 0.29140627, 0.73435205, 0.8213142, 0.28415108, 0.14025354, 0.9318312, 0.65634054] |[0.0, 0.0, 0.0, 1.0, 0.0, 1.0, 0.0, 1.0, 1.0, 1.0, 1.0, 1.0, 1.0, 0.0, 1.0] |
|      f5 |14 |    4500 |    5000 |   40 |0.42857143 |standard | sshape3 |     375 |481.0694 |   477.0 |    0,85 |-0,0010 |1594060193661 |[0.38310516, 0.10063195, 0.40822327, 0.42656726, 0.26282835, 0.40187985, 0.8573207, 0.41652054, 0.29140627, 0.73435205, 0.8213142, 0.28415108, 0.14025354, 0.9318312, 0.65634054] |[0.0, 0.0, 0.0, 0.0, 0.0, 0.0, 0.0, 0.0, 0.0, 0.0, 0.0, 0.0, 0.0, 0.0, 0.0] |
|      f5 |14 |    5000 |    5000 |   40 |  0.45 |standard | sshape3 |     375 |481.0694 |   477.0 |    0,85 |-0,0010 |1594060193661 |[0.38310516, 0.10063195, 0.40822327, 0.42656726, 0.26282835, 0.40187985, 0.8573207, 0.41652054, 0.29140627, 0.73435205, 0.8213142, 0.28415108, 0.14025354, 0.9318312, 0.65634054] |[0.0, 0.0, 1.0, 1.0, 0.0, 1.0, 1.0, 1.0, 1.0, 1.0, 1.0, 1.0, 0.0, 0.0, 0.0] |
|      f5 |14 |    5001 |    5000 |   40 |  0.45 |standard | sshape3 |     375 |481.0694 |   477.0 |    0,85 |  1,1 |1594060193661 |[0.38310516, 0.10063195, 0.40822327, 0.42656726, 0.26282835, 0.40187985, 0.8573207, 0.41652054, 0.29140627, 0.73435205, 0.8213142, 0.28415108, 0.14025354, 0.9318312, 0.65634054] |[0.0, 0.0, 1.0, 1.0, 0.0, 1.0, 1.0, 1.0, 1.0, 1.0, 1.0, 1.0, 0.0, 0.0, 0.0] |
|      f5 |15 |       1 |    5000 |   25 |  0.25 |standard | sshape3 |     375 |481.0694 |   477.0 |    0,85 |  0,0 |1594060194792 |[0.41531056, 0.019004583, 0.049559116, 0.11999524, 0.7643962, 0.18223673, 0.9862753, 0.6365328, 0.23433936, 0.6041479, 0.63441926, 0.52520037, 0.48028743, 0.2056368, 0.27178526] |[1.0, 1.0, 0.0, 0.0, 0.0, 0.0, 1.0, 1.0, 0.0, 1.0, 1.0, 1.0, 1.0, 0.0, 1.0] |
|      f5 |15 |     500 |    5000 |   25 |   0.4 |standard | sshape3 |     375 |481.0694 |   477.0 |    0,85 |  0,0 |1594060194792 |[0.41531056, 0.019004583, 0.049559116, 0.11999524, 0.7643962, 0.18223673, 0.9862753, 0.6365328, 0.23433936, 0.6041479, 0.63441926, 0.52520037, 0.48028743, 0.2056368, 0.27178526] |[0.0, 1.0, 0.0, 0.0, 0.0, 1.0, 0.0, 1.0, 1.0, 0.0, 0.0, 1.0, 1.0, 1.0, 1.0] |
|      f5 |15 |    1000 |    5000 |   25 |  0.32 |standard | sshape3 |     375 |481.0694 |   477.0 |    0,85 |  0,0 |1594060194792 |[0.41531056, 0.019004583, 0.049559116, 0.11999524, 0.7643962, 0.18223673, 0.9862753, 0.6365328, 0.23433936, 0.6041479, 0.63441926, 0.52520037, 0.48028743, 0.2056368, 0.27178526] |[0.0, 0.0, 0.0, 1.0, 1.0, 0.0, 0.0, 1.0, 0.0, 0.0, 1.0, 1.0, 0.0, 1.0, 1.0] |
|      f5 |15 |    1500 |    5000 |   30 |  0.28 |standard | sshape3 |     375 |481.0694 |   477.0 |    0,85 |  0,0 |1594060194792 |[0.41531056, 0.019004583, 0.049559116, 0.11999524, 0.7643962, 0.18223673, 0.9862753, 0.6365328, 0.23433936, 0.6041479, 0.63441926, 0.52520037, 0.48028743, 0.2056368, 0.27178526] |[0.0, 0.0, 0.0, 0.0, 0.0, 0.0, 0.0, 0.0, 0.0, 0.0, 0.0, 0.0, 0.0, 0.0, 0.0] |
|      f5 |15 |    2000 |    5000 |   30 |  0.45 |standard | sshape3 |     375 |481.0694 |   477.0 |    0,85 |  0,0 |1594060194792 |[0.41531056, 0.019004583, 0.049559116, 0.11999524, 0.7643962, 0.18223673, 0.9862753, 0.6365328, 0.23433936, 0.6041479, 0.63441926, 0.52520037, 0.48028743, 0.2056368, 0.27178526] |[0.0, 0.0, 0.0, 1.0, 1.0, 0.0, 1.0, 0.0, 1.0, 1.0, 1.0, 1.0, 0.0, 0.0, 1.0] |
|      f5 |15 |    2500 |    5000 |   30 |0.23333333 |standard | sshape3 |     375 |481.0694 |   477.0 |    0,85 |  0,0 |1594060194792 |[0.41531056, 0.019004583, 0.049559116, 0.11999524, 0.7643962, 0.18223673, 0.9862753, 0.6365328, 0.23433936, 0.6041479, 0.63441926, 0.52520037, 0.48028743, 0.2056368, 0.27178526] |[0.0, 0.0, 1.0, 0.0, 1.0, 0.0, 1.0, 1.0, 0.0, 1.0, 1.0, 1.0, 0.0, 1.0, 1.0] |
|      f5 |15 |    3000 |    5000 |   30 |0.33333334 |standard | sshape3 |     375 |481.0694 |   477.0 |    0,85 |  0,0 |1594060194792 |[0.41531056, 0.019004583, 0.049559116, 0.11999524, 0.7643962, 0.18223673, 0.9862753, 0.6365328, 0.23433936, 0.6041479, 0.63441926, 0.52520037, 0.48028743, 0.2056368, 0.27178526] |[0.0, 0.0, 1.0, 1.0, 1.0, 0.0, 1.0, 1.0, 0.0, 0.0, 1.0, 1.0, 0.0, 0.0, 1.0] |
|      f5 |15 |    3500 |    5000 |   35 |   0.2 |standard | sshape3 |     375 |481.0694 |   477.0 |    0,85 |  0,0 |1594060194792 |[0.41531056, 0.019004583, 0.049559116, 0.11999524, 0.7643962, 0.18223673, 0.9862753, 0.6365328, 0.23433936, 0.6041479, 0.63441926, 0.52520037, 0.48028743, 0.2056368, 0.27178526] |[0.0, 0.0, 0.0, 0.0, 0.0, 0.0, 0.0, 0.0, 0.0, 0.0, 0.0, 0.0, 0.0, 0.0, 0.0] |
|      f5 |15 |    4000 |    5000 |   35 |  0.45 |standard | sshape3 |     375 |481.0694 |   477.0 |    0,85 |  0,0 |1594060194792 |[0.41531056, 0.019004583, 0.049559116, 0.11999524, 0.7643962, 0.18223673, 0.9862753, 0.6365328, 0.23433936, 0.6041479, 0.63441926, 0.52520037, 0.48028743, 0.2056368, 0.27178526] |[0.0, 1.0, 1.0, 0.0, 0.0, 1.0, 1.0, 1.0, 0.0, 0.0, 0.0, 1.0, 1.0, 0.0, 1.0] |
|      f5 |15 |    4500 |    5000 |   35 |0.37142858 |standard | sshape3 |     375 |481.0694 |   477.0 |    0,85 |  0,0 |1594060194792 |[0.41531056, 0.019004583, 0.049559116, 0.11999524, 0.7643962, 0.18223673, 0.9862753, 0.6365328, 0.23433936, 0.6041479, 0.63441926, 0.52520037, 0.48028743, 0.2056368, 0.27178526] |[0.0, 0.0, 0.0, 0.0, 1.0, 1.0, 0.0, 1.0, 1.0, 1.0, 1.0, 1.0, 1.0, 0.0, 1.0] |
|      f5 |15 |    5000 |    5000 |   35 |0.31428573 |standard | sshape3 |     375 |481.0694 |   477.0 |    0,85 |  0,0 |1594060194792 |[0.41531056, 0.019004583, 0.049559116, 0.11999524, 0.7643962, 0.18223673, 0.9862753, 0.6365328, 0.23433936, 0.6041479, 0.63441926, 0.52520037, 0.48028743, 0.2056368, 0.27178526] |[0.0, 0.0, 1.0, 1.0, 0.0, 0.0, 1.0, 1.0, 0.0, 1.0, 1.0, 1.0, 0.0, 1.0, 0.0] |
|      f5 |15 |    5001 |    5000 |   35 |0.31428573 |standard | sshape3 |     375 |481.0694 |   477.0 |    0,85 |  1,1 |1594060194792 |[0.41531056, 0.019004583, 0.049559116, 0.11999524, 0.7643962, 0.18223673, 0.9862753, 0.6365328, 0.23433936, 0.6041479, 0.63441926, 0.52520037, 0.48028743, 0.2056368, 0.27178526] |[0.0, 0.0, 1.0, 1.0, 0.0, 0.0, 1.0, 1.0, 0.0, 1.0, 1.0, 1.0, 0.0, 1.0, 0.0] |
