| # | Nest | %Desc |#Iter |Instancia | CapMoch |ValOptmo | BestFit |     RDP | time |      semilla |VectorSolucion |
-------------------------------------------------------------------------------------------------
| 1 |   25 |  0.25 | 2500 |      f1 |     269 |   295.0 |   290.0 |    1,69 |-1,6e+09 |1592511917055 |[0.53952354, 0.5911009, 0.5695499, 0.5180042, 0.34096664, 0.24280465, 0.49426526, 0.8624184, 0.38879192, 0.89364624] |
| 1 |   40 |  0.45 | 2500 |      f1 |     269 |   295.0 |   290.0 |    1,69 |  1,0 |1592511917055 |[0.53952354, 0.5911009, 0.5695499, 0.5180042, 0.34096664, 0.24280465, 0.49426526, 0.8624184, 0.38879192, 0.89364624] |
| 2 |   25 |  0.25 | 2500 |      f1 |     269 |   295.0 |   290.0 |    1,69 |-0,0020 |1592511918088 |[0.18740022, 0.22784537, 0.5775071, 0.9377542, 0.4676597, 0.9160461, 0.45864177, 0.3316316, 0.2587083, 0.84161335] |
| 2 |   40 |  0.45 | 2500 |      f1 |     269 |   295.0 |   290.0 |    1,69 | 0,96 |1592511918088 |[0.18740022, 0.22784537, 0.5775071, 0.9377542, 0.4676597, 0.9160461, 0.45864177, 0.3316316, 0.2587083, 0.84161335] |
| 3 |   25 |  0.25 | 2500 |      f1 |     269 |   295.0 |   290.0 |    1,69 |-0,0010 |1592511919047 |[0.37732303, 0.21644986, 0.8879123, 0.4379884, 0.85538936, 0.26173925, 0.3651936, 0.6878879, 0.5207883, 0.7442453] |
| 3 |   40 |  0.45 | 2500 |      f1 |     269 |   295.0 |   290.0 |    1,69 | 0,95 |1592511919047 |[0.37732303, 0.21644986, 0.8879123, 0.4379884, 0.85538936, 0.26173925, 0.3651936, 0.6878879, 0.5207883, 0.7442453] |
| 4 |   25 |  0.25 | 2500 |      f1 |     269 |   295.0 |   290.0 |    1,69 |  0,0 |1592511919993 |[0.06300211, 0.7828762, 0.31264454, 0.6080901, 0.14768577, 0.47614425, 0.5396841, 0.66540587, 0.8728055, 0.58846825] |
| 4 |   40 |  0.45 | 2500 |      f1 |     269 |   295.0 |   290.0 |    1,69 | 0,94 |1592511919993 |[0.40690076, 0.50692785, 0.5648907, 0.25696224, 0.48579794, 0.28391027, 0.55709094, 0.09310627, 0.84405094, 0.7196198] |
| 5 |   25 |  0.25 | 2500 |      f1 |     269 |   295.0 |   290.0 |    1,69 |  0,0 |1592511920935 |[0.9799399, 0.27546382, 0.45545983, 0.78441674, 0.7288273, 0.1592099, 0.34200346, 0.33217114, 0.07030797, 0.6857273] |
| 5 |   40 |  0.45 | 2500 |      f1 |     269 |   295.0 |   290.0 |    1,69 | 0,95 |1592511920935 |[0.3621452, 0.6625191, 0.7097053, 0.07859051, 0.8915212, 0.062481165, 0.84970886, 0.04511738, 0.6845726, 0.4496184] |
| 6 |   25 |  0.25 | 2500 |      f1 |     269 |   295.0 |   290.0 |    1,69 |-0,0010 |1592511921886 |[0.7795855, 0.04318297, 0.8000963, 0.8935852, 0.765455, 0.07990748, 0.33479935, 0.34309864, 0.1689769, 0.7682117] |
| 6 |   40 |  0.45 | 2500 |      f1 |     269 |   295.0 |   290.0 |    1,69 | 0,94 |1592511921886 |[0.7795855, 0.04318297, 0.8000963, 0.8935852, 0.765455, 0.07990748, 0.33479935, 0.34309864, 0.1689769, 0.7682117] |
| 7 |   25 |  0.25 | 2500 |      f1 |     269 |   295.0 |   290.0 |    1,69 |  0,0 |1592511922821 |[0.55171156, 0.7611113, 0.24068284, 0.6774871, 0.8723994, 0.12796652, 0.87953997, 0.36268896, 0.6269495, 0.49476177] |
| 7 |   40 |  0.45 | 2500 |      f1 |     269 |   295.0 |   290.0 |    1,69 | 0,94 |1592511922821 |[0.55171156, 0.7611113, 0.24068284, 0.6774871, 0.8723994, 0.12796652, 0.87953997, 0.36268896, 0.6269495, 0.49476177] |
| 8 |   25 |  0.25 | 2500 |      f1 |     269 |   295.0 |   290.0 |    1,69 |  0,0 |1592511923758 |[0.4236892, 0.8752398, 0.83833516, 0.1287762, 0.26419795, 0.9917752, 0.29653007, 0.61909074, 0.5789749, 0.8672553] |
| 8 |   40 |  0.45 | 2500 |      f1 |     269 |   295.0 |   290.0 |    1,69 | 0,93 |1592511923758 |[0.7431373, 0.9652306, 0.49937242, 0.22237355, 0.7340594, 0.6182992, 0.810078, 0.44147485, 0.6438767, 0.30714965] |
| 9 |   25 |  0.25 | 2500 |      f1 |     269 |   295.0 |   290.0 |    1,69 |-0,0010 |1592511924690 |[0.5894372, 0.38600695, 0.6956611, 0.93765473, 0.09315091, 0.77958924, 0.80201906, 0.23789579, 0.24839664, 0.57543427] |
| 9 |   40 |  0.45 | 2500 |      f1 |     269 |   295.0 |   290.0 |    1,69 | 0,94 |1592511924690 |[0.27420646, 0.6959448, 0.052069545, 0.15429199, 0.54700035, 0.4916321, 0.75576925, 0.06629223, 0.42204934, 0.8802646] |
|10 |   25 |  0.25 | 2500 |      f1 |     269 |   295.0 |   290.0 |    1,69 |-0,0010 |1592511925627 |[0.8571751, 0.7635039, 0.24214876, 0.025406182, 0.013479769, 0.056748033, 0.13437372, 0.76727486, 0.6970361, 0.9828717] |
|10 |   40 |  0.45 | 2500 |      f1 |     269 |   295.0 |   290.0 |    1,69 | 0,93 |1592511925627 |[0.9037473, 0.33758444, 0.6638332, 0.66523474, 0.24022162, 0.9440303, 0.99809223, 0.47623295, 0.8997858, 0.51628363] |
|11 |   25 |  0.25 | 2500 |      f1 |     269 |   295.0 |   290.0 |    1,69 |  0,0 |1592511926556 |[0.41289228, 0.5357383, 0.403418, 0.20140964, 0.7939818, 0.09481454, 0.8323826, 0.09653324, 0.5005228, 0.16719621] |
|11 |   40 |  0.45 | 2500 |      f1 |     269 |   295.0 |   290.0 |    1,69 | 0,93 |1592511926556 |[0.019494295, 0.010394573, 0.013293922, 0.6375162, 0.4930883, 0.90860707, 0.5541294, 0.9600312, 0.094998896, 0.5882156] |
|12 |   25 |  0.25 | 2500 |      f1 |     269 |   295.0 |   290.0 |    1,69 |-0,0010 |1592511927488 |[0.07127428, 0.45744425, 0.023854256, 0.06869, 0.39530283, 0.9387156, 0.70161575, 0.21274382, 0.27727312, 0.4104923] |
|12 |   40 |  0.45 | 2500 |      f1 |     269 |   295.0 |   290.0 |    1,69 | 0,93 |1592511927488 |[0.17052156, 0.31225288, 0.6444487, 0.31727844, 0.274132, 0.27841944, 0.056540012, 0.94562703, 0.62036794, 0.40388697] |
|13 |   25 |  0.25 | 2500 |      f1 |     269 |   295.0 |   290.0 |    1,69 |  0,0 |1592511928414 |[0.46117133, 0.26129228, 0.059388757, 0.93125457, 0.5815283, 0.6740657, 0.6774707, 0.7701928, 0.74426687, 0.2759242] |
|13 |   40 |  0.45 | 2500 |      f1 |     269 |   295.0 |   290.0 |    1,69 | 0,93 |1592511928414 |[0.9646825, 0.23806864, 0.3336498, 0.08994508, 0.70246065, 0.69980097, 0.6704878, 0.5964095, 0.91067463, 0.7772496] |
|14 |   25 |  0.25 | 2500 |      f1 |     269 |   295.0 |   290.0 |    1,69 |  0,0 |1592511929340 |[0.44769013, 0.26276708, 0.43435854, 0.8441545, 0.1608904, 0.43098587, 0.82552725, 0.24468142, 0.6356397, 0.2896021] |
|14 |   40 |  0.45 | 2500 |      f1 |     269 |   295.0 |   290.0 |    1,69 | 0,92 |1592511929340 |[0.44769013, 0.26276708, 0.43435854, 0.8441545, 0.1608904, 0.43098587, 0.82552725, 0.24468142, 0.6356397, 0.2896021] |
|15 |   25 |  0.25 | 2500 |      f1 |     269 |   295.0 |   290.0 |    1,69 |  0,0 |1592511930260 |[0.75055575, 0.54674155, 0.8300858, 0.5064235, 0.9456953, 0.09082389, 0.907701, 0.27234232, 0.38564223, 0.06955236] |
|15 |   40 |  0.45 | 2500 |      f1 |     269 |   295.0 |   290.0 |    1,69 | 0,93 |1592511930260 |[0.6038966, 0.1711688, 0.7195092, 0.203933, 0.6618866, 0.1495297, 0.032396972, 0.3427875, 0.79387105, 0.93530047] |
