|Instancia |Ejecucion |Iteracion |Iter Max |Nidos |   %Pa |tipoDiscretizacion |tipoBinarizacion | CapMoch |   Optmo |OptimoObtenido |     RDP | time |      semilla |VectorSolucionReal |VectorSolucionBinario |
-------------------------------------------------------------------------------------------------
|      f4 | 1 |       1 |    5000 |   50 |  0.25 |standard | sshape3 |      11 |    23.0 |    23.0 |    0,00 |-1,6e+09 |1592654804685 |[0.31490204, 0.6997891, 0.7845564, 0.64155805] |[1.0, 1.0, 0.0, 0.0] |
|      f4 | 1 |       2 |    5000 |   50 |  0.25 |standard | sshape3 |      11 |    23.0 |    23.0 |    0,00 |0,0010 |1592654804685 |[0.31490204, 0.6997891, 0.7845564, 0.64155805] |[1.0, 1.0, 0.0, 0.0] |
|      f4 | 2 |       1 |    5000 |   50 |  0.25 |standard | sshape3 |      11 |    23.0 |    23.0 |    0,00 |  0,0 |1592654804686 |[0.36207828, 0.7720293, 0.18039046, 0.91897285] |[0.0, 1.0, 0.0, 1.0] |
|      f4 | 2 |       2 |    5000 |   50 |  0.25 |standard | sshape3 |      11 |    23.0 |    23.0 |    0,00 |0,0010 |1592654804686 |[0.36207828, 0.7720293, 0.18039046, 0.91897285] |[0.0, 1.0, 0.0, 1.0] |
|      f4 | 3 |       1 |    5000 |   50 |  0.25 |standard | sshape3 |      11 |    23.0 |    23.0 |    0,00 |-0,0010 |1592654804688 |[0.098090075, 0.3275405, 0.7072731, 0.043220453] |[1.0, 1.0, 0.0, 0.0] |
|      f4 | 3 |       2 |    5000 |   50 |  0.25 |standard | sshape3 |      11 |    23.0 |    23.0 |    0,00 |  0,0 |1592654804688 |[0.098090075, 0.3275405, 0.7072731, 0.043220453] |[1.0, 1.0, 0.0, 0.0] |
|      f4 | 4 |       1 |    5000 |   50 |  0.25 |standard | sshape3 |      11 |    23.0 |    23.0 |    0,00 |-0,0010 |1592654804689 |[0.34200433, 0.23502204, 0.78339154, 0.3291152] |[0.0, 1.0, 0.0, 1.0] |
|      f4 | 4 |       2 |    5000 |   50 |  0.25 |standard | sshape3 |      11 |    23.0 |    23.0 |    0,00 |0,0010 |1592654804689 |[0.34200433, 0.23502204, 0.78339154, 0.3291152] |[0.0, 1.0, 0.0, 1.0] |
|      f4 | 5 |       1 |    5000 |   50 |  0.25 |standard | sshape3 |      11 |    23.0 |    23.0 |    0,00 |  0,0 |1592654804690 |[0.9712015, 0.8244643, 0.5877915, 0.8876309] |[1.0, 1.0, 0.0, 0.0] |
|      f4 | 5 |       2 |    5000 |   50 |  0.25 |standard | sshape3 |      11 |    23.0 |    23.0 |    0,00 |0,0010 |1592654804690 |[0.9712015, 0.8244643, 0.5877915, 0.8876309] |[1.0, 1.0, 0.0, 0.0] |
|      f4 | 6 |       1 |    5000 |   50 |  0.25 |standard | sshape3 |      11 |    23.0 |    23.0 |    0,00 |-0,0010 |1592654804692 |[0.76640284, 0.23503673, 0.4589001, 0.116502225] |[0.0, 1.0, 1.0, 0.0] |
|      f4 | 6 |       2 |    5000 |   50 |  0.25 |standard | sshape3 |      11 |    23.0 |    23.0 |    0,00 |  0,0 |1592654804692 |[0.76640284, 0.23503673, 0.4589001, 0.116502225] |[0.0, 1.0, 1.0, 0.0] |
|      f4 | 7 |       1 |    5000 |   50 |  0.25 |standard | sshape3 |      11 |    23.0 |    23.0 |    0,00 |-0,0010 |1592654804693 |[0.95368457, 0.8993296, 0.90869695, 0.72542715] |[1.0, 0.0, 1.0, 0.0] |
|      f4 | 7 |       2 |    5000 |   50 |  0.25 |standard | sshape3 |      11 |    23.0 |    23.0 |    0,00 |  0,0 |1592654804693 |[0.95368457, 0.8993296, 0.90869695, 0.72542715] |[1.0, 0.0, 1.0, 0.0] |
|      f4 | 8 |       1 |    5000 |   50 |  0.25 |standard | sshape3 |      11 |    23.0 |    23.0 |    0,00 |-0,0010 |1592654804694 |[0.77456063, 0.34497422, 0.07013354, 0.580077] |[0.0, 1.0, 0.0, 1.0] |
|      f4 | 8 |       2 |    5000 |   50 |  0.25 |standard | sshape3 |      11 |    23.0 |    23.0 |    0,00 |0,0010 |1592654804694 |[0.77456063, 0.34497422, 0.07013354, 0.580077] |[0.0, 1.0, 0.0, 1.0] |
|      f4 | 9 |       1 |    5000 |   50 |  0.25 |standard | sshape3 |      11 |    23.0 |    23.0 |    0,00 |  0,0 |1592654804695 |[0.5211618, 0.72483635, 0.93598855, 0.49801743] |[0.0, 1.0, 0.0, 1.0] |
|      f4 | 9 |       2 |    5000 |   50 |  0.25 |standard | sshape3 |      11 |    23.0 |    23.0 |    0,00 |0,0010 |1592654804695 |[0.5211618, 0.72483635, 0.93598855, 0.49801743] |[0.0, 1.0, 0.0, 1.0] |
|      f4 |10 |       1 |    5000 |   50 |  0.25 |standard | sshape3 |      11 |    23.0 |    23.0 |    0,00 |  0,0 |1592654804696 |[0.5124335, 0.1496486, 0.39540845, 0.64225113] |[0.0, 1.0, 0.0, 1.0] |
|      f4 |10 |       2 |    5000 |   50 |  0.25 |standard | sshape3 |      11 |    23.0 |    23.0 |    0,00 |0,0010 |1592654804696 |[0.5124335, 0.1496486, 0.39540845, 0.64225113] |[0.0, 1.0, 0.0, 1.0] |
|      f4 |11 |       1 |    5000 |   50 |  0.25 |standard | sshape3 |      11 |    23.0 |    23.0 |    0,00 |  0,0 |1592654804697 |[1.0E-12, 0.56909305, 0.40534124, 0.89663136] |[0.0, 1.0, 0.0, 1.0] |
|      f4 |11 |       2 |    5000 |   50 |  0.25 |standard | sshape3 |      11 |    23.0 |    23.0 |    0,00 |0,0010 |1592654804697 |[1.0E-12, 0.56909305, 0.40534124, 0.89663136] |[0.0, 1.0, 0.0, 1.0] |
|      f4 |12 |       1 |    5000 |   50 |  0.25 |standard | sshape3 |      11 |    23.0 |    23.0 |    0,00 |  0,0 |1592654804698 |[0.7258906, 0.40836498, 0.6779358, 0.7639548] |[1.0, 1.0, 0.0, 0.0] |
|      f4 |12 |       2 |    5000 |   50 |  0.25 |standard | sshape3 |      11 |    23.0 |    23.0 |    0,00 |0,0010 |1592654804698 |[0.7258906, 0.40836498, 0.6779358, 0.7639548] |[1.0, 1.0, 0.0, 0.0] |
|      f4 |13 |       1 |    5000 |   50 |  0.25 |standard | sshape3 |      11 |    23.0 |    23.0 |    0,00 |-0,0010 |1592654804700 |[0.07058201, 0.45401296, 0.8931336, 0.47143498] |[1.0, 1.0, 0.0, 0.0] |
|      f4 |13 |       2 |    5000 |   50 |  0.25 |standard | sshape3 |      11 |    23.0 |    23.0 |    0,00 |  0,0 |1592654804700 |[0.07058201, 0.45401296, 0.8931336, 0.47143498] |[1.0, 1.0, 0.0, 0.0] |
|      f4 |14 |       1 |    5000 |   50 |  0.25 |standard | sshape3 |      11 |    23.0 |    23.0 |    0,00 |-0,0010 |1592654804701 |[0.36577302, 0.15069914, 0.69722784, 0.05215597] |[0.0, 1.0, 0.0, 1.0] |
|      f4 |14 |       2 |    5000 |   50 |  0.25 |standard | sshape3 |      11 |    23.0 |    23.0 |    0,00 |  0,0 |1592654804701 |[0.36577302, 0.15069914, 0.69722784, 0.05215597] |[0.0, 1.0, 0.0, 1.0] |
|      f4 |15 |       1 |    5000 |   50 |  0.25 |standard | sshape3 |      11 |    23.0 |    23.0 |    0,00 |-0,0010 |1592654804702 |[0.6596997, 0.11597228, 0.24713224, 0.13811433] |[1.0, 1.0, 0.0, 0.0] |
|      f4 |15 |       2 |    5000 |   50 |  0.25 |standard | sshape3 |      11 |    23.0 |    23.0 |    0,00 |0,0010 |1592654804702 |[0.6596997, 0.11597228, 0.24713224, 0.13811433] |[1.0, 1.0, 0.0, 0.0] |
|      f4 |16 |       1 |    5000 |   50 |  0.25 |standard | sshape3 |      11 |    23.0 |    23.0 |    0,00 |  0,0 |1592654804703 |[0.42179078, 0.20211643, 0.079365134, 0.9291363] |[0.0, 1.0, 0.0, 1.0] |
|      f4 |16 |       2 |    5000 |   50 |  0.25 |standard | sshape3 |      11 |    23.0 |    23.0 |    0,00 |0,0010 |1592654804703 |[0.42179078, 0.20211643, 0.079365134, 0.9291363] |[0.0, 1.0, 0.0, 1.0] |
|      f4 |17 |       1 |    5000 |   50 |  0.25 |standard | sshape3 |      11 |    23.0 |    23.0 |    0,00 |  0,0 |1592654804704 |[0.044585526, 0.28242177, 0.8954476, 0.8302621] |[0.0, 1.0, 1.0, 0.0] |
|      f4 |17 |       2 |    5000 |   50 |  0.25 |standard | sshape3 |      11 |    23.0 |    23.0 |    0,00 |0,0010 |1592654804704 |[0.044585526, 0.28242177, 0.8954476, 0.8302621] |[0.0, 1.0, 1.0, 0.0] |
|      f4 |18 |       1 |    5000 |   50 |  0.25 |standard | sshape3 |      11 |    23.0 |    23.0 |    0,00 |-0,0020 |1592654804707 |[0.7793316, 0.32698774, 0.27859032, 0.23718292] |[1.0, 1.0, 0.0, 0.0] |
|      f4 |18 |       2 |    5000 |   50 |  0.25 |standard | sshape3 |      11 |    23.0 |    23.0 |    0,00 |0,0010 |1592654804707 |[0.7793316, 0.32698774, 0.27859032, 0.23718292] |[1.0, 1.0, 0.0, 0.0] |
|      f4 |19 |       1 |    5000 |   50 |  0.25 |standard | sshape3 |      11 |    23.0 |    23.0 |    0,00 |  0,0 |1592654804708 |[0.54750973, 0.54642755, 0.978004, 0.0656772] |[0.0, 1.0, 1.0, 0.0] |
|      f4 |19 |       2 |    5000 |   50 |  0.25 |standard | sshape3 |      11 |    23.0 |    23.0 |    0,00 |0,0010 |1592654804708 |[0.54750973, 0.54642755, 0.978004, 0.0656772] |[0.0, 1.0, 1.0, 0.0] |
|      f4 |20 |       1 |    5000 |   50 |  0.25 |standard | sshape3 |      11 |    23.0 |    23.0 |    0,00 |  0,0 |1592654804709 |[0.87380534, 0.91573066, 0.20236897, 0.11789334] |[1.0, 0.0, 0.0, 1.0] |
|      f4 |20 |       2 |    5000 |   50 |  0.25 |standard | sshape3 |      11 |    23.0 |    23.0 |    0,00 |0,0010 |1592654804709 |[0.87380534, 0.91573066, 0.20236897, 0.11789334] |[1.0, 0.0, 0.0, 1.0] |
|      f4 |21 |       1 |    5000 |   50 |  0.25 |standard | sshape3 |      11 |    23.0 |    23.0 |    0,00 |  0,0 |1592654804710 |[0.7023196, 0.8322792, 0.10329718, 0.8825008] |[0.0, 1.0, 0.0, 1.0] |
|      f4 |21 |       2 |    5000 |   50 |  0.25 |standard | sshape3 |      11 |    23.0 |    23.0 |    0,00 |0,0010 |1592654804710 |[0.7023196, 0.8322792, 0.10329718, 0.8825008] |[0.0, 1.0, 0.0, 1.0] |
|      f4 |22 |       1 |    5000 |   50 |  0.25 |standard | sshape3 |      11 |    23.0 |    23.0 |    0,00 |  0,0 |1592654804711 |[0.30872047, 0.0592072, 0.43434042, 0.020776868] |[1.0, 1.0, 0.0, 0.0] |
|      f4 |22 |       2 |    5000 |   50 |  0.25 |standard | sshape3 |      11 |    23.0 |    23.0 |    0,00 |0,0010 |1592654804711 |[0.30872047, 0.0592072, 0.43434042, 0.020776868] |[1.0, 1.0, 0.0, 0.0] |
|      f4 |23 |       1 |    5000 |   50 |  0.25 |standard | sshape3 |      11 |    23.0 |    23.0 |    0,00 |-0,0010 |1592654804713 |[0.15173322, 0.13489431, 0.030787706, 0.9944184] |[1.0, 0.0, 1.0, 0.0] |
|      f4 |23 |       2 |    5000 |   50 |  0.25 |standard | sshape3 |      11 |    23.0 |    23.0 |    0,00 |  0,0 |1592654804713 |[0.15173322, 0.13489431, 0.030787706, 0.9944184] |[1.0, 0.0, 1.0, 0.0] |
|      f4 |24 |       1 |    5000 |   50 |  0.25 |standard | sshape3 |      11 |    23.0 |    23.0 |    0,00 |-0,0010 |1592654804714 |[0.110999554, 1.0, 0.12740462, 0.49820513] |[0.0, 1.0, 0.0, 1.0] |
|      f4 |24 |       2 |    5000 |   50 |  0.25 |standard | sshape3 |      11 |    23.0 |    23.0 |    0,00 |  0,0 |1592654804714 |[0.110999554, 1.0, 0.12740462, 0.49820513] |[0.0, 1.0, 0.0, 1.0] |
|      f4 |25 |       1 |    5000 |   50 |  0.25 |standard | sshape3 |      11 |    23.0 |    23.0 |    0,00 |-0,0010 |1592654804715 |[0.81499547, 0.67558354, 0.06611773, 0.8705757] |[1.0, 1.0, 0.0, 0.0] |
|      f4 |25 |       2 |    5000 |   50 |  0.25 |standard | sshape3 |      11 |    23.0 |    23.0 |    0,00 |  0,0 |1592654804715 |[0.81499547, 0.67558354, 0.06611773, 0.8705757] |[1.0, 1.0, 0.0, 0.0] |
|      f4 |26 |       1 |    5000 |   50 |  0.25 |standard | sshape3 |      11 |    23.0 |    23.0 |    0,00 |-0,0010 |1592654804716 |[0.16407251, 0.49278688, 0.05655992, 0.99281734] |[1.0, 1.0, 0.0, 0.0] |
|      f4 |26 |       2 |    5000 |   50 |  0.25 |standard | sshape3 |      11 |    23.0 |    23.0 |    0,00 |  0,0 |1592654804716 |[0.16407251, 0.49278688, 0.05655992, 0.99281734] |[1.0, 1.0, 0.0, 0.0] |
|      f4 |27 |       1 |    5000 |   50 |  0.25 |standard | sshape3 |      11 |    23.0 |    23.0 |    0,00 |-0,0010 |1592654804717 |[0.46488854, 0.62430006, 0.28363666, 0.9149191] |[0.0, 1.0, 0.0, 1.0] |
|      f4 |27 |       2 |    5000 |   50 |  0.25 |standard | sshape3 |      11 |    23.0 |    23.0 |    0,00 |  0,0 |1592654804717 |[0.46488854, 0.62430006, 0.28363666, 0.9149191] |[0.0, 1.0, 0.0, 1.0] |
|      f4 |28 |       1 |    5000 |   50 |  0.25 |standard | sshape3 |      11 |    23.0 |    23.0 |    0,00 |-0,0010 |1592654804718 |[0.0989967, 0.716329, 0.05226451, 0.43425035] |[1.0, 0.0, 1.0, 0.0] |
|      f4 |28 |       2 |    5000 |   50 |  0.25 |standard | sshape3 |      11 |    23.0 |    23.0 |    0,00 |0,0010 |1592654804718 |[0.0989967, 0.716329, 0.05226451, 0.43425035] |[1.0, 0.0, 1.0, 0.0] |
|      f4 |29 |       1 |    5000 |   50 |  0.25 |standard | sshape3 |      11 |    23.0 |    23.0 |    0,00 |  0,0 |1592654804719 |[0.23798585, 0.7671151, 0.22191799, 0.25748098] |[1.0, 1.0, 0.0, 0.0] |
|      f4 |29 |       2 |    5000 |   50 |  0.25 |standard | sshape3 |      11 |    23.0 |    23.0 |    0,00 |0,0010 |1592654804719 |[0.23798585, 0.7671151, 0.22191799, 0.25748098] |[1.0, 1.0, 0.0, 0.0] |
|      f4 |30 |       1 |    5000 |   50 |  0.25 |standard | sshape3 |      11 |    23.0 |    23.0 |    0,00 |  0,0 |1592654804720 |[0.6121319, 0.18806207, 0.3599177, 0.749012] |[1.0, 0.0, 1.0, 0.0] |
|      f4 |30 |       2 |    5000 |   50 |  0.25 |standard | sshape3 |      11 |    23.0 |    23.0 |    0,00 |0,0010 |1592654804720 |[0.6121319, 0.18806207, 0.3599177, 0.749012] |[1.0, 0.0, 1.0, 0.0] |
|      f4 |31 |       1 |    5000 |   50 |  0.25 |standard | sshape3 |      11 |    23.0 |    23.0 |    0,00 |  0,0 |1592654804721 |[0.98616785, 0.27691108, 0.5535215, 0.7394273] |[1.0, 1.0, 0.0, 0.0] |
|      f4 |31 |       2 |    5000 |   50 |  0.25 |standard | sshape3 |      11 |    23.0 |    23.0 |    0,00 |0,0010 |1592654804721 |[0.98616785, 0.27691108, 0.5535215, 0.7394273] |[1.0, 1.0, 0.0, 0.0] |
