| # | Nest | %Desc |#Iter |Instancia | CapMoch |ValOptmo | BestFit |     RDP | time |      semilla |VectorSolucion |
-------------------------------------------------------------------------------------------------
| 1 |   50 |  0.25 | 5000 |      f5 |     375 |481.0694 |   477.0 |    0,85 |-1,6e+09 |1592513041820 |[0.7756757, 0.73599976, 0.46619612, 0.24202079, 0.081609845, 0.37624633, 0.5580466, 0.17606926, 0.733091, 0.17676008, 0.8678551, 0.81738454, 0.06984663, 0.86213857, 0.9306951] |
| 1 |   50 |  0.45 | 5000 |      f5 |     375 |481.0694 |   477.0 |    0,85 |-1,6e+09 |1592513041820 |[0.7756757, 0.73599976, 0.46619612, 0.24202079, 0.081609845, 0.37624633, 0.5580466, 0.17606926, 0.733091, 0.17676008, 0.8678551, 0.81738454, 0.06984663, 0.86213857, 0.9306951] |
| 1 |   50 |   0.4 | 5000 |      f5 |     375 |481.0694 |   477.0 |    0,85 |-1,6e+09 |1592513041820 |[0.6331798, 0.19883376, 0.5994237, 0.5207679, 0.33255786, 0.80773443, 0.013295293, 0.9206884, 0.586745, 0.4494673, 0.8179601, 0.2571981, 0.65968144, 0.31641793, 0.6414572] |
| 1 |   55 |  0.34 | 5000 |      f5 |     375 |481.0694 |   477.0 |    0,85 |-1,6e+09 |1592513041820 |[0.6331798, 0.19883376, 0.5994237, 0.5207679, 0.33255786, 0.80773443, 0.013295293, 0.9206884, 0.586745, 0.4494673, 0.8179601, 0.2571981, 0.65968144, 0.31641793, 0.6414572] |
| 1 |   55 |  0.45 | 5000 |      f5 |     375 |481.0694 |   477.0 |    0,85 |-1,6e+09 |1592513041820 |[0.6331798, 0.19883376, 0.5994237, 0.5207679, 0.33255786, 0.80773443, 0.013295293, 0.9206884, 0.586745, 0.4494673, 0.8179601, 0.2571981, 0.65968144, 0.31641793, 0.6414572] |
| 1 |   55 |0.3272727 | 5000 |      f5 |     375 |481.0694 |   477.0 |    0,85 |-1,6e+09 |1592513041820 |[0.6331798, 0.19883376, 0.5994237, 0.5207679, 0.33255786, 0.80773443, 0.013295293, 0.9206884, 0.586745, 0.4494673, 0.8179601, 0.2571981, 0.65968144, 0.31641793, 0.6414572] |
| 1 |   55 |0.36363637 | 5000 |      f5 |     375 |481.0694 |   477.0 |    0,85 |-1,6e+09 |1592513041820 |[0.6331798, 0.19883376, 0.5994237, 0.5207679, 0.33255786, 0.80773443, 0.013295293, 0.9206884, 0.586745, 0.4494673, 0.8179601, 0.2571981, 0.65968144, 0.31641793, 0.6414572] |
| 1 |   60 |0.3272727 | 5000 |      f5 |     375 |481.0694 |   477.0 |    0,85 |-1,6e+09 |1592513041820 |[0.6331798, 0.19883376, 0.5994237, 0.5207679, 0.33255786, 0.80773443, 0.013295293, 0.9206884, 0.586745, 0.4494673, 0.8179601, 0.2571981, 0.65968144, 0.31641793, 0.6414572] |
| 1 |   60 |  0.45 | 5000 |      f5 |     375 |481.0694 |   477.0 |    0,85 |-1,6e+09 |1592513041820 |[0.6331798, 0.19883376, 0.5994237, 0.5207679, 0.33255786, 0.80773443, 0.013295293, 0.9206884, 0.586745, 0.4494673, 0.8179601, 0.2571981, 0.65968144, 0.31641793, 0.6414572] |
| 1 |   60 |0.41666666 | 5000 |      f5 |     375 |481.0694 |   477.0 |    0,85 |-1,6e+09 |1592513041820 |[0.6331798, 0.19883376, 0.5994237, 0.5207679, 0.33255786, 0.80773443, 0.013295293, 0.9206884, 0.586745, 0.4494673, 0.8179601, 0.2571981, 0.65968144, 0.31641793, 0.6414572] |
| 1 |   60 |0.33333334 | 5000 |      f5 |     375 |481.0694 |   477.0 |    0,85 |-1,6e+09 |1592513041820 |[0.6331798, 0.19883376, 0.5994237, 0.5207679, 0.33255786, 0.80773443, 0.013295293, 0.9206884, 0.586745, 0.4494673, 0.8179601, 0.2571981, 0.65968144, 0.31641793, 0.6414572] |
| 1 |   65 |0.38333333 | 5000 |      f5 |     375 |481.0694 |   477.0 |    0,85 |-1,6e+09 |1592513041820 |[0.6331798, 0.19883376, 0.5994237, 0.5207679, 0.33255786, 0.80773443, 0.013295293, 0.9206884, 0.586745, 0.4494673, 0.8179601, 0.2571981, 0.65968144, 0.31641793, 0.6414572] |
| 1 |   65 |  0.45 | 5000 |      f5 |     375 |481.0694 |   477.0 |    0,85 |-1,6e+09 |1592513041820 |[0.6331798, 0.19883376, 0.5994237, 0.5207679, 0.33255786, 0.80773443, 0.013295293, 0.9206884, 0.586745, 0.4494673, 0.8179601, 0.2571981, 0.65968144, 0.31641793, 0.6414572] |
| 1 |   65 |0.3846154 | 5000 |      f5 |     375 |481.0694 |   477.0 |    0,85 |-1,6e+09 |1592513041820 |[0.6331798, 0.19883376, 0.5994237, 0.5207679, 0.33255786, 0.80773443, 0.013295293, 0.9206884, 0.586745, 0.4494673, 0.8179601, 0.2571981, 0.65968144, 0.31641793, 0.6414572] |
| 1 |   65 |0.36923078 | 5000 |      f5 |     375 |481.0694 |   477.0 |    0,85 |-1,6e+09 |1592513041820 |[0.6331798, 0.19883376, 0.5994237, 0.5207679, 0.33255786, 0.80773443, 0.013295293, 0.9206884, 0.586745, 0.4494673, 0.8179601, 0.2571981, 0.65968144, 0.31641793, 0.6414572] |
| 1 |   70 |0.36923078 | 5000 |      f5 |     375 |481.0694 |   477.0 |    0,85 |-1,6e+09 |1592513041820 |[0.6331798, 0.19883376, 0.5994237, 0.5207679, 0.33255786, 0.80773443, 0.013295293, 0.9206884, 0.586745, 0.4494673, 0.8179601, 0.2571981, 0.65968144, 0.31641793, 0.6414572] |
| 1 |   70 |  0.45 | 5000 |      f5 |     375 |481.0694 |   477.0 |    0,85 |-1,6e+09 |1592513041820 |[0.6331798, 0.19883376, 0.5994237, 0.5207679, 0.33255786, 0.80773443, 0.013295293, 0.9206884, 0.586745, 0.4494673, 0.8179601, 0.2571981, 0.65968144, 0.31641793, 0.6414572] |
| 1 |   70 |0.34285715 | 5000 |      f5 |     375 |481.0694 |   477.0 |    0,85 |-1,6e+09 |1592513041820 |[0.6331798, 0.19883376, 0.5994237, 0.5207679, 0.33255786, 0.80773443, 0.013295293, 0.9206884, 0.586745, 0.4494673, 0.8179601, 0.2571981, 0.65968144, 0.31641793, 0.6414572] |
| 1 |   70 |0.2857143 | 5000 |      f5 |     375 |481.0694 |   477.0 |    0,85 |-1,6e+09 |1592513041820 |[0.6331798, 0.19883376, 0.5994237, 0.5207679, 0.33255786, 0.80773443, 0.013295293, 0.9206884, 0.586745, 0.4494673, 0.8179601, 0.2571981, 0.65968144, 0.31641793, 0.6414572] |
| 1 |   75 |0.25714287 | 5000 |      f5 |     375 |481.0694 |   477.0 |    0,85 |-1,6e+09 |1592513041820 |[0.6331798, 0.19883376, 0.5994237, 0.5207679, 0.33255786, 0.80773443, 0.013295293, 0.9206884, 0.586745, 0.4494673, 0.8179601, 0.2571981, 0.65968144, 0.31641793, 0.6414572] |
| 1 |   75 |  0.45 | 5000 |      f5 |     375 |481.0694 |   477.0 |    0,85 |-1,6e+09 |1592513041820 |[0.6331798, 0.19883376, 0.5994237, 0.5207679, 0.33255786, 0.80773443, 0.013295293, 0.9206884, 0.586745, 0.4494673, 0.8179601, 0.2571981, 0.65968144, 0.31641793, 0.6414572] |
| 1 |   75 |  0.45 | 5000 |      f5 |     375 |481.0694 |   477.0 |    0,85 |  6,3 |1592513041820 |[0.6331798, 0.19883376, 0.5994237, 0.5207679, 0.33255786, 0.80773443, 0.013295293, 0.9206884, 0.586745, 0.4494673, 0.8179601, 0.2571981, 0.65968144, 0.31641793, 0.6414572] |
| 2 |   50 |  0.25 | 5000 |      f5 |     375 |481.0694 |   477.0 |    0,85 |-0,0020 |1592513048149 |[0.524148, 0.93606997, 0.06630784, 0.67185444, 0.92709607, 0.4979331, 0.35674387, 0.1041702, 0.6861732, 0.63982886, 0.30313694, 0.20746207, 0.7271711, 0.8496293, 0.41556925] |
| 2 |   50 |   0.3 | 5000 |      f5 |     375 |481.0694 |   477.0 |    0,85 |-0,0020 |1592513048149 |[0.524148, 0.93606997, 0.06630784, 0.67185444, 0.92709607, 0.4979331, 0.35674387, 0.1041702, 0.6861732, 0.63982886, 0.30313694, 0.20746207, 0.7271711, 0.8496293, 0.41556925] |
| 2 |   50 |   0.3 | 5000 |      f5 |     375 |481.0694 |   477.0 |    0,85 |-0,0020 |1592513048149 |[0.524148, 0.93606997, 0.06630784, 0.67185444, 0.92709607, 0.4979331, 0.35674387, 0.1041702, 0.6861732, 0.63982886, 0.30313694, 0.20746207, 0.7271711, 0.8496293, 0.41556925] |
| 2 |   55 |   0.3 | 5000 |      f5 |     375 |481.0694 |   477.0 |    0,85 |-0,0020 |1592513048149 |[0.524148, 0.93606997, 0.06630784, 0.67185444, 0.92709607, 0.4979331, 0.35674387, 0.1041702, 0.6861732, 0.63982886, 0.30313694, 0.20746207, 0.7271711, 0.8496293, 0.41556925] |
| 2 |   55 |  0.45 | 5000 |      f5 |     375 |481.0694 |   477.0 |    0,85 |-0,0020 |1592513048149 |[0.524148, 0.93606997, 0.06630784, 0.67185444, 0.92709607, 0.4979331, 0.35674387, 0.1041702, 0.6861732, 0.63982886, 0.30313694, 0.20746207, 0.7271711, 0.8496293, 0.41556925] |
| 2 |   55 |0.38181818 | 5000 |      f5 |     375 |481.0694 |   477.0 |    0,85 |-0,0020 |1592513048149 |[0.524148, 0.93606997, 0.06630784, 0.67185444, 0.92709607, 0.4979331, 0.35674387, 0.1041702, 0.6861732, 0.63982886, 0.30313694, 0.20746207, 0.7271711, 0.8496293, 0.41556925] |
| 2 |   55 |0.4181818 | 5000 |      f5 |     375 |481.0694 |   477.0 |    0,85 |-0,0020 |1592513048149 |[0.524148, 0.93606997, 0.06630784, 0.67185444, 0.92709607, 0.4979331, 0.35674387, 0.1041702, 0.6861732, 0.63982886, 0.30313694, 0.20746207, 0.7271711, 0.8496293, 0.41556925] |
| 2 |   60 |0.4181818 | 5000 |      f5 |     375 |481.0694 |   477.0 |    0,85 |-0,0020 |1592513048149 |[0.524148, 0.93606997, 0.06630784, 0.67185444, 0.92709607, 0.4979331, 0.35674387, 0.1041702, 0.6861732, 0.63982886, 0.30313694, 0.20746207, 0.7271711, 0.8496293, 0.41556925] |
| 2 |   60 |  0.45 | 5000 |      f5 |     375 |481.0694 |   477.0 |    0,85 |-0,0020 |1592513048149 |[0.524148, 0.93606997, 0.06630784, 0.67185444, 0.92709607, 0.4979331, 0.35674387, 0.1041702, 0.6861732, 0.63982886, 0.30313694, 0.20746207, 0.7271711, 0.8496293, 0.41556925] |
| 2 |   60 |0.41666666 | 5000 |      f5 |     375 |481.0694 |   477.0 |    0,85 |-0,0020 |1592513048149 |[0.524148, 0.93606997, 0.06630784, 0.67185444, 0.92709607, 0.4979331, 0.35674387, 0.1041702, 0.6861732, 0.63982886, 0.30313694, 0.20746207, 0.7271711, 0.8496293, 0.41556925] |
| 2 |   60 |0.41666666 | 5000 |      f5 |     375 |481.0694 |   477.0 |    0,85 |-0,0020 |1592513048149 |[0.524148, 0.93606997, 0.06630784, 0.67185444, 0.92709607, 0.4979331, 0.35674387, 0.1041702, 0.6861732, 0.63982886, 0.30313694, 0.20746207, 0.7271711, 0.8496293, 0.41556925] |
| 2 |   65 |  0.25 | 5000 |      f5 |     375 |481.0694 |   477.0 |    0,85 |-0,0020 |1592513048149 |[0.524148, 0.93606997, 0.06630784, 0.67185444, 0.92709607, 0.4979331, 0.35674387, 0.1041702, 0.6861732, 0.63982886, 0.30313694, 0.20746207, 0.7271711, 0.8496293, 0.41556925] |
| 2 |   65 |  0.45 | 5000 |      f5 |     375 |481.0694 |   477.0 |    0,85 |-0,0020 |1592513048149 |[0.524148, 0.93606997, 0.06630784, 0.67185444, 0.92709607, 0.4979331, 0.35674387, 0.1041702, 0.6861732, 0.63982886, 0.30313694, 0.20746207, 0.7271711, 0.8496293, 0.41556925] |
| 2 |   65 |0.24615385 | 5000 |      f5 |     375 |481.0694 |   477.0 |    0,85 |-0,0020 |1592513048149 |[0.524148, 0.93606997, 0.06630784, 0.67185444, 0.92709607, 0.4979331, 0.35674387, 0.1041702, 0.6861732, 0.63982886, 0.30313694, 0.20746207, 0.7271711, 0.8496293, 0.41556925] |
| 2 |   65 |0.2923077 | 5000 |      f5 |     375 |481.0694 |   477.0 |    0,85 |-0,0020 |1592513048149 |[0.524148, 0.93606997, 0.06630784, 0.67185444, 0.92709607, 0.4979331, 0.35674387, 0.1041702, 0.6861732, 0.63982886, 0.30313694, 0.20746207, 0.7271711, 0.8496293, 0.41556925] |
| 2 |   70 |0.2923077 | 5000 |      f5 |     375 |481.0694 |   477.0 |    0,85 |-0,0020 |1592513048149 |[0.524148, 0.93606997, 0.06630784, 0.67185444, 0.92709607, 0.4979331, 0.35674387, 0.1041702, 0.6861732, 0.63982886, 0.30313694, 0.20746207, 0.7271711, 0.8496293, 0.41556925] |
| 2 |   70 |  0.45 | 5000 |      f5 |     375 |481.0694 |   477.0 |    0,85 |-0,0020 |1592513048149 |[0.524148, 0.93606997, 0.06630784, 0.67185444, 0.92709607, 0.4979331, 0.35674387, 0.1041702, 0.6861732, 0.63982886, 0.30313694, 0.20746207, 0.7271711, 0.8496293, 0.41556925] |
| 2 |   70 |0.34285715 | 5000 |      f5 |     375 |481.0694 |   477.0 |    0,85 |-0,0020 |1592513048149 |[0.524148, 0.93606997, 0.06630784, 0.67185444, 0.92709607, 0.4979331, 0.35674387, 0.1041702, 0.6861732, 0.63982886, 0.30313694, 0.20746207, 0.7271711, 0.8496293, 0.41556925] |
| 2 |   70 |0.41428572 | 5000 |      f5 |     375 |481.0694 |   477.0 |    0,85 |-0,0020 |1592513048149 |[0.524148, 0.93606997, 0.06630784, 0.67185444, 0.92709607, 0.4979331, 0.35674387, 0.1041702, 0.6861732, 0.63982886, 0.30313694, 0.20746207, 0.7271711, 0.8496293, 0.41556925] |
| 2 |   75 |0.3857143 | 5000 |      f5 |     375 |481.0694 |   477.0 |    0,85 |-0,0020 |1592513048149 |[0.524148, 0.93606997, 0.06630784, 0.67185444, 0.92709607, 0.4979331, 0.35674387, 0.1041702, 0.6861732, 0.63982886, 0.30313694, 0.20746207, 0.7271711, 0.8496293, 0.41556925] |
| 2 |   75 |  0.45 | 5000 |      f5 |     375 |481.0694 |   477.0 |    0,85 |-0,0020 |1592513048149 |[0.524148, 0.93606997, 0.06630784, 0.67185444, 0.92709607, 0.4979331, 0.35674387, 0.1041702, 0.6861732, 0.63982886, 0.30313694, 0.20746207, 0.7271711, 0.8496293, 0.41556925] |
| 2 |   75 |  0.45 | 5000 |      f5 |     375 |481.0694 |   477.0 |    0,85 |  6,3 |1592513048149 |[0.524148, 0.93606997, 0.06630784, 0.67185444, 0.92709607, 0.4979331, 0.35674387, 0.1041702, 0.6861732, 0.63982886, 0.30313694, 0.20746207, 0.7271711, 0.8496293, 0.41556925] |
| 3 |   50 |  0.25 | 5000 |      f5 |     375 |481.0694 |   477.0 |    0,85 |-0,0060 |1592513054429 |[0.15109396, 0.43090636, 0.7092555, 0.8434558, 0.6538922, 0.35451627, 0.008084178, 0.66739506, 0.43911678, 0.3856172, 0.54198295, 0.5432509, 0.5165574, 0.8638617, 0.6443336] |
| 3 |   50 |  0.34 | 5000 |      f5 |     375 |481.0694 |   477.0 |    0,85 |-0,0060 |1592513054429 |[0.15109396, 0.43090636, 0.7092555, 0.8434558, 0.6538922, 0.35451627, 0.008084178, 0.66739506, 0.43911678, 0.3856172, 0.54198295, 0.5432509, 0.5165574, 0.8638617, 0.6443336] |
| 3 |   50 |   0.4 | 5000 |      f5 |     375 |481.0694 |   477.0 |    0,85 |-0,0060 |1592513054429 |[0.15109396, 0.43090636, 0.7092555, 0.8434558, 0.6538922, 0.35451627, 0.008084178, 0.66739506, 0.43911678, 0.3856172, 0.54198295, 0.5432509, 0.5165574, 0.8638617, 0.6443336] |
| 3 |   55 |  0.36 | 5000 |      f5 |     375 |481.0694 |   477.0 |    0,85 |-0,0060 |1592513054429 |[0.15109396, 0.43090636, 0.7092555, 0.8434558, 0.6538922, 0.35451627, 0.008084178, 0.66739506, 0.43911678, 0.3856172, 0.54198295, 0.5432509, 0.5165574, 0.8638617, 0.6443336] |
| 3 |   55 |  0.45 | 5000 |      f5 |     375 |481.0694 |   477.0 |    0,85 |-0,0060 |1592513054429 |[0.15109396, 0.43090636, 0.7092555, 0.8434558, 0.6538922, 0.35451627, 0.008084178, 0.66739506, 0.43911678, 0.3856172, 0.54198295, 0.5432509, 0.5165574, 0.8638617, 0.6443336] |
| 3 |   55 |  0.45 | 5000 |      f5 |     375 |481.0694 |   477.0 |    0,85 |-0,0060 |1592513054429 |[0.15109396, 0.43090636, 0.7092555, 0.8434558, 0.6538922, 0.35451627, 0.008084178, 0.66739506, 0.43911678, 0.3856172, 0.54198295, 0.5432509, 0.5165574, 0.8638617, 0.6443336] |
| 3 |   55 |0.3272727 | 5000 |      f5 |     375 |481.0694 |   477.0 |    0,85 |-0,0060 |1592513054429 |[0.15109396, 0.43090636, 0.7092555, 0.8434558, 0.6538922, 0.35451627, 0.008084178, 0.66739506, 0.43911678, 0.3856172, 0.54198295, 0.5432509, 0.5165574, 0.8638617, 0.6443336] |
| 3 |   60 |0.27272728 | 5000 |      f5 |     375 |481.0694 |   477.0 |    0,85 |-0,0060 |1592513054429 |[0.15109396, 0.43090636, 0.7092555, 0.8434558, 0.6538922, 0.35451627, 0.008084178, 0.66739506, 0.43911678, 0.3856172, 0.54198295, 0.5432509, 0.5165574, 0.8638617, 0.6443336] |
| 3 |   60 |  0.45 | 5000 |      f5 |     375 |481.0694 |   477.0 |    0,85 |-0,0060 |1592513054429 |[0.15109396, 0.43090636, 0.7092555, 0.8434558, 0.6538922, 0.35451627, 0.008084178, 0.66739506, 0.43911678, 0.3856172, 0.54198295, 0.5432509, 0.5165574, 0.8638617, 0.6443336] |
| 3 |   60 |0.28333333 | 5000 |      f5 |     375 |481.0694 |   477.0 |    0,85 |-0,0060 |1592513054429 |[0.15109396, 0.43090636, 0.7092555, 0.8434558, 0.6538922, 0.35451627, 0.008084178, 0.66739506, 0.43911678, 0.3856172, 0.54198295, 0.5432509, 0.5165574, 0.8638617, 0.6443336] |
| 3 |   60 |   0.4 | 5000 |      f5 |     375 |481.0694 |   477.0 |    0,85 |-0,0060 |1592513054429 |[0.15109396, 0.43090636, 0.7092555, 0.8434558, 0.6538922, 0.35451627, 0.008084178, 0.66739506, 0.43911678, 0.3856172, 0.54198295, 0.5432509, 0.5165574, 0.8638617, 0.6443336] |
| 3 |   65 |0.36666667 | 5000 |      f5 |     375 |481.0694 |   477.0 |    0,85 |-0,0060 |1592513054429 |[0.15109396, 0.43090636, 0.7092555, 0.8434558, 0.6538922, 0.35451627, 0.008084178, 0.66739506, 0.43911678, 0.3856172, 0.54198295, 0.5432509, 0.5165574, 0.8638617, 0.6443336] |
| 3 |   65 |  0.45 | 5000 |      f5 |     375 |481.0694 |   477.0 |    0,85 |-0,0060 |1592513054429 |[0.15109396, 0.43090636, 0.7092555, 0.8434558, 0.6538922, 0.35451627, 0.008084178, 0.66739506, 0.43911678, 0.3856172, 0.54198295, 0.5432509, 0.5165574, 0.8638617, 0.6443336] |
| 3 |   65 |0.43076923 | 5000 |      f5 |     375 |481.0694 |   477.0 |    0,85 |-0,0060 |1592513054429 |[0.15109396, 0.43090636, 0.7092555, 0.8434558, 0.6538922, 0.35451627, 0.008084178, 0.66739506, 0.43911678, 0.3856172, 0.54198295, 0.5432509, 0.5165574, 0.8638617, 0.6443336] |
| 3 |   65 |0.3846154 | 5000 |      f5 |     375 |481.0694 |   477.0 |    0,85 |-0,0060 |1592513054429 |[0.15109396, 0.43090636, 0.7092555, 0.8434558, 0.6538922, 0.35451627, 0.008084178, 0.66739506, 0.43911678, 0.3856172, 0.54198295, 0.5432509, 0.5165574, 0.8638617, 0.6443336] |
| 3 |   70 |0.32307693 | 5000 |      f5 |     375 |481.0694 |   477.0 |    0,85 |-0,0060 |1592513054429 |[0.15109396, 0.43090636, 0.7092555, 0.8434558, 0.6538922, 0.35451627, 0.008084178, 0.66739506, 0.43911678, 0.3856172, 0.54198295, 0.5432509, 0.5165574, 0.8638617, 0.6443336] |
| 3 |   70 |  0.45 | 5000 |      f5 |     375 |481.0694 |   477.0 |    0,85 |-0,0060 |1592513054429 |[0.15109396, 0.43090636, 0.7092555, 0.8434558, 0.6538922, 0.35451627, 0.008084178, 0.66739506, 0.43911678, 0.3856172, 0.54198295, 0.5432509, 0.5165574, 0.8638617, 0.6443336] |
| 3 |   70 |  0.45 | 5000 |      f5 |     375 |481.0694 |   477.0 |    0,85 |-0,0060 |1592513054429 |[0.15109396, 0.43090636, 0.7092555, 0.8434558, 0.6538922, 0.35451627, 0.008084178, 0.66739506, 0.43911678, 0.3856172, 0.54198295, 0.5432509, 0.5165574, 0.8638617, 0.6443336] |
| 3 |   70 |0.37142858 | 5000 |      f5 |     375 |481.0694 |   477.0 |    0,85 |-0,0060 |1592513054429 |[0.15109396, 0.43090636, 0.7092555, 0.8434558, 0.6538922, 0.35451627, 0.008084178, 0.66739506, 0.43911678, 0.3856172, 0.54198295, 0.5432509, 0.5165574, 0.8638617, 0.6443336] |
| 3 |   75 |0.32857144 | 5000 |      f5 |     375 |481.0694 |   477.0 |    0,85 |-0,0060 |1592513054429 |[0.15109396, 0.43090636, 0.7092555, 0.8434558, 0.6538922, 0.35451627, 0.008084178, 0.66739506, 0.43911678, 0.3856172, 0.54198295, 0.5432509, 0.5165574, 0.8638617, 0.6443336] |
| 3 |   75 |  0.45 | 5000 |      f5 |     375 |481.0694 |   477.0 |    0,85 |-0,0060 |1592513054429 |[0.15109396, 0.43090636, 0.7092555, 0.8434558, 0.6538922, 0.35451627, 0.008084178, 0.66739506, 0.43911678, 0.3856172, 0.54198295, 0.5432509, 0.5165574, 0.8638617, 0.6443336] |
| 3 |   75 |  0.45 | 5000 |      f5 |     375 |481.0694 |   477.0 |    0,85 |  6,3 |1592513054429 |[0.15109396, 0.43090636, 0.7092555, 0.8434558, 0.6538922, 0.35451627, 0.008084178, 0.66739506, 0.43911678, 0.3856172, 0.54198295, 0.5432509, 0.5165574, 0.8638617, 0.6443336] |
| 4 |   50 |  0.25 | 5000 |      f5 |     375 |481.0694 |   477.0 |    0,85 |-0,0060 |1592513060712 |[0.550753, 0.6301558, 0.2979902, 0.97385216, 0.3263117, 0.5380846, 0.89038026, 0.80506593, 0.96872187, 0.43656766, 0.45683682, 0.1894908, 0.70206094, 0.61002785, 0.7192072] |
| 4 |   50 |  0.28 | 5000 |      f5 |     375 |481.0694 |   477.0 |    0,85 |-0,0060 |1592513060712 |[0.550753, 0.6301558, 0.2979902, 0.97385216, 0.3263117, 0.5380846, 0.89038026, 0.80506593, 0.96872187, 0.43656766, 0.45683682, 0.1894908, 0.70206094, 0.61002785, 0.7192072] |
| 4 |   50 |  0.38 | 5000 |      f5 |     375 |481.0694 |   477.0 |    0,85 |-0,0060 |1592513060712 |[0.550753, 0.6301558, 0.2979902, 0.97385216, 0.3263117, 0.5380846, 0.89038026, 0.80506593, 0.96872187, 0.43656766, 0.45683682, 0.1894908, 0.70206094, 0.61002785, 0.7192072] |
| 4 |   55 |  0.34 | 5000 |      f5 |     375 |481.0694 |   477.0 |    0,85 |-0,0060 |1592513060712 |[0.550753, 0.6301558, 0.2979902, 0.97385216, 0.3263117, 0.5380846, 0.89038026, 0.80506593, 0.96872187, 0.43656766, 0.45683682, 0.1894908, 0.70206094, 0.61002785, 0.7192072] |
| 4 |   55 |  0.45 | 5000 |      f5 |     375 |481.0694 |   477.0 |    0,85 |-0,0060 |1592513060712 |[0.550753, 0.6301558, 0.2979902, 0.97385216, 0.3263117, 0.5380846, 0.89038026, 0.80506593, 0.96872187, 0.43656766, 0.45683682, 0.1894908, 0.70206094, 0.61002785, 0.7192072] |
| 4 |   55 |0.34545454 | 5000 |      f5 |     375 |481.0694 |   477.0 |    0,85 |-0,0060 |1592513060712 |[0.550753, 0.6301558, 0.2979902, 0.97385216, 0.3263117, 0.5380846, 0.89038026, 0.80506593, 0.96872187, 0.43656766, 0.45683682, 0.1894908, 0.70206094, 0.61002785, 0.7192072] |
| 4 |   55 |0.3090909 | 5000 |      f5 |     375 |481.0694 |   477.0 |    0,85 |-0,0060 |1592513060712 |[0.550753, 0.6301558, 0.2979902, 0.97385216, 0.3263117, 0.5380846, 0.89038026, 0.80506593, 0.96872187, 0.43656766, 0.45683682, 0.1894908, 0.70206094, 0.61002785, 0.7192072] |
| 4 |   60 |0.27272728 | 5000 |      f5 |     375 |481.0694 |   477.0 |    0,85 |-0,0060 |1592513060712 |[0.550753, 0.6301558, 0.2979902, 0.97385216, 0.3263117, 0.5380846, 0.89038026, 0.80506593, 0.96872187, 0.43656766, 0.45683682, 0.1894908, 0.70206094, 0.61002785, 0.7192072] |
| 4 |   60 |  0.45 | 5000 |      f5 |     375 |481.0694 |   477.0 |    0,85 |-0,0060 |1592513060712 |[0.550753, 0.6301558, 0.2979902, 0.97385216, 0.3263117, 0.5380846, 0.89038026, 0.80506593, 0.96872187, 0.43656766, 0.45683682, 0.1894908, 0.70206094, 0.61002785, 0.7192072] |
| 4 |   60 |0.28333333 | 5000 |      f5 |     375 |481.0694 |   477.0 |    0,85 |-0,0060 |1592513060712 |[0.550753, 0.6301558, 0.2979902, 0.97385216, 0.3263117, 0.5380846, 0.89038026, 0.80506593, 0.96872187, 0.43656766, 0.45683682, 0.1894908, 0.70206094, 0.61002785, 0.7192072] |
| 4 |   60 |0.23333333 | 5000 |      f5 |     375 |481.0694 |   477.0 |    0,85 |-0,0060 |1592513060712 |[0.550753, 0.6301558, 0.2979902, 0.97385216, 0.3263117, 0.5380846, 0.89038026, 0.80506593, 0.96872187, 0.43656766, 0.45683682, 0.1894908, 0.70206094, 0.61002785, 0.7192072] |
| 4 |   65 |0.31666666 | 5000 |      f5 |     375 |481.0694 |   477.0 |    0,85 |-0,0060 |1592513060712 |[0.550753, 0.6301558, 0.2979902, 0.97385216, 0.3263117, 0.5380846, 0.89038026, 0.80506593, 0.96872187, 0.43656766, 0.45683682, 0.1894908, 0.70206094, 0.61002785, 0.7192072] |
| 4 |   65 |  0.45 | 5000 |      f5 |     375 |481.0694 |   477.0 |    0,85 |-0,0060 |1592513060712 |[0.550753, 0.6301558, 0.2979902, 0.97385216, 0.3263117, 0.5380846, 0.89038026, 0.80506593, 0.96872187, 0.43656766, 0.45683682, 0.1894908, 0.70206094, 0.61002785, 0.7192072] |
| 4 |   65 |   0.4 | 5000 |      f5 |     375 |481.0694 |   477.0 |    0,85 |-0,0060 |1592513060712 |[0.550753, 0.6301558, 0.2979902, 0.97385216, 0.3263117, 0.5380846, 0.89038026, 0.80506593, 0.96872187, 0.43656766, 0.45683682, 0.1894908, 0.70206094, 0.61002785, 0.7192072] |
| 4 |   65 |0.30769232 | 5000 |      f5 |     375 |481.0694 |   477.0 |    0,85 |-0,0060 |1592513060712 |[0.550753, 0.6301558, 0.2979902, 0.97385216, 0.3263117, 0.5380846, 0.89038026, 0.80506593, 0.96872187, 0.43656766, 0.45683682, 0.1894908, 0.70206094, 0.61002785, 0.7192072] |
| 4 |   70 |0.33846155 | 5000 |      f5 |     375 |481.0694 |   477.0 |    0,85 |-0,0060 |1592513060712 |[0.550753, 0.6301558, 0.2979902, 0.97385216, 0.3263117, 0.5380846, 0.89038026, 0.80506593, 0.96872187, 0.43656766, 0.45683682, 0.1894908, 0.70206094, 0.61002785, 0.7192072] |
| 4 |   70 |  0.45 | 5000 |      f5 |     375 |481.0694 |   477.0 |    0,85 |-0,0060 |1592513060712 |[0.550753, 0.6301558, 0.2979902, 0.97385216, 0.3263117, 0.5380846, 0.89038026, 0.80506593, 0.96872187, 0.43656766, 0.45683682, 0.1894908, 0.70206094, 0.61002785, 0.7192072] |
| 4 |   70 |0.42857143 | 5000 |      f5 |     375 |481.0694 |   477.0 |    0,85 |-0,0060 |1592513060712 |[0.550753, 0.6301558, 0.2979902, 0.97385216, 0.3263117, 0.5380846, 0.89038026, 0.80506593, 0.96872187, 0.43656766, 0.45683682, 0.1894908, 0.70206094, 0.61002785, 0.7192072] |
| 4 |   70 |0.35714287 | 5000 |      f5 |     375 |481.0694 |   477.0 |    0,85 |-0,0060 |1592513060712 |[0.550753, 0.6301558, 0.2979902, 0.97385216, 0.3263117, 0.5380846, 0.89038026, 0.80506593, 0.96872187, 0.43656766, 0.45683682, 0.1894908, 0.70206094, 0.61002785, 0.7192072] |
| 4 |   75 |   0.4 | 5000 |      f5 |     375 |481.0694 |   477.0 |    0,85 |-0,0060 |1592513060712 |[0.550753, 0.6301558, 0.2979902, 0.97385216, 0.3263117, 0.5380846, 0.89038026, 0.80506593, 0.96872187, 0.43656766, 0.45683682, 0.1894908, 0.70206094, 0.61002785, 0.7192072] |
| 4 |   75 |  0.45 | 5000 |      f5 |     375 |481.0694 |   477.0 |    0,85 |-0,0060 |1592513060712 |[0.550753, 0.6301558, 0.2979902, 0.97385216, 0.3263117, 0.5380846, 0.89038026, 0.80506593, 0.96872187, 0.43656766, 0.45683682, 0.1894908, 0.70206094, 0.61002785, 0.7192072] |
| 4 |   75 |  0.45 | 5000 |      f5 |     375 |481.0694 |   477.0 |    0,85 |  6,3 |1592513060712 |[0.550753, 0.6301558, 0.2979902, 0.97385216, 0.3263117, 0.5380846, 0.89038026, 0.80506593, 0.96872187, 0.43656766, 0.45683682, 0.1894908, 0.70206094, 0.61002785, 0.7192072] |
| 5 |   50 |  0.25 | 5000 |      f5 |     375 |481.0694 |   477.0 |    0,85 |-0,0060 |1592513066994 |[0.5159008, 0.62854123, 0.824606, 0.20497054, 0.085113645, 0.21274954, 0.12712914, 0.12499833, 0.9534964, 0.77969384, 0.7326696, 0.07098687, 0.83826387, 0.77875286, 0.75255626] |
| 5 |   50 |  0.24 | 5000 |      f5 |     375 |481.0694 |   477.0 |    0,85 |-0,0060 |1592513066994 |[0.5159008, 0.62854123, 0.824606, 0.20497054, 0.085113645, 0.21274954, 0.12712914, 0.12499833, 0.9534964, 0.77969384, 0.7326696, 0.07098687, 0.83826387, 0.77875286, 0.75255626] |
| 5 |   50 |  0.38 | 5000 |      f5 |     375 |481.0694 |   477.0 |    0,85 |-0,0060 |1592513066994 |[0.5722275, 0.16978717, 0.50578165, 0.9819207, 0.9887366, 0.70590883, 0.94629586, 0.84043294, 0.79772335, 0.9275485, 0.6712081, 0.90227425, 0.21517742, 0.84508616, 0.9966766] |
| 5 |   55 |  0.32 | 5000 |      f5 |     375 |481.0694 |   477.0 |    0,85 |-0,0060 |1592513066994 |[0.5722275, 0.16978717, 0.50578165, 0.9819207, 0.9887366, 0.70590883, 0.94629586, 0.84043294, 0.79772335, 0.9275485, 0.6712081, 0.90227425, 0.21517742, 0.84508616, 0.9966766] |
| 5 |   55 |  0.45 | 5000 |      f5 |     375 |481.0694 |   477.0 |    0,85 |-0,0060 |1592513066994 |[0.5722275, 0.16978717, 0.50578165, 0.9819207, 0.9887366, 0.70590883, 0.94629586, 0.84043294, 0.79772335, 0.9275485, 0.6712081, 0.90227425, 0.21517742, 0.84508616, 0.9966766] |
| 5 |   55 |0.36363637 | 5000 |      f5 |     375 |481.0694 |   477.0 |    0,85 |-0,0060 |1592513066994 |[0.5722275, 0.16978717, 0.50578165, 0.9819207, 0.9887366, 0.70590883, 0.94629586, 0.84043294, 0.79772335, 0.9275485, 0.6712081, 0.90227425, 0.21517742, 0.84508616, 0.9966766] |
| 5 |   55 |   0.4 | 5000 |      f5 |     375 |481.0694 |   477.0 |    0,85 |-0,0060 |1592513066994 |[0.5722275, 0.16978717, 0.50578165, 0.9819207, 0.9887366, 0.70590883, 0.94629586, 0.84043294, 0.79772335, 0.9275485, 0.6712081, 0.90227425, 0.21517742, 0.84508616, 0.9966766] |
| 5 |   60 |   0.4 | 5000 |      f5 |     375 |481.0694 |   477.0 |    0,85 |-0,0060 |1592513066994 |[0.5722275, 0.16978717, 0.50578165, 0.9819207, 0.9887366, 0.70590883, 0.94629586, 0.84043294, 0.79772335, 0.9275485, 0.6712081, 0.90227425, 0.21517742, 0.84508616, 0.9966766] |
| 5 |   60 |  0.45 | 5000 |      f5 |     375 |481.0694 |   477.0 |    0,85 |-0,0060 |1592513066994 |[0.5722275, 0.16978717, 0.50578165, 0.9819207, 0.9887366, 0.70590883, 0.94629586, 0.84043294, 0.79772335, 0.9275485, 0.6712081, 0.90227425, 0.21517742, 0.84508616, 0.9966766] |
| 5 |   60 |   0.4 | 5000 |      f5 |     375 |481.0694 |   477.0 |    0,85 |-0,0060 |1592513066994 |[0.5722275, 0.16978717, 0.50578165, 0.9819207, 0.9887366, 0.70590883, 0.94629586, 0.84043294, 0.79772335, 0.9275485, 0.6712081, 0.90227425, 0.21517742, 0.84508616, 0.9966766] |
| 5 |   60 |0.31666666 | 5000 |      f5 |     375 |481.0694 |   477.0 |    0,85 |-0,0060 |1592513066994 |[0.5722275, 0.16978717, 0.50578165, 0.9819207, 0.9887366, 0.70590883, 0.94629586, 0.84043294, 0.79772335, 0.9275485, 0.6712081, 0.90227425, 0.21517742, 0.84508616, 0.9966766] |
| 5 |   65 |  0.35 | 5000 |      f5 |     375 |481.0694 |   477.0 |    0,85 |-0,0060 |1592513066994 |[0.5722275, 0.16978717, 0.50578165, 0.9819207, 0.9887366, 0.70590883, 0.94629586, 0.84043294, 0.79772335, 0.9275485, 0.6712081, 0.90227425, 0.21517742, 0.84508616, 0.9966766] |
| 5 |   65 |  0.45 | 5000 |      f5 |     375 |481.0694 |   477.0 |    0,85 |-0,0060 |1592513066994 |[0.5722275, 0.16978717, 0.50578165, 0.9819207, 0.9887366, 0.70590883, 0.94629586, 0.84043294, 0.79772335, 0.9275485, 0.6712081, 0.90227425, 0.21517742, 0.84508616, 0.9966766] |
| 5 |   65 |0.36923078 | 5000 |      f5 |     375 |481.0694 |   477.0 |    0,85 |-0,0060 |1592513066994 |[0.5722275, 0.16978717, 0.50578165, 0.9819207, 0.9887366, 0.70590883, 0.94629586, 0.84043294, 0.79772335, 0.9275485, 0.6712081, 0.90227425, 0.21517742, 0.84508616, 0.9966766] |
| 5 |   65 |0.36923078 | 5000 |      f5 |     375 |481.0694 |   477.0 |    0,85 |-0,0060 |1592513066994 |[0.5722275, 0.16978717, 0.50578165, 0.9819207, 0.9887366, 0.70590883, 0.94629586, 0.84043294, 0.79772335, 0.9275485, 0.6712081, 0.90227425, 0.21517742, 0.84508616, 0.9966766] |
| 5 |   70 |0.36923078 | 5000 |      f5 |     375 |481.0694 |   477.0 |    0,85 |-0,0060 |1592513066994 |[0.5722275, 0.16978717, 0.50578165, 0.9819207, 0.9887366, 0.70590883, 0.94629586, 0.84043294, 0.79772335, 0.9275485, 0.6712081, 0.90227425, 0.21517742, 0.84508616, 0.9966766] |
| 5 |   70 |  0.45 | 5000 |      f5 |     375 |481.0694 |   477.0 |    0,85 |-0,0060 |1592513066994 |[0.5722275, 0.16978717, 0.50578165, 0.9819207, 0.9887366, 0.70590883, 0.94629586, 0.84043294, 0.79772335, 0.9275485, 0.6712081, 0.90227425, 0.21517742, 0.84508616, 0.9966766] |
| 5 |   70 |0.41428572 | 5000 |      f5 |     375 |481.0694 |   477.0 |    0,85 |-0,0060 |1592513066994 |[0.5722275, 0.16978717, 0.50578165, 0.9819207, 0.9887366, 0.70590883, 0.94629586, 0.84043294, 0.79772335, 0.9275485, 0.6712081, 0.90227425, 0.21517742, 0.84508616, 0.9966766] |
| 5 |   70 |0.34285715 | 5000 |      f5 |     375 |481.0694 |   477.0 |    0,85 |-0,0060 |1592513066994 |[0.5722275, 0.16978717, 0.50578165, 0.9819207, 0.9887366, 0.70590883, 0.94629586, 0.84043294, 0.79772335, 0.9275485, 0.6712081, 0.90227425, 0.21517742, 0.84508616, 0.9966766] |
| 5 |   75 |0.42857143 | 5000 |      f5 |     375 |481.0694 |   477.0 |    0,85 |-0,0060 |1592513066994 |[0.5722275, 0.16978717, 0.50578165, 0.9819207, 0.9887366, 0.70590883, 0.94629586, 0.84043294, 0.79772335, 0.9275485, 0.6712081, 0.90227425, 0.21517742, 0.84508616, 0.9966766] |
| 5 |   75 |  0.45 | 5000 |      f5 |     375 |481.0694 |   477.0 |    0,85 |-0,0060 |1592513066994 |[0.5722275, 0.16978717, 0.50578165, 0.9819207, 0.9887366, 0.70590883, 0.94629586, 0.84043294, 0.79772335, 0.9275485, 0.6712081, 0.90227425, 0.21517742, 0.84508616, 0.9966766] |
| 5 |   75 |  0.45 | 5000 |      f5 |     375 |481.0694 |   477.0 |    0,85 |  6,3 |1592513066994 |[0.5722275, 0.16978717, 0.50578165, 0.9819207, 0.9887366, 0.70590883, 0.94629586, 0.84043294, 0.79772335, 0.9275485, 0.6712081, 0.90227425, 0.21517742, 0.84508616, 0.9966766] |
| 6 |   50 |  0.25 | 5000 |      f5 |     375 |481.0694 |   477.0 |    0,85 |-0,0060 |1592513073275 |[0.30077726, 0.48439765, 0.9182261, 0.42018223, 0.8993309, 0.26580858, 0.4122703, 0.84526217, 0.44273305, 0.6354436, 0.38804907, 0.61171263, 0.1842829, 0.29487562, 0.046515763] |
| 6 |   50 |  0.18 | 5000 |      f5 |     375 |481.0694 |   477.0 |    0,85 |-0,0060 |1592513073275 |[0.30077726, 0.48439765, 0.9182261, 0.42018223, 0.8993309, 0.26580858, 0.4122703, 0.84526217, 0.44273305, 0.6354436, 0.38804907, 0.61171263, 0.1842829, 0.29487562, 0.046515763] |
| 6 |   50 |  0.22 | 5000 |      f5 |     375 |481.0694 |   477.0 |    0,85 |-0,0060 |1592513073275 |[0.30077726, 0.48439765, 0.9182261, 0.42018223, 0.8993309, 0.26580858, 0.4122703, 0.84526217, 0.44273305, 0.6354436, 0.38804907, 0.61171263, 0.1842829, 0.29487562, 0.046515763] |
| 6 |   55 |  0.32 | 5000 |      f5 |     375 |481.0694 |   477.0 |    0,85 |-0,0060 |1592513073275 |[0.30077726, 0.48439765, 0.9182261, 0.42018223, 0.8993309, 0.26580858, 0.4122703, 0.84526217, 0.44273305, 0.6354436, 0.38804907, 0.61171263, 0.1842829, 0.29487562, 0.046515763] |
| 6 |   55 |  0.45 | 5000 |      f5 |     375 |481.0694 |   477.0 |    0,85 |-0,0060 |1592513073275 |[0.30077726, 0.48439765, 0.9182261, 0.42018223, 0.8993309, 0.26580858, 0.4122703, 0.84526217, 0.44273305, 0.6354436, 0.38804907, 0.61171263, 0.1842829, 0.29487562, 0.046515763] |
| 6 |   55 |0.36363637 | 5000 |      f5 |     375 |481.0694 |   477.0 |    0,85 |-0,0060 |1592513073275 |[0.30077726, 0.48439765, 0.9182261, 0.42018223, 0.8993309, 0.26580858, 0.4122703, 0.84526217, 0.44273305, 0.6354436, 0.38804907, 0.61171263, 0.1842829, 0.29487562, 0.046515763] |
| 6 |   55 |0.34545454 | 5000 |      f5 |     375 |481.0694 |   477.0 |    0,85 |-0,0060 |1592513073275 |[0.30077726, 0.48439765, 0.9182261, 0.42018223, 0.8993309, 0.26580858, 0.4122703, 0.84526217, 0.44273305, 0.6354436, 0.38804907, 0.61171263, 0.1842829, 0.29487562, 0.046515763] |
| 6 |   60 |0.38181818 | 5000 |      f5 |     375 |481.0694 |   477.0 |    0,85 |-0,0060 |1592513073275 |[0.30077726, 0.48439765, 0.9182261, 0.42018223, 0.8993309, 0.26580858, 0.4122703, 0.84526217, 0.44273305, 0.6354436, 0.38804907, 0.61171263, 0.1842829, 0.29487562, 0.046515763] |
| 6 |   60 |  0.45 | 5000 |      f5 |     375 |481.0694 |   477.0 |    0,85 |-0,0060 |1592513073275 |[0.30077726, 0.48439765, 0.9182261, 0.42018223, 0.8993309, 0.26580858, 0.4122703, 0.84526217, 0.44273305, 0.6354436, 0.38804907, 0.61171263, 0.1842829, 0.29487562, 0.046515763] |
| 6 |   60 |0.33333334 | 5000 |      f5 |     375 |481.0694 |   477.0 |    0,85 |-0,0060 |1592513073275 |[0.30077726, 0.48439765, 0.9182261, 0.42018223, 0.8993309, 0.26580858, 0.4122703, 0.84526217, 0.44273305, 0.6354436, 0.38804907, 0.61171263, 0.1842829, 0.29487562, 0.046515763] |
| 6 |   60 |0.33333334 | 5000 |      f5 |     375 |481.0694 |   477.0 |    0,85 |-0,0060 |1592513073275 |[0.30077726, 0.48439765, 0.9182261, 0.42018223, 0.8993309, 0.26580858, 0.4122703, 0.84526217, 0.44273305, 0.6354436, 0.38804907, 0.61171263, 0.1842829, 0.29487562, 0.046515763] |
| 6 |   65 |  0.45 | 5000 |      f5 |     375 |481.0694 |   477.0 |    0,85 |-0,0060 |1592513073275 |[0.30077726, 0.48439765, 0.9182261, 0.42018223, 0.8993309, 0.26580858, 0.4122703, 0.84526217, 0.44273305, 0.6354436, 0.38804907, 0.61171263, 0.1842829, 0.29487562, 0.046515763] |
| 6 |   65 |  0.45 | 5000 |      f5 |     375 |481.0694 |   477.0 |    0,85 |-0,0060 |1592513073275 |[0.30077726, 0.48439765, 0.9182261, 0.42018223, 0.8993309, 0.26580858, 0.4122703, 0.84526217, 0.44273305, 0.6354436, 0.38804907, 0.61171263, 0.1842829, 0.29487562, 0.046515763] |
| 6 |   65 |  0.45 | 5000 |      f5 |     375 |481.0694 |   477.0 |    0,85 |-0,0060 |1592513073275 |[0.30077726, 0.48439765, 0.9182261, 0.42018223, 0.8993309, 0.26580858, 0.4122703, 0.84526217, 0.44273305, 0.6354436, 0.38804907, 0.61171263, 0.1842829, 0.29487562, 0.046515763] |
| 6 |   65 |0.35384616 | 5000 |      f5 |     375 |481.0694 |   477.0 |    0,85 |-0,0060 |1592513073275 |[0.30077726, 0.48439765, 0.9182261, 0.42018223, 0.8993309, 0.26580858, 0.4122703, 0.84526217, 0.44273305, 0.6354436, 0.38804907, 0.61171263, 0.1842829, 0.29487562, 0.046515763] |
| 6 |   70 |0.36923078 | 5000 |      f5 |     375 |481.0694 |   477.0 |    0,85 |-0,0060 |1592513073275 |[0.30077726, 0.48439765, 0.9182261, 0.42018223, 0.8993309, 0.26580858, 0.4122703, 0.84526217, 0.44273305, 0.6354436, 0.38804907, 0.61171263, 0.1842829, 0.29487562, 0.046515763] |
| 6 |   70 |  0.45 | 5000 |      f5 |     375 |481.0694 |   477.0 |    0,85 |-0,0060 |1592513073275 |[0.30077726, 0.48439765, 0.9182261, 0.42018223, 0.8993309, 0.26580858, 0.4122703, 0.84526217, 0.44273305, 0.6354436, 0.38804907, 0.61171263, 0.1842829, 0.29487562, 0.046515763] |
| 6 |   70 |0.2857143 | 5000 |      f5 |     375 |481.0694 |   477.0 |    0,85 |-0,0060 |1592513073275 |[0.30077726, 0.48439765, 0.9182261, 0.42018223, 0.8993309, 0.26580858, 0.4122703, 0.84526217, 0.44273305, 0.6354436, 0.38804907, 0.61171263, 0.1842829, 0.29487562, 0.046515763] |
| 6 |   70 |0.34285715 | 5000 |      f5 |     375 |481.0694 |   477.0 |    0,85 |-0,0060 |1592513073275 |[0.30077726, 0.48439765, 0.9182261, 0.42018223, 0.8993309, 0.26580858, 0.4122703, 0.84526217, 0.44273305, 0.6354436, 0.38804907, 0.61171263, 0.1842829, 0.29487562, 0.046515763] |
| 6 |   75 |0.42857143 | 5000 |      f5 |     375 |481.0694 |   477.0 |    0,85 |-0,0060 |1592513073275 |[0.30077726, 0.48439765, 0.9182261, 0.42018223, 0.8993309, 0.26580858, 0.4122703, 0.84526217, 0.44273305, 0.6354436, 0.38804907, 0.61171263, 0.1842829, 0.29487562, 0.046515763] |
| 6 |   75 |  0.45 | 5000 |      f5 |     375 |481.0694 |   477.0 |    0,85 |-0,0060 |1592513073275 |[0.30077726, 0.48439765, 0.9182261, 0.42018223, 0.8993309, 0.26580858, 0.4122703, 0.84526217, 0.44273305, 0.6354436, 0.38804907, 0.61171263, 0.1842829, 0.29487562, 0.046515763] |
| 6 |   75 |  0.45 | 5000 |      f5 |     375 |481.0694 |   477.0 |    0,85 |  6,3 |1592513073275 |[0.30077726, 0.48439765, 0.9182261, 0.42018223, 0.8993309, 0.26580858, 0.4122703, 0.84526217, 0.44273305, 0.6354436, 0.38804907, 0.61171263, 0.1842829, 0.29487562, 0.046515763] |
| 7 |   50 |  0.25 | 5000 |      f5 |     375 |481.0694 |   477.0 |    0,85 |-0,0060 |1592513079574 |[0.12746084, 0.0112505555, 0.7844701, 0.7748916, 0.54192555, 0.17342162, 0.35428238, 0.55361396, 0.9890793, 0.36639422, 0.98464376, 0.33601004, 0.6517502, 0.43413544, 0.19582742] |
| 7 |   50 |  0.32 | 5000 |      f5 |     375 |481.0694 |   477.0 |    0,85 |-0,0060 |1592513079574 |[0.12746084, 0.0112505555, 0.7844701, 0.7748916, 0.54192555, 0.17342162, 0.35428238, 0.55361396, 0.9890793, 0.36639422, 0.98464376, 0.33601004, 0.6517502, 0.43413544, 0.19582742] |
| 7 |   50 |  0.38 | 5000 |      f5 |     375 |481.0694 |   477.0 |    0,85 |-0,0060 |1592513079574 |[0.12746084, 0.0112505555, 0.7844701, 0.7748916, 0.54192555, 0.17342162, 0.35428238, 0.55361396, 0.9890793, 0.36639422, 0.98464376, 0.33601004, 0.6517502, 0.43413544, 0.19582742] |
| 7 |   55 |  0.32 | 5000 |      f5 |     375 |481.0694 |   477.0 |    0,85 |-0,0060 |1592513079574 |[0.12746084, 0.0112505555, 0.7844701, 0.7748916, 0.54192555, 0.17342162, 0.35428238, 0.55361396, 0.9890793, 0.36639422, 0.98464376, 0.33601004, 0.6517502, 0.43413544, 0.19582742] |
| 7 |   55 |  0.45 | 5000 |      f5 |     375 |481.0694 |   477.0 |    0,85 |-0,0060 |1592513079574 |[0.12746084, 0.0112505555, 0.7844701, 0.7748916, 0.54192555, 0.17342162, 0.35428238, 0.55361396, 0.9890793, 0.36639422, 0.98464376, 0.33601004, 0.6517502, 0.43413544, 0.19582742] |
| 7 |   55 |0.4181818 | 5000 |      f5 |     375 |481.0694 |   477.0 |    0,85 |-0,0060 |1592513079574 |[0.12746084, 0.0112505555, 0.7844701, 0.7748916, 0.54192555, 0.17342162, 0.35428238, 0.55361396, 0.9890793, 0.36639422, 0.98464376, 0.33601004, 0.6517502, 0.43413544, 0.19582742] |
| 7 |   55 |0.3090909 | 5000 |      f5 |     375 |481.0694 |   477.0 |    0,85 |-0,0060 |1592513079574 |[0.12746084, 0.0112505555, 0.7844701, 0.7748916, 0.54192555, 0.17342162, 0.35428238, 0.55361396, 0.9890793, 0.36639422, 0.98464376, 0.33601004, 0.6517502, 0.43413544, 0.19582742] |
| 7 |   60 |  0.45 | 5000 |      f5 |     375 |481.0694 |   477.0 |    0,85 |-0,0060 |1592513079574 |[0.12746084, 0.0112505555, 0.7844701, 0.7748916, 0.54192555, 0.17342162, 0.35428238, 0.55361396, 0.9890793, 0.36639422, 0.98464376, 0.33601004, 0.6517502, 0.43413544, 0.19582742] |
| 7 |   60 |  0.45 | 5000 |      f5 |     375 |481.0694 |   477.0 |    0,85 |-0,0060 |1592513079574 |[0.12746084, 0.0112505555, 0.7844701, 0.7748916, 0.54192555, 0.17342162, 0.35428238, 0.55361396, 0.9890793, 0.36639422, 0.98464376, 0.33601004, 0.6517502, 0.43413544, 0.19582742] |
| 7 |   60 |0.36666667 | 5000 |      f5 |     375 |481.0694 |   477.0 |    0,85 |-0,0060 |1592513079574 |[0.6268527, 0.38195592, 0.13531154, 0.48594254, 0.10806596, 0.8993959, 0.40863717, 0.2536288, 0.72398394, 0.12535602, 0.5372118, 0.3488788, 0.038444757, 0.6170857, 0.35171485] |
| 7 |   60 |0.31666666 | 5000 |      f5 |     375 |481.0694 |   477.0 |    0,85 |-0,0060 |1592513079574 |[0.6268527, 0.38195592, 0.13531154, 0.48594254, 0.10806596, 0.8993959, 0.40863717, 0.2536288, 0.72398394, 0.12535602, 0.5372118, 0.3488788, 0.038444757, 0.6170857, 0.35171485] |
| 7 |   65 |  0.35 | 5000 |      f5 |     375 |481.0694 |   477.0 |    0,85 |-0,0060 |1592513079574 |[0.6268527, 0.38195592, 0.13531154, 0.48594254, 0.10806596, 0.8993959, 0.40863717, 0.2536288, 0.72398394, 0.12535602, 0.5372118, 0.3488788, 0.038444757, 0.6170857, 0.35171485] |
| 7 |   65 |  0.45 | 5000 |      f5 |     375 |481.0694 |   477.0 |    0,85 |-0,0060 |1592513079574 |[0.6268527, 0.38195592, 0.13531154, 0.48594254, 0.10806596, 0.8993959, 0.40863717, 0.2536288, 0.72398394, 0.12535602, 0.5372118, 0.3488788, 0.038444757, 0.6170857, 0.35171485] |
| 7 |   65 |0.44615385 | 5000 |      f5 |     375 |481.0694 |   477.0 |    0,85 |-0,0060 |1592513079574 |[0.6268527, 0.38195592, 0.13531154, 0.48594254, 0.10806596, 0.8993959, 0.40863717, 0.2536288, 0.72398394, 0.12535602, 0.5372118, 0.3488788, 0.038444757, 0.6170857, 0.35171485] |
| 7 |   65 |0.36923078 | 5000 |      f5 |     375 |481.0694 |   477.0 |    0,85 |-0,0060 |1592513079574 |[0.6268527, 0.38195592, 0.13531154, 0.48594254, 0.10806596, 0.8993959, 0.40863717, 0.2536288, 0.72398394, 0.12535602, 0.5372118, 0.3488788, 0.038444757, 0.6170857, 0.35171485] |
| 7 |   70 |0.41538462 | 5000 |      f5 |     375 |481.0694 |   477.0 |    0,85 |-0,0060 |1592513079574 |[0.6268527, 0.38195592, 0.13531154, 0.48594254, 0.10806596, 0.8993959, 0.40863717, 0.2536288, 0.72398394, 0.12535602, 0.5372118, 0.3488788, 0.038444757, 0.6170857, 0.35171485] |
| 7 |   70 |  0.45 | 5000 |      f5 |     375 |481.0694 |   477.0 |    0,85 |-0,0060 |1592513079574 |[0.6268527, 0.38195592, 0.13531154, 0.48594254, 0.10806596, 0.8993959, 0.40863717, 0.2536288, 0.72398394, 0.12535602, 0.5372118, 0.3488788, 0.038444757, 0.6170857, 0.35171485] |
| 7 |   70 |0.41428572 | 5000 |      f5 |     375 |481.0694 |   477.0 |    0,85 |-0,0060 |1592513079574 |[0.6268527, 0.38195592, 0.13531154, 0.48594254, 0.10806596, 0.8993959, 0.40863717, 0.2536288, 0.72398394, 0.12535602, 0.5372118, 0.3488788, 0.038444757, 0.6170857, 0.35171485] |
| 7 |   70 |0.3857143 | 5000 |      f5 |     375 |481.0694 |   477.0 |    0,85 |-0,0060 |1592513079574 |[0.6268527, 0.38195592, 0.13531154, 0.48594254, 0.10806596, 0.8993959, 0.40863717, 0.2536288, 0.72398394, 0.12535602, 0.5372118, 0.3488788, 0.038444757, 0.6170857, 0.35171485] |
| 7 |   75 |   0.4 | 5000 |      f5 |     375 |481.0694 |   477.0 |    0,85 |-0,0060 |1592513079574 |[0.6268527, 0.38195592, 0.13531154, 0.48594254, 0.10806596, 0.8993959, 0.40863717, 0.2536288, 0.72398394, 0.12535602, 0.5372118, 0.3488788, 0.038444757, 0.6170857, 0.35171485] |
| 7 |   75 |  0.45 | 5000 |      f5 |     375 |481.0694 |   477.0 |    0,85 |-0,0060 |1592513079574 |[0.6268527, 0.38195592, 0.13531154, 0.48594254, 0.10806596, 0.8993959, 0.40863717, 0.2536288, 0.72398394, 0.12535602, 0.5372118, 0.3488788, 0.038444757, 0.6170857, 0.35171485] |
| 7 |   75 |  0.45 | 5000 |      f5 |     375 |481.0694 |   477.0 |    0,85 |  6,4 |1592513079574 |[0.6268527, 0.38195592, 0.13531154, 0.48594254, 0.10806596, 0.8993959, 0.40863717, 0.2536288, 0.72398394, 0.12535602, 0.5372118, 0.3488788, 0.038444757, 0.6170857, 0.35171485] |
| 8 |   50 |  0.25 | 5000 |      f5 |     375 |481.0694 |   477.0 |    0,85 |-0,0050 |1592513085940 |[0.19041169, 0.97698945, 0.88076746, 0.3829332, 0.4810707, 0.9207377, 0.55917895, 0.101767, 0.25900578, 0.40724015, 0.021210432, 0.64307445, 0.43013245, 0.9736854, 0.7737281] |
| 8 |   50 |  0.34 | 5000 |      f5 |     375 |481.0694 |   477.0 |    0,85 |-0,0050 |1592513085940 |[0.19041169, 0.97698945, 0.88076746, 0.3829332, 0.4810707, 0.9207377, 0.55917895, 0.101767, 0.25900578, 0.40724015, 0.021210432, 0.64307445, 0.43013245, 0.9736854, 0.7737281] |
| 8 |   50 |  0.36 | 5000 |      f5 |     375 |481.0694 |   477.0 |    0,85 |-0,0050 |1592513085940 |[0.19041169, 0.97698945, 0.88076746, 0.3829332, 0.4810707, 0.9207377, 0.55917895, 0.101767, 0.25900578, 0.40724015, 0.021210432, 0.64307445, 0.43013245, 0.9736854, 0.7737281] |
| 8 |   55 |   0.4 | 5000 |      f5 |     375 |481.0694 |   477.0 |    0,85 |-0,0050 |1592513085940 |[0.19041169, 0.97698945, 0.88076746, 0.3829332, 0.4810707, 0.9207377, 0.55917895, 0.101767, 0.25900578, 0.40724015, 0.021210432, 0.64307445, 0.43013245, 0.9736854, 0.7737281] |
| 8 |   55 |  0.45 | 5000 |      f5 |     375 |481.0694 |   477.0 |    0,85 |-0,0050 |1592513085940 |[0.19041169, 0.97698945, 0.88076746, 0.3829332, 0.4810707, 0.9207377, 0.55917895, 0.101767, 0.25900578, 0.40724015, 0.021210432, 0.64307445, 0.43013245, 0.9736854, 0.7737281] |
| 8 |   55 |0.29090908 | 5000 |      f5 |     375 |481.0694 |   477.0 |    0,85 |-0,0050 |1592513085940 |[0.19041169, 0.97698945, 0.88076746, 0.3829332, 0.4810707, 0.9207377, 0.55917895, 0.101767, 0.25900578, 0.40724015, 0.021210432, 0.64307445, 0.43013245, 0.9736854, 0.7737281] |
| 8 |   55 |0.34545454 | 5000 |      f5 |     375 |481.0694 |   477.0 |    0,85 |-0,0050 |1592513085940 |[0.19041169, 0.97698945, 0.88076746, 0.3829332, 0.4810707, 0.9207377, 0.55917895, 0.101767, 0.25900578, 0.40724015, 0.021210432, 0.64307445, 0.43013245, 0.9736854, 0.7737281] |
| 8 |   60 |0.27272728 | 5000 |      f5 |     375 |481.0694 |   477.0 |    0,85 |-0,0050 |1592513085940 |[0.19041169, 0.97698945, 0.88076746, 0.3829332, 0.4810707, 0.9207377, 0.55917895, 0.101767, 0.25900578, 0.40724015, 0.021210432, 0.64307445, 0.43013245, 0.9736854, 0.7737281] |
| 8 |   60 |  0.45 | 5000 |      f5 |     375 |481.0694 |   477.0 |    0,85 |-0,0050 |1592513085940 |[0.19041169, 0.97698945, 0.88076746, 0.3829332, 0.4810707, 0.9207377, 0.55917895, 0.101767, 0.25900578, 0.40724015, 0.021210432, 0.64307445, 0.43013245, 0.9736854, 0.7737281] |
| 8 |   60 |0.33333334 | 5000 |      f5 |     375 |481.0694 |   477.0 |    0,85 |-0,0050 |1592513085940 |[0.19041169, 0.97698945, 0.88076746, 0.3829332, 0.4810707, 0.9207377, 0.55917895, 0.101767, 0.25900578, 0.40724015, 0.021210432, 0.64307445, 0.43013245, 0.9736854, 0.7737281] |
| 8 |   60 |0.33333334 | 5000 |      f5 |     375 |481.0694 |   477.0 |    0,85 |-0,0050 |1592513085940 |[0.19041169, 0.97698945, 0.88076746, 0.3829332, 0.4810707, 0.9207377, 0.55917895, 0.101767, 0.25900578, 0.40724015, 0.021210432, 0.64307445, 0.43013245, 0.9736854, 0.7737281] |
| 8 |   65 |   0.3 | 5000 |      f5 |     375 |481.0694 |   477.0 |    0,85 |-0,0050 |1592513085940 |[0.19041169, 0.97698945, 0.88076746, 0.3829332, 0.4810707, 0.9207377, 0.55917895, 0.101767, 0.25900578, 0.40724015, 0.021210432, 0.64307445, 0.43013245, 0.9736854, 0.7737281] |
| 8 |   65 |0.44615385 | 5000 |      f5 |     375 |481.0694 |   477.0 |    0,85 |-0,0050 |1592513085940 |[0.19041169, 0.97698945, 0.88076746, 0.3829332, 0.4810707, 0.9207377, 0.55917895, 0.101767, 0.25900578, 0.40724015, 0.021210432, 0.64307445, 0.43013245, 0.9736854, 0.7737281] |
| 8 |   65 |0.32307693 | 5000 |      f5 |     375 |481.0694 |   477.0 |    0,85 |-0,0050 |1592513085940 |[0.19041169, 0.97698945, 0.88076746, 0.3829332, 0.4810707, 0.9207377, 0.55917895, 0.101767, 0.25900578, 0.40724015, 0.021210432, 0.64307445, 0.43013245, 0.9736854, 0.7737281] |
| 8 |   65 |0.3846154 | 5000 |      f5 |     375 |481.0694 |   477.0 |    0,85 |-0,0050 |1592513085940 |[0.19041169, 0.97698945, 0.88076746, 0.3829332, 0.4810707, 0.9207377, 0.55917895, 0.101767, 0.25900578, 0.40724015, 0.021210432, 0.64307445, 0.43013245, 0.9736854, 0.7737281] |
| 8 |   70 |0.36923078 | 5000 |      f5 |     375 |481.0694 |   477.0 |    0,85 |-0,0050 |1592513085940 |[0.19041169, 0.97698945, 0.88076746, 0.3829332, 0.4810707, 0.9207377, 0.55917895, 0.101767, 0.25900578, 0.40724015, 0.021210432, 0.64307445, 0.43013245, 0.9736854, 0.7737281] |
| 8 |   70 |  0.45 | 5000 |      f5 |     375 |481.0694 |   477.0 |    0,85 |-0,0050 |1592513085940 |[0.19041169, 0.97698945, 0.88076746, 0.3829332, 0.4810707, 0.9207377, 0.55917895, 0.101767, 0.25900578, 0.40724015, 0.021210432, 0.64307445, 0.43013245, 0.9736854, 0.7737281] |
| 8 |   70 |0.41428572 | 5000 |      f5 |     375 |481.0694 |   477.0 |    0,85 |-0,0050 |1592513085940 |[0.19041169, 0.97698945, 0.88076746, 0.3829332, 0.4810707, 0.9207377, 0.55917895, 0.101767, 0.25900578, 0.40724015, 0.021210432, 0.64307445, 0.43013245, 0.9736854, 0.7737281] |
| 8 |   70 |0.3857143 | 5000 |      f5 |     375 |481.0694 |   477.0 |    0,85 |-0,0050 |1592513085940 |[0.19041169, 0.97698945, 0.88076746, 0.3829332, 0.4810707, 0.9207377, 0.55917895, 0.101767, 0.25900578, 0.40724015, 0.021210432, 0.64307445, 0.43013245, 0.9736854, 0.7737281] |
| 8 |   75 |0.35714287 | 5000 |      f5 |     375 |481.0694 |   477.0 |    0,85 |-0,0050 |1592513085940 |[0.19041169, 0.97698945, 0.88076746, 0.3829332, 0.4810707, 0.9207377, 0.55917895, 0.101767, 0.25900578, 0.40724015, 0.021210432, 0.64307445, 0.43013245, 0.9736854, 0.7737281] |
| 8 |   75 |  0.45 | 5000 |      f5 |     375 |481.0694 |   477.0 |    0,85 |-0,0050 |1592513085940 |[0.19041169, 0.97698945, 0.88076746, 0.3829332, 0.4810707, 0.9207377, 0.55917895, 0.101767, 0.25900578, 0.40724015, 0.021210432, 0.64307445, 0.43013245, 0.9736854, 0.7737281] |
| 8 |   75 |  0.45 | 5000 |      f5 |     375 |481.0694 |   477.0 |    0,85 |  6,3 |1592513085940 |[0.19041169, 0.97698945, 0.88076746, 0.3829332, 0.4810707, 0.9207377, 0.55917895, 0.101767, 0.25900578, 0.40724015, 0.021210432, 0.64307445, 0.43013245, 0.9736854, 0.7737281] |
| 9 |   50 |  0.25 | 5000 |      f5 |     375 |481.0694 |   477.0 |    0,85 |-0,0020 |1592513092265 |[0.25133163, 0.009295642, 0.42136753, 0.09728503, 0.31352603, 0.81421345, 0.77202153, 0.1542201, 0.7520174, 0.95968634, 0.97893983, 0.18931192, 0.51362705, 0.6019385, 0.59714866] |
| 9 |   50 |  0.34 | 5000 |      f5 |     375 |481.0694 |   477.0 |    0,85 |-0,0020 |1592513092265 |[0.25133163, 0.009295642, 0.42136753, 0.09728503, 0.31352603, 0.81421345, 0.77202153, 0.1542201, 0.7520174, 0.95968634, 0.97893983, 0.18931192, 0.51362705, 0.6019385, 0.59714866] |
| 9 |   50 |  0.28 | 5000 |      f5 |     375 |481.0694 |   477.0 |    0,85 |-0,0020 |1592513092265 |[0.25133163, 0.009295642, 0.42136753, 0.09728503, 0.31352603, 0.81421345, 0.77202153, 0.1542201, 0.7520174, 0.95968634, 0.97893983, 0.18931192, 0.51362705, 0.6019385, 0.59714866] |
| 9 |   55 |  0.34 | 5000 |      f5 |     375 |481.0694 |   477.0 |    0,85 |-0,0020 |1592513092265 |[0.6541497, 0.123770356, 0.89130366, 0.30705005, 0.5826309, 0.9071567, 0.79228944, 0.89627403, 0.48488343, 0.27777368, 0.77967346, 0.5962351, 0.9156803, 0.40159243, 0.97476435] |
| 9 |   55 |  0.45 | 5000 |      f5 |     375 |481.0694 |   477.0 |    0,85 |-0,0020 |1592513092265 |[0.23656362, 0.4859476, 0.38317442, 0.7464364, 0.79732776, 0.91400945, 0.31720853, 0.64263636, 0.19257385, 0.9195551, 0.93814605, 0.04815668, 0.18012851, 0.28879768, 0.09697622] |
| 9 |   55 |0.3090909 | 5000 |      f5 |     375 |481.0694 |   477.0 |    0,85 |-0,0020 |1592513092265 |[0.6078702, 0.78187513, 0.46876764, 0.8475469, 0.9129637, 0.3912071, 0.86426544, 0.4560405, 0.9420044, 0.6922932, 0.3262151, 0.24179256, 0.057353377, 0.73081285, 0.32766712] |
| 9 |   55 |0.29090908 | 5000 |      f5 |     375 |481.0694 |   477.0 |    0,85 |-0,0020 |1592513092265 |[0.6078702, 0.78187513, 0.46876764, 0.8475469, 0.9129637, 0.3912071, 0.86426544, 0.4560405, 0.9420044, 0.6922932, 0.3262151, 0.24179256, 0.057353377, 0.73081285, 0.32766712] |
| 9 |   60 |0.27272728 | 5000 |      f5 |     375 |481.0694 |   477.0 |    0,85 |-0,0020 |1592513092265 |[0.6078702, 0.78187513, 0.46876764, 0.8475469, 0.9129637, 0.3912071, 0.86426544, 0.4560405, 0.9420044, 0.6922932, 0.3262151, 0.24179256, 0.057353377, 0.73081285, 0.32766712] |
| 9 |   60 |  0.45 | 5000 |      f5 |     375 |481.0694 |   477.0 |    0,85 |-0,0020 |1592513092265 |[0.6078702, 0.78187513, 0.46876764, 0.8475469, 0.9129637, 0.3912071, 0.86426544, 0.4560405, 0.9420044, 0.6922932, 0.3262151, 0.24179256, 0.057353377, 0.73081285, 0.32766712] |
| 9 |   60 |  0.25 | 5000 |      f5 |     375 |481.0694 |   477.0 |    0,85 |-0,0020 |1592513092265 |[0.6078702, 0.78187513, 0.46876764, 0.8475469, 0.9129637, 0.3912071, 0.86426544, 0.4560405, 0.9420044, 0.6922932, 0.3262151, 0.24179256, 0.057353377, 0.73081285, 0.32766712] |
| 9 |   60 |   0.3 | 5000 |      f5 |     375 |481.0694 |   477.0 |    0,85 |-0,0020 |1592513092265 |[0.6078702, 0.78187513, 0.46876764, 0.8475469, 0.9129637, 0.3912071, 0.86426544, 0.4560405, 0.9420044, 0.6922932, 0.3262151, 0.24179256, 0.057353377, 0.73081285, 0.32766712] |
| 9 |   65 |0.36666667 | 5000 |      f5 |     375 |481.0694 |   477.0 |    0,85 |-0,0020 |1592513092265 |[0.6078702, 0.78187513, 0.46876764, 0.8475469, 0.9129637, 0.3912071, 0.86426544, 0.4560405, 0.9420044, 0.6922932, 0.3262151, 0.24179256, 0.057353377, 0.73081285, 0.32766712] |
| 9 |   65 |  0.45 | 5000 |      f5 |     375 |481.0694 |   477.0 |    0,85 |-0,0020 |1592513092265 |[0.6078702, 0.78187513, 0.46876764, 0.8475469, 0.9129637, 0.3912071, 0.86426544, 0.4560405, 0.9420044, 0.6922932, 0.3262151, 0.24179256, 0.057353377, 0.73081285, 0.32766712] |
| 9 |   65 |0.32307693 | 5000 |      f5 |     375 |481.0694 |   477.0 |    0,85 |-0,0020 |1592513092265 |[0.6078702, 0.78187513, 0.46876764, 0.8475469, 0.9129637, 0.3912071, 0.86426544, 0.4560405, 0.9420044, 0.6922932, 0.3262151, 0.24179256, 0.057353377, 0.73081285, 0.32766712] |
| 9 |   65 |0.33846155 | 5000 |      f5 |     375 |481.0694 |   477.0 |    0,85 |-0,0020 |1592513092265 |[0.6078702, 0.78187513, 0.46876764, 0.8475469, 0.9129637, 0.3912071, 0.86426544, 0.4560405, 0.9420044, 0.6922932, 0.3262151, 0.24179256, 0.057353377, 0.73081285, 0.32766712] |
| 9 |   70 |0.33846155 | 5000 |      f5 |     375 |481.0694 |   477.0 |    0,85 |-0,0020 |1592513092265 |[0.6078702, 0.78187513, 0.46876764, 0.8475469, 0.9129637, 0.3912071, 0.86426544, 0.4560405, 0.9420044, 0.6922932, 0.3262151, 0.24179256, 0.057353377, 0.73081285, 0.32766712] |
| 9 |   70 |  0.45 | 5000 |      f5 |     375 |481.0694 |   477.0 |    0,85 |-0,0020 |1592513092265 |[0.6078702, 0.78187513, 0.46876764, 0.8475469, 0.9129637, 0.3912071, 0.86426544, 0.4560405, 0.9420044, 0.6922932, 0.3262151, 0.24179256, 0.057353377, 0.73081285, 0.32766712] |
| 9 |   70 |   0.4 | 5000 |      f5 |     375 |481.0694 |   477.0 |    0,85 |-0,0020 |1592513092265 |[0.6078702, 0.78187513, 0.46876764, 0.8475469, 0.9129637, 0.3912071, 0.86426544, 0.4560405, 0.9420044, 0.6922932, 0.3262151, 0.24179256, 0.057353377, 0.73081285, 0.32766712] |
| 9 |   70 |0.41428572 | 5000 |      f5 |     375 |481.0694 |   477.0 |    0,85 |-0,0020 |1592513092265 |[0.6078702, 0.78187513, 0.46876764, 0.8475469, 0.9129637, 0.3912071, 0.86426544, 0.4560405, 0.9420044, 0.6922932, 0.3262151, 0.24179256, 0.057353377, 0.73081285, 0.32766712] |
| 9 |   75 |   0.3 | 5000 |      f5 |     375 |481.0694 |   477.0 |    0,85 |-0,0020 |1592513092265 |[0.6078702, 0.78187513, 0.46876764, 0.8475469, 0.9129637, 0.3912071, 0.86426544, 0.4560405, 0.9420044, 0.6922932, 0.3262151, 0.24179256, 0.057353377, 0.73081285, 0.32766712] |
| 9 |   75 |  0.45 | 5000 |      f5 |     375 |481.0694 |   477.0 |    0,85 |-0,0020 |1592513092265 |[0.6078702, 0.78187513, 0.46876764, 0.8475469, 0.9129637, 0.3912071, 0.86426544, 0.4560405, 0.9420044, 0.6922932, 0.3262151, 0.24179256, 0.057353377, 0.73081285, 0.32766712] |
| 9 |   75 |  0.45 | 5000 |      f5 |     375 |481.0694 |   477.0 |    0,85 |  6,3 |1592513092265 |[0.6078702, 0.78187513, 0.46876764, 0.8475469, 0.9129637, 0.3912071, 0.86426544, 0.4560405, 0.9420044, 0.6922932, 0.3262151, 0.24179256, 0.057353377, 0.73081285, 0.32766712] |
|10 |   50 |  0.25 | 5000 |      f5 |     375 |481.0694 |   477.0 |    0,85 |-0,0060 |1592513098584 |[0.6589746, 0.1344164, 0.09910524, 0.7894297, 0.6509393, 0.40841192, 0.70882785, 0.33408964, 0.02126646, 0.5735396, 0.023552775, 0.46632797, 0.77289265, 0.9249966, 0.48586828] |
|10 |   50 |  0.36 | 5000 |      f5 |     375 |481.0694 |   477.0 |    0,85 |-0,0060 |1592513098584 |[0.6589746, 0.1344164, 0.09910524, 0.7894297, 0.6509393, 0.40841192, 0.70882785, 0.33408964, 0.02126646, 0.5735396, 0.023552775, 0.46632797, 0.77289265, 0.9249966, 0.48586828] |
|10 |   50 |  0.32 | 5000 |      f5 |     375 |481.0694 |   477.0 |    0,85 |-0,0060 |1592513098584 |[0.6589746, 0.1344164, 0.09910524, 0.7894297, 0.6509393, 0.40841192, 0.70882785, 0.33408964, 0.02126646, 0.5735396, 0.023552775, 0.46632797, 0.77289265, 0.9249966, 0.48586828] |
|10 |   55 |  0.38 | 5000 |      f5 |     375 |481.0694 |   477.0 |    0,85 |-0,0060 |1592513098584 |[0.6589746, 0.1344164, 0.09910524, 0.7894297, 0.6509393, 0.40841192, 0.70882785, 0.33408964, 0.02126646, 0.5735396, 0.023552775, 0.46632797, 0.77289265, 0.9249966, 0.48586828] |
|10 |   55 |  0.45 | 5000 |      f5 |     375 |481.0694 |   477.0 |    0,85 |-0,0060 |1592513098584 |[0.6589746, 0.1344164, 0.09910524, 0.7894297, 0.6509393, 0.40841192, 0.70882785, 0.33408964, 0.02126646, 0.5735396, 0.023552775, 0.46632797, 0.77289265, 0.9249966, 0.48586828] |
|10 |   55 |0.4181818 | 5000 |      f5 |     375 |481.0694 |   477.0 |    0,85 |-0,0060 |1592513098584 |[0.6589746, 0.1344164, 0.09910524, 0.7894297, 0.6509393, 0.40841192, 0.70882785, 0.33408964, 0.02126646, 0.5735396, 0.023552775, 0.46632797, 0.77289265, 0.9249966, 0.48586828] |
|10 |   55 |0.27272728 | 5000 |      f5 |     375 |481.0694 |   477.0 |    0,85 |-0,0060 |1592513098584 |[0.6589746, 0.1344164, 0.09910524, 0.7894297, 0.6509393, 0.40841192, 0.70882785, 0.33408964, 0.02126646, 0.5735396, 0.023552775, 0.46632797, 0.77289265, 0.9249966, 0.48586828] |
|10 |   60 |0.3272727 | 5000 |      f5 |     375 |481.0694 |   477.0 |    0,85 |-0,0060 |1592513098584 |[0.6589746, 0.1344164, 0.09910524, 0.7894297, 0.6509393, 0.40841192, 0.70882785, 0.33408964, 0.02126646, 0.5735396, 0.023552775, 0.46632797, 0.77289265, 0.9249966, 0.48586828] |
|10 |   60 |  0.45 | 5000 |      f5 |     375 |481.0694 |   477.0 |    0,85 |-0,0060 |1592513098584 |[0.6589746, 0.1344164, 0.09910524, 0.7894297, 0.6509393, 0.40841192, 0.70882785, 0.33408964, 0.02126646, 0.5735396, 0.023552775, 0.46632797, 0.77289265, 0.9249966, 0.48586828] |
|10 |   60 |   0.4 | 5000 |      f5 |     375 |481.0694 |   477.0 |    0,85 |-0,0060 |1592513098584 |[0.6589746, 0.1344164, 0.09910524, 0.7894297, 0.6509393, 0.40841192, 0.70882785, 0.33408964, 0.02126646, 0.5735396, 0.023552775, 0.46632797, 0.77289265, 0.9249966, 0.48586828] |
|10 |   60 |0.21666667 | 5000 |      f5 |     375 |481.0694 |   477.0 |    0,85 |-0,0060 |1592513098584 |[0.6589746, 0.1344164, 0.09910524, 0.7894297, 0.6509393, 0.40841192, 0.70882785, 0.33408964, 0.02126646, 0.5735396, 0.023552775, 0.46632797, 0.77289265, 0.9249966, 0.48586828] |
|10 |   65 |0.23333333 | 5000 |      f5 |     375 |481.0694 |   477.0 |    0,85 |-0,0060 |1592513098584 |[0.6589746, 0.1344164, 0.09910524, 0.7894297, 0.6509393, 0.40841192, 0.70882785, 0.33408964, 0.02126646, 0.5735396, 0.023552775, 0.46632797, 0.77289265, 0.9249966, 0.48586828] |
|10 |   65 |  0.45 | 5000 |      f5 |     375 |481.0694 |   477.0 |    0,85 |-0,0060 |1592513098584 |[0.6589746, 0.1344164, 0.09910524, 0.7894297, 0.6509393, 0.40841192, 0.70882785, 0.33408964, 0.02126646, 0.5735396, 0.023552775, 0.46632797, 0.77289265, 0.9249966, 0.48586828] |
|10 |   65 |0.35384616 | 5000 |      f5 |     375 |481.0694 |   477.0 |    0,85 |-0,0060 |1592513098584 |[0.6589746, 0.1344164, 0.09910524, 0.7894297, 0.6509393, 0.40841192, 0.70882785, 0.33408964, 0.02126646, 0.5735396, 0.023552775, 0.46632797, 0.77289265, 0.9249966, 0.48586828] |
|10 |   65 |  0.45 | 5000 |      f5 |     375 |481.0694 |   477.0 |    0,85 |-0,0060 |1592513098584 |[0.6589746, 0.1344164, 0.09910524, 0.7894297, 0.6509393, 0.40841192, 0.70882785, 0.33408964, 0.02126646, 0.5735396, 0.023552775, 0.46632797, 0.77289265, 0.9249966, 0.48586828] |
|10 |   70 |0.32307693 | 5000 |      f5 |     375 |481.0694 |   477.0 |    0,85 |-0,0060 |1592513098584 |[0.6589746, 0.1344164, 0.09910524, 0.7894297, 0.6509393, 0.40841192, 0.70882785, 0.33408964, 0.02126646, 0.5735396, 0.023552775, 0.46632797, 0.77289265, 0.9249966, 0.48586828] |
|10 |   70 |  0.45 | 5000 |      f5 |     375 |481.0694 |   477.0 |    0,85 |-0,0060 |1592513098584 |[0.6589746, 0.1344164, 0.09910524, 0.7894297, 0.6509393, 0.40841192, 0.70882785, 0.33408964, 0.02126646, 0.5735396, 0.023552775, 0.46632797, 0.77289265, 0.9249966, 0.48586828] |
|10 |   70 |   0.4 | 5000 |      f5 |     375 |481.0694 |   477.0 |    0,85 |-0,0060 |1592513098584 |[0.6589746, 0.1344164, 0.09910524, 0.7894297, 0.6509393, 0.40841192, 0.70882785, 0.33408964, 0.02126646, 0.5735396, 0.023552775, 0.46632797, 0.77289265, 0.9249966, 0.48586828] |
|10 |   70 |0.34285715 | 5000 |      f5 |     375 |481.0694 |   477.0 |    0,85 |-0,0060 |1592513098584 |[0.6589746, 0.1344164, 0.09910524, 0.7894297, 0.6509393, 0.40841192, 0.70882785, 0.33408964, 0.02126646, 0.5735396, 0.023552775, 0.46632797, 0.77289265, 0.9249966, 0.48586828] |
|10 |   75 |0.34285715 | 5000 |      f5 |     375 |481.0694 |   477.0 |    0,85 |-0,0060 |1592513098584 |[0.6589746, 0.1344164, 0.09910524, 0.7894297, 0.6509393, 0.40841192, 0.70882785, 0.33408964, 0.02126646, 0.5735396, 0.023552775, 0.46632797, 0.77289265, 0.9249966, 0.48586828] |
|10 |   75 |  0.45 | 5000 |      f5 |     375 |481.0694 |   477.0 |    0,85 |-0,0060 |1592513098584 |[0.6589746, 0.1344164, 0.09910524, 0.7894297, 0.6509393, 0.40841192, 0.70882785, 0.33408964, 0.02126646, 0.5735396, 0.023552775, 0.46632797, 0.77289265, 0.9249966, 0.48586828] |
|10 |   75 |  0.45 | 5000 |      f5 |     375 |481.0694 |   477.0 |    0,85 |  6,3 |1592513098584 |[0.6589746, 0.1344164, 0.09910524, 0.7894297, 0.6509393, 0.40841192, 0.70882785, 0.33408964, 0.02126646, 0.5735396, 0.023552775, 0.46632797, 0.77289265, 0.9249966, 0.48586828] |
|11 |   50 |  0.25 | 5000 |      f5 |     375 |481.0694 |   477.0 |    0,85 |-0,0050 |1592513104859 |[0.14655316, 0.23733807, 0.1546768, 0.054834843, 0.8634428, 0.091435015, 0.44363356, 0.8376856, 0.26847112, 0.36597383, 0.34085977, 0.7500608, 0.73678154, 0.47426748, 0.17849922] |
|11 |   50 |  0.26 | 5000 |      f5 |     375 |481.0694 |   477.0 |    0,85 |-0,0050 |1592513104859 |[0.14655316, 0.23733807, 0.1546768, 0.054834843, 0.8634428, 0.091435015, 0.44363356, 0.8376856, 0.26847112, 0.36597383, 0.34085977, 0.7500608, 0.73678154, 0.47426748, 0.17849922] |
|11 |   50 |  0.18 | 5000 |      f5 |     375 |481.0694 |   477.0 |    0,85 |-0,0050 |1592513104859 |[0.14655316, 0.23733807, 0.1546768, 0.054834843, 0.8634428, 0.091435015, 0.44363356, 0.8376856, 0.26847112, 0.36597383, 0.34085977, 0.7500608, 0.73678154, 0.47426748, 0.17849922] |
|11 |   55 |   0.4 | 5000 |      f5 |     375 |481.0694 |   477.0 |    0,85 |-0,0050 |1592513104859 |[0.14655316, 0.23733807, 0.1546768, 0.054834843, 0.8634428, 0.091435015, 0.44363356, 0.8376856, 0.26847112, 0.36597383, 0.34085977, 0.7500608, 0.73678154, 0.47426748, 0.17849922] |
|11 |   55 |  0.45 | 5000 |      f5 |     375 |481.0694 |   477.0 |    0,85 |-0,0050 |1592513104859 |[0.14655316, 0.23733807, 0.1546768, 0.054834843, 0.8634428, 0.091435015, 0.44363356, 0.8376856, 0.26847112, 0.36597383, 0.34085977, 0.7500608, 0.73678154, 0.47426748, 0.17849922] |
|11 |   55 |0.3272727 | 5000 |      f5 |     375 |481.0694 |   477.0 |    0,85 |-0,0050 |1592513104859 |[0.14655316, 0.23733807, 0.1546768, 0.054834843, 0.8634428, 0.091435015, 0.44363356, 0.8376856, 0.26847112, 0.36597383, 0.34085977, 0.7500608, 0.73678154, 0.47426748, 0.17849922] |
|11 |   55 |0.38181818 | 5000 |      f5 |     375 |481.0694 |   477.0 |    0,85 |-0,0050 |1592513104859 |[0.14655316, 0.23733807, 0.1546768, 0.054834843, 0.8634428, 0.091435015, 0.44363356, 0.8376856, 0.26847112, 0.36597383, 0.34085977, 0.7500608, 0.73678154, 0.47426748, 0.17849922] |
|11 |   60 |   0.4 | 5000 |      f5 |     375 |481.0694 |   477.0 |    0,85 |-0,0050 |1592513104859 |[0.14655316, 0.23733807, 0.1546768, 0.054834843, 0.8634428, 0.091435015, 0.44363356, 0.8376856, 0.26847112, 0.36597383, 0.34085977, 0.7500608, 0.73678154, 0.47426748, 0.17849922] |
|11 |   60 |  0.45 | 5000 |      f5 |     375 |481.0694 |   477.0 |    0,85 |-0,0050 |1592513104859 |[0.26108158, 0.63375235, 0.42721593, 0.42316002, 0.8173841, 0.70564395, 0.5049294, 0.12184298, 0.11225802, 0.81858027, 0.7195001, 0.6228946, 0.8017127, 0.9885779, 0.28985953] |
|11 |   60 |  0.45 | 5000 |      f5 |     375 |481.0694 |   477.0 |    0,85 |-0,0050 |1592513104859 |[0.26108158, 0.63375235, 0.42721593, 0.42316002, 0.8173841, 0.70564395, 0.5049294, 0.12184298, 0.11225802, 0.81858027, 0.7195001, 0.6228946, 0.8017127, 0.9885779, 0.28985953] |
|11 |   60 |0.43333334 | 5000 |      f5 |     375 |481.0694 |   477.0 |    0,85 |-0,0050 |1592513104859 |[0.26108158, 0.63375235, 0.42721593, 0.42316002, 0.8173841, 0.70564395, 0.5049294, 0.12184298, 0.11225802, 0.81858027, 0.7195001, 0.6228946, 0.8017127, 0.9885779, 0.28985953] |
|11 |   65 |0.38333333 | 5000 |      f5 |     375 |481.0694 |   477.0 |    0,85 |-0,0050 |1592513104859 |[0.26108158, 0.63375235, 0.42721593, 0.42316002, 0.8173841, 0.70564395, 0.5049294, 0.12184298, 0.11225802, 0.81858027, 0.7195001, 0.6228946, 0.8017127, 0.9885779, 0.28985953] |
|11 |   65 |  0.45 | 5000 |      f5 |     375 |481.0694 |   477.0 |    0,85 |-0,0050 |1592513104859 |[0.26108158, 0.63375235, 0.42721593, 0.42316002, 0.8173841, 0.70564395, 0.5049294, 0.12184298, 0.11225802, 0.81858027, 0.7195001, 0.6228946, 0.8017127, 0.9885779, 0.28985953] |
|11 |   65 |0.30769232 | 5000 |      f5 |     375 |481.0694 |   477.0 |    0,85 |-0,0050 |1592513104859 |[0.26108158, 0.63375235, 0.42721593, 0.42316002, 0.8173841, 0.70564395, 0.5049294, 0.12184298, 0.11225802, 0.81858027, 0.7195001, 0.6228946, 0.8017127, 0.9885779, 0.28985953] |
|11 |   65 |0.36923078 | 5000 |      f5 |     375 |481.0694 |   477.0 |    0,85 |-0,0050 |1592513104859 |[0.26108158, 0.63375235, 0.42721593, 0.42316002, 0.8173841, 0.70564395, 0.5049294, 0.12184298, 0.11225802, 0.81858027, 0.7195001, 0.6228946, 0.8017127, 0.9885779, 0.28985953] |
|11 |   70 |0.30769232 | 5000 |      f5 |     375 |481.0694 |   477.0 |    0,85 |-0,0050 |1592513104859 |[0.26108158, 0.63375235, 0.42721593, 0.42316002, 0.8173841, 0.70564395, 0.5049294, 0.12184298, 0.11225802, 0.81858027, 0.7195001, 0.6228946, 0.8017127, 0.9885779, 0.28985953] |
|11 |   70 |  0.45 | 5000 |      f5 |     375 |481.0694 |   477.0 |    0,85 |-0,0050 |1592513104859 |[0.26108158, 0.63375235, 0.42721593, 0.42316002, 0.8173841, 0.70564395, 0.5049294, 0.12184298, 0.11225802, 0.81858027, 0.7195001, 0.6228946, 0.8017127, 0.9885779, 0.28985953] |
|11 |   70 |0.3857143 | 5000 |      f5 |     375 |481.0694 |   477.0 |    0,85 |-0,0050 |1592513104859 |[0.26108158, 0.63375235, 0.42721593, 0.42316002, 0.8173841, 0.70564395, 0.5049294, 0.12184298, 0.11225802, 0.81858027, 0.7195001, 0.6228946, 0.8017127, 0.9885779, 0.28985953] |
|11 |   70 |0.41428572 | 5000 |      f5 |     375 |481.0694 |   477.0 |    0,85 |-0,0050 |1592513104859 |[0.26108158, 0.63375235, 0.42721593, 0.42316002, 0.8173841, 0.70564395, 0.5049294, 0.12184298, 0.11225802, 0.81858027, 0.7195001, 0.6228946, 0.8017127, 0.9885779, 0.28985953] |
|11 |   75 |0.41428572 | 5000 |      f5 |     375 |481.0694 |   477.0 |    0,85 |-0,0050 |1592513104859 |[0.26108158, 0.63375235, 0.42721593, 0.42316002, 0.8173841, 0.70564395, 0.5049294, 0.12184298, 0.11225802, 0.81858027, 0.7195001, 0.6228946, 0.8017127, 0.9885779, 0.28985953] |
|11 |   75 |  0.45 | 5000 |      f5 |     375 |481.0694 |   477.0 |    0,85 |-0,0050 |1592513104859 |[0.26108158, 0.63375235, 0.42721593, 0.42316002, 0.8173841, 0.70564395, 0.5049294, 0.12184298, 0.11225802, 0.81858027, 0.7195001, 0.6228946, 0.8017127, 0.9885779, 0.28985953] |
|11 |   75 |  0.45 | 5000 |      f5 |     375 |481.0694 |   477.0 |    0,85 |  6,4 |1592513104859 |[0.26108158, 0.63375235, 0.42721593, 0.42316002, 0.8173841, 0.70564395, 0.5049294, 0.12184298, 0.11225802, 0.81858027, 0.7195001, 0.6228946, 0.8017127, 0.9885779, 0.28985953] |
|12 |   50 |  0.25 | 5000 |      f5 |     375 |481.0694 |   477.0 |    0,85 |-0,0020 |1592513111260 |[0.45377547, 0.3506992, 0.8694829, 0.35515904, 0.15386045, 0.67122096, 0.82162493, 0.20539862, 0.9234191, 0.69221026, 0.41976488, 0.050730348, 0.6943947, 0.9204254, 0.13282472] |
|12 |   50 |  0.44 | 5000 |      f5 |     375 |481.0694 |   477.0 |    0,85 |-0,0020 |1592513111260 |[0.45377547, 0.3506992, 0.8694829, 0.35515904, 0.15386045, 0.67122096, 0.82162493, 0.20539862, 0.9234191, 0.69221026, 0.41976488, 0.050730348, 0.6943947, 0.9204254, 0.13282472] |
|12 |   50 |  0.42 | 5000 |      f5 |     375 |481.0694 |   477.0 |    0,85 |-0,0020 |1592513111260 |[0.45377547, 0.3506992, 0.8694829, 0.35515904, 0.15386045, 0.67122096, 0.82162493, 0.20539862, 0.9234191, 0.69221026, 0.41976488, 0.050730348, 0.6943947, 0.9204254, 0.13282472] |
|12 |   55 |  0.36 | 5000 |      f5 |     375 |481.0694 |   477.0 |    0,85 |-0,0020 |1592513111260 |[0.45377547, 0.3506992, 0.8694829, 0.35515904, 0.15386045, 0.67122096, 0.82162493, 0.20539862, 0.9234191, 0.69221026, 0.41976488, 0.050730348, 0.6943947, 0.9204254, 0.13282472] |
|12 |   55 |  0.45 | 5000 |      f5 |     375 |481.0694 |   477.0 |    0,85 |-0,0020 |1592513111260 |[0.45377547, 0.3506992, 0.8694829, 0.35515904, 0.15386045, 0.67122096, 0.82162493, 0.20539862, 0.9234191, 0.69221026, 0.41976488, 0.050730348, 0.6943947, 0.9204254, 0.13282472] |
|12 |   55 |0.38181818 | 5000 |      f5 |     375 |481.0694 |   477.0 |    0,85 |-0,0020 |1592513111260 |[0.45377547, 0.3506992, 0.8694829, 0.35515904, 0.15386045, 0.67122096, 0.82162493, 0.20539862, 0.9234191, 0.69221026, 0.41976488, 0.050730348, 0.6943947, 0.9204254, 0.13282472] |
|12 |   55 |0.29090908 | 5000 |      f5 |     375 |481.0694 |   477.0 |    0,85 |-0,0020 |1592513111260 |[0.45377547, 0.3506992, 0.8694829, 0.35515904, 0.15386045, 0.67122096, 0.82162493, 0.20539862, 0.9234191, 0.69221026, 0.41976488, 0.050730348, 0.6943947, 0.9204254, 0.13282472] |
|12 |   60 |0.38181818 | 5000 |      f5 |     375 |481.0694 |   477.0 |    0,85 |-0,0020 |1592513111260 |[0.88168734, 0.29543567, 0.506829, 0.8763874, 0.5107581, 0.59514695, 0.25204498, 0.7647303, 0.084914625, 0.28540194, 0.6153329, 0.11501771, 0.35568106, 0.75884515, 0.40399092] |
|12 |   60 |  0.45 | 5000 |      f5 |     375 |481.0694 |   477.0 |    0,85 |-0,0020 |1592513111260 |[0.26537877, 0.9387929, 0.38003343, 0.5166662, 0.8555415, 0.39600068, 0.7932235, 0.63935196, 0.87445843, 0.92446107, 0.8763653, 0.7248894, 0.42938024, 0.3928265, 0.7164845] |
|12 |   60 |0.36666667 | 5000 |      f5 |     375 |481.0694 |   477.0 |    0,85 |-0,0020 |1592513111260 |[0.26537877, 0.9387929, 0.38003343, 0.5166662, 0.8555415, 0.39600068, 0.7932235, 0.63935196, 0.87445843, 0.92446107, 0.8763653, 0.7248894, 0.42938024, 0.3928265, 0.7164845] |
|12 |   60 |   0.4 | 5000 |      f5 |     375 |481.0694 |   477.0 |    0,85 |-0,0020 |1592513111260 |[0.26537877, 0.9387929, 0.38003343, 0.5166662, 0.8555415, 0.39600068, 0.7932235, 0.63935196, 0.87445843, 0.92446107, 0.8763653, 0.7248894, 0.42938024, 0.3928265, 0.7164845] |
|12 |   65 |0.31666666 | 5000 |      f5 |     375 |481.0694 |   477.0 |    0,85 |-0,0020 |1592513111260 |[0.26537877, 0.9387929, 0.38003343, 0.5166662, 0.8555415, 0.39600068, 0.7932235, 0.63935196, 0.87445843, 0.92446107, 0.8763653, 0.7248894, 0.42938024, 0.3928265, 0.7164845] |
|12 |   65 |  0.45 | 5000 |      f5 |     375 |481.0694 |   477.0 |    0,85 |-0,0020 |1592513111260 |[0.26537877, 0.9387929, 0.38003343, 0.5166662, 0.8555415, 0.39600068, 0.7932235, 0.63935196, 0.87445843, 0.92446107, 0.8763653, 0.7248894, 0.42938024, 0.3928265, 0.7164845] |
|12 |   65 |0.3846154 | 5000 |      f5 |     375 |481.0694 |   477.0 |    0,85 |-0,0020 |1592513111260 |[0.26537877, 0.9387929, 0.38003343, 0.5166662, 0.8555415, 0.39600068, 0.7932235, 0.63935196, 0.87445843, 0.92446107, 0.8763653, 0.7248894, 0.42938024, 0.3928265, 0.7164845] |
|12 |   65 |0.30769232 | 5000 |      f5 |     375 |481.0694 |   477.0 |    0,85 |-0,0020 |1592513111260 |[0.26537877, 0.9387929, 0.38003343, 0.5166662, 0.8555415, 0.39600068, 0.7932235, 0.63935196, 0.87445843, 0.92446107, 0.8763653, 0.7248894, 0.42938024, 0.3928265, 0.7164845] |
|12 |   70 |0.36923078 | 5000 |      f5 |     375 |481.0694 |   477.0 |    0,85 |-0,0020 |1592513111260 |[0.26537877, 0.9387929, 0.38003343, 0.5166662, 0.8555415, 0.39600068, 0.7932235, 0.63935196, 0.87445843, 0.92446107, 0.8763653, 0.7248894, 0.42938024, 0.3928265, 0.7164845] |
|12 |   70 |  0.45 | 5000 |      f5 |     375 |481.0694 |   477.0 |    0,85 |-0,0020 |1592513111260 |[0.26537877, 0.9387929, 0.38003343, 0.5166662, 0.8555415, 0.39600068, 0.7932235, 0.63935196, 0.87445843, 0.92446107, 0.8763653, 0.7248894, 0.42938024, 0.3928265, 0.7164845] |
|12 |   70 |   0.4 | 5000 |      f5 |     375 |481.0694 |   477.0 |    0,85 |-0,0020 |1592513111260 |[0.26537877, 0.9387929, 0.38003343, 0.5166662, 0.8555415, 0.39600068, 0.7932235, 0.63935196, 0.87445843, 0.92446107, 0.8763653, 0.7248894, 0.42938024, 0.3928265, 0.7164845] |
|12 |   70 |   0.3 | 5000 |      f5 |     375 |481.0694 |   477.0 |    0,85 |-0,0020 |1592513111260 |[0.26537877, 0.9387929, 0.38003343, 0.5166662, 0.8555415, 0.39600068, 0.7932235, 0.63935196, 0.87445843, 0.92446107, 0.8763653, 0.7248894, 0.42938024, 0.3928265, 0.7164845] |
|12 |   75 |0.31428573 | 5000 |      f5 |     375 |481.0694 |   477.0 |    0,85 |-0,0020 |1592513111260 |[0.26537877, 0.9387929, 0.38003343, 0.5166662, 0.8555415, 0.39600068, 0.7932235, 0.63935196, 0.87445843, 0.92446107, 0.8763653, 0.7248894, 0.42938024, 0.3928265, 0.7164845] |
|12 |   75 |  0.45 | 5000 |      f5 |     375 |481.0694 |   477.0 |    0,85 |-0,0020 |1592513111260 |[0.26537877, 0.9387929, 0.38003343, 0.5166662, 0.8555415, 0.39600068, 0.7932235, 0.63935196, 0.87445843, 0.92446107, 0.8763653, 0.7248894, 0.42938024, 0.3928265, 0.7164845] |
|12 |   75 |  0.45 | 5000 |      f5 |     375 |481.0694 |   477.0 |    0,85 |  6,4 |1592513111260 |[0.26537877, 0.9387929, 0.38003343, 0.5166662, 0.8555415, 0.39600068, 0.7932235, 0.63935196, 0.87445843, 0.92446107, 0.8763653, 0.7248894, 0.42938024, 0.3928265, 0.7164845] |
|13 |   50 |  0.25 | 5000 |      f5 |     375 |481.0694 |   477.0 |    0,85 |-0,0050 |1592513117648 |[0.54224545, 0.30465746, 0.77665585, 0.7016837, 0.7338705, 0.8851817, 0.85578084, 0.65288115, 0.041935265, 0.23450327, 0.63190305, 0.43814367, 0.4870243, 0.10919464, 0.55839723] |
|13 |   50 |  0.34 | 5000 |      f5 |     375 |481.0694 |   477.0 |    0,85 |-0,0050 |1592513117648 |[0.54224545, 0.30465746, 0.77665585, 0.7016837, 0.7338705, 0.8851817, 0.85578084, 0.65288115, 0.041935265, 0.23450327, 0.63190305, 0.43814367, 0.4870243, 0.10919464, 0.55839723] |
|13 |   50 |  0.32 | 5000 |      f5 |     375 |481.0694 |   477.0 |    0,85 |-0,0050 |1592513117648 |[0.54224545, 0.30465746, 0.77665585, 0.7016837, 0.7338705, 0.8851817, 0.85578084, 0.65288115, 0.041935265, 0.23450327, 0.63190305, 0.43814367, 0.4870243, 0.10919464, 0.55839723] |
|13 |   55 |  0.34 | 5000 |      f5 |     375 |481.0694 |   477.0 |    0,85 |-0,0050 |1592513117648 |[0.54224545, 0.30465746, 0.77665585, 0.7016837, 0.7338705, 0.8851817, 0.85578084, 0.65288115, 0.041935265, 0.23450327, 0.63190305, 0.43814367, 0.4870243, 0.10919464, 0.55839723] |
|13 |   55 |  0.45 | 5000 |      f5 |     375 |481.0694 |   477.0 |    0,85 |-0,0050 |1592513117648 |[0.54224545, 0.30465746, 0.77665585, 0.7016837, 0.7338705, 0.8851817, 0.85578084, 0.65288115, 0.041935265, 0.23450327, 0.63190305, 0.43814367, 0.4870243, 0.10919464, 0.55839723] |
|13 |   55 |   0.4 | 5000 |      f5 |     375 |481.0694 |   477.0 |    0,85 |-0,0050 |1592513117648 |[0.54224545, 0.30465746, 0.77665585, 0.7016837, 0.7338705, 0.8851817, 0.85578084, 0.65288115, 0.041935265, 0.23450327, 0.63190305, 0.43814367, 0.4870243, 0.10919464, 0.55839723] |
|13 |   55 |0.25454545 | 5000 |      f5 |     375 |481.0694 |   477.0 |    0,85 |-0,0050 |1592513117648 |[0.54224545, 0.30465746, 0.77665585, 0.7016837, 0.7338705, 0.8851817, 0.85578084, 0.65288115, 0.041935265, 0.23450327, 0.63190305, 0.43814367, 0.4870243, 0.10919464, 0.55839723] |
|13 |   60 |0.29090908 | 5000 |      f5 |     375 |481.0694 |   477.0 |    0,85 |-0,0050 |1592513117648 |[0.54224545, 0.30465746, 0.77665585, 0.7016837, 0.7338705, 0.8851817, 0.85578084, 0.65288115, 0.041935265, 0.23450327, 0.63190305, 0.43814367, 0.4870243, 0.10919464, 0.55839723] |
|13 |   60 |  0.45 | 5000 |      f5 |     375 |481.0694 |   477.0 |    0,85 |-0,0050 |1592513117648 |[0.54224545, 0.30465746, 0.77665585, 0.7016837, 0.7338705, 0.8851817, 0.85578084, 0.65288115, 0.041935265, 0.23450327, 0.63190305, 0.43814367, 0.4870243, 0.10919464, 0.55839723] |
|13 |   60 |0.43333334 | 5000 |      f5 |     375 |481.0694 |   477.0 |    0,85 |-0,0050 |1592513117648 |[0.54224545, 0.30465746, 0.77665585, 0.7016837, 0.7338705, 0.8851817, 0.85578084, 0.65288115, 0.041935265, 0.23450327, 0.63190305, 0.43814367, 0.4870243, 0.10919464, 0.55839723] |
|13 |   60 |0.36666667 | 5000 |      f5 |     375 |481.0694 |   477.0 |    0,85 |-0,0050 |1592513117648 |[0.54224545, 0.30465746, 0.77665585, 0.7016837, 0.7338705, 0.8851817, 0.85578084, 0.65288115, 0.041935265, 0.23450327, 0.63190305, 0.43814367, 0.4870243, 0.10919464, 0.55839723] |
|13 |   65 |  0.35 | 5000 |      f5 |     375 |481.0694 |   477.0 |    0,85 |-0,0050 |1592513117648 |[0.54224545, 0.30465746, 0.77665585, 0.7016837, 0.7338705, 0.8851817, 0.85578084, 0.65288115, 0.041935265, 0.23450327, 0.63190305, 0.43814367, 0.4870243, 0.10919464, 0.55839723] |
|13 |   65 |  0.45 | 5000 |      f5 |     375 |481.0694 |   477.0 |    0,85 |-0,0050 |1592513117648 |[0.54224545, 0.30465746, 0.77665585, 0.7016837, 0.7338705, 0.8851817, 0.85578084, 0.65288115, 0.041935265, 0.23450327, 0.63190305, 0.43814367, 0.4870243, 0.10919464, 0.55839723] |
|13 |   65 |0.43076923 | 5000 |      f5 |     375 |481.0694 |   477.0 |    0,85 |-0,0050 |1592513117648 |[0.54224545, 0.30465746, 0.77665585, 0.7016837, 0.7338705, 0.8851817, 0.85578084, 0.65288115, 0.041935265, 0.23450327, 0.63190305, 0.43814367, 0.4870243, 0.10919464, 0.55839723] |
|13 |   65 |0.44615385 | 5000 |      f5 |     375 |481.0694 |   477.0 |    0,85 |-0,0050 |1592513117648 |[0.54224545, 0.30465746, 0.77665585, 0.7016837, 0.7338705, 0.8851817, 0.85578084, 0.65288115, 0.041935265, 0.23450327, 0.63190305, 0.43814367, 0.4870243, 0.10919464, 0.55839723] |
|13 |   70 |0.41538462 | 5000 |      f5 |     375 |481.0694 |   477.0 |    0,85 |-0,0050 |1592513117648 |[0.54224545, 0.30465746, 0.77665585, 0.7016837, 0.7338705, 0.8851817, 0.85578084, 0.65288115, 0.041935265, 0.23450327, 0.63190305, 0.43814367, 0.4870243, 0.10919464, 0.55839723] |
|13 |   70 |  0.45 | 5000 |      f5 |     375 |481.0694 |   477.0 |    0,85 |-0,0050 |1592513117648 |[0.54224545, 0.30465746, 0.77665585, 0.7016837, 0.7338705, 0.8851817, 0.85578084, 0.65288115, 0.041935265, 0.23450327, 0.63190305, 0.43814367, 0.4870243, 0.10919464, 0.55839723] |
|13 |   70 |0.32857144 | 5000 |      f5 |     375 |481.0694 |   477.0 |    0,85 |-0,0050 |1592513117648 |[0.54224545, 0.30465746, 0.77665585, 0.7016837, 0.7338705, 0.8851817, 0.85578084, 0.65288115, 0.041935265, 0.23450327, 0.63190305, 0.43814367, 0.4870243, 0.10919464, 0.55839723] |
|13 |   70 |0.35714287 | 5000 |      f5 |     375 |481.0694 |   477.0 |    0,85 |-0,0050 |1592513117648 |[0.54224545, 0.30465746, 0.77665585, 0.7016837, 0.7338705, 0.8851817, 0.85578084, 0.65288115, 0.041935265, 0.23450327, 0.63190305, 0.43814367, 0.4870243, 0.10919464, 0.55839723] |
|13 |   75 |0.34285715 | 5000 |      f5 |     375 |481.0694 |   477.0 |    0,85 |-0,0050 |1592513117648 |[0.54224545, 0.30465746, 0.77665585, 0.7016837, 0.7338705, 0.8851817, 0.85578084, 0.65288115, 0.041935265, 0.23450327, 0.63190305, 0.43814367, 0.4870243, 0.10919464, 0.55839723] |
|13 |   75 |  0.45 | 5000 |      f5 |     375 |481.0694 |   477.0 |    0,85 |-0,0050 |1592513117648 |[0.54224545, 0.30465746, 0.77665585, 0.7016837, 0.7338705, 0.8851817, 0.85578084, 0.65288115, 0.041935265, 0.23450327, 0.63190305, 0.43814367, 0.4870243, 0.10919464, 0.55839723] |
|13 |   75 |  0.45 | 5000 |      f5 |     375 |481.0694 |   477.0 |    0,85 |  6,3 |1592513117648 |[0.54224545, 0.30465746, 0.77665585, 0.7016837, 0.7338705, 0.8851817, 0.85578084, 0.65288115, 0.041935265, 0.23450327, 0.63190305, 0.43814367, 0.4870243, 0.10919464, 0.55839723] |
|14 |   50 |  0.25 | 5000 |      f5 |     375 |481.0694 |   477.0 |    0,85 |-0,0060 |1592513123984 |[0.058790028, 0.88878554, 0.8233301, 0.43146867, 0.057716846, 0.65470916, 0.9574396, 0.15539443, 0.64599043, 0.68384933, 0.5486027, 0.20668364, 0.798014, 0.17646593, 0.7454012] |
|14 |   50 |  0.32 | 5000 |      f5 |     375 |481.0694 |   477.0 |    0,85 |-0,0060 |1592513123984 |[0.058790028, 0.88878554, 0.8233301, 0.43146867, 0.057716846, 0.65470916, 0.9574396, 0.15539443, 0.64599043, 0.68384933, 0.5486027, 0.20668364, 0.798014, 0.17646593, 0.7454012] |
|14 |   50 |  0.36 | 5000 |      f5 |     375 |481.0694 |   477.0 |    0,85 |-0,0060 |1592513123984 |[0.058790028, 0.88878554, 0.8233301, 0.43146867, 0.057716846, 0.65470916, 0.9574396, 0.15539443, 0.64599043, 0.68384933, 0.5486027, 0.20668364, 0.798014, 0.17646593, 0.7454012] |
|14 |   55 |   0.3 | 5000 |      f5 |     375 |481.0694 |   477.0 |    0,85 |-0,0060 |1592513123984 |[0.058790028, 0.88878554, 0.8233301, 0.43146867, 0.057716846, 0.65470916, 0.9574396, 0.15539443, 0.64599043, 0.68384933, 0.5486027, 0.20668364, 0.798014, 0.17646593, 0.7454012] |
|14 |   55 |  0.45 | 5000 |      f5 |     375 |481.0694 |   477.0 |    0,85 |-0,0060 |1592513123984 |[0.058790028, 0.88878554, 0.8233301, 0.43146867, 0.057716846, 0.65470916, 0.9574396, 0.15539443, 0.64599043, 0.68384933, 0.5486027, 0.20668364, 0.798014, 0.17646593, 0.7454012] |
|14 |   55 |0.38181818 | 5000 |      f5 |     375 |481.0694 |   477.0 |    0,85 |-0,0060 |1592513123984 |[0.619534, 0.34398413, 0.06583208, 0.73230076, 0.98480284, 0.9496194, 0.9820888, 0.91509485, 0.98142046, 0.7952484, 0.004132986, 0.13235557, 0.6893962, 0.11515349, 0.0775668] |
|14 |   55 |   0.4 | 5000 |      f5 |     375 |481.0694 |   477.0 |    0,85 |-0,0060 |1592513123984 |[0.619534, 0.34398413, 0.06583208, 0.73230076, 0.98480284, 0.9496194, 0.9820888, 0.91509485, 0.98142046, 0.7952484, 0.004132986, 0.13235557, 0.6893962, 0.11515349, 0.0775668] |
|14 |   60 |0.34545454 | 5000 |      f5 |     375 |481.0694 |   477.0 |    0,85 |-0,0060 |1592513123984 |[0.619534, 0.34398413, 0.06583208, 0.73230076, 0.98480284, 0.9496194, 0.9820888, 0.91509485, 0.98142046, 0.7952484, 0.004132986, 0.13235557, 0.6893962, 0.11515349, 0.0775668] |
|14 |   60 |  0.45 | 5000 |      f5 |     375 |481.0694 |   477.0 |    0,85 |-0,0060 |1592513123984 |[0.619534, 0.34398413, 0.06583208, 0.73230076, 0.98480284, 0.9496194, 0.9820888, 0.91509485, 0.98142046, 0.7952484, 0.004132986, 0.13235557, 0.6893962, 0.11515349, 0.0775668] |
|14 |   60 |0.41666666 | 5000 |      f5 |     375 |481.0694 |   477.0 |    0,85 |-0,0060 |1592513123984 |[0.619534, 0.34398413, 0.06583208, 0.73230076, 0.98480284, 0.9496194, 0.9820888, 0.91509485, 0.98142046, 0.7952484, 0.004132986, 0.13235557, 0.6893962, 0.11515349, 0.0775668] |
|14 |   60 |  0.35 | 5000 |      f5 |     375 |481.0694 |   477.0 |    0,85 |-0,0060 |1592513123984 |[0.619534, 0.34398413, 0.06583208, 0.73230076, 0.98480284, 0.9496194, 0.9820888, 0.91509485, 0.98142046, 0.7952484, 0.004132986, 0.13235557, 0.6893962, 0.11515349, 0.0775668] |
|14 |   65 |0.43333334 | 5000 |      f5 |     375 |481.0694 |   477.0 |    0,85 |-0,0060 |1592513123984 |[0.619534, 0.34398413, 0.06583208, 0.73230076, 0.98480284, 0.9496194, 0.9820888, 0.91509485, 0.98142046, 0.7952484, 0.004132986, 0.13235557, 0.6893962, 0.11515349, 0.0775668] |
|14 |   65 |  0.45 | 5000 |      f5 |     375 |481.0694 |   477.0 |    0,85 |-0,0060 |1592513123984 |[0.619534, 0.34398413, 0.06583208, 0.73230076, 0.98480284, 0.9496194, 0.9820888, 0.91509485, 0.98142046, 0.7952484, 0.004132986, 0.13235557, 0.6893962, 0.11515349, 0.0775668] |
|14 |   65 |0.36923078 | 5000 |      f5 |     375 |481.0694 |   477.0 |    0,85 |-0,0060 |1592513123984 |[0.619534, 0.34398413, 0.06583208, 0.73230076, 0.98480284, 0.9496194, 0.9820888, 0.91509485, 0.98142046, 0.7952484, 0.004132986, 0.13235557, 0.6893962, 0.11515349, 0.0775668] |
|14 |   65 |0.43076923 | 5000 |      f5 |     375 |481.0694 |   477.0 |    0,85 |-0,0060 |1592513123984 |[0.619534, 0.34398413, 0.06583208, 0.73230076, 0.98480284, 0.9496194, 0.9820888, 0.91509485, 0.98142046, 0.7952484, 0.004132986, 0.13235557, 0.6893962, 0.11515349, 0.0775668] |
|14 |   70 |0.41538462 | 5000 |      f5 |     375 |481.0694 |   477.0 |    0,85 |-0,0060 |1592513123984 |[0.619534, 0.34398413, 0.06583208, 0.73230076, 0.98480284, 0.9496194, 0.9820888, 0.91509485, 0.98142046, 0.7952484, 0.004132986, 0.13235557, 0.6893962, 0.11515349, 0.0775668] |
|14 |   70 |  0.45 | 5000 |      f5 |     375 |481.0694 |   477.0 |    0,85 |-0,0060 |1592513123984 |[0.619534, 0.34398413, 0.06583208, 0.73230076, 0.98480284, 0.9496194, 0.9820888, 0.91509485, 0.98142046, 0.7952484, 0.004132986, 0.13235557, 0.6893962, 0.11515349, 0.0775668] |
|14 |   70 |0.32857144 | 5000 |      f5 |     375 |481.0694 |   477.0 |    0,85 |-0,0060 |1592513123984 |[0.619534, 0.34398413, 0.06583208, 0.73230076, 0.98480284, 0.9496194, 0.9820888, 0.91509485, 0.98142046, 0.7952484, 0.004132986, 0.13235557, 0.6893962, 0.11515349, 0.0775668] |
|14 |   70 |0.34285715 | 5000 |      f5 |     375 |481.0694 |   477.0 |    0,85 |-0,0060 |1592513123984 |[0.619534, 0.34398413, 0.06583208, 0.73230076, 0.98480284, 0.9496194, 0.9820888, 0.91509485, 0.98142046, 0.7952484, 0.004132986, 0.13235557, 0.6893962, 0.11515349, 0.0775668] |
|14 |   75 |0.31428573 | 5000 |      f5 |     375 |481.0694 |   477.0 |    0,85 |-0,0060 |1592513123984 |[0.619534, 0.34398413, 0.06583208, 0.73230076, 0.98480284, 0.9496194, 0.9820888, 0.91509485, 0.98142046, 0.7952484, 0.004132986, 0.13235557, 0.6893962, 0.11515349, 0.0775668] |
|14 |   75 |  0.45 | 5000 |      f5 |     375 |481.0694 |   477.0 |    0,85 |-0,0060 |1592513123984 |[0.619534, 0.34398413, 0.06583208, 0.73230076, 0.98480284, 0.9496194, 0.9820888, 0.91509485, 0.98142046, 0.7952484, 0.004132986, 0.13235557, 0.6893962, 0.11515349, 0.0775668] |
|14 |   75 |  0.45 | 5000 |      f5 |     375 |481.0694 |   477.0 |    0,85 |  6,4 |1592513123984 |[0.619534, 0.34398413, 0.06583208, 0.73230076, 0.98480284, 0.9496194, 0.9820888, 0.91509485, 0.98142046, 0.7952484, 0.004132986, 0.13235557, 0.6893962, 0.11515349, 0.0775668] |
|15 |   50 |  0.25 | 5000 |      f5 |     375 |481.0694 |   477.0 |    0,85 |-0,0010 |1592513130341 |[0.5861078, 0.44471204, 0.18226945, 0.039729536, 0.18572783, 0.51542515, 0.7477085, 0.5149977, 0.030204535, 0.5174738, 0.60176635, 0.32930958, 0.8422834, 0.9245856, 0.84751076] |
|15 |   50 |  0.22 | 5000 |      f5 |     375 |481.0694 |   477.0 |    0,85 |-0,0010 |1592513130341 |[0.5861078, 0.44471204, 0.18226945, 0.039729536, 0.18572783, 0.51542515, 0.7477085, 0.5149977, 0.030204535, 0.5174738, 0.60176635, 0.32930958, 0.8422834, 0.9245856, 0.84751076] |
|15 |   50 |  0.28 | 5000 |      f5 |     375 |481.0694 |   477.0 |    0,85 |-0,0010 |1592513130341 |[0.5861078, 0.44471204, 0.18226945, 0.039729536, 0.18572783, 0.51542515, 0.7477085, 0.5149977, 0.030204535, 0.5174738, 0.60176635, 0.32930958, 0.8422834, 0.9245856, 0.84751076] |
|15 |   55 |  0.36 | 5000 |      f5 |     375 |481.0694 |   477.0 |    0,85 |-0,0010 |1592513130341 |[0.5861078, 0.44471204, 0.18226945, 0.039729536, 0.18572783, 0.51542515, 0.7477085, 0.5149977, 0.030204535, 0.5174738, 0.60176635, 0.32930958, 0.8422834, 0.9245856, 0.84751076] |
|15 |   55 |  0.45 | 5000 |      f5 |     375 |481.0694 |   477.0 |    0,85 |-0,0010 |1592513130341 |[0.5861078, 0.44471204, 0.18226945, 0.039729536, 0.18572783, 0.51542515, 0.7477085, 0.5149977, 0.030204535, 0.5174738, 0.60176635, 0.32930958, 0.8422834, 0.9245856, 0.84751076] |
|15 |   55 |   0.4 | 5000 |      f5 |     375 |481.0694 |   477.0 |    0,85 |-0,0010 |1592513130341 |[0.5861078, 0.44471204, 0.18226945, 0.039729536, 0.18572783, 0.51542515, 0.7477085, 0.5149977, 0.030204535, 0.5174738, 0.60176635, 0.32930958, 0.8422834, 0.9245856, 0.84751076] |
|15 |   55 |   0.4 | 5000 |      f5 |     375 |481.0694 |   477.0 |    0,85 |-0,0010 |1592513130341 |[0.5861078, 0.44471204, 0.18226945, 0.039729536, 0.18572783, 0.51542515, 0.7477085, 0.5149977, 0.030204535, 0.5174738, 0.60176635, 0.32930958, 0.8422834, 0.9245856, 0.84751076] |
|15 |   60 |0.3090909 | 5000 |      f5 |     375 |481.0694 |   477.0 |    0,85 |-0,0010 |1592513130341 |[0.5861078, 0.44471204, 0.18226945, 0.039729536, 0.18572783, 0.51542515, 0.7477085, 0.5149977, 0.030204535, 0.5174738, 0.60176635, 0.32930958, 0.8422834, 0.9245856, 0.84751076] |
|15 |   60 |  0.45 | 5000 |      f5 |     375 |481.0694 |   477.0 |    0,85 |-0,0010 |1592513130341 |[0.5861078, 0.44471204, 0.18226945, 0.039729536, 0.18572783, 0.51542515, 0.7477085, 0.5149977, 0.030204535, 0.5174738, 0.60176635, 0.32930958, 0.8422834, 0.9245856, 0.84751076] |
|15 |   60 |   0.4 | 5000 |      f5 |     375 |481.0694 |   477.0 |    0,85 |-0,0010 |1592513130341 |[0.5861078, 0.44471204, 0.18226945, 0.039729536, 0.18572783, 0.51542515, 0.7477085, 0.5149977, 0.030204535, 0.5174738, 0.60176635, 0.32930958, 0.8422834, 0.9245856, 0.84751076] |
|15 |   60 |0.33333334 | 5000 |      f5 |     375 |481.0694 |   477.0 |    0,85 |-0,0010 |1592513130341 |[0.5861078, 0.44471204, 0.18226945, 0.039729536, 0.18572783, 0.51542515, 0.7477085, 0.5149977, 0.030204535, 0.5174738, 0.60176635, 0.32930958, 0.8422834, 0.9245856, 0.84751076] |
|15 |   65 |0.33333334 | 5000 |      f5 |     375 |481.0694 |   477.0 |    0,85 |-0,0010 |1592513130341 |[0.5861078, 0.44471204, 0.18226945, 0.039729536, 0.18572783, 0.51542515, 0.7477085, 0.5149977, 0.030204535, 0.5174738, 0.60176635, 0.32930958, 0.8422834, 0.9245856, 0.84751076] |
|15 |   65 |  0.45 | 5000 |      f5 |     375 |481.0694 |   477.0 |    0,85 |-0,0010 |1592513130341 |[0.5861078, 0.44471204, 0.18226945, 0.039729536, 0.18572783, 0.51542515, 0.7477085, 0.5149977, 0.030204535, 0.5174738, 0.60176635, 0.32930958, 0.8422834, 0.9245856, 0.84751076] |
|15 |   65 |   0.4 | 5000 |      f5 |     375 |481.0694 |   477.0 |    0,85 |-0,0010 |1592513130341 |[0.5861078, 0.44471204, 0.18226945, 0.039729536, 0.18572783, 0.51542515, 0.7477085, 0.5149977, 0.030204535, 0.5174738, 0.60176635, 0.32930958, 0.8422834, 0.9245856, 0.84751076] |
|15 |   65 |0.43076923 | 5000 |      f5 |     375 |481.0694 |   477.0 |    0,85 |-0,0010 |1592513130341 |[0.5861078, 0.44471204, 0.18226945, 0.039729536, 0.18572783, 0.51542515, 0.7477085, 0.5149977, 0.030204535, 0.5174738, 0.60176635, 0.32930958, 0.8422834, 0.9245856, 0.84751076] |
|15 |   70 |0.43076923 | 5000 |      f5 |     375 |481.0694 |   477.0 |    0,85 |-0,0010 |1592513130341 |[0.5861078, 0.44471204, 0.18226945, 0.039729536, 0.18572783, 0.51542515, 0.7477085, 0.5149977, 0.030204535, 0.5174738, 0.60176635, 0.32930958, 0.8422834, 0.9245856, 0.84751076] |
|15 |   70 |  0.45 | 5000 |      f5 |     375 |481.0694 |   477.0 |    0,85 |-0,0010 |1592513130341 |[0.5861078, 0.44471204, 0.18226945, 0.039729536, 0.18572783, 0.51542515, 0.7477085, 0.5149977, 0.030204535, 0.5174738, 0.60176635, 0.32930958, 0.8422834, 0.9245856, 0.84751076] |
|15 |   70 |0.41428572 | 5000 |      f5 |     375 |481.0694 |   477.0 |    0,85 |-0,0010 |1592513130341 |[0.5861078, 0.44471204, 0.18226945, 0.039729536, 0.18572783, 0.51542515, 0.7477085, 0.5149977, 0.030204535, 0.5174738, 0.60176635, 0.32930958, 0.8422834, 0.9245856, 0.84751076] |
|15 |   70 |0.35714287 | 5000 |      f5 |     375 |481.0694 |   477.0 |    0,85 |-0,0010 |1592513130341 |[0.5861078, 0.44471204, 0.18226945, 0.039729536, 0.18572783, 0.51542515, 0.7477085, 0.5149977, 0.030204535, 0.5174738, 0.60176635, 0.32930958, 0.8422834, 0.9245856, 0.84751076] |
|15 |   75 |0.42857143 | 5000 |      f5 |     375 |481.0694 |   477.0 |    0,85 |-0,0010 |1592513130341 |[0.5861078, 0.44471204, 0.18226945, 0.039729536, 0.18572783, 0.51542515, 0.7477085, 0.5149977, 0.030204535, 0.5174738, 0.60176635, 0.32930958, 0.8422834, 0.9245856, 0.84751076] |
|15 |   75 |  0.45 | 5000 |      f5 |     375 |481.0694 |   477.0 |    0,85 |-0,0010 |1592513130341 |[0.5861078, 0.44471204, 0.18226945, 0.039729536, 0.18572783, 0.51542515, 0.7477085, 0.5149977, 0.030204535, 0.5174738, 0.60176635, 0.32930958, 0.8422834, 0.9245856, 0.84751076] |
|15 |   75 |  0.45 | 5000 |      f5 |     375 |481.0694 |   477.0 |    0,85 |  6,3 |1592513130341 |[0.5861078, 0.44471204, 0.18226945, 0.039729536, 0.18572783, 0.51542515, 0.7477085, 0.5149977, 0.030204535, 0.5174738, 0.60176635, 0.32930958, 0.8422834, 0.9245856, 0.84751076] |
