| # | Nest | %Desc |#Iter |Instancia | CapMoch |ValOptmo | BestFit |     RDP | time |      semilla |VectorSolucion |
-------------------------------------------------------------------------------------------------
| 1 |   25 |  0.25 | 2500 |      f6 |      60 |    52.0 |    52.0 |    0,00 |-1,6e+09 |1592510589579 |[0.16032016, 0.07708675, 0.4224224, 0.6628091, 0.46771133, 0.15666616, 0.0905565, 0.80615425, 0.7489468, 0.26666647] |
| 1 |   25 |  0.25 | 2500 |      f6 |      60 |    52.0 |    52.0 |    0,00 |0,0010 |1592510589579 |[0.16032016, 0.07708675, 0.4224224, 0.6628091, 0.46771133, 0.15666616, 0.0905565, 0.80615425, 0.7489468, 0.26666647] |
| 2 |   25 |  0.25 | 2500 |      f6 |      60 |    52.0 |    52.0 |    0,00 |-0,0010 |1592510589581 |[0.8106498, 0.8609054, 0.16895336, 0.3938645, 0.206685, 0.25869203, 0.50510144, 0.36138093, 0.12972724, 0.40111703] |
| 2 |   25 |  0.25 | 2500 |      f6 |      60 |    52.0 |    52.0 |    0,00 |0,0010 |1592510589581 |[0.8106498, 0.8609054, 0.16895336, 0.3938645, 0.206685, 0.25869203, 0.50510144, 0.36138093, 0.12972724, 0.40111703] |
| 3 |   25 |  0.25 | 2500 |      f6 |      60 |    52.0 |    52.0 |    0,00 |  0,0 |1592510589582 |[0.8546671, 0.755596, 0.99564457, 0.08298898, 0.6153011, 0.628919, 0.56617117, 0.8247792, 0.5071977, 0.9714463] |
| 3 |   25 |  0.25 | 2500 |      f6 |      60 |    52.0 |    52.0 |    0,00 |0,0010 |1592510589582 |[0.8546671, 0.755596, 0.99564457, 0.08298898, 0.6153011, 0.628919, 0.56617117, 0.8247792, 0.5071977, 0.9714463] |
| 4 |   25 |  0.25 | 2500 |      f6 |      60 |    52.0 |    52.0 |    0,00 |  0,0 |1592510589583 |[0.9923288, 0.9295221, 0.60875326, 0.5300563, 0.5962406, 0.026067495, 0.90560913, 0.9214662, 0.6254536, 0.8199089] |
| 4 |   25 |  0.25 | 2500 |      f6 |      60 |    52.0 |    52.0 |    0,00 |0,0010 |1592510589583 |[0.9923288, 0.9295221, 0.60875326, 0.5300563, 0.5962406, 0.026067495, 0.90560913, 0.9214662, 0.6254536, 0.8199089] |
| 5 |   25 |  0.25 | 2500 |      f6 |      60 |    52.0 |    52.0 |    0,00 |  0,0 |1592510589584 |[0.17641246, 0.3495887, 0.6310211, 0.22896856, 0.20521677, 0.044846117, 0.38389748, 0.92480147, 0.8205443, 0.4298336] |
| 5 |   25 |  0.25 | 2500 |      f6 |      60 |    52.0 |    52.0 |    0,00 |  0,0 |1592510589584 |[0.17641246, 0.3495887, 0.6310211, 0.22896856, 0.20521677, 0.044846117, 0.38389748, 0.92480147, 0.8205443, 0.4298336] |
| 6 |   25 |  0.25 | 2500 |      f6 |      60 |    52.0 |    52.0 |    0,00 |-0,0010 |1592510589585 |[0.95959234, 0.85319155, 0.6274058, 0.12265855, 0.22352362, 0.24354321, 0.9250529, 0.008098662, 0.4792673, 0.11027831] |
| 6 |   25 |  0.25 | 2500 |      f6 |      60 |    52.0 |    52.0 |    0,00 |  0,0 |1592510589585 |[0.95959234, 0.85319155, 0.6274058, 0.12265855, 0.22352362, 0.24354321, 0.9250529, 0.008098662, 0.4792673, 0.11027831] |
| 7 |   25 |  0.25 | 2500 |      f6 |      60 |    52.0 |    52.0 |    0,00 |-0,0010 |1592510589586 |[0.8709066, 0.7531889, 0.81980896, 0.5387762, 0.280056, 0.014759898, 0.8146692, 0.21572828, 0.6479826, 0.8819396] |
| 7 |   25 |  0.25 | 2500 |      f6 |      60 |    52.0 |    52.0 |    0,00 |  0,0 |1592510589586 |[0.8709066, 0.7531889, 0.81980896, 0.5387762, 0.280056, 0.014759898, 0.8146692, 0.21572828, 0.6479826, 0.8819396] |
| 8 |   25 |  0.25 | 2500 |      f6 |      60 |    52.0 |    52.0 |    0,00 |  0,0 |1592510589586 |[0.8931211, 0.6508257, 0.2890255, 0.8916735, 1.9490719E-4, 0.9617562, 0.29699552, 0.55637586, 0.6750551, 0.6520412] |
| 8 |   25 |  0.25 | 2500 |      f6 |      60 |    52.0 |    52.0 |    0,00 |0,0010 |1592510589586 |[0.8931211, 0.6508257, 0.2890255, 0.8916735, 1.9490719E-4, 0.9617562, 0.29699552, 0.55637586, 0.6750551, 0.6520412] |
| 9 |   25 |  0.25 | 2500 |      f6 |      60 |    52.0 |    52.0 |    0,00 |  0,0 |1592510589587 |[0.54691756, 0.6716049, 0.9143331, 0.40519965, 0.5027419, 0.9020299, 0.97828287, 0.9351371, 0.48881322, 0.6113152] |
| 9 |   25 |  0.25 | 2500 |      f6 |      60 |    52.0 |    52.0 |    0,00 |0,0010 |1592510589587 |[0.54691756, 0.6716049, 0.9143331, 0.40519965, 0.5027419, 0.9020299, 0.97828287, 0.9351371, 0.48881322, 0.6113152] |
|10 |   25 |  0.25 | 2500 |      f6 |      60 |    52.0 |    52.0 |    0,00 |  0,0 |1592510589588 |[0.64796287, 0.69118166, 0.7283519, 0.33759964, 0.0075437427, 0.5852212, 0.22223693, 0.033504665, 0.53033936, 0.30967903] |
|10 |   25 |  0.25 | 2500 |      f6 |      60 |    52.0 |    52.0 |    0,00 |0,0010 |1592510589588 |[0.64796287, 0.69118166, 0.7283519, 0.33759964, 0.0075437427, 0.5852212, 0.22223693, 0.033504665, 0.53033936, 0.30967903] |
|11 |   25 |  0.25 | 2500 |      f6 |      60 |    52.0 |    52.0 |    0,00 |  0,0 |1592510589589 |[0.89647853, 0.2993244, 0.076545894, 0.73801994, 0.79947025, 0.8538229, 0.30582184, 0.45832443, 0.6718106, 0.90069807] |
|11 |   25 |  0.25 | 2500 |      f6 |      60 |    52.0 |    52.0 |    0,00 |0,0010 |1592510589589 |[0.89647853, 0.2993244, 0.076545894, 0.73801994, 0.79947025, 0.8538229, 0.30582184, 0.45832443, 0.6718106, 0.90069807] |
|12 |   25 |  0.25 | 2500 |      f6 |      60 |    52.0 |    52.0 |    0,00 |  0,0 |1592510589590 |[0.761597, 0.108248115, 0.5185582, 0.7407959, 0.2935968, 0.19453412, 0.1725291, 0.88539416, 0.058609545, 0.67970985] |
|12 |   25 |  0.25 | 2500 |      f6 |      60 |    52.0 |    52.0 |    0,00 |0,0010 |1592510589590 |[0.761597, 0.108248115, 0.5185582, 0.7407959, 0.2935968, 0.19453412, 0.1725291, 0.88539416, 0.058609545, 0.67970985] |
|13 |   25 |  0.25 | 2500 |      f6 |      60 |    52.0 |    52.0 |    0,00 |  0,0 |1592510589591 |[0.7508777, 0.8695418, 0.9969733, 0.46579725, 0.95423067, 0.8223456, 0.8625399, 0.74279785, 0.27387995, 0.83589643] |
|13 |   25 |  0.25 | 2500 |      f6 |      60 |    52.0 |    52.0 |    0,00 |  0,0 |1592510589591 |[0.7508777, 0.8695418, 0.9969733, 0.46579725, 0.95423067, 0.8223456, 0.8625399, 0.74279785, 0.27387995, 0.83589643] |
|14 |   25 |  0.25 | 2500 |      f6 |      60 |    52.0 |    52.0 |    0,00 |-0,0010 |1592510589592 |[0.39147395, 0.48212463, 0.67395204, 0.7795262, 0.99459165, 0.44507164, 0.99097085, 0.64051074, 0.141478, 0.9696114] |
|14 |   25 |  0.25 | 2500 |      f6 |      60 |    52.0 |    52.0 |    0,00 |  0,0 |1592510589592 |[0.39147395, 0.48212463, 0.67395204, 0.7795262, 0.99459165, 0.44507164, 0.99097085, 0.64051074, 0.141478, 0.9696114] |
|15 |   25 |  0.25 | 2500 |      f6 |      60 |    52.0 |    52.0 |    0,00 |  0,0 |1592510589592 |[0.8181264, 0.8945776, 0.67758095, 0.7488907, 0.76437366, 0.597509, 0.5105339, 0.036583245, 0.60036176, 0.9010426] |
|15 |   25 |  0.25 | 2500 |      f6 |      60 |    52.0 |    52.0 |    0,00 |0,0010 |1592510589592 |[0.8181264, 0.8945776, 0.67758095, 0.7488907, 0.76437366, 0.597509, 0.5105339, 0.036583245, 0.60036176, 0.9010426] |
