|Instancia |Ejecucion |Iteracion |Iter Max |Nidos |   %Pa |tipoDiscretizacion |tipoBinarizacion | CapMoch |   Optmo |OptimoObtenido |     RDP | time |      semilla |VectorSolucionReal |VectorSolucionBinario |
-------------------------------------------------------------------------------------------------
|      f3 | 1 |       1 |    5000 |   50 |  0.25 |standard | sshape3 |      20 |    35.0 |    35.0 |    0,00 |-1,6e+09 |1592654804648 |[0.044819713, 0.07337016, 0.61861587, 0.47219235] |[1.0, 1.0, 0.0, 1.0] |
|      f3 | 1 |       2 |    5000 |   50 |  0.25 |standard | sshape3 |      20 |    35.0 |    35.0 |    0,00 |0,0010 |1592654804648 |[0.044819713, 0.07337016, 0.61861587, 0.47219235] |[1.0, 1.0, 0.0, 1.0] |
|      f3 | 2 |       1 |    5000 |   50 |  0.25 |standard | sshape3 |      20 |    35.0 |    35.0 |    0,00 |  0,0 |1592654804649 |[0.59370136, 0.17458946, 0.82789993, 0.13496381] |[1.0, 1.0, 1.0, 0.0] |
|      f3 | 2 |       2 |    5000 |   50 |  0.25 |standard | sshape3 |      20 |    35.0 |    35.0 |    0,00 |0,0010 |1592654804649 |[0.59370136, 0.17458946, 0.82789993, 0.13496381] |[1.0, 1.0, 1.0, 0.0] |
|      f3 | 3 |       1 |    5000 |   50 |  0.25 |standard | sshape3 |      20 |    35.0 |    35.0 |    0,00 |  0,0 |1592654804650 |[0.6732868, 0.59984267, 0.4256904, 0.86561614] |[1.0, 1.0, 1.0, 0.0] |
|      f3 | 3 |       2 |    5000 |   50 |  0.25 |standard | sshape3 |      20 |    35.0 |    35.0 |    0,00 |0,0010 |1592654804650 |[0.6732868, 0.59984267, 0.4256904, 0.86561614] |[1.0, 1.0, 1.0, 0.0] |
|      f3 | 4 |       1 |    5000 |   50 |  0.25 |standard | sshape3 |      20 |    35.0 |    35.0 |    0,00 |  0,0 |1592654804651 |[0.10483384, 0.91382486, 0.8309676, 0.53796273] |[0.0, 1.0, 1.0, 0.0] |
|      f3 | 4 |       2 |    5000 |   50 |  0.25 |standard | sshape3 |      20 |    35.0 |    35.0 |    0,00 |0,0010 |1592654804651 |[0.10483384, 0.91382486, 0.8309676, 0.53796273] |[0.0, 1.0, 1.0, 0.0] |
|      f3 | 5 |       1 |    5000 |   50 |  0.25 |standard | sshape3 |      20 |    35.0 |    35.0 |    0,00 |  0,0 |1592654804652 |[0.115826726, 0.36959803, 0.7237237, 0.27550232] |[0.0, 1.0, 1.0, 0.0] |
|      f3 | 5 |       2 |    5000 |   50 |  0.25 |standard | sshape3 |      20 |    35.0 |    35.0 |    0,00 |0,0020 |1592654804652 |[0.115826726, 0.36959803, 0.7237237, 0.27550232] |[0.0, 1.0, 1.0, 0.0] |
|      f3 | 6 |       1 |    5000 |   50 |  0.25 |standard | sshape3 |      20 |    35.0 |    35.0 |    0,00 |  0,0 |1592654804654 |[0.59605837, 0.82615584, 0.5278972, 0.8608413] |[1.0, 1.0, 0.0, 1.0] |
|      f3 | 6 |       2 |    5000 |   50 |  0.25 |standard | sshape3 |      20 |    35.0 |    35.0 |    0,00 |0,0010 |1592654804654 |[0.59605837, 0.82615584, 0.5278972, 0.8608413] |[1.0, 1.0, 0.0, 1.0] |
|      f3 | 7 |       1 |    5000 |   50 |  0.25 |standard | sshape3 |      20 |    35.0 |    35.0 |    0,00 |-0,0010 |1592654804656 |[0.3268324, 0.5838975, 0.25162476, 0.9375956] |[1.0, 1.0, 0.0, 1.0] |
|      f3 | 7 |       2 |    5000 |   50 |  0.25 |standard | sshape3 |      20 |    35.0 |    35.0 |    0,00 |  0,0 |1592654804656 |[0.3268324, 0.5838975, 0.25162476, 0.9375956] |[1.0, 1.0, 0.0, 1.0] |
|      f3 | 8 |       1 |    5000 |   50 |  0.25 |standard | sshape3 |      20 |    35.0 |    35.0 |    0,00 |-0,0010 |1592654804657 |[0.2590277, 0.9198435, 0.29880822, 0.34702227] |[1.0, 1.0, 0.0, 1.0] |
|      f3 | 8 |       2 |    5000 |   50 |  0.25 |standard | sshape3 |      20 |    35.0 |    35.0 |    0,00 |0,0010 |1592654804657 |[0.2590277, 0.9198435, 0.29880822, 0.34702227] |[1.0, 1.0, 0.0, 1.0] |
|      f3 | 9 |       1 |    5000 |   50 |  0.25 |standard | sshape3 |      20 |    35.0 |    35.0 |    0,00 |  0,0 |1592654804658 |[0.2859692, 0.55896676, 0.6390022, 0.82259613] |[1.0, 1.0, 0.0, 1.0] |
|      f3 | 9 |       2 |    5000 |   50 |  0.25 |standard | sshape3 |      20 |    35.0 |    35.0 |    0,00 |  0,0 |1592654804658 |[0.2859692, 0.55896676, 0.6390022, 0.82259613] |[1.0, 1.0, 0.0, 1.0] |
|      f3 |10 |       1 |    5000 |   50 |  0.25 |standard | sshape3 |      20 |    35.0 |    35.0 |    0,00 |-0,0010 |1592654804659 |[0.43818188, 0.85790926, 0.42290634, 0.57062835] |[1.0, 1.0, 1.0, 0.0] |
|      f3 |10 |       2 |    5000 |   50 |  0.25 |standard | sshape3 |      20 |    35.0 |    35.0 |    0,00 |  0,0 |1592654804659 |[0.43818188, 0.85790926, 0.42290634, 0.57062835] |[1.0, 1.0, 1.0, 0.0] |
|      f3 |11 |       1 |    5000 |   50 |  0.25 |standard | sshape3 |      20 |    35.0 |    35.0 |    0,00 |-0,0010 |1592654804660 |[0.7109764, 0.9474466, 0.19295585, 0.24621433] |[1.0, 1.0, 1.0, 0.0] |
|      f3 |11 |       2 |    5000 |   50 |  0.25 |standard | sshape3 |      20 |    35.0 |    35.0 |    0,00 |0,0010 |1592654804660 |[0.7109764, 0.9474466, 0.19295585, 0.24621433] |[1.0, 1.0, 1.0, 0.0] |
|      f3 |12 |       1 |    5000 |   50 |  0.25 |standard | sshape3 |      20 |    35.0 |    35.0 |    0,00 |  0,0 |1592654804661 |[0.25957543, 0.59403855, 0.64255506, 0.56565875] |[1.0, 1.0, 0.0, 1.0] |
|      f3 |12 |       2 |    5000 |   50 |  0.25 |standard | sshape3 |      20 |    35.0 |    35.0 |    0,00 |0,0010 |1592654804661 |[0.25957543, 0.59403855, 0.64255506, 0.56565875] |[1.0, 1.0, 0.0, 1.0] |
|      f3 |13 |       1 |    5000 |   50 |  0.25 |standard | sshape3 |      20 |    35.0 |    35.0 |    0,00 |  0,0 |1592654804662 |[0.60484946, 0.28930944, 0.6267296, 0.2259297] |[1.0, 1.0, 0.0, 1.0] |
|      f3 |13 |       2 |    5000 |   50 |  0.25 |standard | sshape3 |      20 |    35.0 |    35.0 |    0,00 |0,0010 |1592654804662 |[0.60484946, 0.28930944, 0.6267296, 0.2259297] |[1.0, 1.0, 0.0, 1.0] |
|      f3 |14 |       1 |    5000 |   50 |  0.25 |standard | sshape3 |      20 |    35.0 |    35.0 |    0,00 |  0,0 |1592654804663 |[0.19908364, 0.45692915, 0.5159157, 0.63789415] |[1.0, 1.0, 0.0, 1.0] |
|      f3 |14 |       2 |    5000 |   50 |  0.25 |standard | sshape3 |      20 |    35.0 |    35.0 |    0,00 |0,0010 |1592654804663 |[0.19908364, 0.45692915, 0.5159157, 0.63789415] |[1.0, 1.0, 0.0, 1.0] |
|      f3 |15 |       1 |    5000 |   50 |  0.25 |standard | sshape3 |      20 |    35.0 |    35.0 |    0,00 |  0,0 |1592654804664 |[0.64379185, 0.0010992885, 0.6959183, 0.25524372] |[0.0, 0.0, 1.0, 1.0] |
|      f3 |15 |       2 |    5000 |   50 |  0.25 |standard | sshape3 |      20 |    35.0 |    35.0 |    0,00 |0,0010 |1592654804664 |[0.64379185, 0.0010992885, 0.6959183, 0.25524372] |[0.0, 0.0, 1.0, 1.0] |
|      f3 |16 |       1 |    5000 |   50 |  0.25 |standard | sshape3 |      20 |    35.0 |    35.0 |    0,00 |  0,0 |1592654804665 |[0.45148152, 0.84638536, 0.56769735, 0.5220245] |[1.0, 1.0, 0.0, 1.0] |
|      f3 |16 |       2 |    5000 |   50 |  0.25 |standard | sshape3 |      20 |    35.0 |    35.0 |    0,00 |0,0010 |1592654804665 |[0.45148152, 0.84638536, 0.56769735, 0.5220245] |[1.0, 1.0, 0.0, 1.0] |
|      f3 |17 |       1 |    5000 |   50 |  0.25 |standard | sshape3 |      20 |    35.0 |    35.0 |    0,00 |  0,0 |1592654804666 |[0.121834815, 0.0502722, 0.7472153, 0.39323932] |[1.0, 1.0, 0.0, 1.0] |
|      f3 |17 |       2 |    5000 |   50 |  0.25 |standard | sshape3 |      20 |    35.0 |    35.0 |    0,00 |0,0010 |1592654804666 |[0.121834815, 0.0502722, 0.7472153, 0.39323932] |[1.0, 1.0, 0.0, 1.0] |
|      f3 |18 |       1 |    5000 |   50 |  0.25 |standard | sshape3 |      20 |    35.0 |    35.0 |    0,00 |  0,0 |1592654804667 |[0.029304875, 0.9098139, 0.27055335, 0.17017138] |[1.0, 1.0, 0.0, 1.0] |
|      f3 |18 |       2 |    5000 |   50 |  0.25 |standard | sshape3 |      20 |    35.0 |    35.0 |    0,00 |0,0010 |1592654804667 |[0.029304875, 0.9098139, 0.27055335, 0.17017138] |[1.0, 1.0, 0.0, 1.0] |
|      f3 |19 |       1 |    5000 |   50 |  0.25 |standard | sshape3 |      20 |    35.0 |    35.0 |    0,00 |-0,0010 |1592654804669 |[0.82532823, 0.92689055, 0.7434078, 0.70011455] |[1.0, 1.0, 1.0, 0.0] |
|      f3 |19 |       2 |    5000 |   50 |  0.25 |standard | sshape3 |      20 |    35.0 |    35.0 |    0,00 |  0,0 |1592654804669 |[0.82532823, 0.92689055, 0.7434078, 0.70011455] |[1.0, 1.0, 1.0, 0.0] |
|      f3 |20 |       1 |    5000 |   50 |  0.25 |standard | sshape3 |      20 |    35.0 |    35.0 |    0,00 |-0,0010 |1592654804670 |[0.64575946, 0.24461472, 0.056391895, 0.19569731] |[1.0, 1.0, 0.0, 1.0] |
|      f3 |20 |       2 |    5000 |   50 |  0.25 |standard | sshape3 |      20 |    35.0 |    35.0 |    0,00 |0,0010 |1592654804670 |[0.64575946, 0.24461472, 0.056391895, 0.19569731] |[1.0, 1.0, 0.0, 1.0] |
|      f3 |21 |       1 |    5000 |   50 |  0.25 |standard | sshape3 |      20 |    35.0 |    35.0 |    0,00 |  0,0 |1592654804671 |[0.74407417, 0.2905693, 0.23953038, 0.0065710545] |[0.0, 1.0, 1.0, 0.0] |
|      f3 |21 |       2 |    5000 |   50 |  0.25 |standard | sshape3 |      20 |    35.0 |    35.0 |    0,00 |0,0010 |1592654804671 |[0.74407417, 0.2905693, 0.23953038, 0.0065710545] |[0.0, 1.0, 1.0, 0.0] |
|      f3 |22 |       1 |    5000 |   50 |  0.25 |standard | sshape3 |      20 |    35.0 |    35.0 |    0,00 |  0,0 |1592654804672 |[0.71228135, 0.6347138, 0.59481674, 0.39541882] |[1.0, 1.0, 1.0, 0.0] |
|      f3 |22 |       2 |    5000 |   50 |  0.25 |standard | sshape3 |      20 |    35.0 |    35.0 |    0,00 |0,0010 |1592654804672 |[0.71228135, 0.6347138, 0.59481674, 0.39541882] |[1.0, 1.0, 1.0, 0.0] |
|      f3 |23 |       1 |    5000 |   50 |  0.25 |standard | sshape3 |      20 |    35.0 |    35.0 |    0,00 |  0,0 |1592654804673 |[0.32080323, 0.720462, 0.36444706, 0.69684845] |[1.0, 1.0, 0.0, 1.0] |
|      f3 |23 |       2 |    5000 |   50 |  0.25 |standard | sshape3 |      20 |    35.0 |    35.0 |    0,00 |0,0010 |1592654804673 |[0.32080323, 0.720462, 0.36444706, 0.69684845] |[1.0, 1.0, 0.0, 1.0] |
|      f3 |24 |       1 |    5000 |   50 |  0.25 |standard | sshape3 |      20 |    35.0 |    35.0 |    0,00 |  0,0 |1592654804674 |[0.14281875, 0.107304215, 0.8609314, 0.5508745] |[1.0, 1.0, 1.0, 0.0] |
|      f3 |24 |       2 |    5000 |   50 |  0.25 |standard | sshape3 |      20 |    35.0 |    35.0 |    0,00 |0,0010 |1592654804674 |[0.14281875, 0.107304215, 0.8609314, 0.5508745] |[1.0, 1.0, 1.0, 0.0] |
|      f3 |25 |       1 |    5000 |   50 |  0.25 |standard | sshape3 |      20 |    35.0 |    35.0 |    0,00 |  0,0 |1592654804675 |[0.070352554, 0.22042978, 0.5587016, 0.1697331] |[1.0, 1.0, 0.0, 1.0] |
|      f3 |25 |       2 |    5000 |   50 |  0.25 |standard | sshape3 |      20 |    35.0 |    35.0 |    0,00 |0,0010 |1592654804675 |[0.070352554, 0.22042978, 0.5587016, 0.1697331] |[1.0, 1.0, 0.0, 1.0] |
|      f3 |26 |       1 |    5000 |   50 |  0.25 |standard | sshape3 |      20 |    35.0 |    35.0 |    0,00 |-0,0010 |1592654804677 |[0.93117297, 0.7671712, 0.2791673, 0.26821333] |[0.0, 1.0, 1.0, 0.0] |
|      f3 |26 |       2 |    5000 |   50 |  0.25 |standard | sshape3 |      20 |    35.0 |    35.0 |    0,00 |  0,0 |1592654804677 |[0.93117297, 0.7671712, 0.2791673, 0.26821333] |[0.0, 1.0, 1.0, 0.0] |
|      f3 |27 |       1 |    5000 |   50 |  0.25 |standard | sshape3 |      20 |    35.0 |    35.0 |    0,00 |-0,0010 |1592654804678 |[0.90186065, 0.57102287, 0.25896406, 0.2786705] |[1.0, 1.0, 1.0, 0.0] |
|      f3 |27 |       2 |    5000 |   50 |  0.25 |standard | sshape3 |      20 |    35.0 |    35.0 |    0,00 |0,0010 |1592654804678 |[0.90186065, 0.57102287, 0.25896406, 0.2786705] |[1.0, 1.0, 1.0, 0.0] |
|      f3 |28 |       1 |    5000 |   50 |  0.25 |standard | sshape3 |      20 |    35.0 |    35.0 |    0,00 |-0,0010 |1592654804680 |[0.17575154, 0.20531976, 0.71129787, 0.9441786] |[0.0, 1.0, 1.0, 0.0] |
|      f3 |28 |       2 |    5000 |   50 |  0.25 |standard | sshape3 |      20 |    35.0 |    35.0 |    0,00 |  0,0 |1592654804680 |[0.17575154, 0.20531976, 0.71129787, 0.9441786] |[0.0, 1.0, 1.0, 0.0] |
|      f3 |29 |       1 |    5000 |   50 |  0.25 |standard | sshape3 |      20 |    35.0 |    35.0 |    0,00 |-0,0010 |1592654804681 |[0.9150604, 0.41436493, 0.97922844, 0.7498348] |[1.0, 1.0, 1.0, 0.0] |
|      f3 |29 |       2 |    5000 |   50 |  0.25 |standard | sshape3 |      20 |    35.0 |    35.0 |    0,00 |0,0010 |1592654804681 |[0.9150604, 0.41436493, 0.97922844, 0.7498348] |[1.0, 1.0, 1.0, 0.0] |
|      f3 |30 |       1 |    5000 |   50 |  0.25 |standard | sshape3 |      20 |    35.0 |    35.0 |    0,00 |  0,0 |1592654804682 |[0.542254, 0.41464877, 0.12718844, 0.3499967] |[0.0, 0.0, 1.0, 1.0] |
|      f3 |30 |       2 |    5000 |   50 |  0.25 |standard | sshape3 |      20 |    35.0 |    35.0 |    0,00 |0,0010 |1592654804682 |[0.542254, 0.41464877, 0.12718844, 0.3499967] |[0.0, 0.0, 1.0, 1.0] |
|      f3 |31 |       1 |    5000 |   50 |  0.25 |standard | sshape3 |      20 |    35.0 |    35.0 |    0,00 |  0,0 |1592654804683 |[0.24536508, 0.21361202, 0.78909737, 0.99791604] |[1.0, 1.0, 0.0, 1.0] |
|      f3 |31 |       2 |    5000 |   50 |  0.25 |standard | sshape3 |      20 |    35.0 |    35.0 |    0,00 |0,0010 |1592654804683 |[0.24536508, 0.21361202, 0.78909737, 0.99791604] |[1.0, 1.0, 0.0, 1.0] |
