| # | Nest | %Desc |#Iter |Instancia | CapMoch |ValOptmo | BestFit |     RDP | time |      semilla |VectorSolucion |
-------------------------------------------------------------------------------------------------
| 1 |   50 |  0.25 | 5000 |      f1 |     269 |   295.0 |   290.0 |    1,69 |-1,6e+09 |1592525707620 |[0.6382449, 0.5770872, 0.84416544, 0.7816998, 0.8315156, 0.54780227, 0.30470514, 0.61589396, 0.6779227, 0.029486775] |
| 1 |   50 |  0.28 | 5000 |      f1 |     269 |   295.0 |   290.0 |    1,69 |-1,6e+09 |1592525707620 |[0.6382449, 0.5770872, 0.84416544, 0.7816998, 0.8315156, 0.54780227, 0.30470514, 0.61589396, 0.6779227, 0.029486775] |
| 1 |   50 |  0.34 | 5000 |      f1 |     269 |   295.0 |   290.0 |    1,69 |-1,6e+09 |1592525707620 |[0.6382449, 0.5770872, 0.84416544, 0.7816998, 0.8315156, 0.54780227, 0.30470514, 0.61589396, 0.6779227, 0.029486775] |
| 1 |   55 |  0.36 | 5000 |      f1 |     269 |   295.0 |   290.0 |    1,69 |-1,6e+09 |1592525707620 |[0.6382449, 0.5770872, 0.84416544, 0.7816998, 0.8315156, 0.54780227, 0.30470514, 0.61589396, 0.6779227, 0.029486775] |
| 1 |   55 |  0.45 | 5000 |      f1 |     269 |   295.0 |   290.0 |    1,69 |-1,6e+09 |1592525707620 |[0.6382449, 0.5770872, 0.84416544, 0.7816998, 0.8315156, 0.54780227, 0.30470514, 0.61589396, 0.6779227, 0.029486775] |
| 1 |   55 |   0.4 | 5000 |      f1 |     269 |   295.0 |   290.0 |    1,69 |-1,6e+09 |1592525707620 |[0.6382449, 0.5770872, 0.84416544, 0.7816998, 0.8315156, 0.54780227, 0.30470514, 0.61589396, 0.6779227, 0.029486775] |
| 1 |   55 |0.36363637 | 5000 |      f1 |     269 |   295.0 |   290.0 |    1,69 |-1,6e+09 |1592525707620 |[0.6382449, 0.5770872, 0.84416544, 0.7816998, 0.8315156, 0.54780227, 0.30470514, 0.61589396, 0.6779227, 0.029486775] |
| 1 |   60 |0.43636364 | 5000 |      f1 |     269 |   295.0 |   290.0 |    1,69 |-1,6e+09 |1592525707620 |[0.6382449, 0.5770872, 0.84416544, 0.7816998, 0.8315156, 0.54780227, 0.30470514, 0.61589396, 0.6779227, 0.029486775] |
| 1 |   60 |  0.45 | 5000 |      f1 |     269 |   295.0 |   290.0 |    1,69 |-1,6e+09 |1592525707620 |[0.6382449, 0.5770872, 0.84416544, 0.7816998, 0.8315156, 0.54780227, 0.30470514, 0.61589396, 0.6779227, 0.029486775] |
| 1 |   60 |   0.4 | 5000 |      f1 |     269 |   295.0 |   290.0 |    1,69 |-1,6e+09 |1592525707620 |[0.6382449, 0.5770872, 0.84416544, 0.7816998, 0.8315156, 0.54780227, 0.30470514, 0.61589396, 0.6779227, 0.029486775] |
| 1 |   60 |  0.35 | 5000 |      f1 |     269 |   295.0 |   290.0 |    1,69 |-1,6e+09 |1592525707620 |[0.6382449, 0.5770872, 0.84416544, 0.7816998, 0.8315156, 0.54780227, 0.30470514, 0.61589396, 0.6779227, 0.029486775] |
| 1 |   65 |   0.4 | 5000 |      f1 |     269 |   295.0 |   290.0 |    1,69 |-1,6e+09 |1592525707620 |[0.6382449, 0.5770872, 0.84416544, 0.7816998, 0.8315156, 0.54780227, 0.30470514, 0.61589396, 0.6779227, 0.029486775] |
| 1 |   65 |0.44615385 | 5000 |      f1 |     269 |   295.0 |   290.0 |    1,69 |-1,6e+09 |1592525707620 |[0.6382449, 0.5770872, 0.84416544, 0.7816998, 0.8315156, 0.54780227, 0.30470514, 0.61589396, 0.6779227, 0.029486775] |
| 1 |   65 |  0.45 | 5000 |      f1 |     269 |   295.0 |   290.0 |    1,69 |-1,6e+09 |1592525707620 |[0.6382449, 0.5770872, 0.84416544, 0.7816998, 0.8315156, 0.54780227, 0.30470514, 0.61589396, 0.6779227, 0.029486775] |
| 1 |   65 |0.2769231 | 5000 |      f1 |     269 |   295.0 |   290.0 |    1,69 |-1,6e+09 |1592525707620 |[0.6382449, 0.5770872, 0.84416544, 0.7816998, 0.8315156, 0.54780227, 0.30470514, 0.61589396, 0.6779227, 0.029486775] |
| 1 |   70 |0.35384616 | 5000 |      f1 |     269 |   295.0 |   290.0 |    1,69 |-1,6e+09 |1592525707620 |[0.6382449, 0.5770872, 0.84416544, 0.7816998, 0.8315156, 0.54780227, 0.30470514, 0.61589396, 0.6779227, 0.029486775] |
| 1 |   70 |0.44285715 | 5000 |      f1 |     269 |   295.0 |   290.0 |    1,69 |-1,6e+09 |1592525707620 |[0.6382449, 0.5770872, 0.84416544, 0.7816998, 0.8315156, 0.54780227, 0.30470514, 0.61589396, 0.6779227, 0.029486775] |
| 1 |   70 |0.41428572 | 5000 |      f1 |     269 |   295.0 |   290.0 |    1,69 |-1,6e+09 |1592525707620 |[0.6382449, 0.5770872, 0.84416544, 0.7816998, 0.8315156, 0.54780227, 0.30470514, 0.61589396, 0.6779227, 0.029486775] |
| 1 |   70 |0.37142858 | 5000 |      f1 |     269 |   295.0 |   290.0 |    1,69 |-1,6e+09 |1592525707620 |[0.6382449, 0.5770872, 0.84416544, 0.7816998, 0.8315156, 0.54780227, 0.30470514, 0.61589396, 0.6779227, 0.029486775] |
| 1 |   75 |0.3857143 | 5000 |      f1 |     269 |   295.0 |   290.0 |    1,69 |-1,6e+09 |1592525707620 |[0.6382449, 0.5770872, 0.84416544, 0.7816998, 0.8315156, 0.54780227, 0.30470514, 0.61589396, 0.6779227, 0.029486775] |
| 1 |   75 |  0.45 | 5000 |      f1 |     269 |   295.0 |   290.0 |    1,69 |-1,6e+09 |1592525707620 |[0.6382449, 0.5770872, 0.84416544, 0.7816998, 0.8315156, 0.54780227, 0.30470514, 0.61589396, 0.6779227, 0.029486775] |
| 1 |   75 |  0.45 | 5000 |      f1 |     269 |   295.0 |   290.0 |    1,69 |  3,8 |1592525707620 |[0.6382449, 0.5770872, 0.84416544, 0.7816998, 0.8315156, 0.54780227, 0.30470514, 0.61589396, 0.6779227, 0.029486775] |
| 2 |   50 |  0.25 | 5000 |      f1 |     269 |   295.0 |   290.0 |    1,69 |  0,0 |1592525711405 |[0.9898825, 0.094355404, 0.45865768, 0.93445, 0.7386423, 0.09157175, 0.21909755, 0.576366, 0.5180127, 0.2649454] |
| 2 |   50 |  0.36 | 5000 |      f1 |     269 |   295.0 |   290.0 |    1,69 |  0,0 |1592525711405 |[0.9898825, 0.094355404, 0.45865768, 0.93445, 0.7386423, 0.09157175, 0.21909755, 0.576366, 0.5180127, 0.2649454] |
| 2 |   50 |  0.34 | 5000 |      f1 |     269 |   295.0 |   290.0 |    1,69 |  0,0 |1592525711405 |[0.99917173, 0.604249, 0.9114849, 0.673144, 0.47270536, 0.13450009, 0.7242935, 0.3365621, 0.39161575, 0.46065915] |
| 2 |   55 |  0.34 | 5000 |      f1 |     269 |   295.0 |   290.0 |    1,69 |  0,0 |1592525711405 |[0.99917173, 0.604249, 0.9114849, 0.673144, 0.47270536, 0.13450009, 0.7242935, 0.3365621, 0.39161575, 0.46065915] |
| 2 |   55 |  0.45 | 5000 |      f1 |     269 |   295.0 |   290.0 |    1,69 |  0,0 |1592525711405 |[0.99917173, 0.604249, 0.9114849, 0.673144, 0.47270536, 0.13450009, 0.7242935, 0.3365621, 0.39161575, 0.46065915] |
| 2 |   55 |   0.4 | 5000 |      f1 |     269 |   295.0 |   290.0 |    1,69 |  0,0 |1592525711405 |[0.99917173, 0.604249, 0.9114849, 0.673144, 0.47270536, 0.13450009, 0.7242935, 0.3365621, 0.39161575, 0.46065915] |
| 2 |   55 |0.3090909 | 5000 |      f1 |     269 |   295.0 |   290.0 |    1,69 |  0,0 |1592525711405 |[0.99917173, 0.604249, 0.9114849, 0.673144, 0.47270536, 0.13450009, 0.7242935, 0.3365621, 0.39161575, 0.46065915] |
| 2 |   60 |0.36363637 | 5000 |      f1 |     269 |   295.0 |   290.0 |    1,69 |  0,0 |1592525711405 |[0.99917173, 0.604249, 0.9114849, 0.673144, 0.47270536, 0.13450009, 0.7242935, 0.3365621, 0.39161575, 0.46065915] |
| 2 |   60 |  0.45 | 5000 |      f1 |     269 |   295.0 |   290.0 |    1,69 |  0,0 |1592525711405 |[0.99917173, 0.604249, 0.9114849, 0.673144, 0.47270536, 0.13450009, 0.7242935, 0.3365621, 0.39161575, 0.46065915] |
| 2 |   60 |0.41666666 | 5000 |      f1 |     269 |   295.0 |   290.0 |    1,69 |  0,0 |1592525711405 |[0.99917173, 0.604249, 0.9114849, 0.673144, 0.47270536, 0.13450009, 0.7242935, 0.3365621, 0.39161575, 0.46065915] |
| 2 |   60 |0.38333333 | 5000 |      f1 |     269 |   295.0 |   290.0 |    1,69 |  0,0 |1592525711405 |[0.99917173, 0.604249, 0.9114849, 0.673144, 0.47270536, 0.13450009, 0.7242935, 0.3365621, 0.39161575, 0.46065915] |
| 2 |   65 |0.41666666 | 5000 |      f1 |     269 |   295.0 |   290.0 |    1,69 |  0,0 |1592525711405 |[0.99917173, 0.604249, 0.9114849, 0.673144, 0.47270536, 0.13450009, 0.7242935, 0.3365621, 0.39161575, 0.46065915] |
| 2 |   65 |  0.45 | 5000 |      f1 |     269 |   295.0 |   290.0 |    1,69 |  0,0 |1592525711405 |[0.99917173, 0.604249, 0.9114849, 0.673144, 0.47270536, 0.13450009, 0.7242935, 0.3365621, 0.39161575, 0.46065915] |
| 2 |   65 |  0.45 | 5000 |      f1 |     269 |   295.0 |   290.0 |    1,69 |  0,0 |1592525711405 |[0.99917173, 0.604249, 0.9114849, 0.673144, 0.47270536, 0.13450009, 0.7242935, 0.3365621, 0.39161575, 0.46065915] |
| 2 |   65 |0.3846154 | 5000 |      f1 |     269 |   295.0 |   290.0 |    1,69 |  0,0 |1592525711405 |[0.99917173, 0.604249, 0.9114849, 0.673144, 0.47270536, 0.13450009, 0.7242935, 0.3365621, 0.39161575, 0.46065915] |
| 2 |   70 |0.44615385 | 5000 |      f1 |     269 |   295.0 |   290.0 |    1,69 |  0,0 |1592525711405 |[0.99917173, 0.604249, 0.9114849, 0.673144, 0.47270536, 0.13450009, 0.7242935, 0.3365621, 0.39161575, 0.46065915] |
| 2 |   70 |  0.45 | 5000 |      f1 |     269 |   295.0 |   290.0 |    1,69 |  0,0 |1592525711405 |[0.99917173, 0.604249, 0.9114849, 0.673144, 0.47270536, 0.13450009, 0.7242935, 0.3365621, 0.39161575, 0.46065915] |
| 2 |   70 |0.44285715 | 5000 |      f1 |     269 |   295.0 |   290.0 |    1,69 |  0,0 |1592525711405 |[0.99917173, 0.604249, 0.9114849, 0.673144, 0.47270536, 0.13450009, 0.7242935, 0.3365621, 0.39161575, 0.46065915] |
| 2 |   70 |0.34285715 | 5000 |      f1 |     269 |   295.0 |   290.0 |    1,69 |  0,0 |1592525711405 |[0.99917173, 0.604249, 0.9114849, 0.673144, 0.47270536, 0.13450009, 0.7242935, 0.3365621, 0.39161575, 0.46065915] |
| 2 |   75 |   0.3 | 5000 |      f1 |     269 |   295.0 |   290.0 |    1,69 |  0,0 |1592525711405 |[0.99917173, 0.604249, 0.9114849, 0.673144, 0.47270536, 0.13450009, 0.7242935, 0.3365621, 0.39161575, 0.46065915] |
| 2 |   75 |  0.45 | 5000 |      f1 |     269 |   295.0 |   290.0 |    1,69 |  0,0 |1592525711405 |[0.99917173, 0.604249, 0.9114849, 0.673144, 0.47270536, 0.13450009, 0.7242935, 0.3365621, 0.39161575, 0.46065915] |
| 2 |   75 |  0.45 | 5000 |      f1 |     269 |   295.0 |   290.0 |    1,69 |  3,7 |1592525711405 |[0.99917173, 0.604249, 0.9114849, 0.673144, 0.47270536, 0.13450009, 0.7242935, 0.3365621, 0.39161575, 0.46065915] |
| 3 |   50 |  0.25 | 5000 |      f1 |     269 |   295.0 |   290.0 |    1,69 |-0,0050 |1592525715158 |[0.4626, 0.99927044, 0.2285524, 0.29044944, 0.9510391, 0.48267847, 0.8174206, 0.8145523, 0.9648733, 0.35207117] |
| 3 |   50 |  0.28 | 5000 |      f1 |     269 |   295.0 |   290.0 |    1,69 |-0,0050 |1592525715158 |[0.4626, 0.99927044, 0.2285524, 0.29044944, 0.9510391, 0.48267847, 0.8174206, 0.8145523, 0.9648733, 0.35207117] |
| 3 |   50 |  0.36 | 5000 |      f1 |     269 |   295.0 |   290.0 |    1,69 |-0,0050 |1592525715158 |[0.4626, 0.99927044, 0.2285524, 0.29044944, 0.9510391, 0.48267847, 0.8174206, 0.8145523, 0.9648733, 0.35207117] |
| 3 |   55 |  0.26 | 5000 |      f1 |     269 |   295.0 |   290.0 |    1,69 |-0,0050 |1592525715158 |[0.4626, 0.99927044, 0.2285524, 0.29044944, 0.9510391, 0.48267847, 0.8174206, 0.8145523, 0.9648733, 0.35207117] |
| 3 |   55 |0.43636364 | 5000 |      f1 |     269 |   295.0 |   290.0 |    1,69 |-0,0050 |1592525715158 |[0.4626, 0.99927044, 0.2285524, 0.29044944, 0.9510391, 0.48267847, 0.8174206, 0.8145523, 0.9648733, 0.35207117] |
| 3 |   55 |0.36363637 | 5000 |      f1 |     269 |   295.0 |   290.0 |    1,69 |-0,0050 |1592525715158 |[0.4626, 0.99927044, 0.2285524, 0.29044944, 0.9510391, 0.48267847, 0.8174206, 0.8145523, 0.9648733, 0.35207117] |
| 3 |   55 |0.34545454 | 5000 |      f1 |     269 |   295.0 |   290.0 |    1,69 |-0,0050 |1592525715158 |[0.4626, 0.99927044, 0.2285524, 0.29044944, 0.9510391, 0.48267847, 0.8174206, 0.8145523, 0.9648733, 0.35207117] |
| 3 |   60 |0.36363637 | 5000 |      f1 |     269 |   295.0 |   290.0 |    1,69 |-0,0050 |1592525715158 |[0.4626, 0.99927044, 0.2285524, 0.29044944, 0.9510391, 0.48267847, 0.8174206, 0.8145523, 0.9648733, 0.35207117] |
| 3 |   60 |  0.45 | 5000 |      f1 |     269 |   295.0 |   290.0 |    1,69 |-0,0050 |1592525715158 |[0.4626, 0.99927044, 0.2285524, 0.29044944, 0.9510391, 0.48267847, 0.8174206, 0.8145523, 0.9648733, 0.35207117] |
| 3 |   60 |   0.4 | 5000 |      f1 |     269 |   295.0 |   290.0 |    1,69 |-0,0050 |1592525715158 |[0.4626, 0.99927044, 0.2285524, 0.29044944, 0.9510391, 0.48267847, 0.8174206, 0.8145523, 0.9648733, 0.35207117] |
| 3 |   60 |0.38333333 | 5000 |      f1 |     269 |   295.0 |   290.0 |    1,69 |-0,0050 |1592525715158 |[0.4626, 0.99927044, 0.2285524, 0.29044944, 0.9510391, 0.48267847, 0.8174206, 0.8145523, 0.9648733, 0.35207117] |
| 3 |   65 |  0.35 | 5000 |      f1 |     269 |   295.0 |   290.0 |    1,69 |-0,0050 |1592525715158 |[0.18927383, 0.50589263, 0.7321936, 0.0349828, 0.3668248, 0.88443863, 0.957757, 0.20994037, 0.67682743, 0.21160954] |
| 3 |   65 |  0.45 | 5000 |      f1 |     269 |   295.0 |   290.0 |    1,69 |-0,0050 |1592525715158 |[0.08728069, 0.15998536, 0.6068977, 0.65665376, 0.24063772, 0.7219005, 0.123555005, 0.8929337, 0.47455305, 0.89726114] |
| 3 |   65 |0.2923077 | 5000 |      f1 |     269 |   295.0 |   290.0 |    1,69 |-0,0050 |1592525715158 |[0.08728069, 0.15998536, 0.6068977, 0.65665376, 0.24063772, 0.7219005, 0.123555005, 0.8929337, 0.47455305, 0.89726114] |
| 3 |   65 |0.30769232 | 5000 |      f1 |     269 |   295.0 |   290.0 |    1,69 |-0,0050 |1592525715158 |[0.08728069, 0.15998536, 0.6068977, 0.65665376, 0.24063772, 0.7219005, 0.123555005, 0.8929337, 0.47455305, 0.89726114] |
| 3 |   70 |0.35384616 | 5000 |      f1 |     269 |   295.0 |   290.0 |    1,69 |-0,0050 |1592525715158 |[0.08728069, 0.15998536, 0.6068977, 0.65665376, 0.24063772, 0.7219005, 0.123555005, 0.8929337, 0.47455305, 0.89726114] |
| 3 |   70 |  0.45 | 5000 |      f1 |     269 |   295.0 |   290.0 |    1,69 |-0,0050 |1592525715158 |[0.08728069, 0.15998536, 0.6068977, 0.65665376, 0.24063772, 0.7219005, 0.123555005, 0.8929337, 0.47455305, 0.89726114] |
| 3 |   70 |0.34285715 | 5000 |      f1 |     269 |   295.0 |   290.0 |    1,69 |-0,0050 |1592525715158 |[0.08728069, 0.15998536, 0.6068977, 0.65665376, 0.24063772, 0.7219005, 0.123555005, 0.8929337, 0.47455305, 0.89726114] |
| 3 |   70 |   0.3 | 5000 |      f1 |     269 |   295.0 |   290.0 |    1,69 |-0,0050 |1592525715158 |[0.08728069, 0.15998536, 0.6068977, 0.65665376, 0.24063772, 0.7219005, 0.123555005, 0.8929337, 0.47455305, 0.89726114] |
| 3 |   75 |0.2857143 | 5000 |      f1 |     269 |   295.0 |   290.0 |    1,69 |-0,0050 |1592525715158 |[0.08728069, 0.15998536, 0.6068977, 0.65665376, 0.24063772, 0.7219005, 0.123555005, 0.8929337, 0.47455305, 0.89726114] |
| 3 |   75 |   0.4 | 5000 |      f1 |     269 |   295.0 |   290.0 |    1,69 |-0,0050 |1592525715158 |[0.08728069, 0.15998536, 0.6068977, 0.65665376, 0.24063772, 0.7219005, 0.123555005, 0.8929337, 0.47455305, 0.89726114] |
| 3 |   75 |   0.4 | 5000 |      f1 |     269 |   295.0 |   290.0 |    1,69 |  3,7 |1592525715158 |[0.08728069, 0.15998536, 0.6068977, 0.65665376, 0.24063772, 0.7219005, 0.123555005, 0.8929337, 0.47455305, 0.89726114] |
| 4 |   50 |  0.25 | 5000 |      f1 |     269 |   295.0 |   290.0 |    1,69 |-0,0020 |1592525718842 |[0.28836554, 0.3747862, 0.002505362, 0.9726152, 0.7910313, 0.87947744, 0.8417829, 0.20364547, 0.08535266, 0.26494986] |
| 4 |   50 |  0.38 | 5000 |      f1 |     269 |   295.0 |   290.0 |    1,69 |-0,0020 |1592525718842 |[0.28836554, 0.3747862, 0.002505362, 0.9726152, 0.7910313, 0.87947744, 0.8417829, 0.20364547, 0.08535266, 0.26494986] |
| 4 |   50 |  0.42 | 5000 |      f1 |     269 |   295.0 |   290.0 |    1,69 |-0,0020 |1592525718842 |[0.28836554, 0.3747862, 0.002505362, 0.9726152, 0.7910313, 0.87947744, 0.8417829, 0.20364547, 0.08535266, 0.26494986] |
| 4 |   55 |  0.42 | 5000 |      f1 |     269 |   295.0 |   290.0 |    1,69 |-0,0020 |1592525718842 |[0.28836554, 0.3747862, 0.002505362, 0.9726152, 0.7910313, 0.87947744, 0.8417829, 0.20364547, 0.08535266, 0.26494986] |
| 4 |   55 |  0.45 | 5000 |      f1 |     269 |   295.0 |   290.0 |    1,69 |-0,0020 |1592525718842 |[0.28836554, 0.3747862, 0.002505362, 0.9726152, 0.7910313, 0.87947744, 0.8417829, 0.20364547, 0.08535266, 0.26494986] |
| 4 |   55 |0.38181818 | 5000 |      f1 |     269 |   295.0 |   290.0 |    1,69 |-0,0020 |1592525718842 |[0.28836554, 0.3747862, 0.002505362, 0.9726152, 0.7910313, 0.87947744, 0.8417829, 0.20364547, 0.08535266, 0.26494986] |
| 4 |   55 |0.3272727 | 5000 |      f1 |     269 |   295.0 |   290.0 |    1,69 |-0,0020 |1592525718842 |[0.28836554, 0.3747862, 0.002505362, 0.9726152, 0.7910313, 0.87947744, 0.8417829, 0.20364547, 0.08535266, 0.26494986] |
| 4 |   60 |0.3090909 | 5000 |      f1 |     269 |   295.0 |   290.0 |    1,69 |-0,0020 |1592525718842 |[0.42118424, 0.46295202, 0.49308127, 0.583352, 0.06849444, 0.058770776, 0.34330314, 0.36324412, 0.61487126, 0.33612376] |
| 4 |   60 |0.43333334 | 5000 |      f1 |     269 |   295.0 |   290.0 |    1,69 |-0,0020 |1592525718842 |[0.42118424, 0.46295202, 0.49308127, 0.583352, 0.06849444, 0.058770776, 0.34330314, 0.36324412, 0.61487126, 0.33612376] |
| 4 |   60 |0.36666667 | 5000 |      f1 |     269 |   295.0 |   290.0 |    1,69 |-0,0020 |1592525718842 |[0.42118424, 0.46295202, 0.49308127, 0.583352, 0.06849444, 0.058770776, 0.34330314, 0.36324412, 0.61487126, 0.33612376] |
| 4 |   60 |  0.35 | 5000 |      f1 |     269 |   295.0 |   290.0 |    1,69 |-0,0020 |1592525718842 |[0.42118424, 0.46295202, 0.49308127, 0.583352, 0.06849444, 0.058770776, 0.34330314, 0.36324412, 0.61487126, 0.33612376] |
| 4 |   65 |   0.3 | 5000 |      f1 |     269 |   295.0 |   290.0 |    1,69 |-0,0020 |1592525718842 |[0.42118424, 0.46295202, 0.49308127, 0.583352, 0.06849444, 0.058770776, 0.34330314, 0.36324412, 0.61487126, 0.33612376] |
| 4 |   65 |   0.4 | 5000 |      f1 |     269 |   295.0 |   290.0 |    1,69 |-0,0020 |1592525718842 |[0.42118424, 0.46295202, 0.49308127, 0.583352, 0.06849444, 0.058770776, 0.34330314, 0.36324412, 0.61487126, 0.33612376] |
| 4 |   65 |0.35384616 | 5000 |      f1 |     269 |   295.0 |   290.0 |    1,69 |-0,0020 |1592525718842 |[0.42118424, 0.46295202, 0.49308127, 0.583352, 0.06849444, 0.058770776, 0.34330314, 0.36324412, 0.61487126, 0.33612376] |
| 4 |   65 |0.36923078 | 5000 |      f1 |     269 |   295.0 |   290.0 |    1,69 |-0,0020 |1592525718842 |[0.42118424, 0.46295202, 0.49308127, 0.583352, 0.06849444, 0.058770776, 0.34330314, 0.36324412, 0.61487126, 0.33612376] |
| 4 |   70 |0.36923078 | 5000 |      f1 |     269 |   295.0 |   290.0 |    1,69 |-0,0020 |1592525718842 |[0.42118424, 0.46295202, 0.49308127, 0.583352, 0.06849444, 0.058770776, 0.34330314, 0.36324412, 0.61487126, 0.33612376] |
| 4 |   70 |0.41428572 | 5000 |      f1 |     269 |   295.0 |   290.0 |    1,69 |-0,0020 |1592525718842 |[0.42118424, 0.46295202, 0.49308127, 0.583352, 0.06849444, 0.058770776, 0.34330314, 0.36324412, 0.61487126, 0.33612376] |
| 4 |   70 |0.3857143 | 5000 |      f1 |     269 |   295.0 |   290.0 |    1,69 |-0,0020 |1592525718842 |[0.42118424, 0.46295202, 0.49308127, 0.583352, 0.06849444, 0.058770776, 0.34330314, 0.36324412, 0.61487126, 0.33612376] |
| 4 |   70 |0.35714287 | 5000 |      f1 |     269 |   295.0 |   290.0 |    1,69 |-0,0020 |1592525718842 |[0.42118424, 0.46295202, 0.49308127, 0.583352, 0.06849444, 0.058770776, 0.34330314, 0.36324412, 0.61487126, 0.33612376] |
| 4 |   75 |0.31428573 | 5000 |      f1 |     269 |   295.0 |   290.0 |    1,69 |-0,0020 |1592525718842 |[0.42118424, 0.46295202, 0.49308127, 0.583352, 0.06849444, 0.058770776, 0.34330314, 0.36324412, 0.61487126, 0.33612376] |
| 4 |   75 |  0.45 | 5000 |      f1 |     269 |   295.0 |   290.0 |    1,69 |-0,0020 |1592525718842 |[0.42118424, 0.46295202, 0.49308127, 0.583352, 0.06849444, 0.058770776, 0.34330314, 0.36324412, 0.61487126, 0.33612376] |
| 4 |   75 |  0.45 | 5000 |      f1 |     269 |   295.0 |   290.0 |    1,69 |  3,6 |1592525718842 |[0.42118424, 0.46295202, 0.49308127, 0.583352, 0.06849444, 0.058770776, 0.34330314, 0.36324412, 0.61487126, 0.33612376] |
| 5 |   50 |  0.25 | 5000 |      f1 |     269 |   295.0 |   290.0 |    1,69 |  0,0 |1592525722442 |[0.98650783, 0.32910824, 0.527169, 0.18126386, 0.82100445, 0.103426814, 0.88275665, 0.064382255, 0.95205486, 0.4463486] |
| 5 |   50 |  0.44 | 5000 |      f1 |     269 |   295.0 |   290.0 |    1,69 |  0,0 |1592525722442 |[0.98650783, 0.32910824, 0.527169, 0.18126386, 0.82100445, 0.103426814, 0.88275665, 0.064382255, 0.95205486, 0.4463486] |
| 5 |   50 |  0.36 | 5000 |      f1 |     269 |   295.0 |   290.0 |    1,69 |  0,0 |1592525722442 |[0.98650783, 0.32910824, 0.527169, 0.18126386, 0.82100445, 0.103426814, 0.88275665, 0.064382255, 0.95205486, 0.4463486] |
| 5 |   55 |  0.34 | 5000 |      f1 |     269 |   295.0 |   290.0 |    1,69 |  0,0 |1592525722442 |[0.98650783, 0.32910824, 0.527169, 0.18126386, 0.82100445, 0.103426814, 0.88275665, 0.064382255, 0.95205486, 0.4463486] |
| 5 |   55 |  0.45 | 5000 |      f1 |     269 |   295.0 |   290.0 |    1,69 |  0,0 |1592525722442 |[0.8668764, 0.11790854, 0.04552567, 0.49875194, 0.73735684, 0.9033373, 0.32859552, 0.14333457, 0.5681421, 0.2322815] |
| 5 |   55 |0.38181818 | 5000 |      f1 |     269 |   295.0 |   290.0 |    1,69 |  0,0 |1592525722442 |[0.8668764, 0.11790854, 0.04552567, 0.49875194, 0.73735684, 0.9033373, 0.32859552, 0.14333457, 0.5681421, 0.2322815] |
| 5 |   55 |0.3090909 | 5000 |      f1 |     269 |   295.0 |   290.0 |    1,69 |  0,0 |1592525722442 |[0.8668764, 0.11790854, 0.04552567, 0.49875194, 0.73735684, 0.9033373, 0.32859552, 0.14333457, 0.5681421, 0.2322815] |
| 5 |   60 |0.34545454 | 5000 |      f1 |     269 |   295.0 |   290.0 |    1,69 |  0,0 |1592525722442 |[0.8668764, 0.11790854, 0.04552567, 0.49875194, 0.73735684, 0.9033373, 0.32859552, 0.14333457, 0.5681421, 0.2322815] |
| 5 |   60 |  0.45 | 5000 |      f1 |     269 |   295.0 |   290.0 |    1,69 |  0,0 |1592525722442 |[0.8668764, 0.11790854, 0.04552567, 0.49875194, 0.73735684, 0.9033373, 0.32859552, 0.14333457, 0.5681421, 0.2322815] |
| 5 |   60 |0.41666666 | 5000 |      f1 |     269 |   295.0 |   290.0 |    1,69 |  0,0 |1592525722442 |[0.8668764, 0.11790854, 0.04552567, 0.49875194, 0.73735684, 0.9033373, 0.32859552, 0.14333457, 0.5681421, 0.2322815] |
| 5 |   60 |0.31666666 | 5000 |      f1 |     269 |   295.0 |   290.0 |    1,69 |  0,0 |1592525722442 |[0.8668764, 0.11790854, 0.04552567, 0.49875194, 0.73735684, 0.9033373, 0.32859552, 0.14333457, 0.5681421, 0.2322815] |
| 5 |   65 |0.38333333 | 5000 |      f1 |     269 |   295.0 |   290.0 |    1,69 |  0,0 |1592525722442 |[0.8668764, 0.11790854, 0.04552567, 0.49875194, 0.73735684, 0.9033373, 0.32859552, 0.14333457, 0.5681421, 0.2322815] |
| 5 |   65 |  0.45 | 5000 |      f1 |     269 |   295.0 |   290.0 |    1,69 |  0,0 |1592525722442 |[0.8668764, 0.11790854, 0.04552567, 0.49875194, 0.73735684, 0.9033373, 0.32859552, 0.14333457, 0.5681421, 0.2322815] |
| 5 |   65 |   0.4 | 5000 |      f1 |     269 |   295.0 |   290.0 |    1,69 |  0,0 |1592525722442 |[0.8668764, 0.11790854, 0.04552567, 0.49875194, 0.73735684, 0.9033373, 0.32859552, 0.14333457, 0.5681421, 0.2322815] |
| 5 |   65 |0.43076923 | 5000 |      f1 |     269 |   295.0 |   290.0 |    1,69 |  0,0 |1592525722442 |[0.8668764, 0.11790854, 0.04552567, 0.49875194, 0.73735684, 0.9033373, 0.32859552, 0.14333457, 0.5681421, 0.2322815] |
| 5 |   70 |  0.45 | 5000 |      f1 |     269 |   295.0 |   290.0 |    1,69 |  0,0 |1592525722442 |[0.8668764, 0.11790854, 0.04552567, 0.49875194, 0.73735684, 0.9033373, 0.32859552, 0.14333457, 0.5681421, 0.2322815] |
| 5 |   70 |  0.45 | 5000 |      f1 |     269 |   295.0 |   290.0 |    1,69 |  0,0 |1592525722442 |[0.8668764, 0.11790854, 0.04552567, 0.49875194, 0.73735684, 0.9033373, 0.32859552, 0.14333457, 0.5681421, 0.2322815] |
| 5 |   70 |0.34285715 | 5000 |      f1 |     269 |   295.0 |   290.0 |    1,69 |  0,0 |1592525722442 |[0.8668764, 0.11790854, 0.04552567, 0.49875194, 0.73735684, 0.9033373, 0.32859552, 0.14333457, 0.5681421, 0.2322815] |
| 5 |   70 |0.34285715 | 5000 |      f1 |     269 |   295.0 |   290.0 |    1,69 |  0,0 |1592525722442 |[0.8668764, 0.11790854, 0.04552567, 0.49875194, 0.73735684, 0.9033373, 0.32859552, 0.14333457, 0.5681421, 0.2322815] |
| 5 |   75 |0.31428573 | 5000 |      f1 |     269 |   295.0 |   290.0 |    1,69 |  0,0 |1592525722442 |[0.8668764, 0.11790854, 0.04552567, 0.49875194, 0.73735684, 0.9033373, 0.32859552, 0.14333457, 0.5681421, 0.2322815] |
| 5 |   75 |  0.45 | 5000 |      f1 |     269 |   295.0 |   290.0 |    1,69 |  0,0 |1592525722442 |[0.8668764, 0.11790854, 0.04552567, 0.49875194, 0.73735684, 0.9033373, 0.32859552, 0.14333457, 0.5681421, 0.2322815] |
| 5 |   75 |  0.45 | 5000 |      f1 |     269 |   295.0 |   290.0 |    1,69 |  3,6 |1592525722442 |[0.8668764, 0.11790854, 0.04552567, 0.49875194, 0.73735684, 0.9033373, 0.32859552, 0.14333457, 0.5681421, 0.2322815] |
| 6 |   50 |  0.25 | 5000 |      f1 |     269 |   295.0 |   290.0 |    1,69 |  0,0 |1592525726090 |[0.6365287, 0.70536757, 0.587304, 0.86875266, 0.83188814, 0.35446745, 0.48535985, 0.8669483, 0.14385283, 0.5346168] |
| 6 |   50 |  0.42 | 5000 |      f1 |     269 |   295.0 |   290.0 |    1,69 |  0,0 |1592525726090 |[0.6365287, 0.70536757, 0.587304, 0.86875266, 0.83188814, 0.35446745, 0.48535985, 0.8669483, 0.14385283, 0.5346168] |
| 6 |   50 |   0.4 | 5000 |      f1 |     269 |   295.0 |   290.0 |    1,69 |  0,0 |1592525726090 |[0.6365287, 0.70536757, 0.587304, 0.86875266, 0.83188814, 0.35446745, 0.48535985, 0.8669483, 0.14385283, 0.5346168] |
| 6 |   55 |  0.28 | 5000 |      f1 |     269 |   295.0 |   290.0 |    1,69 |  0,0 |1592525726090 |[0.6365287, 0.70536757, 0.587304, 0.86875266, 0.83188814, 0.35446745, 0.48535985, 0.8669483, 0.14385283, 0.5346168] |
| 6 |   55 |  0.45 | 5000 |      f1 |     269 |   295.0 |   290.0 |    1,69 |  0,0 |1592525726090 |[0.6365287, 0.70536757, 0.587304, 0.86875266, 0.83188814, 0.35446745, 0.48535985, 0.8669483, 0.14385283, 0.5346168] |
| 6 |   55 |0.3272727 | 5000 |      f1 |     269 |   295.0 |   290.0 |    1,69 |  0,0 |1592525726090 |[0.6365287, 0.70536757, 0.587304, 0.86875266, 0.83188814, 0.35446745, 0.48535985, 0.8669483, 0.14385283, 0.5346168] |
| 6 |   55 |0.3272727 | 5000 |      f1 |     269 |   295.0 |   290.0 |    1,69 |  0,0 |1592525726090 |[0.6365287, 0.70536757, 0.587304, 0.86875266, 0.83188814, 0.35446745, 0.48535985, 0.8669483, 0.14385283, 0.5346168] |
| 6 |   60 |0.3090909 | 5000 |      f1 |     269 |   295.0 |   290.0 |    1,69 |  0,0 |1592525726090 |[0.6365287, 0.70536757, 0.587304, 0.86875266, 0.83188814, 0.35446745, 0.48535985, 0.8669483, 0.14385283, 0.5346168] |
| 6 |   60 |0.38333333 | 5000 |      f1 |     269 |   295.0 |   290.0 |    1,69 |  0,0 |1592525726090 |[0.6365287, 0.70536757, 0.587304, 0.86875266, 0.83188814, 0.35446745, 0.48535985, 0.8669483, 0.14385283, 0.5346168] |
| 6 |   60 |0.33333334 | 5000 |      f1 |     269 |   295.0 |   290.0 |    1,69 |  0,0 |1592525726090 |[0.6365287, 0.70536757, 0.587304, 0.86875266, 0.83188814, 0.35446745, 0.48535985, 0.8669483, 0.14385283, 0.5346168] |
| 6 |   60 |   0.4 | 5000 |      f1 |     269 |   295.0 |   290.0 |    1,69 |  0,0 |1592525726090 |[0.6365287, 0.70536757, 0.587304, 0.86875266, 0.83188814, 0.35446745, 0.48535985, 0.8669483, 0.14385283, 0.5346168] |
| 6 |   65 |   0.3 | 5000 |      f1 |     269 |   295.0 |   290.0 |    1,69 |  0,0 |1592525726090 |[0.6365287, 0.70536757, 0.587304, 0.86875266, 0.83188814, 0.35446745, 0.48535985, 0.8669483, 0.14385283, 0.5346168] |
| 6 |   65 |  0.45 | 5000 |      f1 |     269 |   295.0 |   290.0 |    1,69 |  0,0 |1592525726090 |[0.6365287, 0.70536757, 0.587304, 0.86875266, 0.83188814, 0.35446745, 0.48535985, 0.8669483, 0.14385283, 0.5346168] |
| 6 |   65 |0.33846155 | 5000 |      f1 |     269 |   295.0 |   290.0 |    1,69 |  0,0 |1592525726090 |[0.6365287, 0.70536757, 0.587304, 0.86875266, 0.83188814, 0.35446745, 0.48535985, 0.8669483, 0.14385283, 0.5346168] |
| 6 |   65 |0.41538462 | 5000 |      f1 |     269 |   295.0 |   290.0 |    1,69 |  0,0 |1592525726090 |[0.6365287, 0.70536757, 0.587304, 0.86875266, 0.83188814, 0.35446745, 0.48535985, 0.8669483, 0.14385283, 0.5346168] |
| 6 |   70 |0.35384616 | 5000 |      f1 |     269 |   295.0 |   290.0 |    1,69 |  0,0 |1592525726090 |[0.6365287, 0.70536757, 0.587304, 0.86875266, 0.83188814, 0.35446745, 0.48535985, 0.8669483, 0.14385283, 0.5346168] |
| 6 |   70 |  0.45 | 5000 |      f1 |     269 |   295.0 |   290.0 |    1,69 |  0,0 |1592525726090 |[0.6365287, 0.70536757, 0.587304, 0.86875266, 0.83188814, 0.35446745, 0.48535985, 0.8669483, 0.14385283, 0.5346168] |
| 6 |   70 |0.44285715 | 5000 |      f1 |     269 |   295.0 |   290.0 |    1,69 |  0,0 |1592525726090 |[0.6365287, 0.70536757, 0.587304, 0.86875266, 0.83188814, 0.35446745, 0.48535985, 0.8669483, 0.14385283, 0.5346168] |
| 6 |   70 |0.2857143 | 5000 |      f1 |     269 |   295.0 |   290.0 |    1,69 |  0,0 |1592525726090 |[0.6365287, 0.70536757, 0.587304, 0.86875266, 0.83188814, 0.35446745, 0.48535985, 0.8669483, 0.14385283, 0.5346168] |
| 6 |   75 |0.31428573 | 5000 |      f1 |     269 |   295.0 |   290.0 |    1,69 |  0,0 |1592525726090 |[0.6365287, 0.70536757, 0.587304, 0.86875266, 0.83188814, 0.35446745, 0.48535985, 0.8669483, 0.14385283, 0.5346168] |
| 6 |   75 |0.41333333 | 5000 |      f1 |     269 |   295.0 |   290.0 |    1,69 |  0,0 |1592525726090 |[0.6365287, 0.70536757, 0.587304, 0.86875266, 0.83188814, 0.35446745, 0.48535985, 0.8669483, 0.14385283, 0.5346168] |
| 6 |   75 |0.41333333 | 5000 |      f1 |     269 |   295.0 |   290.0 |    1,69 |  3,5 |1592525726090 |[0.6365287, 0.70536757, 0.587304, 0.86875266, 0.83188814, 0.35446745, 0.48535985, 0.8669483, 0.14385283, 0.5346168] |
| 7 |   50 |  0.25 | 5000 |      f1 |     269 |   295.0 |   290.0 |    1,69 |-0,0050 |1592525729643 |[0.03847152, 0.1857838, 0.7779249, 0.55221164, 0.13280195, 0.54987484, 0.21173072, 0.37378246, 0.07686031, 0.9448048] |
| 7 |   50 |  0.32 | 5000 |      f1 |     269 |   295.0 |   290.0 |    1,69 |-0,0050 |1592525729643 |[0.03847152, 0.1857838, 0.7779249, 0.55221164, 0.13280195, 0.54987484, 0.21173072, 0.37378246, 0.07686031, 0.9448048] |
| 7 |   50 |  0.32 | 5000 |      f1 |     269 |   295.0 |   290.0 |    1,69 |-0,0050 |1592525729643 |[0.03847152, 0.1857838, 0.7779249, 0.55221164, 0.13280195, 0.54987484, 0.21173072, 0.37378246, 0.07686031, 0.9448048] |
| 7 |   55 |  0.38 | 5000 |      f1 |     269 |   295.0 |   290.0 |    1,69 |-0,0050 |1592525729643 |[0.03847152, 0.1857838, 0.7779249, 0.55221164, 0.13280195, 0.54987484, 0.21173072, 0.37378246, 0.07686031, 0.9448048] |
| 7 |   55 |  0.45 | 5000 |      f1 |     269 |   295.0 |   290.0 |    1,69 |-0,0050 |1592525729643 |[0.03847152, 0.1857838, 0.7779249, 0.55221164, 0.13280195, 0.54987484, 0.21173072, 0.37378246, 0.07686031, 0.9448048] |
| 7 |   55 |0.3272727 | 5000 |      f1 |     269 |   295.0 |   290.0 |    1,69 |-0,0050 |1592525729643 |[0.03847152, 0.1857838, 0.7779249, 0.55221164, 0.13280195, 0.54987484, 0.21173072, 0.37378246, 0.07686031, 0.9448048] |
| 7 |   55 |0.3272727 | 5000 |      f1 |     269 |   295.0 |   290.0 |    1,69 |-0,0050 |1592525729643 |[0.6899657, 0.09417802, 0.10985756, 0.25351393, 0.99332106, 0.32330066, 0.37451524, 0.18543768, 0.5757868, 0.6763365] |
| 7 |   60 |0.34545454 | 5000 |      f1 |     269 |   295.0 |   290.0 |    1,69 |-0,0050 |1592525729643 |[0.6899657, 0.09417802, 0.10985756, 0.25351393, 0.99332106, 0.32330066, 0.37451524, 0.18543768, 0.5757868, 0.6763365] |
| 7 |   60 |  0.45 | 5000 |      f1 |     269 |   295.0 |   290.0 |    1,69 |-0,0050 |1592525729643 |[0.6899657, 0.09417802, 0.10985756, 0.25351393, 0.99332106, 0.32330066, 0.37451524, 0.18543768, 0.5757868, 0.6763365] |
| 7 |   60 |0.36666667 | 5000 |      f1 |     269 |   295.0 |   290.0 |    1,69 |-0,0050 |1592525729643 |[0.6899657, 0.09417802, 0.10985756, 0.25351393, 0.99332106, 0.32330066, 0.37451524, 0.18543768, 0.5757868, 0.6763365] |
| 7 |   60 |0.28333333 | 5000 |      f1 |     269 |   295.0 |   290.0 |    1,69 |-0,0050 |1592525729643 |[0.3641101, 0.3707127, 0.82934093, 0.5255373, 0.07390118, 0.6013548, 0.91341984, 0.12409133, 0.3385327, 0.6463601] |
| 7 |   65 |0.36666667 | 5000 |      f1 |     269 |   295.0 |   290.0 |    1,69 |-0,0050 |1592525729643 |[0.3641101, 0.3707127, 0.82934093, 0.5255373, 0.07390118, 0.6013548, 0.91341984, 0.12409133, 0.3385327, 0.6463601] |
| 7 |   65 |  0.45 | 5000 |      f1 |     269 |   295.0 |   290.0 |    1,69 |-0,0050 |1592525729643 |[0.3641101, 0.3707127, 0.82934093, 0.5255373, 0.07390118, 0.6013548, 0.91341984, 0.12409133, 0.3385327, 0.6463601] |
| 7 |   65 |0.41538462 | 5000 |      f1 |     269 |   295.0 |   290.0 |    1,69 |-0,0050 |1592525729643 |[0.3641101, 0.3707127, 0.82934093, 0.5255373, 0.07390118, 0.6013548, 0.91341984, 0.12409133, 0.3385327, 0.6463601] |
| 7 |   65 |0.33846155 | 5000 |      f1 |     269 |   295.0 |   290.0 |    1,69 |-0,0050 |1592525729643 |[0.3641101, 0.3707127, 0.82934093, 0.5255373, 0.07390118, 0.6013548, 0.91341984, 0.12409133, 0.3385327, 0.6463601] |
| 7 |   70 |0.24615385 | 5000 |      f1 |     269 |   295.0 |   290.0 |    1,69 |-0,0050 |1592525729643 |[0.3641101, 0.3707127, 0.82934093, 0.5255373, 0.07390118, 0.6013548, 0.91341984, 0.12409133, 0.3385327, 0.6463601] |
| 7 |   70 |  0.45 | 5000 |      f1 |     269 |   295.0 |   290.0 |    1,69 |-0,0050 |1592525729643 |[0.3641101, 0.3707127, 0.82934093, 0.5255373, 0.07390118, 0.6013548, 0.91341984, 0.12409133, 0.3385327, 0.6463601] |
| 7 |   70 |0.2857143 | 5000 |      f1 |     269 |   295.0 |   290.0 |    1,69 |-0,0050 |1592525729643 |[0.3641101, 0.3707127, 0.82934093, 0.5255373, 0.07390118, 0.6013548, 0.91341984, 0.12409133, 0.3385327, 0.6463601] |
| 7 |   70 |0.35714287 | 5000 |      f1 |     269 |   295.0 |   290.0 |    1,69 |-0,0050 |1592525729643 |[0.3641101, 0.3707127, 0.82934093, 0.5255373, 0.07390118, 0.6013548, 0.91341984, 0.12409133, 0.3385327, 0.6463601] |
| 7 |   75 |0.3857143 | 5000 |      f1 |     269 |   295.0 |   290.0 |    1,69 |-0,0050 |1592525729643 |[0.3641101, 0.3707127, 0.82934093, 0.5255373, 0.07390118, 0.6013548, 0.91341984, 0.12409133, 0.3385327, 0.6463601] |
| 7 |   75 |  0.45 | 5000 |      f1 |     269 |   295.0 |   290.0 |    1,69 |-0,0050 |1592525729643 |[0.3641101, 0.3707127, 0.82934093, 0.5255373, 0.07390118, 0.6013548, 0.91341984, 0.12409133, 0.3385327, 0.6463601] |
| 7 |   75 |  0.45 | 5000 |      f1 |     269 |   295.0 |   290.0 |    1,69 |  3,6 |1592525729643 |[0.3641101, 0.3707127, 0.82934093, 0.5255373, 0.07390118, 0.6013548, 0.91341984, 0.12409133, 0.3385327, 0.6463601] |
| 8 |   50 |  0.25 | 5000 |      f1 |     269 |   295.0 |   290.0 |    1,69 |  0,0 |1592525733281 |[0.6767374, 0.5613418, 0.6066655, 0.8552635, 0.24182361, 0.41430807, 0.84373975, 0.86770815, 0.01575166, 0.32970542] |
| 8 |   50 |  0.26 | 5000 |      f1 |     269 |   295.0 |   290.0 |    1,69 |  0,0 |1592525733281 |[0.6767374, 0.5613418, 0.6066655, 0.8552635, 0.24182361, 0.41430807, 0.84373975, 0.86770815, 0.01575166, 0.32970542] |
| 8 |   50 |  0.32 | 5000 |      f1 |     269 |   295.0 |   290.0 |    1,69 |  0,0 |1592525733281 |[0.6767374, 0.5613418, 0.6066655, 0.8552635, 0.24182361, 0.41430807, 0.84373975, 0.86770815, 0.01575166, 0.32970542] |
| 8 |   55 |  0.28 | 5000 |      f1 |     269 |   295.0 |   290.0 |    1,69 |  0,0 |1592525733281 |[0.6767374, 0.5613418, 0.6066655, 0.8552635, 0.24182361, 0.41430807, 0.84373975, 0.86770815, 0.01575166, 0.32970542] |
| 8 |   55 |  0.45 | 5000 |      f1 |     269 |   295.0 |   290.0 |    1,69 |  0,0 |1592525733281 |[0.6767374, 0.5613418, 0.6066655, 0.8552635, 0.24182361, 0.41430807, 0.84373975, 0.86770815, 0.01575166, 0.32970542] |
| 8 |   55 |   0.4 | 5000 |      f1 |     269 |   295.0 |   290.0 |    1,69 |  0,0 |1592525733281 |[0.6767374, 0.5613418, 0.6066655, 0.8552635, 0.24182361, 0.41430807, 0.84373975, 0.86770815, 0.01575166, 0.32970542] |
| 8 |   55 |0.3272727 | 5000 |      f1 |     269 |   295.0 |   290.0 |    1,69 |  0,0 |1592525733281 |[0.6767374, 0.5613418, 0.6066655, 0.8552635, 0.24182361, 0.41430807, 0.84373975, 0.86770815, 0.01575166, 0.32970542] |
| 8 |   60 |0.43636364 | 5000 |      f1 |     269 |   295.0 |   290.0 |    1,69 |  0,0 |1592525733281 |[0.6767374, 0.5613418, 0.6066655, 0.8552635, 0.24182361, 0.41430807, 0.84373975, 0.86770815, 0.01575166, 0.32970542] |
| 8 |   60 |  0.45 | 5000 |      f1 |     269 |   295.0 |   290.0 |    1,69 |  0,0 |1592525733281 |[0.6767374, 0.5613418, 0.6066655, 0.8552635, 0.24182361, 0.41430807, 0.84373975, 0.86770815, 0.01575166, 0.32970542] |
| 8 |   60 |0.31666666 | 5000 |      f1 |     269 |   295.0 |   290.0 |    1,69 |  0,0 |1592525733281 |[0.6767374, 0.5613418, 0.6066655, 0.8552635, 0.24182361, 0.41430807, 0.84373975, 0.86770815, 0.01575166, 0.32970542] |
| 8 |   60 |  0.35 | 5000 |      f1 |     269 |   295.0 |   290.0 |    1,69 |  0,0 |1592525733281 |[0.6767374, 0.5613418, 0.6066655, 0.8552635, 0.24182361, 0.41430807, 0.84373975, 0.86770815, 0.01575166, 0.32970542] |
| 8 |   65 |  0.35 | 5000 |      f1 |     269 |   295.0 |   290.0 |    1,69 |  0,0 |1592525733281 |[0.6767374, 0.5613418, 0.6066655, 0.8552635, 0.24182361, 0.41430807, 0.84373975, 0.86770815, 0.01575166, 0.32970542] |
| 8 |   65 |  0.45 | 5000 |      f1 |     269 |   295.0 |   290.0 |    1,69 |  0,0 |1592525733281 |[0.6767374, 0.5613418, 0.6066655, 0.8552635, 0.24182361, 0.41430807, 0.84373975, 0.86770815, 0.01575166, 0.32970542] |
| 8 |   65 |  0.45 | 5000 |      f1 |     269 |   295.0 |   290.0 |    1,69 |  0,0 |1592525733281 |[0.6767374, 0.5613418, 0.6066655, 0.8552635, 0.24182361, 0.41430807, 0.84373975, 0.86770815, 0.01575166, 0.32970542] |
| 8 |   65 |0.35384616 | 5000 |      f1 |     269 |   295.0 |   290.0 |    1,69 |  0,0 |1592525733281 |[0.6767374, 0.5613418, 0.6066655, 0.8552635, 0.24182361, 0.41430807, 0.84373975, 0.86770815, 0.01575166, 0.32970542] |
| 8 |   70 |   0.4 | 5000 |      f1 |     269 |   295.0 |   290.0 |    1,69 |  0,0 |1592525733281 |[0.6767374, 0.5613418, 0.6066655, 0.8552635, 0.24182361, 0.41430807, 0.84373975, 0.86770815, 0.01575166, 0.32970542] |
| 8 |   70 |  0.45 | 5000 |      f1 |     269 |   295.0 |   290.0 |    1,69 |  0,0 |1592525733281 |[0.6767374, 0.5613418, 0.6066655, 0.8552635, 0.24182361, 0.41430807, 0.84373975, 0.86770815, 0.01575166, 0.32970542] |
| 8 |   70 |0.35714287 | 5000 |      f1 |     269 |   295.0 |   290.0 |    1,69 |  0,0 |1592525733281 |[0.6767374, 0.5613418, 0.6066655, 0.8552635, 0.24182361, 0.41430807, 0.84373975, 0.86770815, 0.01575166, 0.32970542] |
| 8 |   70 |  0.45 | 5000 |      f1 |     269 |   295.0 |   290.0 |    1,69 |  0,0 |1592525733281 |[0.6767374, 0.5613418, 0.6066655, 0.8552635, 0.24182361, 0.41430807, 0.84373975, 0.86770815, 0.01575166, 0.32970542] |
| 8 |   75 |0.35714287 | 5000 |      f1 |     269 |   295.0 |   290.0 |    1,69 |  0,0 |1592525733281 |[0.6767374, 0.5613418, 0.6066655, 0.8552635, 0.24182361, 0.41430807, 0.84373975, 0.86770815, 0.01575166, 0.32970542] |
| 8 |   75 |  0.45 | 5000 |      f1 |     269 |   295.0 |   290.0 |    1,69 |  0,0 |1592525733281 |[0.6767374, 0.5613418, 0.6066655, 0.8552635, 0.24182361, 0.41430807, 0.84373975, 0.86770815, 0.01575166, 0.32970542] |
| 8 |   75 |  0.45 | 5000 |      f1 |     269 |   295.0 |   290.0 |    1,69 |  3,7 |1592525733281 |[0.6767374, 0.5613418, 0.6066655, 0.8552635, 0.24182361, 0.41430807, 0.84373975, 0.86770815, 0.01575166, 0.32970542] |
| 9 |   50 |  0.25 | 5000 |      f1 |     269 |   295.0 |   290.0 |    1,69 |  0,0 |1592525736957 |[0.5422036, 0.95830697, 0.72025263, 0.8879456, 0.7922477, 0.2346493, 0.43805003, 0.7905984, 0.33033448, 0.69798523] |
| 9 |   50 |  0.34 | 5000 |      f1 |     269 |   295.0 |   290.0 |    1,69 |  0,0 |1592525736957 |[0.5422036, 0.95830697, 0.72025263, 0.8879456, 0.7922477, 0.2346493, 0.43805003, 0.7905984, 0.33033448, 0.69798523] |
| 9 |   50 |  0.34 | 5000 |      f1 |     269 |   295.0 |   290.0 |    1,69 |  0,0 |1592525736957 |[0.5422036, 0.95830697, 0.72025263, 0.8879456, 0.7922477, 0.2346493, 0.43805003, 0.7905984, 0.33033448, 0.69798523] |
| 9 |   55 |  0.38 | 5000 |      f1 |     269 |   295.0 |   290.0 |    1,69 |  0,0 |1592525736957 |[0.5422036, 0.95830697, 0.72025263, 0.8879456, 0.7922477, 0.2346493, 0.43805003, 0.7905984, 0.33033448, 0.69798523] |
| 9 |   55 |  0.45 | 5000 |      f1 |     269 |   295.0 |   290.0 |    1,69 |  0,0 |1592525736957 |[0.5422036, 0.95830697, 0.72025263, 0.8879456, 0.7922477, 0.2346493, 0.43805003, 0.7905984, 0.33033448, 0.69798523] |
| 9 |   55 |0.38181818 | 5000 |      f1 |     269 |   295.0 |   290.0 |    1,69 |  0,0 |1592525736957 |[0.5422036, 0.95830697, 0.72025263, 0.8879456, 0.7922477, 0.2346493, 0.43805003, 0.7905984, 0.33033448, 0.69798523] |
| 9 |   55 |0.3272727 | 5000 |      f1 |     269 |   295.0 |   290.0 |    1,69 |  0,0 |1592525736957 |[0.5422036, 0.95830697, 0.72025263, 0.8879456, 0.7922477, 0.2346493, 0.43805003, 0.7905984, 0.33033448, 0.69798523] |
| 9 |   60 |   0.4 | 5000 |      f1 |     269 |   295.0 |   290.0 |    1,69 |  0,0 |1592525736957 |[0.5422036, 0.95830697, 0.72025263, 0.8879456, 0.7922477, 0.2346493, 0.43805003, 0.7905984, 0.33033448, 0.69798523] |
| 9 |   60 |  0.45 | 5000 |      f1 |     269 |   295.0 |   290.0 |    1,69 |  0,0 |1592525736957 |[0.5422036, 0.95830697, 0.72025263, 0.8879456, 0.7922477, 0.2346493, 0.43805003, 0.7905984, 0.33033448, 0.69798523] |
| 9 |   60 |0.36666667 | 5000 |      f1 |     269 |   295.0 |   290.0 |    1,69 |  0,0 |1592525736957 |[0.5422036, 0.95830697, 0.72025263, 0.8879456, 0.7922477, 0.2346493, 0.43805003, 0.7905984, 0.33033448, 0.69798523] |
| 9 |   60 |0.36666667 | 5000 |      f1 |     269 |   295.0 |   290.0 |    1,69 |  0,0 |1592525736957 |[0.5422036, 0.95830697, 0.72025263, 0.8879456, 0.7922477, 0.2346493, 0.43805003, 0.7905984, 0.33033448, 0.69798523] |
| 9 |   65 |0.41666666 | 5000 |      f1 |     269 |   295.0 |   290.0 |    1,69 |  0,0 |1592525736957 |[0.5422036, 0.95830697, 0.72025263, 0.8879456, 0.7922477, 0.2346493, 0.43805003, 0.7905984, 0.33033448, 0.69798523] |
| 9 |   65 |  0.45 | 5000 |      f1 |     269 |   295.0 |   290.0 |    1,69 |  0,0 |1592525736957 |[0.5422036, 0.95830697, 0.72025263, 0.8879456, 0.7922477, 0.2346493, 0.43805003, 0.7905984, 0.33033448, 0.69798523] |
| 9 |   65 |0.43076923 | 5000 |      f1 |     269 |   295.0 |   290.0 |    1,69 |  0,0 |1592525736957 |[0.5422036, 0.95830697, 0.72025263, 0.8879456, 0.7922477, 0.2346493, 0.43805003, 0.7905984, 0.33033448, 0.69798523] |
| 9 |   65 |0.32307693 | 5000 |      f1 |     269 |   295.0 |   290.0 |    1,69 |  0,0 |1592525736957 |[0.5422036, 0.95830697, 0.72025263, 0.8879456, 0.7922477, 0.2346493, 0.43805003, 0.7905984, 0.33033448, 0.69798523] |
| 9 |   70 |0.3846154 | 5000 |      f1 |     269 |   295.0 |   290.0 |    1,69 |  0,0 |1592525736957 |[0.5422036, 0.95830697, 0.72025263, 0.8879456, 0.7922477, 0.2346493, 0.43805003, 0.7905984, 0.33033448, 0.69798523] |
| 9 |   70 |  0.45 | 5000 |      f1 |     269 |   295.0 |   290.0 |    1,69 |  0,0 |1592525736957 |[0.5422036, 0.95830697, 0.72025263, 0.8879456, 0.7922477, 0.2346493, 0.43805003, 0.7905984, 0.33033448, 0.69798523] |
| 9 |   70 |0.34285715 | 5000 |      f1 |     269 |   295.0 |   290.0 |    1,69 |  0,0 |1592525736957 |[0.5422036, 0.95830697, 0.72025263, 0.8879456, 0.7922477, 0.2346493, 0.43805003, 0.7905984, 0.33033448, 0.69798523] |
| 9 |   70 |0.27142859 | 5000 |      f1 |     269 |   295.0 |   290.0 |    1,69 |  0,0 |1592525736957 |[0.5422036, 0.95830697, 0.72025263, 0.8879456, 0.7922477, 0.2346493, 0.43805003, 0.7905984, 0.33033448, 0.69798523] |
| 9 |   75 |0.35714287 | 5000 |      f1 |     269 |   295.0 |   290.0 |    1,69 |  0,0 |1592525736957 |[0.5422036, 0.95830697, 0.72025263, 0.8879456, 0.7922477, 0.2346493, 0.43805003, 0.7905984, 0.33033448, 0.69798523] |
| 9 |   75 |  0.45 | 5000 |      f1 |     269 |   295.0 |   290.0 |    1,69 |  0,0 |1592525736957 |[0.5422036, 0.95830697, 0.72025263, 0.8879456, 0.7922477, 0.2346493, 0.43805003, 0.7905984, 0.33033448, 0.69798523] |
| 9 |   75 |  0.45 | 5000 |      f1 |     269 |   295.0 |   290.0 |    1,69 |  3,6 |1592525736957 |[0.5422036, 0.95830697, 0.72025263, 0.8879456, 0.7922477, 0.2346493, 0.43805003, 0.7905984, 0.33033448, 0.69798523] |
|10 |   50 |  0.25 | 5000 |      f1 |     269 |   295.0 |   290.0 |    1,69 |-0,0060 |1592525740530 |[0.17633277, 0.5045088, 0.35326856, 0.83260113, 0.4317456, 0.30967486, 0.117676556, 0.55093706, 0.55998594, 0.20894212] |
|10 |   50 |  0.36 | 5000 |      f1 |     269 |   295.0 |   290.0 |    1,69 |-0,0060 |1592525740530 |[0.17633277, 0.5045088, 0.35326856, 0.83260113, 0.4317456, 0.30967486, 0.117676556, 0.55093706, 0.55998594, 0.20894212] |
|10 |   50 |  0.32 | 5000 |      f1 |     269 |   295.0 |   290.0 |    1,69 |-0,0060 |1592525740530 |[0.17633277, 0.5045088, 0.35326856, 0.83260113, 0.4317456, 0.30967486, 0.117676556, 0.55093706, 0.55998594, 0.20894212] |
