| # | Nest | %Desc |#Iter |Instancia | CapMoch |ValOptmo | BestFit |     RDP | time |      semilla |VectorSolucion |
-------------------------------------------------------------------------------------------------
| 1 |   25 |  0.25 | 2500 |      f3 |      20 |    35.0 |    35.0 |    0,00 |-1,6e+09 |1592499789603 |[0.3065976, 0.1548264, 0.6601313, 0.6496009] |
| 2 |   25 |  0.25 | 2500 |      f3 |      20 |    35.0 |    35.0 |    0,00 |  0,0 |1592499789604 |[0.52074456, 0.5487682, 0.24646103, 0.26399195] |
| 3 |   25 |  0.25 | 2500 |      f3 |      20 |    35.0 |    35.0 |    0,00 |  0,0 |1592499789605 |[0.7822468, 0.1932596, 0.41426617, 0.4052679] |
| 4 |   25 |  0.25 | 2500 |      f3 |      20 |    35.0 |    35.0 |    0,00 |-0,0010 |1592499789606 |[0.4174059, 0.71343076, 0.6530683, 0.40927517] |
| 5 |   25 |  0.25 | 2500 |      f3 |      20 |    35.0 |    35.0 |    0,00 |  0,0 |1592499789606 |[0.011973798, 0.36230654, 0.25167966, 0.39158] |
| 6 |   25 |  0.25 | 2500 |      f3 |      20 |    35.0 |    35.0 |    0,00 |  0,0 |1592499789607 |[0.9316476, 0.895464, 0.66921914, 0.25638884] |
| 7 |   25 |  0.25 | 2500 |      f3 |      20 |    35.0 |    35.0 |    0,00 |-0,0010 |1592499789608 |[0.7602314, 0.7380086, 0.43827683, 0.24851537] |
| 8 |   25 |  0.25 | 2500 |      f3 |      20 |    35.0 |    35.0 |    0,00 |  0,0 |1592499789608 |[0.51134026, 0.30248058, 0.10391116, 0.41568464] |
| 9 |   25 |  0.25 | 2500 |      f3 |      20 |    35.0 |    35.0 |    0,00 |  0,0 |1592499789609 |[0.54423064, 0.9523369, 0.72095114, 0.22169918] |
|10 |   25 |  0.25 | 2500 |      f3 |      20 |    35.0 |    35.0 |    0,00 |  0,0 |1592499789610 |[0.88992745, 0.2690912, 0.38902813, 0.23062229] |
|11 |   25 |  0.25 | 2500 |      f3 |      20 |    35.0 |    35.0 |    0,00 |-0,0010 |1592499789611 |[0.10054612, 0.78340685, 0.03082633, 0.0854916] |
|12 |   25 |  0.25 | 2500 |      f3 |      20 |    35.0 |    35.0 |    0,00 |  0,0 |1592499789611 |[0.53011334, 0.77853745, 0.7775665, 0.50113285] |
|13 |   25 |  0.25 | 2500 |      f3 |      20 |    35.0 |    35.0 |    0,00 |  0,0 |1592499789612 |[0.0077955723, 0.6706361, 0.32360858, 0.067035854] |
|14 |   25 |  0.25 | 2500 |      f3 |      20 |    35.0 |    35.0 |    0,00 |-0,0010 |1592499789613 |[0.30970478, 0.4544112, 0.4478582, 0.84414864] |
|15 |   25 |  0.25 | 2500 |      f3 |      20 |    35.0 |    35.0 |    0,00 |  0,0 |1592499789613 |[0.6574018, 0.7582778, 0.4063679, 0.697859] |
