| # | Nest | %Desc |#Iter |Instancia | CapMoch |ValOptmo | BestFit |     RDP | time |      semilla |VectorSolucion |
-------------------------------------------------------------------------------------------------
| 1 |   50 |  0.25 | 5000 |      f4 |      11 |    23.0 |    23.0 |    0,00 |-1,6e+09 |1592532444398 |[0.72043365, 0.66846, 0.5600062, 0.82332695] |
| 1 |   50 |  0.25 | 5000 |      f4 |      11 |    23.0 |    23.0 |    0,00 |  0,0 |1592532444398 |[0.72043365, 0.66846, 0.5600062, 0.82332695] |
| 2 |   50 |  0.25 | 5000 |      f4 |      11 |    23.0 |    23.0 |    0,00 |-0,0010 |1592532444399 |[0.32511237, 0.5675157, 0.91766524, 1.0E-12] |
| 2 |   50 |  0.25 | 5000 |      f4 |      11 |    23.0 |    23.0 |    0,00 |  0,0 |1592532444399 |[0.32511237, 0.5675157, 0.91766524, 1.0E-12] |
| 3 |   50 |  0.25 | 5000 |      f4 |      11 |    23.0 |    23.0 |    0,00 |-0,0010 |1592532444400 |[0.08512844, 0.9081464, 0.79717314, 0.023630535] |
| 3 |   50 |  0.25 | 5000 |      f4 |      11 |    23.0 |    23.0 |    0,00 |  0,0 |1592532444400 |[0.08512844, 0.9081464, 0.79717314, 0.023630535] |
| 4 |   50 |  0.25 | 5000 |      f4 |      11 |    23.0 |    23.0 |    0,00 |-0,0010 |1592532444401 |[0.50103223, 1.0, 0.26500702, 0.6299173] |
| 4 |   50 |  0.25 | 5000 |      f4 |      11 |    23.0 |    23.0 |    0,00 |  0,0 |1592532444401 |[0.50103223, 1.0, 0.26500702, 0.6299173] |
| 5 |   50 |  0.25 | 5000 |      f4 |      11 |    23.0 |    23.0 |    0,00 |-0,0010 |1592532444402 |[0.8447889, 0.8045714, 0.015700579, 0.34604138] |
| 5 |   50 |  0.25 | 5000 |      f4 |      11 |    23.0 |    23.0 |    0,00 |0,0010 |1592532444402 |[0.8447889, 0.8045714, 0.015700579, 0.34604138] |
| 6 |   50 |  0.25 | 5000 |      f4 |      11 |    23.0 |    23.0 |    0,00 |-0,0010 |1592532444404 |[0.920968, 0.80732936, 0.96064043, 0.5056211] |
| 6 |   50 |  0.25 | 5000 |      f4 |      11 |    23.0 |    23.0 |    0,00 |  0,0 |1592532444404 |[0.920968, 0.80732936, 0.96064043, 0.5056211] |
| 7 |   50 |  0.25 | 5000 |      f4 |      11 |    23.0 |    23.0 |    0,00 |-0,0030 |1592532444407 |[0.8212233, 0.3113758, 0.38754988, 0.34543777] |
| 7 |   50 |  0.25 | 5000 |      f4 |      11 |    23.0 |    23.0 |    0,00 |0,0010 |1592532444407 |[0.8212233, 0.3113758, 0.38754988, 0.34543777] |
| 8 |   50 |  0.25 | 5000 |      f4 |      11 |    23.0 |    23.0 |    0,00 |-0,0050 |1592532444413 |[0.27770963, 0.28737348, 0.072390564, 0.56487656] |
| 8 |   50 |  0.25 | 5000 |      f4 |      11 |    23.0 |    23.0 |    0,00 |0,0010 |1592532444413 |[0.27770963, 0.28737348, 0.072390564, 0.56487656] |
| 9 |   50 |  0.25 | 5000 |      f4 |      11 |    23.0 |    23.0 |    0,00 |  0,0 |1592532444414 |[0.5508623, 0.27694392, 0.53755236, 1.0E-12] |
| 9 |   50 |  0.25 | 5000 |      f4 |      11 |    23.0 |    23.0 |    0,00 |0,0010 |1592532444414 |[0.5508623, 0.27694392, 0.53755236, 1.0E-12] |
|10 |   50 |  0.25 | 5000 |      f4 |      11 |    23.0 |    23.0 |    0,00 |  0,0 |1592532444415 |[0.8808811, 0.60637605, 0.47988206, 0.6623449] |
|10 |   50 |  0.25 | 5000 |      f4 |      11 |    23.0 |    23.0 |    0,00 |0,0030 |1592532444415 |[0.8808811, 0.60637605, 0.47988206, 0.6623449] |
|11 |   50 |  0.25 | 5000 |      f4 |      11 |    23.0 |    23.0 |    0,00 |  0,0 |1592532444418 |[0.836797, 0.101298876, 0.25396323, 0.40049797] |
|11 |   50 |  0.25 | 5000 |      f4 |      11 |    23.0 |    23.0 |    0,00 |0,0010 |1592532444418 |[0.836797, 0.101298876, 0.25396323, 0.40049797] |
|12 |   50 |  0.25 | 5000 |      f4 |      11 |    23.0 |    23.0 |    0,00 |  0,0 |1592532444419 |[0.2751521, 0.8132845, 1.0, 0.9173211] |
|12 |   50 |  0.25 | 5000 |      f4 |      11 |    23.0 |    23.0 |    0,00 |0,0010 |1592532444419 |[0.2751521, 0.8132845, 1.0, 0.9173211] |
|13 |   50 |  0.25 | 5000 |      f4 |      11 |    23.0 |    23.0 |    0,00 |  0,0 |1592532444420 |[0.054078706, 0.080883086, 0.20602348, 1.0E-12] |
|13 |   50 |  0.25 | 5000 |      f4 |      11 |    23.0 |    23.0 |    0,00 |0,0010 |1592532444420 |[0.054078706, 0.080883086, 0.20602348, 1.0E-12] |
|14 |   50 |  0.25 | 5000 |      f4 |      11 |    23.0 |    23.0 |    0,00 |-0,0010 |1592532444422 |[0.47089642, 0.25943595, 0.7515573, 0.86871797] |
|14 |   50 |  0.25 | 5000 |      f4 |      11 |    23.0 |    23.0 |    0,00 |  0,0 |1592532444422 |[0.47089642, 0.25943595, 0.7515573, 0.86871797] |
|15 |   50 |  0.25 | 5000 |      f4 |      11 |    23.0 |    23.0 |    0,00 |-0,0010 |1592532444423 |[0.21162528, 0.46234554, 0.32772368, 0.67015445] |
|15 |   50 |  0.25 | 5000 |      f4 |      11 |    23.0 |    23.0 |    0,00 |  0,0 |1592532444423 |[0.21162528, 0.46234554, 0.32772368, 0.67015445] |
