| # | Nest | %Desc |#Iter |Instancia | CapMoch |ValOptmo | BestFit |     RDP | time |      semilla |VectorSolucion |
-------------------------------------------------------------------------------------------------
| 1 |   25 |  0.25 | 2500 |      f3 |      20 |    35.0 |    35.0 |    0,00 |  0,0 |1592496344890 |[0.6573985, 0.9510225, 0.3399905, 0.054755867] |
| 2 |   25 |  0.25 | 2500 |      f3 |      20 |    35.0 |    35.0 |    0,00 |  0,0 |1592496344892 |[0.98436415, 0.82280415, 0.2823971, 0.34029323] |
| 3 |   25 |  0.25 | 2500 |      f3 |      20 |    35.0 |    35.0 |    0,00 |  0,0 |1592496344894 |[0.16980511, 0.027213395, 0.3732679, 0.101879716] |
| 4 |   25 |  0.25 | 2500 |      f3 |      20 |    35.0 |    35.0 |    0,00 |  0,0 |1592496344896 |[0.0031671524, 0.08847809, 0.28956014, 0.22964501] |
| 5 |   25 |  0.25 | 2500 |      f3 |      20 |    35.0 |    35.0 |    0,00 |0,0010 |1592496344897 |[0.44239604, 0.8961138, 0.9133164, 0.8377265] |
| 6 |   25 |  0.25 | 2500 |      f3 |      20 |    35.0 |    35.0 |    0,00 |  0,0 |1592496344899 |[0.0827446, 0.9908063, 0.61543775, 0.5389717] |
| 7 |   25 |  0.25 | 2500 |      f3 |      20 |    35.0 |    35.0 |    0,00 |  0,0 |1592496344900 |[0.4549024, 0.31493902, 0.8246808, 0.22720379] |
| 8 |   25 |  0.25 | 2500 |      f3 |      20 |    35.0 |    35.0 |    0,00 |  0,0 |1592496344902 |[0.90717435, 0.6544693, 0.8824835, 0.6262523] |
| 9 |   25 |  0.25 | 2500 |      f3 |      20 |    35.0 |    35.0 |    0,00 |  0,0 |1592496344903 |[0.17842919, 0.6599526, 0.01346904, 0.40588754] |
|10 |   25 |  0.25 | 2500 |      f3 |      20 |    35.0 |    35.0 |    0,00 |0,0010 |1592496344904 |[0.9973727, 0.92985934, 0.6500846, 0.91843927] |
|11 |   25 |  0.25 | 2500 |      f3 |      20 |    35.0 |    35.0 |    0,00 |  0,0 |1592496344906 |[0.920477, 0.8227651, 0.3343491, 0.52674675] |
|12 |   25 |  0.25 | 2500 |      f3 |      20 |    35.0 |    35.0 |    0,00 |0,0010 |1592496344907 |[0.34101355, 0.89366394, 0.8694226, 0.48972946] |
|13 |   25 |  0.25 | 2500 |      f3 |      20 |    35.0 |    35.0 |    0,00 |  0,0 |1592496344909 |[0.20207816, 0.75165117, 0.9406501, 0.58188254] |
|14 |   25 |  0.25 | 2500 |      f3 |      20 |    35.0 |    35.0 |    0,00 |  0,0 |1592496344910 |[0.41319436, 0.24897504, 0.24400085, 0.3659987] |
|15 |   25 |  0.25 | 2500 |      f3 |      20 |    35.0 |    35.0 |    0,00 |  0,0 |1592496344911 |[0.16031593, 0.77525234, 0.62744033, 0.58765084] |
