| # | Nest | %Desc |#Iter |Instancia | CapMoch |ValOptmo | BestFit |     RDP | time |      semilla |VectorSolucion |
-------------------------------------------------------------------------------------------------
| 1 |   50 |  0.25 | 5000 |      f9 |      80 |   130.0 |   130.0 |    0,00 |-1,6e+09 |1592532591603 |[0.09194088, 0.45872644, 0.7476662, 0.747923, 0.48217505] |
| 1 |   50 |  0.25 | 5000 |      f9 |      80 |   130.0 |   130.0 |    0,00 |0,0010 |1592532591603 |[0.09194088, 0.45872644, 0.7476662, 0.747923, 0.48217505] |
| 2 |   50 |  0.25 | 5000 |      f9 |      80 |   130.0 |   130.0 |    0,00 |  0,0 |1592532591604 |[0.2758221, 0.4071501, 0.8316833, 0.07682848, 0.5319815] |
| 2 |   50 |  0.25 | 5000 |      f9 |      80 |   130.0 |   130.0 |    0,00 |0,0010 |1592532591604 |[0.2758221, 0.4071501, 0.8316833, 0.07682848, 0.5319815] |
| 3 |   50 |  0.25 | 5000 |      f9 |      80 |   130.0 |   130.0 |    0,00 |  0,0 |1592532591605 |[0.9650571, 0.8247257, 0.07645351, 0.16879135, 0.89558977] |
| 3 |   50 |  0.25 | 5000 |      f9 |      80 |   130.0 |   130.0 |    0,00 |0,0010 |1592532591605 |[0.9650571, 0.8247257, 0.07645351, 0.16879135, 0.89558977] |
| 4 |   50 |  0.25 | 5000 |      f9 |      80 |   130.0 |   130.0 |    0,00 |  0,0 |1592532591606 |[0.9423637, 0.107011914, 0.52229166, 0.43796748, 0.9863034] |
| 4 |   50 |  0.25 | 5000 |      f9 |      80 |   130.0 |   130.0 |    0,00 |  0,0 |1592532591606 |[0.9423637, 0.107011914, 0.52229166, 0.43796748, 0.9863034] |
| 5 |   50 |  0.25 | 5000 |      f9 |      80 |   130.0 |   130.0 |    0,00 |  0,0 |1592532591606 |[0.9119757, 0.3284834, 0.16552603, 0.21069664, 0.6436457] |
| 5 |   50 |  0.25 | 5000 |      f9 |      80 |   130.0 |   130.0 |    0,00 |0,0010 |1592532591606 |[0.9119757, 0.3284834, 0.16552603, 0.21069664, 0.6436457] |
| 6 |   50 |  0.25 | 5000 |      f9 |      80 |   130.0 |   130.0 |    0,00 |  0,0 |1592532591607 |[0.27758884, 0.7029502, 0.6436412, 0.7843756, 0.6541094] |
| 6 |   50 |  0.25 | 5000 |      f9 |      80 |   130.0 |   130.0 |    0,00 |  0,0 |1592532591607 |[0.27758884, 0.7029502, 0.6436412, 0.7843756, 0.6541094] |
| 7 |   50 |  0.25 | 5000 |      f9 |      80 |   130.0 |   130.0 |    0,00 |-0,0010 |1592532591608 |[0.33696592, 0.597391, 0.10920453, 0.17867643, 0.63660014] |
| 7 |   50 |  0.25 | 5000 |      f9 |      80 |   130.0 |   130.0 |    0,00 |  0,0 |1592532591608 |[0.33696592, 0.597391, 0.10920453, 0.17867643, 0.63660014] |
| 8 |   50 |  0.25 | 5000 |      f9 |      80 |   130.0 |   130.0 |    0,00 |  0,0 |1592532591608 |[0.9202573, 0.7642598, 0.94269675, 0.9553312, 0.10171926] |
| 8 |   50 |  0.25 | 5000 |      f9 |      80 |   130.0 |   130.0 |    0,00 |0,0010 |1592532591608 |[0.9202573, 0.7642598, 0.94269675, 0.9553312, 0.10171926] |
| 9 |   50 |  0.25 | 5000 |      f9 |      80 |   130.0 |   130.0 |    0,00 |  0,0 |1592532591609 |[0.84995264, 0.29321057, 0.4713326, 0.72273344, 0.90536577] |
| 9 |   50 |  0.25 | 5000 |      f9 |      80 |   130.0 |   130.0 |    0,00 |  0,0 |1592532591609 |[0.84995264, 0.29321057, 0.4713326, 0.72273344, 0.90536577] |
|10 |   50 |  0.25 | 5000 |      f9 |      80 |   130.0 |   130.0 |    0,00 |-0,0010 |1592532591610 |[0.940187, 0.60552883, 0.16503501, 0.70494974, 0.58662194] |
|10 |   50 |  0.25 | 5000 |      f9 |      80 |   130.0 |   130.0 |    0,00 |  0,0 |1592532591610 |[0.940187, 0.60552883, 0.16503501, 0.70494974, 0.58662194] |
|11 |   50 |  0.25 | 5000 |      f9 |      80 |   130.0 |   130.0 |    0,00 |  0,0 |1592532591610 |[0.8669273, 0.09543547, 0.028950403, 0.21156009, 0.12846793] |
|11 |   50 |  0.25 | 5000 |      f9 |      80 |   130.0 |   130.0 |    0,00 |0,0010 |1592532591610 |[0.8669273, 0.09543547, 0.028950403, 0.21156009, 0.12846793] |
|12 |   50 |  0.25 | 5000 |      f9 |      80 |   130.0 |   130.0 |    0,00 |  0,0 |1592532591611 |[0.88114643, 0.08559483, 0.07413417, 0.011520207, 0.4385435] |
|12 |   50 |  0.25 | 5000 |      f9 |      80 |   130.0 |   130.0 |    0,00 |  0,0 |1592532591611 |[0.88114643, 0.08559483, 0.07413417, 0.011520207, 0.4385435] |
|13 |   50 |  0.25 | 5000 |      f9 |      80 |   130.0 |   130.0 |    0,00 |  0,0 |1592532591611 |[0.8293569, 0.83657444, 0.7423793, 0.73048973, 0.026499033] |
|13 |   50 |  0.25 | 5000 |      f9 |      80 |   130.0 |   130.0 |    0,00 |0,0010 |1592532591611 |[0.8293569, 0.83657444, 0.7423793, 0.73048973, 0.026499033] |
|14 |   50 |  0.25 | 5000 |      f9 |      80 |   130.0 |   130.0 |    0,00 |  0,0 |1592532591612 |[0.5602504, 0.7959592, 0.54503644, 0.20365036, 0.75511914] |
|14 |   50 |  0.25 | 5000 |      f9 |      80 |   130.0 |   130.0 |    0,00 |  0,0 |1592532591612 |[0.5602504, 0.7959592, 0.54503644, 0.20365036, 0.75511914] |
|15 |   50 |  0.25 | 5000 |      f9 |      80 |   130.0 |   130.0 |    0,00 |  0,0 |1592532591612 |[0.7867737, 0.73626846, 0.42970437, 0.3801503, 0.8082009] |
|15 |   50 |  0.25 | 5000 |      f9 |      80 |   130.0 |   130.0 |    0,00 |0,0010 |1592532591612 |[0.7867737, 0.73626846, 0.42970437, 0.3801503, 0.8082009] |
