| # | Nest | %Desc |#Iter |Instancia | CapMoch |ValOptmo | BestFit |     RDP | time |      semilla |VectorSolucion |
-------------------------------------------------------------------------------------------------
| 1 |   25 |  0.25 | 2500 |      f9 |      80 |   130.0 |   130.0 |    0,00 |  0,0 |1592497309524 |[0.89471996, 0.050158262, 0.11584669, 0.6116262, 0.1347751] |
| 2 |   25 |  0.25 | 2500 |      f9 |      80 |   130.0 |   130.0 |    0,00 |  0,0 |1592497309525 |[0.48683453, 0.6110938, 0.16780114, 0.49483627, 0.8786581] |
| 3 |   25 |  0.25 | 2500 |      f9 |      80 |   130.0 |   130.0 |    0,00 |  0,0 |1592497309531 |[0.022859454, 0.05564314, 0.8521413, 0.0020733476, 0.9485241] |
| 4 |   25 |  0.25 | 2500 |      f9 |      80 |   130.0 |   130.0 |    0,00 |  0,0 |1592497309532 |[0.8205035, 0.9072744, 0.78531724, 0.09825289, 0.74104047] |
| 5 |   25 |  0.25 | 2500 |      f9 |      80 |   130.0 |   130.0 |    0,00 |0,0010 |1592497309533 |[0.71273965, 0.18807018, 0.2586435, 0.3090616, 0.1474334] |
| 6 |   25 |  0.25 | 2500 |      f9 |      80 |   130.0 |   130.0 |    0,00 |0,0010 |1592497309534 |[0.48852307, 0.6066265, 0.39268547, 0.71077377, 0.21601081] |
| 7 |   25 |  0.25 | 2500 |      f9 |      80 |   130.0 |   130.0 |    0,00 |0,0010 |1592497309535 |[0.26484853, 0.99325514, 0.73271626, 0.5042253, 0.7243022] |
| 8 |   25 |  0.25 | 2500 |      f9 |      80 |   130.0 |   130.0 |    0,00 |  0,0 |1592497309537 |[0.19490808, 0.04184705, 0.57565707, 0.057857335, 0.5376935] |
| 9 |   25 |  0.25 | 2500 |      f9 |      80 |   130.0 |   130.0 |    0,00 |  0,0 |1592497309538 |[0.836349, 0.037507057, 0.6182181, 0.63142455, 0.52471346] |
|10 |   25 |  0.25 | 2500 |      f9 |      80 |   130.0 |   130.0 |    0,00 |0,0010 |1592497309538 |[0.82835287, 0.79427963, 0.25125784, 0.5116975, 0.37758446] |
|11 |   25 |  0.25 | 2500 |      f9 |      80 |   130.0 |   130.0 |    0,00 |  0,0 |1592497309539 |[0.8903607, 0.2153098, 0.39046466, 0.58078396, 0.34443378] |
|12 |   25 |  0.25 | 2500 |      f9 |      80 |   130.0 |   130.0 |    0,00 |  0,0 |1592497309540 |[0.908212, 0.55955607, 0.7917348, 0.7660057, 0.7892557] |
|13 |   25 |  0.25 | 2500 |      f9 |      80 |   130.0 |   130.0 |    0,00 |  0,0 |1592497309541 |[0.29686058, 0.8018021, 0.9376139, 0.68660724, 0.9844485] |
|14 |   25 |  0.25 | 2500 |      f9 |      80 |   130.0 |   130.0 |    0,00 |  0,0 |1592497309541 |[0.42030257, 0.1647855, 0.6753165, 0.7735261, 0.1247468] |
|15 |   25 |  0.25 | 2500 |      f9 |      80 |   130.0 |   130.0 |    0,00 |  0,0 |1592497309542 |[0.8583033, 0.75699055, 0.154042, 0.053391516, 0.6258284] |
