| # | Nest | %Desc |#Iter |Instancia | CapMoch |ValOptmo | BestFit |     RDP | time |      semilla |VectorSolucion |
-------------------------------------------------------------------------------------------------
| 1 |   25 |  0.25 | 2500 |      f6 |      60 |    52.0 |    52.0 |    0,00 |0,0010 |1592496330419 |[0.382389, 0.90814763, 0.45899957, 0.5858877, 0.34544635, 0.64571244, 0.050659776, 0.4749418, 0.41748917, 0.834505] |
| 2 |   25 |  0.25 | 2500 |      f6 |      60 |    52.0 |    52.0 |    0,00 |  0,0 |1592496330421 |[0.39138484, 0.018598795, 0.45735413, 0.36881799, 0.13976765, 0.4498769, 0.67154956, 0.17152762, 0.26909488, 0.040783286] |
| 3 |   25 |  0.25 | 2500 |      f6 |      60 |    52.0 |    52.0 |    0,00 |  0,0 |1592496330422 |[0.442967, 0.71738154, 0.36349708, 0.030183256, 0.5282822, 0.2827291, 0.36580473, 0.21605527, 0.022134602, 0.7986865] |
| 4 |   25 |  0.25 | 2500 |      f6 |      60 |    52.0 |    52.0 |    0,00 |  0,0 |1592496330423 |[0.88716054, 0.74191827, 0.61510575, 0.47045124, 5.722642E-4, 0.485332, 0.12676316, 0.7973669, 0.33459038, 0.48901427] |
| 5 |   25 |  0.25 | 2500 |      f6 |      60 |    52.0 |    52.0 |    0,00 |  0,0 |1592496330424 |[0.53408635, 0.19085926, 0.46087295, 0.31061852, 0.94876283, 0.36213094, 0.8355714, 0.17769295, 0.12317628, 0.07454258] |
| 6 |   25 |  0.25 | 2500 |      f6 |      60 |    52.0 |    52.0 |    0,00 |  0,0 |1592496330425 |[0.6447508, 0.7891192, 0.8057907, 0.13195813, 0.48777312, 0.053353727, 0.06476313, 0.1549995, 0.4238444, 0.6180569] |
| 7 |   25 |  0.25 | 2500 |      f6 |      60 |    52.0 |    52.0 |    0,00 |0,0010 |1592496330426 |[0.17948395, 0.30538833, 0.9959922, 0.56853354, 0.11676639, 0.21289665, 0.019571722, 0.9351783, 0.80395764, 0.85718596] |
| 8 |   25 |  0.25 | 2500 |      f6 |      60 |    52.0 |    52.0 |    0,00 |  0,0 |1592496330428 |[0.4479007, 0.57305896, 0.5451636, 0.9336826, 0.68521434, 0.16107637, 0.23764646, 0.9934509, 0.063619316, 0.8850275] |
| 9 |   25 |  0.25 | 2500 |      f6 |      60 |    52.0 |    52.0 |    0,00 |  0,0 |1592496330429 |[0.6823976, 0.85297406, 0.5974269, 0.6321131, 0.51284945, 0.5608525, 0.1558221, 0.89035046, 0.96310234, 0.24577677] |
|10 |   25 |  0.25 | 2500 |      f6 |      60 |    52.0 |    52.0 |    0,00 |  0,0 |1592496330430 |[0.6730088, 0.12782735, 0.6354531, 0.44494796, 0.32994056, 0.4233703, 0.2719853, 0.7999945, 0.7012552, 0.062369704] |
|11 |   25 |  0.25 | 2500 |      f6 |      60 |    52.0 |    52.0 |    0,00 |0,0010 |1592496330431 |[0.3962291, 0.26626468, 0.38008034, 0.13452703, 0.005885303, 0.08424282, 0.17401862, 0.9588507, 0.44108742, 0.10071075] |
|12 |   25 |  0.25 | 2500 |      f6 |      60 |    52.0 |    52.0 |    0,00 |0,0030 |1592496330432 |[0.65789235, 0.77461463, 0.860254, 0.8509264, 0.3990863, 0.271559, 0.97433424, 0.15932423, 0.054867446, 0.036215544] |
|13 |   25 |  0.25 | 2500 |      f6 |      60 |    52.0 |    52.0 |    0,00 |  0,0 |1592496330436 |[0.8815252, 0.7254243, 0.53135103, 0.22940928, 0.5770652, 0.6421031, 0.82213503, 0.90031123, 0.20674258, 0.6554857] |
|14 |   25 |  0.25 | 2500 |      f6 |      60 |    52.0 |    52.0 |    0,00 |  0,0 |1592496330437 |[0.15346318, 0.7783737, 0.8618966, 0.722861, 0.11345905, 0.34395343, 0.7392153, 0.8067776, 0.59689856, 0.70747095] |
|15 |   25 |  0.25 | 2500 |      f6 |      60 |    52.0 |    52.0 |    0,00 |0,0010 |1592496330437 |[0.7283702, 0.11148316, 0.24461359, 0.84137845, 0.44227505, 0.8402684, 0.5218777, 0.97433656, 0.41680545, 0.5493251] |
