| # | Nest | %Desc |#Iter |Instancia | CapMoch |ValOptmo | BestFit |     RDP | time |      semilla |VectorSolucion |
-------------------------------------------------------------------------------------------------
| 1 |   25 |  0.25 | 2500 |      f3 |      20 |    35.0 |    35.0 |    0,00 |  0,0 |1592496325451 |[0.965805, 0.059731603, 0.6265055, 0.15027183] |
| 2 |   25 |  0.25 | 2500 |      f3 |      20 |    35.0 |    35.0 |    0,00 |  0,0 |1592496325455 |[0.800457, 0.3278889, 0.035722136, 0.49308747] |
| 3 |   25 |  0.25 | 2500 |      f3 |      20 |    35.0 |    35.0 |    0,00 |0,0010 |1592496325458 |[0.373532, 0.07398999, 0.2600816, 0.64067805] |
| 4 |   25 |  0.25 | 2500 |      f3 |      20 |    35.0 |    35.0 |    0,00 |  0,0 |1592496325461 |[0.8759763, 0.7268695, 0.96466446, 0.99686503] |
| 5 |   25 |  0.25 | 2500 |      f3 |      20 |    35.0 |    35.0 |    0,00 |0,0010 |1592496325462 |[0.86926883, 0.08907372, 0.7808456, 0.66402423] |
| 6 |   25 |  0.25 | 2500 |      f3 |      20 |    35.0 |    35.0 |    0,00 |  0,0 |1592496325465 |[0.29854357, 0.26230824, 0.9232582, 0.39828664] |
| 7 |   25 |  0.25 | 2500 |      f3 |      20 |    35.0 |    35.0 |    0,00 |  0,0 |1592496325467 |[0.9406558, 0.990938, 0.6088989, 0.64333904] |
| 8 |   25 |  0.25 | 2500 |      f3 |      20 |    35.0 |    35.0 |    0,00 |0,0010 |1592496325468 |[0.6468303, 0.23413056, 0.9702274, 0.48057932] |
| 9 |   25 |  0.25 | 2500 |      f3 |      20 |    35.0 |    35.0 |    0,00 |  0,0 |1592496325471 |[0.7714746, 0.6684404, 0.92001414, 0.74447125] |
|10 |   25 |  0.25 | 2500 |      f3 |      20 |    35.0 |    35.0 |    0,00 |  0,0 |1592496325473 |[0.51801026, 0.17530441, 0.4956389, 0.023869753] |
|11 |   25 |  0.25 | 2500 |      f3 |      20 |    35.0 |    35.0 |    0,00 |  0,0 |1592496325475 |[0.9158347, 0.24260199, 0.32842803, 0.6435933] |
|12 |   25 |  0.25 | 2500 |      f3 |      20 |    35.0 |    35.0 |    0,00 |0,0010 |1592496325476 |[0.7900606, 0.13956416, 0.22843802, 0.73722106] |
|13 |   25 |  0.25 | 2500 |      f3 |      20 |    35.0 |    35.0 |    0,00 |  0,0 |1592496325478 |[0.70975786, 0.8598164, 0.10238904, 0.019174755] |
|14 |   25 |  0.25 | 2500 |      f3 |      20 |    35.0 |    35.0 |    0,00 |  0,0 |1592496325479 |[0.53791744, 0.67651486, 0.83212954, 0.10143685] |
|15 |   25 |  0.25 | 2500 |      f3 |      20 |    35.0 |    35.0 |    0,00 |  0,0 |1592496325481 |[0.9728075, 0.68946135, 0.9570292, 0.08377117] |
