| # | Nest | %Desc |#Iter |Instancia | CapMoch |ValOptmo | BestFit |     RDP | time |      semilla |VectorSolucion |
-------------------------------------------------------------------------------------------------
| 1 |   50 |  0.25 | 5000 |      f5 |     375 |481.0694 |   477.0 |    0,85 |-1,6e+09 |1592532444424 |[0.20875135, 0.0073838416, 0.38717264, 0.24995178, 0.1371193, 0.06451388, 0.5644346, 0.32483453, 0.05725346, 0.31675294, 0.38871127, 0.2928471, 0.29990512, 0.49840534, 0.520739] |
| 1 |   50 |  0.34 | 5000 |      f5 |     375 |481.0694 |   477.0 |    0,85 |-1,6e+09 |1592532444424 |[0.20875135, 0.0073838416, 0.38717264, 0.24995178, 0.1371193, 0.06451388, 0.5644346, 0.32483453, 0.05725346, 0.31675294, 0.38871127, 0.2928471, 0.29990512, 0.49840534, 0.520739] |
| 1 |   50 |  0.26 | 5000 |      f5 |     375 |481.0694 |   477.0 |    0,85 |-1,6e+09 |1592532444424 |[0.20875135, 0.0073838416, 0.38717264, 0.24995178, 0.1371193, 0.06451388, 0.5644346, 0.32483453, 0.05725346, 0.31675294, 0.38871127, 0.2928471, 0.29990512, 0.49840534, 0.520739] |
| 1 |   55 |   0.3 | 5000 |      f5 |     375 |481.0694 |   477.0 |    0,85 |-1,6e+09 |1592532444424 |[0.20875135, 0.0073838416, 0.38717264, 0.24995178, 0.1371193, 0.06451388, 0.5644346, 0.32483453, 0.05725346, 0.31675294, 0.38871127, 0.2928471, 0.29990512, 0.49840534, 0.520739] |
| 1 |   55 |   0.4 | 5000 |      f5 |     375 |481.0694 |   477.0 |    0,85 |-1,6e+09 |1592532444424 |[0.20875135, 0.0073838416, 0.38717264, 0.24995178, 0.1371193, 0.06451388, 0.5644346, 0.32483453, 0.05725346, 0.31675294, 0.38871127, 0.2928471, 0.29990512, 0.49840534, 0.520739] |
| 1 |   55 |0.36363637 | 5000 |      f5 |     375 |481.0694 |   477.0 |    0,85 |-1,6e+09 |1592532444424 |[0.20875135, 0.0073838416, 0.38717264, 0.24995178, 0.1371193, 0.06451388, 0.5644346, 0.32483453, 0.05725346, 0.31675294, 0.38871127, 0.2928471, 0.29990512, 0.49840534, 0.520739] |
| 1 |   55 |   0.4 | 5000 |      f5 |     375 |481.0694 |   477.0 |    0,85 |-1,6e+09 |1592532444424 |[0.20875135, 0.0073838416, 0.38717264, 0.24995178, 0.1371193, 0.06451388, 0.5644346, 0.32483453, 0.05725346, 0.31675294, 0.38871127, 0.2928471, 0.29990512, 0.49840534, 0.520739] |
| 1 |   60 |  0.45 | 5000 |      f5 |     375 |481.0694 |   477.0 |    0,85 |-1,6e+09 |1592532444424 |[0.20875135, 0.0073838416, 0.38717264, 0.24995178, 0.1371193, 0.06451388, 0.5644346, 0.32483453, 0.05725346, 0.31675294, 0.38871127, 0.2928471, 0.29990512, 0.49840534, 0.520739] |
| 1 |   60 |  0.45 | 5000 |      f5 |     375 |481.0694 |   477.0 |    0,85 |-1,6e+09 |1592532444424 |[0.20875135, 0.0073838416, 0.38717264, 0.24995178, 0.1371193, 0.06451388, 0.5644346, 0.32483453, 0.05725346, 0.31675294, 0.38871127, 0.2928471, 0.29990512, 0.49840534, 0.520739] |
| 1 |   60 |  0.35 | 5000 |      f5 |     375 |481.0694 |   477.0 |    0,85 |-1,6e+09 |1592532444424 |[0.20875135, 0.0073838416, 0.38717264, 0.24995178, 0.1371193, 0.06451388, 0.5644346, 0.32483453, 0.05725346, 0.31675294, 0.38871127, 0.2928471, 0.29990512, 0.49840534, 0.520739] |
| 1 |   60 |0.33333334 | 5000 |      f5 |     375 |481.0694 |   477.0 |    0,85 |-1,6e+09 |1592532444424 |[0.20875135, 0.0073838416, 0.38717264, 0.24995178, 0.1371193, 0.06451388, 0.5644346, 0.32483453, 0.05725346, 0.31675294, 0.38871127, 0.2928471, 0.29990512, 0.49840534, 0.520739] |
| 1 |   65 |  0.35 | 5000 |      f5 |     375 |481.0694 |   477.0 |    0,85 |-1,6e+09 |1592532444424 |[0.20875135, 0.0073838416, 0.38717264, 0.24995178, 0.1371193, 0.06451388, 0.5644346, 0.32483453, 0.05725346, 0.31675294, 0.38871127, 0.2928471, 0.29990512, 0.49840534, 0.520739] |
| 1 |   65 |  0.45 | 5000 |      f5 |     375 |481.0694 |   477.0 |    0,85 |-1,6e+09 |1592532444424 |[0.20875135, 0.0073838416, 0.38717264, 0.24995178, 0.1371193, 0.06451388, 0.5644346, 0.32483453, 0.05725346, 0.31675294, 0.38871127, 0.2928471, 0.29990512, 0.49840534, 0.520739] |
| 1 |   65 |0.32307693 | 5000 |      f5 |     375 |481.0694 |   477.0 |    0,85 |-1,6e+09 |1592532444424 |[0.20875135, 0.0073838416, 0.38717264, 0.24995178, 0.1371193, 0.06451388, 0.5644346, 0.32483453, 0.05725346, 0.31675294, 0.38871127, 0.2928471, 0.29990512, 0.49840534, 0.520739] |
| 1 |   65 |0.33846155 | 5000 |      f5 |     375 |481.0694 |   477.0 |    0,85 |-1,6e+09 |1592532444424 |[0.20875135, 0.0073838416, 0.38717264, 0.24995178, 0.1371193, 0.06451388, 0.5644346, 0.32483453, 0.05725346, 0.31675294, 0.38871127, 0.2928471, 0.29990512, 0.49840534, 0.520739] |
| 1 |   70 |0.3846154 | 5000 |      f5 |     375 |481.0694 |   477.0 |    0,85 |-1,6e+09 |1592532444424 |[0.20875135, 0.0073838416, 0.38717264, 0.24995178, 0.1371193, 0.06451388, 0.5644346, 0.32483453, 0.05725346, 0.31675294, 0.38871127, 0.2928471, 0.29990512, 0.49840534, 0.520739] |
| 1 |   70 |0.41428572 | 5000 |      f5 |     375 |481.0694 |   477.0 |    0,85 |-1,6e+09 |1592532444424 |[0.20875135, 0.0073838416, 0.38717264, 0.24995178, 0.1371193, 0.06451388, 0.5644346, 0.32483453, 0.05725346, 0.31675294, 0.38871127, 0.2928471, 0.29990512, 0.49840534, 0.520739] |
| 1 |   70 |0.3857143 | 5000 |      f5 |     375 |481.0694 |   477.0 |    0,85 |-1,6e+09 |1592532444424 |[0.20875135, 0.0073838416, 0.38717264, 0.24995178, 0.1371193, 0.06451388, 0.5644346, 0.32483453, 0.05725346, 0.31675294, 0.38871127, 0.2928471, 0.29990512, 0.49840534, 0.520739] |
| 1 |   70 |0.31428573 | 5000 |      f5 |     375 |481.0694 |   477.0 |    0,85 |-1,6e+09 |1592532444424 |[0.20875135, 0.0073838416, 0.38717264, 0.24995178, 0.1371193, 0.06451388, 0.5644346, 0.32483453, 0.05725346, 0.31675294, 0.38871127, 0.2928471, 0.29990512, 0.49840534, 0.520739] |
| 1 |   75 |   0.4 | 5000 |      f5 |     375 |481.0694 |   477.0 |    0,85 |-1,6e+09 |1592532444424 |[0.20875135, 0.0073838416, 0.38717264, 0.24995178, 0.1371193, 0.06451388, 0.5644346, 0.32483453, 0.05725346, 0.31675294, 0.38871127, 0.2928471, 0.29990512, 0.49840534, 0.520739] |
| 1 |   75 |  0.45 | 5000 |      f5 |     375 |481.0694 |   477.0 |    0,85 |-1,6e+09 |1592532444424 |[0.20875135, 0.0073838416, 0.38717264, 0.24995178, 0.1371193, 0.06451388, 0.5644346, 0.32483453, 0.05725346, 0.31675294, 0.38871127, 0.2928471, 0.29990512, 0.49840534, 0.520739] |
| 1 |   75 |  0.45 | 5000 |      f5 |     375 |481.0694 |   477.0 |    0,85 |  2,3 |1592532444424 |[0.20875135, 0.0073838416, 0.38717264, 0.24995178, 0.1371193, 0.06451388, 0.5644346, 0.32483453, 0.05725346, 0.31675294, 0.38871127, 0.2928471, 0.29990512, 0.49840534, 0.520739] |
| 2 |   50 |  0.25 | 5000 |      f5 |     375 |481.0694 |   477.0 |    0,85 |-0,0060 |1592532446714 |[0.9005503, 0.490942, 0.4437114, 0.97691697, 0.48873806, 0.72787726, 0.48752552, 0.45136744, 0.04715669, 0.74377203, 0.1707092, 0.12840062, 0.2516722, 0.35904378, 0.71533144] |
| 2 |   50 |  0.22 | 5000 |      f5 |     375 |481.0694 |   477.0 |    0,85 |-0,0060 |1592532446714 |[0.58180666, 0.73704994, 0.8789654, 0.5105599, 0.46653134, 0.2707415, 0.718745, 1.0, 0.0827847, 0.7730566, 1.0, 0.7487801, 0.47815952, 0.48631936, 0.26233372] |
| 2 |   50 |  0.26 | 5000 |      f5 |     375 |481.0694 |   477.0 |    0,85 |-0,0060 |1592532446714 |[0.58180666, 0.73704994, 0.8789654, 0.5105599, 0.46653134, 0.2707415, 0.718745, 1.0, 0.0827847, 0.7730566, 1.0, 0.7487801, 0.47815952, 0.48631936, 0.26233372] |
| 2 |   55 |  0.24 | 5000 |      f5 |     375 |481.0694 |   477.0 |    0,85 |-0,0060 |1592532446714 |[0.58180666, 0.73704994, 0.8789654, 0.5105599, 0.46653134, 0.2707415, 0.718745, 1.0, 0.0827847, 0.7730566, 1.0, 0.7487801, 0.47815952, 0.48631936, 0.26233372] |
| 2 |   55 |  0.45 | 5000 |      f5 |     375 |481.0694 |   477.0 |    0,85 |-0,0060 |1592532446714 |[0.58180666, 0.73704994, 0.8789654, 0.5105599, 0.46653134, 0.2707415, 0.718745, 1.0, 0.0827847, 0.7730566, 1.0, 0.7487801, 0.47815952, 0.48631936, 0.26233372] |
| 2 |   55 |0.43636364 | 5000 |      f5 |     375 |481.0694 |   477.0 |    0,85 |-0,0060 |1592532446714 |[0.58180666, 0.73704994, 0.8789654, 0.5105599, 0.46653134, 0.2707415, 0.718745, 1.0, 0.0827847, 0.7730566, 1.0, 0.7487801, 0.47815952, 0.48631936, 0.26233372] |
| 2 |   55 |  0.45 | 5000 |      f5 |     375 |481.0694 |   477.0 |    0,85 |-0,0060 |1592532446714 |[0.58180666, 0.73704994, 0.8789654, 0.5105599, 0.46653134, 0.2707415, 0.718745, 1.0, 0.0827847, 0.7730566, 1.0, 0.7487801, 0.47815952, 0.48631936, 0.26233372] |
| 2 |   60 |   0.4 | 5000 |      f5 |     375 |481.0694 |   477.0 |    0,85 |-0,0060 |1592532446714 |[0.58180666, 0.73704994, 0.8789654, 0.5105599, 0.46653134, 0.2707415, 0.718745, 1.0, 0.0827847, 0.7730566, 1.0, 0.7487801, 0.47815952, 0.48631936, 0.26233372] |
| 2 |   60 |0.43333334 | 5000 |      f5 |     375 |481.0694 |   477.0 |    0,85 |-0,0060 |1592532446714 |[0.58180666, 0.73704994, 0.8789654, 0.5105599, 0.46653134, 0.2707415, 0.718745, 1.0, 0.0827847, 0.7730566, 1.0, 0.7487801, 0.47815952, 0.48631936, 0.26233372] |
| 2 |   60 |0.41666666 | 5000 |      f5 |     375 |481.0694 |   477.0 |    0,85 |-0,0060 |1592532446714 |[0.58180666, 0.73704994, 0.8789654, 0.5105599, 0.46653134, 0.2707415, 0.718745, 1.0, 0.0827847, 0.7730566, 1.0, 0.7487801, 0.47815952, 0.48631936, 0.26233372] |
| 2 |   60 |0.41666666 | 5000 |      f5 |     375 |481.0694 |   477.0 |    0,85 |-0,0060 |1592532446714 |[0.58180666, 0.73704994, 0.8789654, 0.5105599, 0.46653134, 0.2707415, 0.718745, 1.0, 0.0827847, 0.7730566, 1.0, 0.7487801, 0.47815952, 0.48631936, 0.26233372] |
| 2 |   65 |0.41666666 | 5000 |      f5 |     375 |481.0694 |   477.0 |    0,85 |-0,0060 |1592532446714 |[0.58180666, 0.73704994, 0.8789654, 0.5105599, 0.46653134, 0.2707415, 0.718745, 1.0, 0.0827847, 0.7730566, 1.0, 0.7487801, 0.47815952, 0.48631936, 0.26233372] |
| 2 |   65 |  0.45 | 5000 |      f5 |     375 |481.0694 |   477.0 |    0,85 |-0,0060 |1592532446714 |[0.58180666, 0.73704994, 0.8789654, 0.5105599, 0.46653134, 0.2707415, 0.718745, 1.0, 0.0827847, 0.7730566, 1.0, 0.7487801, 0.47815952, 0.48631936, 0.26233372] |
| 2 |   65 |0.2923077 | 5000 |      f5 |     375 |481.0694 |   477.0 |    0,85 |-0,0060 |1592532446714 |[0.58180666, 0.73704994, 0.8789654, 0.5105599, 0.46653134, 0.2707415, 0.718745, 1.0, 0.0827847, 0.7730566, 1.0, 0.7487801, 0.47815952, 0.48631936, 0.26233372] |
| 2 |   65 |0.3846154 | 5000 |      f5 |     375 |481.0694 |   477.0 |    0,85 |-0,0060 |1592532446714 |[0.58180666, 0.73704994, 0.8789654, 0.5105599, 0.46653134, 0.2707415, 0.718745, 1.0, 0.0827847, 0.7730566, 1.0, 0.7487801, 0.47815952, 0.48631936, 0.26233372] |
| 2 |   70 |0.41538462 | 5000 |      f5 |     375 |481.0694 |   477.0 |    0,85 |-0,0060 |1592532446714 |[0.58180666, 0.73704994, 0.8789654, 0.5105599, 0.46653134, 0.2707415, 0.718745, 1.0, 0.0827847, 0.7730566, 1.0, 0.7487801, 0.47815952, 0.48631936, 0.26233372] |
| 2 |   70 |0.32857144 | 5000 |      f5 |     375 |481.0694 |   477.0 |    0,85 |-0,0060 |1592532446714 |[0.58180666, 0.73704994, 0.8789654, 0.5105599, 0.46653134, 0.2707415, 0.718745, 1.0, 0.0827847, 0.7730566, 1.0, 0.7487801, 0.47815952, 0.48631936, 0.26233372] |
| 2 |   70 |0.41428572 | 5000 |      f5 |     375 |481.0694 |   477.0 |    0,85 |-0,0060 |1592532446714 |[0.58180666, 0.73704994, 0.8789654, 0.5105599, 0.46653134, 0.2707415, 0.718745, 1.0, 0.0827847, 0.7730566, 1.0, 0.7487801, 0.47815952, 0.48631936, 0.26233372] |
| 2 |   70 |0.3857143 | 5000 |      f5 |     375 |481.0694 |   477.0 |    0,85 |-0,0060 |1592532446714 |[0.58180666, 0.73704994, 0.8789654, 0.5105599, 0.46653134, 0.2707415, 0.718745, 1.0, 0.0827847, 0.7730566, 1.0, 0.7487801, 0.47815952, 0.48631936, 0.26233372] |
| 2 |   75 |0.41428572 | 5000 |      f5 |     375 |481.0694 |   477.0 |    0,85 |-0,0060 |1592532446714 |[0.58180666, 0.73704994, 0.8789654, 0.5105599, 0.46653134, 0.2707415, 0.718745, 1.0, 0.0827847, 0.7730566, 1.0, 0.7487801, 0.47815952, 0.48631936, 0.26233372] |
| 2 |   75 |  0.45 | 5000 |      f5 |     375 |481.0694 |   477.0 |    0,85 |-0,0060 |1592532446714 |[0.58180666, 0.73704994, 0.8789654, 0.5105599, 0.46653134, 0.2707415, 0.718745, 1.0, 0.0827847, 0.7730566, 1.0, 0.7487801, 0.47815952, 0.48631936, 0.26233372] |
| 2 |   75 |  0.45 | 5000 |      f5 |     375 |481.0694 |   477.0 |    0,85 |  2,2 |1592532446714 |[0.58180666, 0.73704994, 0.8789654, 0.5105599, 0.46653134, 0.2707415, 0.718745, 1.0, 0.0827847, 0.7730566, 1.0, 0.7487801, 0.47815952, 0.48631936, 0.26233372] |
| 3 |   50 |  0.25 | 5000 |      f5 |     375 |481.0694 |   477.0 |    0,85 |-0,0050 |1592532448946 |[0.24877828, 0.047445673, 0.38983154, 0.9176485, 1.0E-12, 0.21839915, 0.84766215, 0.4664237, 0.82903844, 0.77527, 0.1958423, 1.0E-12, 0.33004394, 0.88941944, 0.42026487] |
| 3 |   50 |  0.38 | 5000 |      f5 |     375 |481.0694 |   477.0 |    0,85 |-0,0050 |1592532448946 |[0.28583425, 0.6346435, 0.3268879, 0.9055029, 0.9838298, 0.92179865, 0.6103323, 0.21918535, 0.49819726, 0.94337755, 0.9985024, 0.23161036, 0.98599946, 0.6275094, 0.30245477] |
| 3 |   50 |  0.32 | 5000 |      f5 |     375 |481.0694 |   477.0 |    0,85 |-0,0050 |1592532448946 |[0.28583425, 0.6346435, 0.3268879, 0.9055029, 0.9838298, 0.92179865, 0.6103323, 0.21918535, 0.49819726, 0.94337755, 0.9985024, 0.23161036, 0.98599946, 0.6275094, 0.30245477] |
| 3 |   55 |  0.32 | 5000 |      f5 |     375 |481.0694 |   477.0 |    0,85 |-0,0050 |1592532448946 |[0.28583425, 0.6346435, 0.3268879, 0.9055029, 0.9838298, 0.92179865, 0.6103323, 0.21918535, 0.49819726, 0.94337755, 0.9985024, 0.23161036, 0.98599946, 0.6275094, 0.30245477] |
| 3 |   55 |  0.45 | 5000 |      f5 |     375 |481.0694 |   477.0 |    0,85 |-0,0050 |1592532448946 |[0.28583425, 0.6346435, 0.3268879, 0.9055029, 0.9838298, 0.92179865, 0.6103323, 0.21918535, 0.49819726, 0.94337755, 0.9985024, 0.23161036, 0.98599946, 0.6275094, 0.30245477] |
| 3 |   55 |0.38181818 | 5000 |      f5 |     375 |481.0694 |   477.0 |    0,85 |-0,0050 |1592532448946 |[0.28583425, 0.6346435, 0.3268879, 0.9055029, 0.9838298, 0.92179865, 0.6103323, 0.21918535, 0.49819726, 0.94337755, 0.9985024, 0.23161036, 0.98599946, 0.6275094, 0.30245477] |
| 3 |   55 |0.3272727 | 5000 |      f5 |     375 |481.0694 |   477.0 |    0,85 |-0,0050 |1592532448946 |[0.28583425, 0.6346435, 0.3268879, 0.9055029, 0.9838298, 0.92179865, 0.6103323, 0.21918535, 0.49819726, 0.94337755, 0.9985024, 0.23161036, 0.98599946, 0.6275094, 0.30245477] |
| 3 |   60 |0.34545454 | 5000 |      f5 |     375 |481.0694 |   477.0 |    0,85 |-0,0050 |1592532448946 |[0.28583425, 0.6346435, 0.3268879, 0.9055029, 0.9838298, 0.92179865, 0.6103323, 0.21918535, 0.49819726, 0.94337755, 0.9985024, 0.23161036, 0.98599946, 0.6275094, 0.30245477] |
| 3 |   60 |0.26666668 | 5000 |      f5 |     375 |481.0694 |   477.0 |    0,85 |-0,0050 |1592532448946 |[0.28583425, 0.6346435, 0.3268879, 0.9055029, 0.9838298, 0.92179865, 0.6103323, 0.21918535, 0.49819726, 0.94337755, 0.9985024, 0.23161036, 0.98599946, 0.6275094, 0.30245477] |
| 3 |   60 |0.28333333 | 5000 |      f5 |     375 |481.0694 |   477.0 |    0,85 |-0,0050 |1592532448946 |[0.28583425, 0.6346435, 0.3268879, 0.9055029, 0.9838298, 0.92179865, 0.6103323, 0.21918535, 0.49819726, 0.94337755, 0.9985024, 0.23161036, 0.98599946, 0.6275094, 0.30245477] |
| 3 |   60 |   0.4 | 5000 |      f5 |     375 |481.0694 |   477.0 |    0,85 |-0,0050 |1592532448946 |[0.28583425, 0.6346435, 0.3268879, 0.9055029, 0.9838298, 0.92179865, 0.6103323, 0.21918535, 0.49819726, 0.94337755, 0.9985024, 0.23161036, 0.98599946, 0.6275094, 0.30245477] |
| 3 |   65 |0.31666666 | 5000 |      f5 |     375 |481.0694 |   477.0 |    0,85 |-0,0050 |1592532448946 |[0.28583425, 0.6346435, 0.3268879, 0.9055029, 0.9838298, 0.92179865, 0.6103323, 0.21918535, 0.49819726, 0.94337755, 0.9985024, 0.23161036, 0.98599946, 0.6275094, 0.30245477] |
| 3 |   65 |  0.45 | 5000 |      f5 |     375 |481.0694 |   477.0 |    0,85 |-0,0050 |1592532448946 |[0.28583425, 0.6346435, 0.3268879, 0.9055029, 0.9838298, 0.92179865, 0.6103323, 0.21918535, 0.49819726, 0.94337755, 0.9985024, 0.23161036, 0.98599946, 0.6275094, 0.30245477] |
| 3 |   65 |0.41538462 | 5000 |      f5 |     375 |481.0694 |   477.0 |    0,85 |-0,0050 |1592532448946 |[0.28583425, 0.6346435, 0.3268879, 0.9055029, 0.9838298, 0.92179865, 0.6103323, 0.21918535, 0.49819726, 0.94337755, 0.9985024, 0.23161036, 0.98599946, 0.6275094, 0.30245477] |
| 3 |   65 |0.2923077 | 5000 |      f5 |     375 |481.0694 |   477.0 |    0,85 |-0,0050 |1592532448946 |[0.28583425, 0.6346435, 0.3268879, 0.9055029, 0.9838298, 0.92179865, 0.6103323, 0.21918535, 0.49819726, 0.94337755, 0.9985024, 0.23161036, 0.98599946, 0.6275094, 0.30245477] |
| 3 |   70 |0.35384616 | 5000 |      f5 |     375 |481.0694 |   477.0 |    0,85 |-0,0050 |1592532448946 |[0.28583425, 0.6346435, 0.3268879, 0.9055029, 0.9838298, 0.92179865, 0.6103323, 0.21918535, 0.49819726, 0.94337755, 0.9985024, 0.23161036, 0.98599946, 0.6275094, 0.30245477] |
| 3 |   70 |  0.45 | 5000 |      f5 |     375 |481.0694 |   477.0 |    0,85 |-0,0050 |1592532448946 |[0.28583425, 0.6346435, 0.3268879, 0.9055029, 0.9838298, 0.92179865, 0.6103323, 0.21918535, 0.49819726, 0.94337755, 0.9985024, 0.23161036, 0.98599946, 0.6275094, 0.30245477] |
| 3 |   70 |0.31428573 | 5000 |      f5 |     375 |481.0694 |   477.0 |    0,85 |-0,0050 |1592532448946 |[0.97429174, 0.26154184, 0.2602653, 0.7160713, 0.086110055, 0.8241361, 0.4217944, 0.3138433, 0.6089493, 0.21448594, 0.4791487, 0.8287368, 0.160815, 0.716271, 0.65048754] |
| 3 |   70 |0.42857143 | 5000 |      f5 |     375 |481.0694 |   477.0 |    0,85 |-0,0050 |1592532448946 |[0.97429174, 0.26154184, 0.2602653, 0.7160713, 0.086110055, 0.8241361, 0.4217944, 0.3138433, 0.6089493, 0.21448594, 0.4791487, 0.8287368, 0.160815, 0.716271, 0.65048754] |
| 3 |   75 |0.34285715 | 5000 |      f5 |     375 |481.0694 |   477.0 |    0,85 |-0,0050 |1592532448946 |[0.86854583, 0.9240494, 0.9694522, 0.74996465, 0.9269006, 0.16501367, 0.3708641, 0.9734724, 0.08813316, 0.8617324, 0.4136089, 0.058321178, 0.7940983, 0.1567685, 0.03747475] |
| 3 |   75 |  0.45 | 5000 |      f5 |     375 |481.0694 |   477.0 |    0,85 |-0,0050 |1592532448946 |[0.86854583, 0.9240494, 0.9694522, 0.74996465, 0.9269006, 0.16501367, 0.3708641, 0.9734724, 0.08813316, 0.8617324, 0.4136089, 0.058321178, 0.7940983, 0.1567685, 0.03747475] |
| 3 |   75 |  0.45 | 5000 |      f5 |     375 |481.0694 |   477.0 |    0,85 |  2,2 |1592532448946 |[0.86854583, 0.9240494, 0.9694522, 0.74996465, 0.9269006, 0.16501367, 0.3708641, 0.9734724, 0.08813316, 0.8617324, 0.4136089, 0.058321178, 0.7940983, 0.1567685, 0.03747475] |
| 4 |   50 |  0.25 | 5000 |      f5 |     375 |481.0694 |   477.0 |    0,85 |-0,0060 |1592532451127 |[0.26945478, 0.5321241, 0.60377413, 0.42304093, 0.14867967, 0.16063434, 0.5138004, 0.30948287, 0.26818466, 0.031520188, 0.21694416, 0.92158175, 0.40110296, 0.045248628, 0.71496993] |
| 4 |   50 |  0.34 | 5000 |      f5 |     375 |481.0694 |   477.0 |    0,85 |-0,0060 |1592532451127 |[0.9138631, 1.0E-12, 0.11057452, 0.8677074, 1.0E-12, 0.557285, 0.17856956, 0.31439805, 0.21446541, 0.56681347, 0.5548127, 0.77351767, 0.18387055, 0.48530817, 0.77645254] |
| 4 |   50 |  0.22 | 5000 |      f5 |     375 |481.0694 |   477.0 |    0,85 |-0,0060 |1592532451127 |[0.8961442, 0.7501137, 0.62120235, 0.9119543, 0.24278867, 0.7393543, 0.022922516, 0.8629508, 0.2704391, 0.9795422, 0.8489837, 0.87258637, 0.60061306, 0.3270945, 0.7415646] |
| 4 |   55 |  0.34 | 5000 |      f5 |     375 |481.0694 |   477.0 |    0,85 |-0,0060 |1592532451127 |[0.9644187, 0.15331656, 0.5118506, 0.8008858, 0.5769343, 0.13966304, 0.6511432, 0.23489183, 0.574164, 0.34696817, 0.856804, 0.871885, 0.050262332, 0.4461187, 0.07644546] |
| 4 |   55 |  0.45 | 5000 |      f5 |     375 |481.0694 |   477.0 |    0,85 |-0,0060 |1592532451127 |[0.9644187, 0.15331656, 0.5118506, 0.8008858, 0.5769343, 0.13966304, 0.6511432, 0.23489183, 0.574164, 0.34696817, 0.856804, 0.871885, 0.050262332, 0.4461187, 0.07644546] |
| 4 |   55 |0.25454545 | 5000 |      f5 |     375 |481.0694 |   477.0 |    0,85 |-0,0060 |1592532451127 |[0.9644187, 0.15331656, 0.5118506, 0.8008858, 0.5769343, 0.13966304, 0.6511432, 0.23489183, 0.574164, 0.34696817, 0.856804, 0.871885, 0.050262332, 0.4461187, 0.07644546] |
| 4 |   55 |0.36363637 | 5000 |      f5 |     375 |481.0694 |   477.0 |    0,85 |-0,0060 |1592532451127 |[0.9644187, 0.15331656, 0.5118506, 0.8008858, 0.5769343, 0.13966304, 0.6511432, 0.23489183, 0.574164, 0.34696817, 0.856804, 0.871885, 0.050262332, 0.4461187, 0.07644546] |
| 4 |   60 |0.3272727 | 5000 |      f5 |     375 |481.0694 |   477.0 |    0,85 |-0,0060 |1592532451127 |[0.7743456, 0.9555836, 0.4241134, 0.9531639, 0.98108464, 0.60904443, 0.040874362, 0.923421, 0.4652362, 0.2263667, 0.2799664, 0.89339846, 0.32391816, 0.97362745, 0.5158021] |
| 4 |   60 |  0.45 | 5000 |      f5 |     375 |481.0694 |   477.0 |    0,85 |-0,0060 |1592532451127 |[0.7743456, 0.9555836, 0.4241134, 0.9531639, 0.98108464, 0.60904443, 0.040874362, 0.923421, 0.4652362, 0.2263667, 0.2799664, 0.89339846, 0.32391816, 0.97362745, 0.5158021] |
| 4 |   60 |0.43333334 | 5000 |      f5 |     375 |481.0694 |   477.0 |    0,85 |-0,0060 |1592532451127 |[0.7743456, 0.9555836, 0.4241134, 0.9531639, 0.98108464, 0.60904443, 0.040874362, 0.923421, 0.4652362, 0.2263667, 0.2799664, 0.89339846, 0.32391816, 0.97362745, 0.5158021] |
| 4 |   60 |0.31666666 | 5000 |      f5 |     375 |481.0694 |   477.0 |    0,85 |-0,0060 |1592532451127 |[0.7743456, 0.9555836, 0.4241134, 0.9531639, 0.98108464, 0.60904443, 0.040874362, 0.923421, 0.4652362, 0.2263667, 0.2799664, 0.89339846, 0.32391816, 0.97362745, 0.5158021] |
| 4 |   65 |  0.35 | 5000 |      f5 |     375 |481.0694 |   477.0 |    0,85 |-0,0060 |1592532451127 |[0.7743456, 0.9555836, 0.4241134, 0.9531639, 0.98108464, 0.60904443, 0.040874362, 0.923421, 0.4652362, 0.2263667, 0.2799664, 0.89339846, 0.32391816, 0.97362745, 0.5158021] |
| 4 |   65 |   0.4 | 5000 |      f5 |     375 |481.0694 |   477.0 |    0,85 |-0,0060 |1592532451127 |[0.7743456, 0.9555836, 0.4241134, 0.9531639, 0.98108464, 0.60904443, 0.040874362, 0.923421, 0.4652362, 0.2263667, 0.2799664, 0.89339846, 0.32391816, 0.97362745, 0.5158021] |
| 4 |   65 |0.33846155 | 5000 |      f5 |     375 |481.0694 |   477.0 |    0,85 |-0,0060 |1592532451127 |[0.7743456, 0.9555836, 0.4241134, 0.9531639, 0.98108464, 0.60904443, 0.040874362, 0.923421, 0.4652362, 0.2263667, 0.2799664, 0.89339846, 0.32391816, 0.97362745, 0.5158021] |
| 4 |   65 |0.36923078 | 5000 |      f5 |     375 |481.0694 |   477.0 |    0,85 |-0,0060 |1592532451127 |[0.7743456, 0.9555836, 0.4241134, 0.9531639, 0.98108464, 0.60904443, 0.040874362, 0.923421, 0.4652362, 0.2263667, 0.2799664, 0.89339846, 0.32391816, 0.97362745, 0.5158021] |
| 4 |   70 |0.33846155 | 5000 |      f5 |     375 |481.0694 |   477.0 |    0,85 |-0,0060 |1592532451127 |[0.7743456, 0.9555836, 0.4241134, 0.9531639, 0.98108464, 0.60904443, 0.040874362, 0.923421, 0.4652362, 0.2263667, 0.2799664, 0.89339846, 0.32391816, 0.97362745, 0.5158021] |
| 4 |   70 |0.37142858 | 5000 |      f5 |     375 |481.0694 |   477.0 |    0,85 |-0,0060 |1592532451127 |[0.7743456, 0.9555836, 0.4241134, 0.9531639, 0.98108464, 0.60904443, 0.040874362, 0.923421, 0.4652362, 0.2263667, 0.2799664, 0.89339846, 0.32391816, 0.97362745, 0.5158021] |
| 4 |   70 |   0.4 | 5000 |      f5 |     375 |481.0694 |   477.0 |    0,85 |-0,0060 |1592532451127 |[0.7743456, 0.9555836, 0.4241134, 0.9531639, 0.98108464, 0.60904443, 0.040874362, 0.923421, 0.4652362, 0.2263667, 0.2799664, 0.89339846, 0.32391816, 0.97362745, 0.5158021] |
| 4 |   70 |   0.4 | 5000 |      f5 |     375 |481.0694 |   477.0 |    0,85 |-0,0060 |1592532451127 |[0.7743456, 0.9555836, 0.4241134, 0.9531639, 0.98108464, 0.60904443, 0.040874362, 0.923421, 0.4652362, 0.2263667, 0.2799664, 0.89339846, 0.32391816, 0.97362745, 0.5158021] |
| 4 |   75 |  0.45 | 5000 |      f5 |     375 |481.0694 |   477.0 |    0,85 |-0,0060 |1592532451127 |[0.7743456, 0.9555836, 0.4241134, 0.9531639, 0.98108464, 0.60904443, 0.040874362, 0.923421, 0.4652362, 0.2263667, 0.2799664, 0.89339846, 0.32391816, 0.97362745, 0.5158021] |
| 4 |   75 |  0.45 | 5000 |      f5 |     375 |481.0694 |   477.0 |    0,85 |-0,0060 |1592532451127 |[0.7743456, 0.9555836, 0.4241134, 0.9531639, 0.98108464, 0.60904443, 0.040874362, 0.923421, 0.4652362, 0.2263667, 0.2799664, 0.89339846, 0.32391816, 0.97362745, 0.5158021] |
| 4 |   75 |  0.45 | 5000 |      f5 |     375 |481.0694 |   477.0 |    0,85 |  2,2 |1592532451127 |[0.7743456, 0.9555836, 0.4241134, 0.9531639, 0.98108464, 0.60904443, 0.040874362, 0.923421, 0.4652362, 0.2263667, 0.2799664, 0.89339846, 0.32391816, 0.97362745, 0.5158021] |
| 5 |   50 |  0.25 | 5000 |      f5 |     375 |481.0694 |   477.0 |    0,85 |-0,0060 |1592532453326 |[0.44544873, 0.5522672, 0.22833459, 0.8516866, 0.48183063, 0.45283595, 0.7256721, 0.48541278, 0.43541634, 0.21712956, 0.43500006, 0.6948878, 0.08735472, 0.81232727, 0.60804224] |
