| # | Nest | %Desc |#Iter |Instancia | CapMoch |ValOptmo | BestFit |     RDP | time |      semilla |VectorSolucion |
-------------------------------------------------------------------------------------------------
| 1 |   35 |  0.25 | 2500 |      f2 |     878 |  1024.0 |  1018.0 |    0,59 |-1,6e+09 |1592509183046 |[0.0, 0.0, 0.0, 0.0, 0.0, 0.0, 0.0, 0.0, 0.0, 0.0, 0.0, 0.0, 0.0, 0.0, 0.0, 0.0, 0.0, 0.0, 0.0, 0.0] |
| 1 |   35 |  0.25 | 2500 |      f2 |     878 |  1024.0 |  1018.0 |    0,59 |-1,6e+09 |1592509183046 |[0.0, 0.0, 0.0, 0.0, 0.0, 0.0, 0.0, 0.0, 0.0, 0.0, 0.0, 0.0, 0.0, 0.0, 0.0, 0.0, 0.0, 0.0, 0.0, 0.0] |
| 1 |   35 |  0.25 | 2500 |      f2 |     878 |  1024.0 |  1018.0 |    0,59 |-1,6e+09 |1592509183046 |[0.0, 0.0, 0.0, 0.0, 0.0, 0.0, 0.0, 0.0, 0.0, 0.0, 0.0, 0.0, 0.0, 0.0, 0.0, 0.0, 0.0, 0.0, 0.0, 0.0] |
| 1 |   35 |  0.25 | 2500 |      f2 |     878 |  1024.0 |  1018.0 |    0,59 |-1,6e+09 |1592509183046 |[0.0, 0.0, 0.0, 0.0, 0.0, 0.0, 0.0, 0.0, 0.0, 0.0, 0.0, 0.0, 0.0, 0.0, 0.0, 0.0, 0.0, 0.0, 0.0, 0.0] |
| 2 |   35 |  0.25 | 2500 |      f2 |     878 |  1024.0 |  1018.0 |    0,59 |-0,0010 |1592509185942 |[0.0, 0.0, 0.0, 0.0, 0.0, 0.0, 0.0, 0.0, 0.0, 0.0, 0.0, 0.0, 0.0, 0.0, 0.0, 0.0, 0.0, 0.0, 0.0, 0.0] |
| 2 |   35 |  0.25 | 2500 |      f2 |     878 |  1024.0 |  1018.0 |    0,59 |-0,0010 |1592509185942 |[0.0, 0.0, 0.0, 0.0, 0.0, 0.0, 0.0, 0.0, 0.0, 0.0, 0.0, 0.0, 0.0, 0.0, 0.0, 0.0, 0.0, 0.0, 0.0, 0.0] |
| 2 |   35 |  0.25 | 2500 |      f2 |     878 |  1024.0 |  1018.0 |    0,59 |-0,0010 |1592509185942 |[0.0, 0.0, 0.0, 0.0, 0.0, 0.0, 0.0, 0.0, 0.0, 0.0, 0.0, 0.0, 0.0, 0.0, 0.0, 0.0, 0.0, 0.0, 0.0, 0.0] |
| 2 |   35 |  0.25 | 2500 |      f2 |     878 |  1024.0 |  1018.0 |    0,59 |-0,0010 |1592509185942 |[0.0, 0.0, 0.0, 0.0, 0.0, 0.0, 0.0, 0.0, 0.0, 0.0, 0.0, 0.0, 0.0, 0.0, 0.0, 0.0, 0.0, 0.0, 0.0, 0.0] |
| 3 |   35 |  0.25 | 2500 |      f2 |     878 |  1024.0 |  1018.0 |    0,59 |-0,0010 |1592509188837 |[0.0, 0.0, 0.0, 0.0, 0.0, 0.0, 0.0, 0.0, 0.0, 0.0, 0.0, 0.0, 0.0, 0.0, 0.0, 0.0, 0.0, 0.0, 0.0, 0.0] |
| 3 |   35 |  0.25 | 2500 |      f2 |     878 |  1024.0 |  1018.0 |    0,59 |-0,0010 |1592509188837 |[0.0, 0.0, 0.0, 0.0, 0.0, 0.0, 0.0, 0.0, 0.0, 0.0, 0.0, 0.0, 0.0, 0.0, 0.0, 0.0, 0.0, 0.0, 0.0, 0.0] |
| 3 |   35 |  0.25 | 2500 |      f2 |     878 |  1024.0 |  1018.0 |    0,59 |-0,0010 |1592509188837 |[0.0, 0.0, 0.0, 0.0, 0.0, 0.0, 0.0, 0.0, 0.0, 0.0, 0.0, 0.0, 0.0, 0.0, 0.0, 0.0, 0.0, 0.0, 0.0, 0.0] |
| 3 |   35 |  0.25 | 2500 |      f2 |     878 |  1024.0 |  1018.0 |    0,59 |-0,0010 |1592509188837 |[0.0, 0.0, 0.0, 0.0, 0.0, 0.0, 0.0, 0.0, 0.0, 0.0, 0.0, 0.0, 0.0, 0.0, 0.0, 0.0, 0.0, 0.0, 0.0, 0.0] |
| 4 |   35 |  0.25 | 2500 |      f2 |     878 |  1024.0 |  1018.0 |    0,59 |-0,0010 |1592509191706 |[0.0, 0.0, 0.0, 0.0, 0.0, 0.0, 0.0, 0.0, 0.0, 0.0, 0.0, 0.0, 0.0, 0.0, 0.0, 0.0, 0.0, 0.0, 0.0, 0.0] |
| 4 |   35 |  0.25 | 2500 |      f2 |     878 |  1024.0 |  1018.0 |    0,59 |-0,0010 |1592509191706 |[0.0, 0.0, 0.0, 0.0, 0.0, 0.0, 0.0, 0.0, 0.0, 0.0, 0.0, 0.0, 0.0, 0.0, 0.0, 0.0, 0.0, 0.0, 0.0, 0.0] |
| 4 |   35 |  0.25 | 2500 |      f2 |     878 |  1024.0 |  1018.0 |    0,59 |-0,0010 |1592509191706 |[0.0, 0.0, 0.0, 0.0, 0.0, 0.0, 0.0, 0.0, 0.0, 0.0, 0.0, 0.0, 0.0, 0.0, 0.0, 0.0, 0.0, 0.0, 0.0, 0.0] |
| 4 |   35 |  0.25 | 2500 |      f2 |     878 |  1024.0 |  1018.0 |    0,59 |-0,0010 |1592509191706 |[0.0, 0.0, 0.0, 0.0, 0.0, 0.0, 0.0, 0.0, 0.0, 0.0, 0.0, 0.0, 0.0, 0.0, 0.0, 0.0, 0.0, 0.0, 0.0, 0.0] |
| 5 |   35 |  0.25 | 2500 |      f2 |     878 |  1024.0 |  1018.0 |    0,59 |  0,0 |1592509194545 |[0.0, 0.0, 0.0, 0.0, 0.0, 0.0, 0.0, 0.0, 0.0, 0.0, 0.0, 0.0, 0.0, 0.0, 0.0, 0.0, 0.0, 0.0, 0.0, 0.0] |
| 5 |   35 |  0.25 | 2500 |      f2 |     878 |  1024.0 |  1018.0 |    0,59 |  0,0 |1592509194545 |[0.0, 0.0, 0.0, 0.0, 0.0, 0.0, 0.0, 0.0, 0.0, 0.0, 0.0, 0.0, 0.0, 0.0, 0.0, 0.0, 0.0, 0.0, 0.0, 0.0] |
| 5 |   35 |  0.25 | 2500 |      f2 |     878 |  1024.0 |  1018.0 |    0,59 |  0,0 |1592509194545 |[0.0, 0.0, 0.0, 0.0, 0.0, 0.0, 0.0, 0.0, 0.0, 0.0, 0.0, 0.0, 0.0, 0.0, 0.0, 0.0, 0.0, 0.0, 0.0, 0.0] |
| 5 |   35 |  0.25 | 2500 |      f2 |     878 |  1024.0 |  1018.0 |    0,59 |  0,0 |1592509194545 |[0.0, 0.0, 0.0, 0.0, 0.0, 0.0, 0.0, 0.0, 0.0, 0.0, 0.0, 0.0, 0.0, 0.0, 0.0, 0.0, 0.0, 0.0, 0.0, 0.0] |
| 6 |   35 |  0.25 | 2500 |      f2 |     878 |  1024.0 |  1018.0 |    0,59 |  0,0 |1592509197432 |[0.0, 0.0, 0.0, 0.0, 0.0, 0.0, 0.0, 0.0, 0.0, 0.0, 0.0, 0.0, 0.0, 0.0, 0.0, 0.0, 0.0, 0.0, 0.0, 0.0] |
| 6 |   35 |  0.25 | 2500 |      f2 |     878 |  1024.0 |  1018.0 |    0,59 |  0,0 |1592509197432 |[0.0, 0.0, 0.0, 0.0, 0.0, 0.0, 0.0, 0.0, 0.0, 0.0, 0.0, 0.0, 0.0, 0.0, 0.0, 0.0, 0.0, 0.0, 0.0, 0.0] |
| 6 |   35 |  0.25 | 2500 |      f2 |     878 |  1024.0 |  1018.0 |    0,59 |  0,0 |1592509197432 |[0.0, 0.0, 0.0, 0.0, 0.0, 0.0, 0.0, 0.0, 0.0, 0.0, 0.0, 0.0, 0.0, 0.0, 0.0, 0.0, 0.0, 0.0, 0.0, 0.0] |
| 6 |   35 |  0.25 | 2500 |      f2 |     878 |  1024.0 |  1018.0 |    0,59 |  0,0 |1592509197432 |[0.0, 0.0, 0.0, 0.0, 0.0, 0.0, 0.0, 0.0, 0.0, 0.0, 0.0, 0.0, 0.0, 0.0, 0.0, 0.0, 0.0, 0.0, 0.0, 0.0] |
| 7 |   35 |  0.25 | 2500 |      f2 |     878 |  1024.0 |  1018.0 |    0,59 |  0,0 |1592509200332 |[0.0, 0.0, 0.0, 0.0, 0.0, 0.0, 0.0, 0.0, 0.0, 0.0, 0.0, 0.0, 0.0, 0.0, 0.0, 0.0, 0.0, 0.0, 0.0, 0.0] |
| 7 |   35 |  0.25 | 2500 |      f2 |     878 |  1024.0 |  1018.0 |    0,59 |  0,0 |1592509200332 |[0.0, 0.0, 0.0, 0.0, 0.0, 0.0, 0.0, 0.0, 0.0, 0.0, 0.0, 0.0, 0.0, 0.0, 0.0, 0.0, 0.0, 0.0, 0.0, 0.0] |
| 7 |   35 |  0.25 | 2500 |      f2 |     878 |  1024.0 |  1018.0 |    0,59 |  0,0 |1592509200332 |[0.0, 0.0, 0.0, 0.0, 0.0, 0.0, 0.0, 0.0, 0.0, 0.0, 0.0, 0.0, 0.0, 0.0, 0.0, 0.0, 0.0, 0.0, 0.0, 0.0] |
| 7 |   35 |  0.25 | 2500 |      f2 |     878 |  1024.0 |  1018.0 |    0,59 |  0,0 |1592509200332 |[0.0, 0.0, 0.0, 0.0, 0.0, 0.0, 0.0, 0.0, 0.0, 0.0, 0.0, 0.0, 0.0, 0.0, 0.0, 0.0, 0.0, 0.0, 0.0, 0.0] |
| 8 |   35 |  0.25 | 2500 |      f2 |     878 |  1024.0 |  1018.0 |    0,59 |  0,0 |1592509203197 |[0.0, 0.0, 0.0, 0.0, 0.0, 0.0, 0.0, 0.0, 0.0, 0.0, 0.0, 0.0, 0.0, 0.0, 0.0, 0.0, 0.0, 0.0, 0.0, 0.0] |
| 8 |   35 |  0.25 | 2500 |      f2 |     878 |  1024.0 |  1018.0 |    0,59 |  0,0 |1592509203197 |[0.0, 0.0, 0.0, 0.0, 0.0, 0.0, 0.0, 0.0, 0.0, 0.0, 0.0, 0.0, 0.0, 0.0, 0.0, 0.0, 0.0, 0.0, 0.0, 0.0] |
| 8 |   35 |  0.25 | 2500 |      f2 |     878 |  1024.0 |  1018.0 |    0,59 |  0,0 |1592509203197 |[0.0, 0.0, 0.0, 0.0, 0.0, 0.0, 0.0, 0.0, 0.0, 0.0, 0.0, 0.0, 0.0, 0.0, 0.0, 0.0, 0.0, 0.0, 0.0, 0.0] |
| 8 |   35 |  0.25 | 2500 |      f2 |     878 |  1024.0 |  1018.0 |    0,59 |  0,0 |1592509203197 |[0.0, 0.0, 0.0, 0.0, 0.0, 0.0, 0.0, 0.0, 0.0, 0.0, 0.0, 0.0, 0.0, 0.0, 0.0, 0.0, 0.0, 0.0, 0.0, 0.0] |
| 9 |   35 |  0.25 | 2500 |      f2 |     878 |  1024.0 |  1018.0 |    0,59 |  0,0 |1592509206063 |[0.0, 0.0, 0.0, 0.0, 0.0, 0.0, 0.0, 0.0, 0.0, 0.0, 0.0, 0.0, 0.0, 0.0, 0.0, 0.0, 0.0, 0.0, 0.0, 0.0] |
| 9 |   35 |  0.25 | 2500 |      f2 |     878 |  1024.0 |  1018.0 |    0,59 |  0,0 |1592509206063 |[0.0, 0.0, 0.0, 0.0, 0.0, 0.0, 0.0, 0.0, 0.0, 0.0, 0.0, 0.0, 0.0, 0.0, 0.0, 0.0, 0.0, 0.0, 0.0, 0.0] |
| 9 |   35 |  0.25 | 2500 |      f2 |     878 |  1024.0 |  1018.0 |    0,59 |  0,0 |1592509206063 |[0.0, 0.0, 0.0, 0.0, 0.0, 0.0, 0.0, 0.0, 0.0, 0.0, 0.0, 0.0, 0.0, 0.0, 0.0, 0.0, 0.0, 0.0, 0.0, 0.0] |
| 9 |   35 |  0.25 | 2500 |      f2 |     878 |  1024.0 |  1018.0 |    0,59 |  0,0 |1592509206063 |[0.0, 0.0, 0.0, 0.0, 0.0, 0.0, 0.0, 0.0, 0.0, 0.0, 0.0, 0.0, 0.0, 0.0, 0.0, 0.0, 0.0, 0.0, 0.0, 0.0] |
|10 |   35 |  0.25 | 2500 |      f2 |     878 |  1024.0 |  1018.0 |    0,59 |  0,0 |1592509208919 |[0.0, 0.0, 0.0, 0.0, 0.0, 0.0, 0.0, 0.0, 0.0, 0.0, 0.0, 0.0, 0.0, 0.0, 0.0, 0.0, 0.0, 0.0, 0.0, 0.0] |
|10 |   35 |  0.25 | 2500 |      f2 |     878 |  1024.0 |  1018.0 |    0,59 |  0,0 |1592509208919 |[0.0, 0.0, 0.0, 0.0, 0.0, 0.0, 0.0, 0.0, 0.0, 0.0, 0.0, 0.0, 0.0, 0.0, 0.0, 0.0, 0.0, 0.0, 0.0, 0.0] |
|10 |   35 |  0.25 | 2500 |      f2 |     878 |  1024.0 |  1018.0 |    0,59 |  0,0 |1592509208919 |[0.0, 0.0, 0.0, 0.0, 0.0, 0.0, 0.0, 0.0, 0.0, 0.0, 0.0, 0.0, 0.0, 0.0, 0.0, 0.0, 0.0, 0.0, 0.0, 0.0] |
|10 |   35 |  0.25 | 2500 |      f2 |     878 |  1024.0 |  1018.0 |    0,59 |  0,0 |1592509208919 |[0.0, 0.0, 0.0, 0.0, 0.0, 0.0, 0.0, 0.0, 0.0, 0.0, 0.0, 0.0, 0.0, 0.0, 0.0, 0.0, 0.0, 0.0, 0.0, 0.0] |
|11 |   35 |  0.25 | 2500 |      f2 |     878 |  1024.0 |  1018.0 |    0,59 |-0,0010 |1592509211794 |[0.0, 0.0, 0.0, 0.0, 0.0, 0.0, 0.0, 0.0, 0.0, 0.0, 0.0, 0.0, 0.0, 0.0, 0.0, 0.0, 0.0, 0.0, 0.0, 0.0] |
|11 |   35 |  0.25 | 2500 |      f2 |     878 |  1024.0 |  1018.0 |    0,59 |-0,0010 |1592509211794 |[0.0, 0.0, 0.0, 0.0, 0.0, 0.0, 0.0, 0.0, 0.0, 0.0, 0.0, 0.0, 0.0, 0.0, 0.0, 0.0, 0.0, 0.0, 0.0, 0.0] |
|11 |   35 |  0.25 | 2500 |      f2 |     878 |  1024.0 |  1018.0 |    0,59 |-0,0010 |1592509211794 |[0.0, 0.0, 0.0, 0.0, 0.0, 0.0, 0.0, 0.0, 0.0, 0.0, 0.0, 0.0, 0.0, 0.0, 0.0, 0.0, 0.0, 0.0, 0.0, 0.0] |
|11 |   35 |  0.25 | 2500 |      f2 |     878 |  1024.0 |  1018.0 |    0,59 |-0,0010 |1592509211794 |[0.0, 0.0, 0.0, 0.0, 0.0, 0.0, 0.0, 0.0, 0.0, 0.0, 0.0, 0.0, 0.0, 0.0, 0.0, 0.0, 0.0, 0.0, 0.0, 0.0] |
|12 |   35 |  0.25 | 2500 |      f2 |     878 |  1024.0 |  1018.0 |    0,59 |  0,0 |1592509214630 |[0.0, 0.0, 0.0, 0.0, 0.0, 0.0, 0.0, 0.0, 0.0, 0.0, 0.0, 0.0, 0.0, 0.0, 0.0, 0.0, 0.0, 0.0, 0.0, 0.0] |
|12 |   35 |  0.25 | 2500 |      f2 |     878 |  1024.0 |  1018.0 |    0,59 |  0,0 |1592509214630 |[0.0, 0.0, 0.0, 0.0, 0.0, 0.0, 0.0, 0.0, 0.0, 0.0, 0.0, 0.0, 0.0, 0.0, 0.0, 0.0, 0.0, 0.0, 0.0, 0.0] |
|12 |   35 |  0.25 | 2500 |      f2 |     878 |  1024.0 |  1018.0 |    0,59 |  0,0 |1592509214630 |[0.0, 0.0, 0.0, 0.0, 0.0, 0.0, 0.0, 0.0, 0.0, 0.0, 0.0, 0.0, 0.0, 0.0, 0.0, 0.0, 0.0, 0.0, 0.0, 0.0] |
|12 |   35 |  0.25 | 2500 |      f2 |     878 |  1024.0 |  1018.0 |    0,59 |  0,0 |1592509214630 |[0.0, 0.0, 0.0, 0.0, 0.0, 0.0, 0.0, 0.0, 0.0, 0.0, 0.0, 0.0, 0.0, 0.0, 0.0, 0.0, 0.0, 0.0, 0.0, 0.0] |
|13 |   35 |  0.25 | 2500 |      f2 |     878 |  1024.0 |  1018.0 |    0,59 |  0,0 |1592509217487 |[0.0, 0.0, 0.0, 0.0, 0.0, 0.0, 0.0, 0.0, 0.0, 0.0, 0.0, 0.0, 0.0, 0.0, 0.0, 0.0, 0.0, 0.0, 0.0, 0.0] |
|13 |   35 |  0.25 | 2500 |      f2 |     878 |  1024.0 |  1018.0 |    0,59 |  0,0 |1592509217487 |[0.0, 0.0, 0.0, 0.0, 0.0, 0.0, 0.0, 0.0, 0.0, 0.0, 0.0, 0.0, 0.0, 0.0, 0.0, 0.0, 0.0, 0.0, 0.0, 0.0] |
|13 |   35 |  0.25 | 2500 |      f2 |     878 |  1024.0 |  1018.0 |    0,59 |  0,0 |1592509217487 |[0.0, 0.0, 0.0, 0.0, 0.0, 0.0, 0.0, 0.0, 0.0, 0.0, 0.0, 0.0, 0.0, 0.0, 0.0, 0.0, 0.0, 0.0, 0.0, 0.0] |
|13 |   35 |  0.25 | 2500 |      f2 |     878 |  1024.0 |  1018.0 |    0,59 |  0,0 |1592509217487 |[0.0, 0.0, 0.0, 0.0, 0.0, 0.0, 0.0, 0.0, 0.0, 0.0, 0.0, 0.0, 0.0, 0.0, 0.0, 0.0, 0.0, 0.0, 0.0, 0.0] |
| 1 |   35 |  0.25 | 2500 |      f2 |     878 |  1024.0 |  1018.0 |    0,59 |-1,6e+09 |1592509794066 |[0.0, 0.0, 0.0, 0.0, 0.0, 0.0, 0.0, 0.0, 0.0, 0.0, 0.0, 0.0, 0.0, 0.0, 0.0, 0.0, 0.0, 0.0, 0.0, 0.0] |
| 1 |   35 |  0.25 | 2500 |      f2 |     878 |  1024.0 |  1018.0 |    0,59 |-1,6e+09 |1592509794066 |[0.0, 0.0, 0.0, 0.0, 0.0, 0.0, 0.0, 0.0, 0.0, 0.0, 0.0, 0.0, 0.0, 0.0, 0.0, 0.0, 0.0, 0.0, 0.0, 0.0] |
| 1 |   35 |  0.25 | 2500 |      f2 |     878 |  1024.0 |  1018.0 |    0,59 |-1,6e+09 |1592509794066 |[0.0, 0.0, 0.0, 0.0, 0.0, 0.0, 0.0, 0.0, 0.0, 0.0, 0.0, 0.0, 0.0, 0.0, 0.0, 0.0, 0.0, 0.0, 0.0, 0.0] |
| 1 |   35 |  0.25 | 2500 |      f2 |     878 |  1024.0 |  1018.0 |    0,59 |-1,6e+09 |1592509794066 |[0.0, 0.0, 0.0, 0.0, 0.0, 0.0, 0.0, 0.0, 0.0, 0.0, 0.0, 0.0, 0.0, 0.0, 0.0, 0.0, 0.0, 0.0, 0.0, 0.0] |
| 2 |   35 |  0.25 | 2500 |      f2 |     878 |  1024.0 |  1018.0 |    0,59 |-0,0010 |1592509796979 |[0.0, 0.0, 0.0, 0.0, 0.0, 0.0, 0.0, 0.0, 0.0, 0.0, 0.0, 0.0, 0.0, 0.0, 0.0, 0.0, 0.0, 0.0, 0.0, 0.0] |
| 2 |   35 |  0.25 | 2500 |      f2 |     878 |  1024.0 |  1018.0 |    0,59 |-0,0010 |1592509796979 |[0.0, 0.0, 0.0, 0.0, 0.0, 0.0, 0.0, 0.0, 0.0, 0.0, 0.0, 0.0, 0.0, 0.0, 0.0, 0.0, 0.0, 0.0, 0.0, 0.0] |
| 2 |   35 |  0.25 | 2500 |      f2 |     878 |  1024.0 |  1018.0 |    0,59 |-0,0010 |1592509796979 |[0.0, 0.0, 0.0, 0.0, 0.0, 0.0, 0.0, 0.0, 0.0, 0.0, 0.0, 0.0, 0.0, 0.0, 0.0, 0.0, 0.0, 0.0, 0.0, 0.0] |
| 2 |   35 |  0.25 | 2500 |      f2 |     878 |  1024.0 |  1018.0 |    0,59 |-0,0010 |1592509796979 |[0.0, 0.0, 0.0, 0.0, 0.0, 0.0, 0.0, 0.0, 0.0, 0.0, 0.0, 0.0, 0.0, 0.0, 0.0, 0.0, 0.0, 0.0, 0.0, 0.0] |
| 3 |   35 |  0.25 | 2500 |      f2 |     878 |  1024.0 |  1018.0 |    0,59 |  0,0 |1592509799847 |[0.0, 0.0, 0.0, 0.0, 0.0, 0.0, 0.0, 0.0, 0.0, 0.0, 0.0, 0.0, 0.0, 0.0, 0.0, 0.0, 0.0, 0.0, 0.0, 0.0] |
| 3 |   35 |  0.25 | 2500 |      f2 |     878 |  1024.0 |  1018.0 |    0,59 |  0,0 |1592509799847 |[0.0, 0.0, 0.0, 0.0, 0.0, 0.0, 0.0, 0.0, 0.0, 0.0, 0.0, 0.0, 0.0, 0.0, 0.0, 0.0, 0.0, 0.0, 0.0, 0.0] |
| 3 |   35 |  0.25 | 2500 |      f2 |     878 |  1024.0 |  1018.0 |    0,59 |  0,0 |1592509799847 |[0.0, 0.0, 0.0, 0.0, 0.0, 0.0, 0.0, 0.0, 0.0, 0.0, 0.0, 0.0, 0.0, 0.0, 0.0, 0.0, 0.0, 0.0, 0.0, 0.0] |
| 3 |   35 |  0.25 | 2500 |      f2 |     878 |  1024.0 |  1018.0 |    0,59 |  0,0 |1592509799847 |[0.0, 0.0, 0.0, 0.0, 0.0, 0.0, 0.0, 0.0, 0.0, 0.0, 0.0, 0.0, 0.0, 0.0, 0.0, 0.0, 0.0, 0.0, 0.0, 0.0] |
| 4 |   35 |  0.25 | 2500 |      f2 |     878 |  1024.0 |  1018.0 |    0,59 |-0,0010 |1592509802723 |[0.0, 0.0, 0.0, 0.0, 0.0, 0.0, 0.0, 0.0, 0.0, 0.0, 0.0, 0.0, 0.0, 0.0, 0.0, 0.0, 0.0, 0.0, 0.0, 0.0] |
| 4 |   35 |  0.25 | 2500 |      f2 |     878 |  1024.0 |  1018.0 |    0,59 |-0,0010 |1592509802723 |[0.0, 0.0, 0.0, 0.0, 0.0, 0.0, 0.0, 0.0, 0.0, 0.0, 0.0, 0.0, 0.0, 0.0, 0.0, 0.0, 0.0, 0.0, 0.0, 0.0] |
| 4 |   35 |  0.25 | 2500 |      f2 |     878 |  1024.0 |  1018.0 |    0,59 |-0,0010 |1592509802723 |[0.0, 0.0, 0.0, 0.0, 0.0, 0.0, 0.0, 0.0, 0.0, 0.0, 0.0, 0.0, 0.0, 0.0, 0.0, 0.0, 0.0, 0.0, 0.0, 0.0] |
| 4 |   35 |  0.25 | 2500 |      f2 |     878 |  1024.0 |  1018.0 |    0,59 |-0,0010 |1592509802723 |[0.0, 0.0, 0.0, 0.0, 0.0, 0.0, 0.0, 0.0, 0.0, 0.0, 0.0, 0.0, 0.0, 0.0, 0.0, 0.0, 0.0, 0.0, 0.0, 0.0] |
| 1 |   35 |   0.3 | 2500 |      f2 |     878 |  1024.0 |  1018.0 |    0,59 |-1,6e+09 |1592510516999 |[0.18507683, 0.41612995, 0.96693385, 0.22940803, 0.22519368, 0.28652823, 0.47896045, 0.3213063, 0.6291642, 0.24548572, 0.683828, 0.4690457, 0.5147441, 0.5919893, 0.47951382, 0.747212, 0.75260633, 0.4713769, 0.031241536, 0.45349365] |
| 1 |   35 |  0.45 | 2500 |      f2 |     878 |  1024.0 |  1018.0 |    0,59 |-1,6e+09 |1592510516999 |[0.18507683, 0.41612995, 0.96693385, 0.22940803, 0.22519368, 0.28652823, 0.47896045, 0.3213063, 0.6291642, 0.24548572, 0.683828, 0.4690457, 0.5147441, 0.5919893, 0.47951382, 0.747212, 0.75260633, 0.4713769, 0.031241536, 0.45349365] |
| 1 |   35 |  0.45 | 2500 |      f2 |     878 |  1024.0 |  1018.0 |    0,59 |-1,6e+09 |1592510516999 |[0.18507683, 0.41612995, 0.96693385, 0.22940803, 0.22519368, 0.28652823, 0.47896045, 0.3213063, 0.6291642, 0.24548572, 0.683828, 0.4690457, 0.5147441, 0.5919893, 0.47951382, 0.747212, 0.75260633, 0.4713769, 0.031241536, 0.45349365] |
| 1 |   35 |0.37142858 | 2500 |      f2 |     878 |  1024.0 |  1018.0 |    0,59 |-1,6e+09 |1592510516999 |[0.18507683, 0.41612995, 0.96693385, 0.22940803, 0.22519368, 0.28652823, 0.47896045, 0.3213063, 0.6291642, 0.24548572, 0.683828, 0.4690457, 0.5147441, 0.5919893, 0.47951382, 0.747212, 0.75260633, 0.4713769, 0.031241536, 0.45349365] |
| 2 |   35 |   0.3 | 2500 |      f2 |     878 |  1024.0 |  1018.0 |    0,59 |  0,0 |1592510519868 |[0.44321603, 0.35009664, 0.35773003, 0.38938558, 0.7301754, 0.13465023, 0.08067548, 0.97790927, 0.6364589, 0.09070206, 0.59558487, 0.75314724, 0.2988832, 0.3609947, 0.07958305, 0.7748095, 0.99896747, 0.8313933, 0.33827293, 0.70060056] |
| 2 |   35 |  0.45 | 2500 |      f2 |     878 |  1024.0 |  1018.0 |    0,59 |  0,0 |1592510519868 |[0.44321603, 0.35009664, 0.35773003, 0.38938558, 0.7301754, 0.13465023, 0.08067548, 0.97790927, 0.6364589, 0.09070206, 0.59558487, 0.75314724, 0.2988832, 0.3609947, 0.07958305, 0.7748095, 0.99896747, 0.8313933, 0.33827293, 0.70060056] |
| 2 |   35 |0.2857143 | 2500 |      f2 |     878 |  1024.0 |  1018.0 |    0,59 |  0,0 |1592510519868 |[0.44321603, 0.35009664, 0.35773003, 0.38938558, 0.7301754, 0.13465023, 0.08067548, 0.97790927, 0.6364589, 0.09070206, 0.59558487, 0.75314724, 0.2988832, 0.3609947, 0.07958305, 0.7748095, 0.99896747, 0.8313933, 0.33827293, 0.70060056] |
| 2 |   35 |0.2857143 | 2500 |      f2 |     878 |  1024.0 |  1018.0 |    0,59 |  0,0 |1592510519868 |[0.44321603, 0.35009664, 0.35773003, 0.38938558, 0.7301754, 0.13465023, 0.08067548, 0.97790927, 0.6364589, 0.09070206, 0.59558487, 0.75314724, 0.2988832, 0.3609947, 0.07958305, 0.7748095, 0.99896747, 0.8313933, 0.33827293, 0.70060056] |
| 3 |   35 |   0.4 | 2500 |      f2 |     878 |  1024.0 |  1018.0 |    0,59 |-0,0010 |1592510522725 |[0.118005216, 0.29512691, 0.9657642, 0.85308725, 0.1800034, 0.72609293, 0.73009944, 0.8565283, 0.973794, 0.63680375, 0.15090245, 0.20036149, 0.36488032, 0.7833707, 0.73642427, 0.28807747, 0.215078, 0.6777335, 0.15498626, 0.52470565] |
| 3 |   35 |  0.45 | 2500 |      f2 |     878 |  1024.0 |  1018.0 |    0,59 |-0,0010 |1592510522725 |[0.41235602, 0.12776214, 0.6895753, 0.021462977, 0.65049833, 0.392348, 0.64602, 0.08395189, 0.49896306, 0.2759158, 0.52860254, 0.75666314, 0.49297053, 0.47030938, 0.54249597, 0.71757096, 0.20272589, 0.30233628, 0.10295534, 0.46121025] |
| 3 |   35 |   0.4 | 2500 |      f2 |     878 |  1024.0 |  1018.0 |    0,59 |-0,0010 |1592510522725 |[0.41235602, 0.12776214, 0.6895753, 0.021462977, 0.65049833, 0.392348, 0.64602, 0.08395189, 0.49896306, 0.2759158, 0.52860254, 0.75666314, 0.49297053, 0.47030938, 0.54249597, 0.71757096, 0.20272589, 0.30233628, 0.10295534, 0.46121025] |
| 3 |   35 |   0.2 | 2500 |      f2 |     878 |  1024.0 |  1018.0 |    0,59 |-0,0010 |1592510522725 |[0.41235602, 0.12776214, 0.6895753, 0.021462977, 0.65049833, 0.392348, 0.64602, 0.08395189, 0.49896306, 0.2759158, 0.52860254, 0.75666314, 0.49297053, 0.47030938, 0.54249597, 0.71757096, 0.20272589, 0.30233628, 0.10295534, 0.46121025] |
| 4 |   35 |   0.4 | 2500 |      f2 |     878 |  1024.0 |  1018.0 |    0,59 |  0,0 |1592510525558 |[0.037534714, 0.91304606, 0.84648615, 0.7087754, 0.50915617, 0.3520311, 0.17090255, 0.68692726, 0.66828, 0.49421316, 0.17054886, 0.7710433, 0.004765868, 0.26666546, 0.59216416, 0.54929894, 0.5184812, 0.7125015, 0.9007755, 0.0690546] |
| 4 |   35 |  0.45 | 2500 |      f2 |     878 |  1024.0 |  1018.0 |    0,59 |  0,0 |1592510525558 |[0.037534714, 0.91304606, 0.84648615, 0.7087754, 0.50915617, 0.3520311, 0.17090255, 0.68692726, 0.66828, 0.49421316, 0.17054886, 0.7710433, 0.004765868, 0.26666546, 0.59216416, 0.54929894, 0.5184812, 0.7125015, 0.9007755, 0.0690546] |
| 4 |   35 |   0.2 | 2500 |      f2 |     878 |  1024.0 |  1018.0 |    0,59 |  0,0 |1592510525558 |[0.037534714, 0.91304606, 0.84648615, 0.7087754, 0.50915617, 0.3520311, 0.17090255, 0.68692726, 0.66828, 0.49421316, 0.17054886, 0.7710433, 0.004765868, 0.26666546, 0.59216416, 0.54929894, 0.5184812, 0.7125015, 0.9007755, 0.0690546] |
| 4 |   35 |   0.2 | 2500 |      f2 |     878 |  1024.0 |  1018.0 |    0,59 |  0,0 |1592510525558 |[0.037534714, 0.91304606, 0.84648615, 0.7087754, 0.50915617, 0.3520311, 0.17090255, 0.68692726, 0.66828, 0.49421316, 0.17054886, 0.7710433, 0.004765868, 0.26666546, 0.59216416, 0.54929894, 0.5184812, 0.7125015, 0.9007755, 0.0690546] |
| 5 |   35 |   0.3 | 2500 |      f2 |     878 |  1024.0 |  1018.0 |    0,59 |  0,0 |1592510528361 |[0.19530654, 0.5498594, 0.3939675, 0.91890377, 0.7721223, 0.92788506, 0.8334602, 0.91270006, 0.7732458, 0.38122702, 0.20328045, 0.55140114, 0.8614317, 0.6596822, 0.53255373, 0.3915943, 0.50257665, 0.20267129, 0.27108943, 0.15538079] |
| 5 |   35 |  0.45 | 2500 |      f2 |     878 |  1024.0 |  1018.0 |    0,59 |  0,0 |1592510528361 |[0.19530654, 0.5498594, 0.3939675, 0.91890377, 0.7721223, 0.92788506, 0.8334602, 0.91270006, 0.7732458, 0.38122702, 0.20328045, 0.55140114, 0.8614317, 0.6596822, 0.53255373, 0.3915943, 0.50257665, 0.20267129, 0.27108943, 0.15538079] |
| 5 |   35 |0.25714287 | 2500 |      f2 |     878 |  1024.0 |  1018.0 |    0,59 |  0,0 |1592510528361 |[0.19530654, 0.5498594, 0.3939675, 0.91890377, 0.7721223, 0.92788506, 0.8334602, 0.91270006, 0.7732458, 0.38122702, 0.20328045, 0.55140114, 0.8614317, 0.6596822, 0.53255373, 0.3915943, 0.50257665, 0.20267129, 0.27108943, 0.15538079] |
| 5 |   35 |0.31428573 | 2500 |      f2 |     878 |  1024.0 |  1018.0 |    0,59 |  0,0 |1592510528361 |[0.19530654, 0.5498594, 0.3939675, 0.91890377, 0.7721223, 0.92788506, 0.8334602, 0.91270006, 0.7732458, 0.38122702, 0.20328045, 0.55140114, 0.8614317, 0.6596822, 0.53255373, 0.3915943, 0.50257665, 0.20267129, 0.27108943, 0.15538079] |
| 6 |   35 |0.26666668 | 2500 |      f2 |     878 |  1024.0 |  1018.0 |    0,59 |  0,0 |1592510531185 |[0.6549466, 0.5916589, 0.56548744, 0.6263366, 0.14325309, 0.82524896, 0.686996, 0.2408033, 0.8551717, 0.64794576, 0.89960855, 0.634256, 0.58735585, 0.17006189, 0.8117557, 0.41666526, 0.69396555, 0.36634445, 0.66992706, 0.5481161] |
| 6 |   35 |  0.45 | 2500 |      f2 |     878 |  1024.0 |  1018.0 |    0,59 |  0,0 |1592510531185 |[0.6549466, 0.5916589, 0.56548744, 0.6263366, 0.14325309, 0.82524896, 0.686996, 0.2408033, 0.8551717, 0.64794576, 0.89960855, 0.634256, 0.58735585, 0.17006189, 0.8117557, 0.41666526, 0.69396555, 0.36634445, 0.66992706, 0.5481161] |
| 6 |   35 |0.42857143 | 2500 |      f2 |     878 |  1024.0 |  1018.0 |    0,59 |  0,0 |1592510531185 |[0.6549466, 0.5916589, 0.56548744, 0.6263366, 0.14325309, 0.82524896, 0.686996, 0.2408033, 0.8551717, 0.64794576, 0.89960855, 0.634256, 0.58735585, 0.17006189, 0.8117557, 0.41666526, 0.69396555, 0.36634445, 0.66992706, 0.5481161] |
| 6 |   35 |0.42857143 | 2500 |      f2 |     878 |  1024.0 |  1018.0 |    0,59 |  0,0 |1592510531185 |[0.6549466, 0.5916589, 0.56548744, 0.6263366, 0.14325309, 0.82524896, 0.686996, 0.2408033, 0.8551717, 0.64794576, 0.89960855, 0.634256, 0.58735585, 0.17006189, 0.8117557, 0.41666526, 0.69396555, 0.36634445, 0.66992706, 0.5481161] |
| 7 |   35 |   0.3 | 2500 |      f2 |     878 |  1024.0 |  1018.0 |    0,59 |  0,0 |1592510534031 |[0.7388579, 0.52675563, 0.48558515, 0.7359902, 0.5426038, 0.5412676, 0.20799863, 0.40507108, 0.08152759, 0.35946524, 0.70382315, 0.6027598, 0.5299817, 0.5164557, 0.13496482, 0.7246122, 0.3312022, 0.8764485, 0.94740605, 0.30278683] |
| 7 |   35 |  0.45 | 2500 |      f2 |     878 |  1024.0 |  1018.0 |    0,59 |  0,0 |1592510534031 |[0.7388579, 0.52675563, 0.48558515, 0.7359902, 0.5426038, 0.5412676, 0.20799863, 0.40507108, 0.08152759, 0.35946524, 0.70382315, 0.6027598, 0.5299817, 0.5164557, 0.13496482, 0.7246122, 0.3312022, 0.8764485, 0.94740605, 0.30278683] |
| 7 |   35 |0.37142858 | 2500 |      f2 |     878 |  1024.0 |  1018.0 |    0,59 |  0,0 |1592510534031 |[0.7388579, 0.52675563, 0.48558515, 0.7359902, 0.5426038, 0.5412676, 0.20799863, 0.40507108, 0.08152759, 0.35946524, 0.70382315, 0.6027598, 0.5299817, 0.5164557, 0.13496482, 0.7246122, 0.3312022, 0.8764485, 0.94740605, 0.30278683] |
| 7 |   35 |   0.4 | 2500 |      f2 |     878 |  1024.0 |  1018.0 |    0,59 |  0,0 |1592510534031 |[0.7388579, 0.52675563, 0.48558515, 0.7359902, 0.5426038, 0.5412676, 0.20799863, 0.40507108, 0.08152759, 0.35946524, 0.70382315, 0.6027598, 0.5299817, 0.5164557, 0.13496482, 0.7246122, 0.3312022, 0.8764485, 0.94740605, 0.30278683] |
| 8 |   35 |   0.4 | 2500 |      f2 |     878 |  1024.0 |  1018.0 |    0,59 |  0,0 |1592510536871 |[0.73140955, 0.3538401, 0.28782845, 0.5136204, 0.716008, 0.79369867, 0.7332392, 0.6441568, 0.26792854, 0.24902558, 0.092441976, 0.97319, 0.44683534, 0.79468906, 0.51675206, 0.3382318, 0.7298736, 0.014640152, 0.0044174194, 0.0031479597] |
| 8 |   35 |  0.45 | 2500 |      f2 |     878 |  1024.0 |  1018.0 |    0,59 |  0,0 |1592510536871 |[0.73140955, 0.3538401, 0.28782845, 0.5136204, 0.716008, 0.79369867, 0.7332392, 0.6441568, 0.26792854, 0.24902558, 0.092441976, 0.97319, 0.44683534, 0.79468906, 0.51675206, 0.3382318, 0.7298736, 0.014640152, 0.0044174194, 0.0031479597] |
| 8 |   35 |0.37142858 | 2500 |      f2 |     878 |  1024.0 |  1018.0 |    0,59 |  0,0 |1592510536871 |[0.73140955, 0.3538401, 0.28782845, 0.5136204, 0.716008, 0.79369867, 0.7332392, 0.6441568, 0.26792854, 0.24902558, 0.092441976, 0.97319, 0.44683534, 0.79468906, 0.51675206, 0.3382318, 0.7298736, 0.014640152, 0.0044174194, 0.0031479597] |
| 8 |   35 |0.25714287 | 2500 |      f2 |     878 |  1024.0 |  1018.0 |    0,59 |  0,0 |1592510536871 |[0.73140955, 0.3538401, 0.28782845, 0.5136204, 0.716008, 0.79369867, 0.7332392, 0.6441568, 0.26792854, 0.24902558, 0.092441976, 0.97319, 0.44683534, 0.79468906, 0.51675206, 0.3382318, 0.7298736, 0.014640152, 0.0044174194, 0.0031479597] |
| 9 |   35 |0.33333334 | 2500 |      f2 |     878 |  1024.0 |  1018.0 |    0,59 |-0,0070 |1592510539702 |[0.038570166, 0.30909926, 0.82173485, 0.64116067, 0.65758675, 0.46795875, 0.16339308, 0.05502695, 0.46371126, 0.12654221, 0.6079122, 0.6183764, 0.1443932, 0.13101482, 0.15764898, 0.3760221, 0.6280387, 0.33317614, 0.96577066, 0.40054125] |
| 9 |   35 |  0.45 | 2500 |      f2 |     878 |  1024.0 |  1018.0 |    0,59 |-0,0070 |1592510539702 |[0.038570166, 0.30909926, 0.82173485, 0.64116067, 0.65758675, 0.46795875, 0.16339308, 0.05502695, 0.46371126, 0.12654221, 0.6079122, 0.6183764, 0.1443932, 0.13101482, 0.15764898, 0.3760221, 0.6280387, 0.33317614, 0.96577066, 0.40054125] |
| 9 |   35 |   0.4 | 2500 |      f2 |     878 |  1024.0 |  1018.0 |    0,59 |-0,0070 |1592510539702 |[0.038570166, 0.30909926, 0.82173485, 0.64116067, 0.65758675, 0.46795875, 0.16339308, 0.05502695, 0.46371126, 0.12654221, 0.6079122, 0.6183764, 0.1443932, 0.13101482, 0.15764898, 0.3760221, 0.6280387, 0.33317614, 0.96577066, 0.40054125] |
| 9 |   35 |   0.4 | 2500 |      f2 |     878 |  1024.0 |  1018.0 |    0,59 |-0,0070 |1592510539702 |[0.038570166, 0.30909926, 0.82173485, 0.64116067, 0.65758675, 0.46795875, 0.16339308, 0.05502695, 0.46371126, 0.12654221, 0.6079122, 0.6183764, 0.1443932, 0.13101482, 0.15764898, 0.3760221, 0.6280387, 0.33317614, 0.96577066, 0.40054125] |
|10 |   35 |   0.2 | 2500 |      f2 |     878 |  1024.0 |  1018.0 |    0,59 |-0,0010 |1592510542513 |[0.9741079, 0.40065378, 0.49995887, 0.85500336, 0.2809285, 0.31783932, 0.73365587, 0.22207993, 0.55669594, 0.7594226, 0.6087652, 0.85718435, 0.6179015, 0.07428962, 0.15875626, 0.4485445, 0.5970113, 0.72193664, 0.5457869, 0.8273936] |
|10 |   35 |  0.45 | 2500 |      f2 |     878 |  1024.0 |  1018.0 |    0,59 |-0,0010 |1592510542513 |[0.9741079, 0.40065378, 0.49995887, 0.85500336, 0.2809285, 0.31783932, 0.73365587, 0.22207993, 0.55669594, 0.7594226, 0.6087652, 0.85718435, 0.6179015, 0.07428962, 0.15875626, 0.4485445, 0.5970113, 0.72193664, 0.5457869, 0.8273936] |
|10 |   35 |0.42857143 | 2500 |      f2 |     878 |  1024.0 |  1018.0 |    0,59 |-0,0010 |1592510542513 |[0.9741079, 0.40065378, 0.49995887, 0.85500336, 0.2809285, 0.31783932, 0.73365587, 0.22207993, 0.55669594, 0.7594226, 0.6087652, 0.85718435, 0.6179015, 0.07428962, 0.15875626, 0.4485445, 0.5970113, 0.72193664, 0.5457869, 0.8273936] |
|10 |   35 |  0.45 | 2500 |      f2 |     878 |  1024.0 |  1018.0 |    0,59 |-0,0010 |1592510542513 |[0.9741079, 0.40065378, 0.49995887, 0.85500336, 0.2809285, 0.31783932, 0.73365587, 0.22207993, 0.55669594, 0.7594226, 0.6087652, 0.85718435, 0.6179015, 0.07428962, 0.15875626, 0.4485445, 0.5970113, 0.72193664, 0.5457869, 0.8273936] |
|11 |   35 |0.23333333 | 2500 |      f2 |     878 |  1024.0 |  1018.0 |    0,59 |  0,0 |1592510545317 |[0.836248, 0.039911926, 0.6135738, 0.3161496, 0.4605896, 0.4683751, 0.1498403, 0.8823763, 0.5620085, 0.9244354, 0.054342747, 0.43508548, 0.20077848, 0.9968982, 0.28831422, 0.47810042, 0.44184023, 0.42659086, 0.008891225, 0.6615854] |
|11 |   35 |  0.45 | 2500 |      f2 |     878 |  1024.0 |  1018.0 |    0,59 |  0,0 |1592510545317 |[0.836248, 0.039911926, 0.6135738, 0.3161496, 0.4605896, 0.4683751, 0.1498403, 0.8823763, 0.5620085, 0.9244354, 0.054342747, 0.43508548, 0.20077848, 0.9968982, 0.28831422, 0.47810042, 0.44184023, 0.42659086, 0.008891225, 0.6615854] |
|11 |   35 |0.34285715 | 2500 |      f2 |     878 |  1024.0 |  1018.0 |    0,59 |  0,0 |1592510545317 |[0.836248, 0.039911926, 0.6135738, 0.3161496, 0.4605896, 0.4683751, 0.1498403, 0.8823763, 0.5620085, 0.9244354, 0.054342747, 0.43508548, 0.20077848, 0.9968982, 0.28831422, 0.47810042, 0.44184023, 0.42659086, 0.008891225, 0.6615854] |
|11 |   35 |0.2857143 | 2500 |      f2 |     878 |  1024.0 |  1018.0 |    0,59 |  0,0 |1592510545317 |[0.836248, 0.039911926, 0.6135738, 0.3161496, 0.4605896, 0.4683751, 0.1498403, 0.8823763, 0.5620085, 0.9244354, 0.054342747, 0.43508548, 0.20077848, 0.9968982, 0.28831422, 0.47810042, 0.44184023, 0.42659086, 0.008891225, 0.6615854] |
|12 |   35 |   0.3 | 2500 |      f2 |     878 |  1024.0 |  1018.0 |    0,59 |-0,0010 |1592510548147 |[0.5794594, 0.5342102, 0.94932127, 0.15736425, 0.7239295, 0.772637, 0.7008139, 0.68987584, 0.8053676, 0.5796133, 0.5275718, 0.82113624, 0.91404694, 0.7119499, 0.190472, 0.0056959987, 0.7907664, 0.9218808, 0.14558756, 0.19656163] |
|12 |   35 |  0.45 | 2500 |      f2 |     878 |  1024.0 |  1018.0 |    0,59 |-0,0010 |1592510548147 |[0.5794594, 0.5342102, 0.94932127, 0.15736425, 0.7239295, 0.772637, 0.7008139, 0.68987584, 0.8053676, 0.5796133, 0.5275718, 0.82113624, 0.91404694, 0.7119499, 0.190472, 0.0056959987, 0.7907664, 0.9218808, 0.14558756, 0.19656163] |
|12 |   35 |0.34285715 | 2500 |      f2 |     878 |  1024.0 |  1018.0 |    0,59 |-0,0010 |1592510548147 |[0.35260916, 0.5684194, 0.69230837, 0.08351445, 0.8591494, 0.37850308, 0.25891244, 0.18482763, 0.9691528, 0.20937335, 0.19402963, 0.8475595, 0.9660184, 0.41995108, 0.41383797, 0.48832446, 0.9048675, 0.74402136, 0.37899297, 0.9042551] |
|12 |   35 |0.37142858 | 2500 |      f2 |     878 |  1024.0 |  1018.0 |    0,59 |-0,0010 |1592510548147 |[0.35260916, 0.5684194, 0.69230837, 0.08351445, 0.8591494, 0.37850308, 0.25891244, 0.18482763, 0.9691528, 0.20937335, 0.19402963, 0.8475595, 0.9660184, 0.41995108, 0.41383797, 0.48832446, 0.9048675, 0.74402136, 0.37899297, 0.9042551] |
|13 |   35 |   0.4 | 2500 |      f2 |     878 |  1024.0 |  1018.0 |    0,59 |-0,0010 |1592510550994 |[0.8293185, 0.50337577, 0.9585682, 0.008381665, 0.7819127, 0.73320824, 0.023999453, 0.7884376, 0.30037022, 0.5561847, 0.48985666, 0.0043105483, 0.36688268, 0.96692264, 0.23723167, 0.30915815, 0.62542015, 0.10381305, 0.12045169, 0.91257113] |
|13 |   35 |  0.45 | 2500 |      f2 |     878 |  1024.0 |  1018.0 |    0,59 |-0,0010 |1592510550994 |[0.8293185, 0.50337577, 0.9585682, 0.008381665, 0.7819127, 0.73320824, 0.023999453, 0.7884376, 0.30037022, 0.5561847, 0.48985666, 0.0043105483, 0.36688268, 0.96692264, 0.23723167, 0.30915815, 0.62542015, 0.10381305, 0.12045169, 0.91257113] |
|13 |   35 |  0.45 | 2500 |      f2 |     878 |  1024.0 |  1018.0 |    0,59 |-0,0010 |1592510550994 |[0.8293185, 0.50337577, 0.9585682, 0.008381665, 0.7819127, 0.73320824, 0.023999453, 0.7884376, 0.30037022, 0.5561847, 0.48985666, 0.0043105483, 0.36688268, 0.96692264, 0.23723167, 0.30915815, 0.62542015, 0.10381305, 0.12045169, 0.91257113] |
|13 |   35 |   0.4 | 2500 |      f2 |     878 |  1024.0 |  1018.0 |    0,59 |-0,0010 |1592510550994 |[0.8293185, 0.50337577, 0.9585682, 0.008381665, 0.7819127, 0.73320824, 0.023999453, 0.7884376, 0.30037022, 0.5561847, 0.48985666, 0.0043105483, 0.36688268, 0.96692264, 0.23723167, 0.30915815, 0.62542015, 0.10381305, 0.12045169, 0.91257113] |
|14 |   35 |0.16666667 | 2500 |      f2 |     878 |  1024.0 |  1018.0 |    0,59 |  0,0 |1592510553796 |[0.2956208, 0.2978999, 0.4210956, 0.7400645, 0.26265955, 0.39246076, 0.83907706, 0.37864983, 0.07470024, 0.93652827, 0.8408652, 0.42575634, 0.6269707, 0.43368155, 0.81273514, 0.85634047, 0.07415575, 0.11994153, 0.18974936, 0.13668782] |
|14 |   35 |  0.45 | 2500 |      f2 |     878 |  1024.0 |  1018.0 |    0,59 |  0,0 |1592510553796 |[0.2956208, 0.2978999, 0.4210956, 0.7400645, 0.26265955, 0.39246076, 0.83907706, 0.37864983, 0.07470024, 0.93652827, 0.8408652, 0.42575634, 0.6269707, 0.43368155, 0.81273514, 0.85634047, 0.07415575, 0.11994153, 0.18974936, 0.13668782] |
|14 |   35 |0.37142858 | 2500 |      f2 |     878 |  1024.0 |  1018.0 |    0,59 |  0,0 |1592510553796 |[0.2956208, 0.2978999, 0.4210956, 0.7400645, 0.26265955, 0.39246076, 0.83907706, 0.37864983, 0.07470024, 0.93652827, 0.8408652, 0.42575634, 0.6269707, 0.43368155, 0.81273514, 0.85634047, 0.07415575, 0.11994153, 0.18974936, 0.13668782] |
|14 |   35 |0.22857143 | 2500 |      f2 |     878 |  1024.0 |  1018.0 |    0,59 |  0,0 |1592510553796 |[0.2956208, 0.2978999, 0.4210956, 0.7400645, 0.26265955, 0.39246076, 0.83907706, 0.37864983, 0.07470024, 0.93652827, 0.8408652, 0.42575634, 0.6269707, 0.43368155, 0.81273514, 0.85634047, 0.07415575, 0.11994153, 0.18974936, 0.13668782] |
|15 |   35 |0.33333334 | 2500 |      f2 |     878 |  1024.0 |  1018.0 |    0,59 |  0,0 |1592510556621 |[0.43801647, 0.2710864, 0.12111449, 0.6496036, 0.55129665, 0.57253015, 0.14521569, 0.33774388, 0.830802, 0.1295616, 0.73024684, 0.057160676, 0.5476904, 0.124682486, 0.5681243, 0.4952773, 0.121855855, 0.7464963, 0.5848617, 0.82631594] |
|15 |   35 |  0.45 | 2500 |      f2 |     878 |  1024.0 |  1018.0 |    0,59 |  0,0 |1592510556621 |[0.43801647, 0.2710864, 0.12111449, 0.6496036, 0.55129665, 0.57253015, 0.14521569, 0.33774388, 0.830802, 0.1295616, 0.73024684, 0.057160676, 0.5476904, 0.124682486, 0.5681243, 0.4952773, 0.121855855, 0.7464963, 0.5848617, 0.82631594] |
|15 |   35 |0.37142858 | 2500 |      f2 |     878 |  1024.0 |  1018.0 |    0,59 |  0,0 |1592510556621 |[0.43801647, 0.2710864, 0.12111449, 0.6496036, 0.55129665, 0.57253015, 0.14521569, 0.33774388, 0.830802, 0.1295616, 0.73024684, 0.057160676, 0.5476904, 0.124682486, 0.5681243, 0.4952773, 0.121855855, 0.7464963, 0.5848617, 0.82631594] |
|15 |   35 |0.25714287 | 2500 |      f2 |     878 |  1024.0 |  1018.0 |    0,59 |  0,0 |1592510556621 |[0.43801647, 0.2710864, 0.12111449, 0.6496036, 0.55129665, 0.57253015, 0.14521569, 0.33774388, 0.830802, 0.1295616, 0.73024684, 0.057160676, 0.5476904, 0.124682486, 0.5681243, 0.4952773, 0.121855855, 0.7464963, 0.5848617, 0.82631594] |
| 1 |   35 |  0.45 | 2500 |      f2 |     878 |  1024.0 |  1018.0 |    0,59 |-1,6e+09 |1592511931189 |[0.41302037, 0.250017, 0.8340699, 0.9691875, 0.6646665, 0.9978632, 0.13071823, 0.66554886, 0.5174034, 0.90674794, 0.97609454, 0.13739777, 0.07496953, 0.81165296, 0.82514536, 0.9096335, 0.0918479, 0.8447937, 0.5423603, 0.98812044] |
| 1 |   35 |  0.45 | 2500 |      f2 |     878 |  1024.0 |  1018.0 |    0,59 |-1,6e+09 |1592511931189 |[0.41302037, 0.250017, 0.8340699, 0.9691875, 0.6646665, 0.9978632, 0.13071823, 0.66554886, 0.5174034, 0.90674794, 0.97609454, 0.13739777, 0.07496953, 0.81165296, 0.82514536, 0.9096335, 0.0918479, 0.8447937, 0.5423603, 0.98812044] |
| 1 |   35 |   0.4 | 2500 |      f2 |     878 |  1024.0 |  1018.0 |    0,59 |-1,6e+09 |1592511931189 |[0.41302037, 0.250017, 0.8340699, 0.9691875, 0.6646665, 0.9978632, 0.13071823, 0.66554886, 0.5174034, 0.90674794, 0.97609454, 0.13739777, 0.07496953, 0.81165296, 0.82514536, 0.9096335, 0.0918479, 0.8447937, 0.5423603, 0.98812044] |
| 1 |   35 |0.34285715 | 2500 |      f2 |     878 |  1024.0 |  1018.0 |    0,59 |-1,6e+09 |1592511931189 |[0.41302037, 0.250017, 0.8340699, 0.9691875, 0.6646665, 0.9978632, 0.13071823, 0.66554886, 0.5174034, 0.90674794, 0.97609454, 0.13739777, 0.07496953, 0.81165296, 0.82514536, 0.9096335, 0.0918479, 0.8447937, 0.5423603, 0.98812044] |
| 2 |   35 |  0.45 | 2500 |      f2 |     878 |  1024.0 |  1018.0 |    0,59 |  0,0 |1592511934079 |[0.6161115, 0.8333162, 0.46963644, 0.4547584, 0.6783296, 0.403818, 0.9178294, 0.4672528, 0.81684446, 0.6433371, 0.25927407, 0.30598217, 0.8764733, 0.63479835, 0.057251334, 0.34482455, 0.65104115, 0.20259738, 0.90616995, 0.8825894] |
| 2 |   35 |  0.45 | 2500 |      f2 |     878 |  1024.0 |  1018.0 |    0,59 |  0,0 |1592511934079 |[0.6161115, 0.8333162, 0.46963644, 0.4547584, 0.6783296, 0.403818, 0.9178294, 0.4672528, 0.81684446, 0.6433371, 0.25927407, 0.30598217, 0.8764733, 0.63479835, 0.057251334, 0.34482455, 0.65104115, 0.20259738, 0.90616995, 0.8825894] |
| 2 |   35 |0.37142858 | 2500 |      f2 |     878 |  1024.0 |  1018.0 |    0,59 |  0,0 |1592511934079 |[0.6161115, 0.8333162, 0.46963644, 0.4547584, 0.6783296, 0.403818, 0.9178294, 0.4672528, 0.81684446, 0.6433371, 0.25927407, 0.30598217, 0.8764733, 0.63479835, 0.057251334, 0.34482455, 0.65104115, 0.20259738, 0.90616995, 0.8825894] |
| 2 |   35 |   0.4 | 2500 |      f2 |     878 |  1024.0 |  1018.0 |    0,59 |  0,0 |1592511934079 |[0.6161115, 0.8333162, 0.46963644, 0.4547584, 0.6783296, 0.403818, 0.9178294, 0.4672528, 0.81684446, 0.6433371, 0.25927407, 0.30598217, 0.8764733, 0.63479835, 0.057251334, 0.34482455, 0.65104115, 0.20259738, 0.90616995, 0.8825894] |
| 3 |   35 |   0.3 | 2500 |      f2 |     878 |  1024.0 |  1018.0 |    0,59 |-0,0010 |1592511936938 |[0.019634783, 0.25553048, 0.7661396, 0.09788656, 0.66613656, 0.7298968, 0.90435594, 0.49105793, 0.27523828, 0.90311176, 0.66379803, 0.5305789, 0.8644754, 0.5859729, 0.2770506, 0.84400886, 0.6463987, 0.24469173, 0.6758023, 0.02974993] |
| 3 |   35 |  0.45 | 2500 |      f2 |     878 |  1024.0 |  1018.0 |    0,59 |-0,0010 |1592511936938 |[0.019634783, 0.25553048, 0.7661396, 0.09788656, 0.66613656, 0.7298968, 0.90435594, 0.49105793, 0.27523828, 0.90311176, 0.66379803, 0.5305789, 0.8644754, 0.5859729, 0.2770506, 0.84400886, 0.6463987, 0.24469173, 0.6758023, 0.02974993] |
| 3 |   35 |0.42857143 | 2500 |      f2 |     878 |  1024.0 |  1018.0 |    0,59 |-0,0010 |1592511936938 |[0.019634783, 0.25553048, 0.7661396, 0.09788656, 0.66613656, 0.7298968, 0.90435594, 0.49105793, 0.27523828, 0.90311176, 0.66379803, 0.5305789, 0.8644754, 0.5859729, 0.2770506, 0.84400886, 0.6463987, 0.24469173, 0.6758023, 0.02974993] |
| 3 |   35 |0.37142858 | 2500 |      f2 |     878 |  1024.0 |  1018.0 |    0,59 |-0,0010 |1592511936938 |[0.019634783, 0.25553048, 0.7661396, 0.09788656, 0.66613656, 0.7298968, 0.90435594, 0.49105793, 0.27523828, 0.90311176, 0.66379803, 0.5305789, 0.8644754, 0.5859729, 0.2770506, 0.84400886, 0.6463987, 0.24469173, 0.6758023, 0.02974993] |
| 4 |   35 |   0.3 | 2500 |      f2 |     878 |  1024.0 |  1018.0 |    0,59 |  0,0 |1592511939788 |[0.33619535, 0.8787042, 0.38247746, 0.7559306, 0.33333886, 0.7269663, 0.91836005, 0.09027368, 0.4801677, 0.23432654, 0.5747945, 0.12255174, 0.01245749, 0.9938253, 0.729062, 0.48894024, 0.54412764, 0.61255544, 0.34449053, 0.3718124] |
| 4 |   35 |  0.45 | 2500 |      f2 |     878 |  1024.0 |  1018.0 |    0,59 |  0,0 |1592511939788 |[0.33619535, 0.8787042, 0.38247746, 0.7559306, 0.33333886, 0.7269663, 0.91836005, 0.09027368, 0.4801677, 0.23432654, 0.5747945, 0.12255174, 0.01245749, 0.9938253, 0.729062, 0.48894024, 0.54412764, 0.61255544, 0.34449053, 0.3718124] |
| 4 |   35 |0.31428573 | 2500 |      f2 |     878 |  1024.0 |  1018.0 |    0,59 |  0,0 |1592511939788 |[0.33619535, 0.8787042, 0.38247746, 0.7559306, 0.33333886, 0.7269663, 0.91836005, 0.09027368, 0.4801677, 0.23432654, 0.5747945, 0.12255174, 0.01245749, 0.9938253, 0.729062, 0.48894024, 0.54412764, 0.61255544, 0.34449053, 0.3718124] |
| 4 |   35 |0.37142858 | 2500 |      f2 |     878 |  1024.0 |  1018.0 |    0,59 |  0,0 |1592511939788 |[0.33619535, 0.8787042, 0.38247746, 0.7559306, 0.33333886, 0.7269663, 0.91836005, 0.09027368, 0.4801677, 0.23432654, 0.5747945, 0.12255174, 0.01245749, 0.9938253, 0.729062, 0.48894024, 0.54412764, 0.61255544, 0.34449053, 0.3718124] |
| 5 |   35 |0.33333334 | 2500 |      f2 |     878 |  1024.0 |  1018.0 |    0,59 |  0,0 |1592511942639 |[0.20621657, 0.1571194, 0.4461829, 0.45163155, 0.69244736, 0.35217226, 0.4623701, 0.96403474, 0.34760505, 0.6212048, 0.40308958, 0.97631246, 0.11126518, 0.94630617, 0.7147848, 0.6568734, 0.05137366, 0.03988582, 0.18482119, 0.8240383] |
| 5 |   35 |  0.45 | 2500 |      f2 |     878 |  1024.0 |  1018.0 |    0,59 |  0,0 |1592511942639 |[0.20621657, 0.1571194, 0.4461829, 0.45163155, 0.69244736, 0.35217226, 0.4623701, 0.96403474, 0.34760505, 0.6212048, 0.40308958, 0.97631246, 0.11126518, 0.94630617, 0.7147848, 0.6568734, 0.05137366, 0.03988582, 0.18482119, 0.8240383] |
| 1 |   35 |0.26666668 | 2500 |      f2 |     878 |  1024.0 |  1018.0 |    0,59 |-1,6e+09 |1592512500681 |[0.37585914, 0.8699418, 0.43920636, 0.25542212, 0.11077744, 0.680024, 0.50304824, 0.93201274, 0.6398173, 0.5764447, 0.51834166, 0.64741945, 0.27167588, 0.6626902, 0.8712924, 0.4180916, 0.87863964, 0.90906656, 0.23267275, 0.4406085] |
| 1 |   35 |  0.45 | 2500 |      f2 |     878 |  1024.0 |  1018.0 |    0,59 |-1,6e+09 |1592512500681 |[0.37585914, 0.8699418, 0.43920636, 0.25542212, 0.11077744, 0.680024, 0.50304824, 0.93201274, 0.6398173, 0.5764447, 0.51834166, 0.64741945, 0.27167588, 0.6626902, 0.8712924, 0.4180916, 0.87863964, 0.90906656, 0.23267275, 0.4406085] |
| 1 |   35 |0.37142858 | 2500 |      f2 |     878 |  1024.0 |  1018.0 |    0,59 |-1,6e+09 |1592512500681 |[0.37585914, 0.8699418, 0.43920636, 0.25542212, 0.11077744, 0.680024, 0.50304824, 0.93201274, 0.6398173, 0.5764447, 0.51834166, 0.64741945, 0.27167588, 0.6626902, 0.8712924, 0.4180916, 0.87863964, 0.90906656, 0.23267275, 0.4406085] |
| 1 |   35 |0.34285715 | 2500 |      f2 |     878 |  1024.0 |  1018.0 |    0,59 |-1,6e+09 |1592512500681 |[0.37585914, 0.8699418, 0.43920636, 0.25542212, 0.11077744, 0.680024, 0.50304824, 0.93201274, 0.6398173, 0.5764447, 0.51834166, 0.64741945, 0.27167588, 0.6626902, 0.8712924, 0.4180916, 0.87863964, 0.90906656, 0.23267275, 0.4406085] |
| 2 |   35 |0.33333334 | 2500 |      f2 |     878 |  1024.0 |  1018.0 |    0,59 |  0,0 |1592512503531 |[0.14373744, 0.22066218, 0.92642677, 0.17416877, 0.92471796, 0.4461518, 0.71261865, 0.96656716, 0.6260098, 0.53213733, 0.1456759, 0.79111534, 0.1326319, 0.4695319, 0.65500766, 0.61699235, 0.39471728, 0.66405576, 0.081608355, 0.8998098] |
| 2 |   35 |  0.45 | 2500 |      f2 |     878 |  1024.0 |  1018.0 |    0,59 |  0,0 |1592512503531 |[0.14373744, 0.22066218, 0.92642677, 0.17416877, 0.92471796, 0.4461518, 0.71261865, 0.96656716, 0.6260098, 0.53213733, 0.1456759, 0.79111534, 0.1326319, 0.4695319, 0.65500766, 0.61699235, 0.39471728, 0.66405576, 0.081608355, 0.8998098] |
| 2 |   35 |0.31428573 | 2500 |      f2 |     878 |  1024.0 |  1018.0 |    0,59 |  0,0 |1592512503531 |[0.14373744, 0.22066218, 0.92642677, 0.17416877, 0.92471796, 0.4461518, 0.71261865, 0.96656716, 0.6260098, 0.53213733, 0.1456759, 0.79111534, 0.1326319, 0.4695319, 0.65500766, 0.61699235, 0.39471728, 0.66405576, 0.081608355, 0.8998098] |
| 2 |   35 |0.2857143 | 2500 |      f2 |     878 |  1024.0 |  1018.0 |    0,59 |  0,0 |1592512503531 |[0.14373744, 0.22066218, 0.92642677, 0.17416877, 0.92471796, 0.4461518, 0.71261865, 0.96656716, 0.6260098, 0.53213733, 0.1456759, 0.79111534, 0.1326319, 0.4695319, 0.65500766, 0.61699235, 0.39471728, 0.66405576, 0.081608355, 0.8998098] |
| 3 |   35 |0.36666667 | 2500 |      f2 |     878 |  1024.0 |  1018.0 |    0,59 |-0,0010 |1592512506377 |[0.0065901875, 0.84861165, 0.06886679, 0.9347732, 0.25356925, 0.64656717, 0.6152862, 0.43854225, 0.067135155, 0.06802124, 0.35086554, 0.34033954, 0.88756984, 0.041885972, 0.8780952, 0.3985315, 0.67161524, 0.87787044, 0.20148629, 0.43314356] |
| 3 |   35 |  0.45 | 2500 |      f2 |     878 |  1024.0 |  1018.0 |    0,59 |-0,0010 |1592512506377 |[0.0065901875, 0.84861165, 0.06886679, 0.9347732, 0.25356925, 0.64656717, 0.6152862, 0.43854225, 0.067135155, 0.06802124, 0.35086554, 0.34033954, 0.88756984, 0.041885972, 0.8780952, 0.3985315, 0.67161524, 0.87787044, 0.20148629, 0.43314356] |
| 3 |   35 |0.31428573 | 2500 |      f2 |     878 |  1024.0 |  1018.0 |    0,59 |-0,0010 |1592512506377 |[0.0065901875, 0.84861165, 0.06886679, 0.9347732, 0.25356925, 0.64656717, 0.6152862, 0.43854225, 0.067135155, 0.06802124, 0.35086554, 0.34033954, 0.88756984, 0.041885972, 0.8780952, 0.3985315, 0.67161524, 0.87787044, 0.20148629, 0.43314356] |
| 3 |   35 |0.34285715 | 2500 |      f2 |     878 |  1024.0 |  1018.0 |    0,59 |-0,0010 |1592512506377 |[0.0065901875, 0.84861165, 0.06886679, 0.9347732, 0.25356925, 0.64656717, 0.6152862, 0.43854225, 0.067135155, 0.06802124, 0.35086554, 0.34033954, 0.88756984, 0.041885972, 0.8780952, 0.3985315, 0.67161524, 0.87787044, 0.20148629, 0.43314356] |
| 4 |   35 |0.36666667 | 2500 |      f2 |     878 |  1024.0 |  1018.0 |    0,59 |  0,0 |1592512509182 |[0.3168313, 0.955975, 0.20845681, 0.9924841, 0.6761712, 0.91098946, 0.095870376, 0.28276187, 0.94330496, 0.29458505, 0.6157348, 0.7636972, 0.78412855, 0.39722353, 0.3121239, 0.41282982, 0.22497457, 0.7743909, 0.8293112, 0.038380027] |
| 4 |   35 |  0.45 | 2500 |      f2 |     878 |  1024.0 |  1018.0 |    0,59 |  0,0 |1592512509182 |[0.3168313, 0.955975, 0.20845681, 0.9924841, 0.6761712, 0.91098946, 0.095870376, 0.28276187, 0.94330496, 0.29458505, 0.6157348, 0.7636972, 0.78412855, 0.39722353, 0.3121239, 0.41282982, 0.22497457, 0.7743909, 0.8293112, 0.038380027] |
| 4 |   35 |  0.45 | 2500 |      f2 |     878 |  1024.0 |  1018.0 |    0,59 |  0,0 |1592512509182 |[0.7873825, 0.74531466, 0.15905356, 0.33298266, 0.21804184, 0.112454414, 0.72919023, 0.27670914, 0.41757947, 0.82112753, 0.9509436, 0.6922868, 0.35598224, 0.5630209, 0.050857127, 0.67099404, 0.445049, 0.5898144, 0.9845553, 0.4671734] |
| 4 |   35 |0.37142858 | 2500 |      f2 |     878 |  1024.0 |  1018.0 |    0,59 |  0,0 |1592512509182 |[0.16843653, 0.48522633, 0.9442957, 0.73262936, 0.39724886, 0.46088147, 0.050111294, 0.5798016, 0.60422814, 0.33216602, 0.60812294, 0.070674896, 0.6333801, 0.57616967, 0.22992653, 0.21706808, 0.88475347, 0.7207393, 0.79839, 0.85311174] |
| 5 |   35 |   0.3 | 2500 |      f2 |     878 |  1024.0 |  1018.0 |    0,59 |-0,0010 |1592512512049 |[0.7644979, 0.32707107, 0.4160965, 0.4722752, 0.3593102, 0.618622, 0.9054126, 0.78301495, 0.04784465, 0.7965594, 0.31933862, 0.80878943, 0.92262995, 0.5551704, 0.18894613, 0.79300725, 0.23146188, 0.5451326, 0.0187248, 0.39032054] |
| 5 |   35 |  0.45 | 2500 |      f2 |     878 |  1024.0 |  1018.0 |    0,59 |-0,0010 |1592512512049 |[0.7644979, 0.32707107, 0.4160965, 0.4722752, 0.3593102, 0.618622, 0.9054126, 0.78301495, 0.04784465, 0.7965594, 0.31933862, 0.80878943, 0.92262995, 0.5551704, 0.18894613, 0.79300725, 0.23146188, 0.5451326, 0.0187248, 0.39032054] |
| 5 |   35 |0.42857143 | 2500 |      f2 |     878 |  1024.0 |  1018.0 |    0,59 |-0,0010 |1592512512049 |[0.7644979, 0.32707107, 0.4160965, 0.4722752, 0.3593102, 0.618622, 0.9054126, 0.78301495, 0.04784465, 0.7965594, 0.31933862, 0.80878943, 0.92262995, 0.5551704, 0.18894613, 0.79300725, 0.23146188, 0.5451326, 0.0187248, 0.39032054] |
| 5 |   35 |0.37142858 | 2500 |      f2 |     878 |  1024.0 |  1018.0 |    0,59 |-0,0010 |1592512512049 |[0.7644979, 0.32707107, 0.4160965, 0.4722752, 0.3593102, 0.618622, 0.9054126, 0.78301495, 0.04784465, 0.7965594, 0.31933862, 0.80878943, 0.92262995, 0.5551704, 0.18894613, 0.79300725, 0.23146188, 0.5451326, 0.0187248, 0.39032054] |
| 6 |   35 |0.26666668 | 2500 |      f2 |     878 |  1024.0 |  1018.0 |    0,59 |-0,0010 |1592512514882 |[0.6532583, 0.18009567, 0.26478946, 0.98820883, 0.034754872, 0.7880456, 0.023752451, 0.24351805, 0.5437706, 0.75358176, 0.2195757, 0.11253196, 0.111839175, 0.26901037, 0.5038731, 0.39484644, 0.44135833, 0.4069873, 0.30253637, 0.8050026] |
