| # | Nest | %Desc |#Iter |Instancia | CapMoch |ValOptmo | BestFit |     RDP | time |      semilla |VectorSolucion |
-------------------------------------------------------------------------------------------------
| 1 |   30 |  0.25 | 2500 |      f1 |     269 |   295.0 |   290.0 |    1,69 |-1,6e+09 |1592509168728 |[0.0, 0.0, 0.0, 0.0, 0.0, 0.0, 0.0, 0.0, 0.0, 0.0] |
| 1 |   30 |  0.25 | 2500 |      f1 |     269 |   295.0 |   290.0 |    1,69 |-1,6e+09 |1592509168728 |[0.0, 0.0, 0.0, 0.0, 0.0, 0.0, 0.0, 0.0, 0.0, 0.0] |
| 1 |   30 |   0.1 | 2500 |      f1 |     269 |   295.0 |   290.0 |    1,69 |-1,6e+09 |1592509168728 |[0.0, 0.0, 0.0, 0.0, 0.0, 0.0, 0.0, 0.0, 0.0, 0.0] |
| 1 |   30 |   0.1 | 2500 |      f1 |     269 |   295.0 |   290.0 |    1,69 |-1,6e+09 |1592509168728 |[0.0, 0.0, 0.0, 0.0, 0.0, 0.0, 0.0, 0.0, 0.0, 0.0] |
| 2 |   30 |  0.25 | 2500 |      f1 |     269 |   295.0 |   290.0 |    1,69 |-0,0010 |1592509169790 |[0.0, 0.0, 0.0, 0.0, 0.0, 0.0, 0.0, 0.0, 0.0, 0.0] |
| 2 |   30 |  0.25 | 2500 |      f1 |     269 |   295.0 |   290.0 |    1,69 |-0,0010 |1592509169790 |[0.0, 0.0, 0.0, 0.0, 0.0, 0.0, 0.0, 0.0, 0.0, 0.0] |
| 2 |   30 |   0.1 | 2500 |      f1 |     269 |   295.0 |   290.0 |    1,69 |-0,0010 |1592509169790 |[0.0, 0.0, 0.0, 0.0, 0.0, 0.0, 0.0, 0.0, 0.0, 0.0] |
| 2 |   30 |  0.25 | 2500 |      f1 |     269 |   295.0 |   290.0 |    1,69 |-0,0010 |1592509169790 |[0.0, 0.0, 0.0, 0.0, 0.0, 0.0, 0.0, 0.0, 0.0, 0.0] |
| 3 |   30 |  0.25 | 2500 |      f1 |     269 |   295.0 |   290.0 |    1,69 |  0,0 |1592509170755 |[0.3237148, 0.8946808, 0.2361964, 0.48164338, 0.02967316, 0.16900808, 0.7553439, 0.54787856, 0.80292547, 0.616638] |
| 3 |   30 |   0.1 | 2500 |      f1 |     269 |   295.0 |   290.0 |    1,69 |  0,0 |1592509170755 |[0.3237148, 0.8946808, 0.2361964, 0.48164338, 0.02967316, 0.16900808, 0.7553439, 0.54787856, 0.80292547, 0.616638] |
| 3 |   30 |   0.1 | 2500 |      f1 |     269 |   295.0 |   290.0 |    1,69 |  0,0 |1592509170755 |[0.0, 0.0, 0.0, 0.0, 0.0, 0.0, 0.0, 0.0, 0.0, 0.0] |
| 3 |   30 |  0.25 | 2500 |      f1 |     269 |   295.0 |   290.0 |    1,69 |  0,0 |1592509170755 |[0.0, 0.0, 0.0, 0.0, 0.0, 0.0, 0.0, 0.0, 0.0, 0.0] |
| 4 |   30 |  0.25 | 2500 |      f1 |     269 |   295.0 |   290.0 |    1,69 |  0,0 |1592509171702 |[0.1278736, 0.11927134, 0.7106811, 0.33938974, 0.20426935, 0.6721725, 0.7044131, 0.5296325, 0.83104324, 0.80735767] |
| 4 |   30 |   0.1 | 2500 |      f1 |     269 |   295.0 |   290.0 |    1,69 |  0,0 |1592509171702 |[0.1278736, 0.11927134, 0.7106811, 0.33938974, 0.20426935, 0.6721725, 0.7044131, 0.5296325, 0.83104324, 0.80735767] |
| 4 |   30 |   0.1 | 2500 |      f1 |     269 |   295.0 |   290.0 |    1,69 |  0,0 |1592509171702 |[0.0, 0.0, 0.0, 0.0, 0.0, 0.0, 0.0, 0.0, 0.0, 0.0] |
| 4 |   30 |  0.25 | 2500 |      f1 |     269 |   295.0 |   290.0 |    1,69 |  0,0 |1592509171702 |[0.0, 0.0, 0.0, 0.0, 0.0, 0.0, 0.0, 0.0, 0.0, 0.0] |
| 5 |   30 |  0.25 | 2500 |      f1 |     269 |   295.0 |   290.0 |    1,69 |  0,0 |1592509172647 |[0.8573778, 0.86491084, 0.7782273, 0.7081687, 0.39752293, 0.40383053, 0.9253446, 0.52062047, 0.8240354, 0.8812198] |
| 5 |   30 |   0.1 | 2500 |      f1 |     269 |   295.0 |   290.0 |    1,69 |  0,0 |1592509172647 |[0.8573778, 0.86491084, 0.7782273, 0.7081687, 0.39752293, 0.40383053, 0.9253446, 0.52062047, 0.8240354, 0.8812198] |
| 5 |   30 |   0.1 | 2500 |      f1 |     269 |   295.0 |   290.0 |    1,69 |  0,0 |1592509172647 |[0.0, 0.0, 0.0, 0.0, 0.0, 0.0, 0.0, 0.0, 0.0, 0.0] |
| 5 |   30 |  0.25 | 2500 |      f1 |     269 |   295.0 |   290.0 |    1,69 |  0,0 |1592509172647 |[0.0, 0.0, 0.0, 0.0, 0.0, 0.0, 0.0, 0.0, 0.0, 0.0] |
| 6 |   30 |  0.25 | 2500 |      f1 |     269 |   295.0 |   290.0 |    1,69 |-0,0010 |1592509173594 |[0.007959962, 0.2992953, 0.44395888, 0.26406276, 0.8262181, 0.6429268, 0.96686983, 0.85788417, 0.5985674, 0.3936643] |
| 6 |   30 |   0.1 | 2500 |      f1 |     269 |   295.0 |   290.0 |    1,69 |-0,0010 |1592509173594 |[0.007959962, 0.2992953, 0.44395888, 0.26406276, 0.8262181, 0.6429268, 0.96686983, 0.85788417, 0.5985674, 0.3936643] |
| 6 |   30 |   0.1 | 2500 |      f1 |     269 |   295.0 |   290.0 |    1,69 |-0,0010 |1592509173594 |[0.0, 0.0, 0.0, 0.0, 0.0, 0.0, 0.0, 0.0, 0.0, 0.0] |
| 6 |   30 |  0.25 | 2500 |      f1 |     269 |   295.0 |   290.0 |    1,69 |-0,0010 |1592509173594 |[0.0, 0.0, 0.0, 0.0, 0.0, 0.0, 0.0, 0.0, 0.0, 0.0] |
| 7 |   30 |  0.25 | 2500 |      f1 |     269 |   295.0 |   290.0 |    1,69 |  0,0 |1592509174529 |[0.0, 0.0, 0.0, 0.0, 0.0, 0.0, 0.0, 0.0, 0.0, 0.0] |
| 7 |   30 |   0.1 | 2500 |      f1 |     269 |   295.0 |   290.0 |    1,69 |  0,0 |1592509174529 |[0.0, 0.0, 0.0, 0.0, 0.0, 0.0, 0.0, 0.0, 0.0, 0.0] |
| 7 |   30 |  0.25 | 2500 |      f1 |     269 |   295.0 |   290.0 |    1,69 |  0,0 |1592509174529 |[0.0, 0.0, 0.0, 0.0, 0.0, 0.0, 0.0, 0.0, 0.0, 0.0] |
| 7 |   30 |  0.25 | 2500 |      f1 |     269 |   295.0 |   290.0 |    1,69 |  0,0 |1592509174529 |[0.0, 0.0, 0.0, 0.0, 0.0, 0.0, 0.0, 0.0, 0.0, 0.0] |
| 8 |   30 |  0.25 | 2500 |      f1 |     269 |   295.0 |   290.0 |    1,69 |-0,0010 |1592509175474 |[0.16825348, 0.9401225, 0.650358, 0.82121384, 0.7628305, 0.12027037, 0.7384904, 0.60701716, 0.7043929, 0.14414144] |
| 8 |   30 |   0.1 | 2500 |      f1 |     269 |   295.0 |   290.0 |    1,69 |-0,0010 |1592509175474 |[0.16825348, 0.9401225, 0.650358, 0.82121384, 0.7628305, 0.12027037, 0.7384904, 0.60701716, 0.7043929, 0.14414144] |
| 8 |   30 |   0.1 | 2500 |      f1 |     269 |   295.0 |   290.0 |    1,69 |-0,0010 |1592509175474 |[0.0, 0.0, 0.0, 0.0, 0.0, 0.0, 0.0, 0.0, 0.0, 0.0] |
| 8 |   30 |  0.25 | 2500 |      f1 |     269 |   295.0 |   290.0 |    1,69 |-0,0010 |1592509175474 |[0.0, 0.0, 0.0, 0.0, 0.0, 0.0, 0.0, 0.0, 0.0, 0.0] |
| 9 |   30 |  0.25 | 2500 |      f1 |     269 |   295.0 |   290.0 |    1,69 |  0,0 |1592509176424 |[0.07093996, 0.25379163, 0.58696765, 0.31255418, 0.98783964, 0.2086227, 0.52003866, 0.33902907, 0.7004334, 0.3404212] |
| 9 |   30 |   0.1 | 2500 |      f1 |     269 |   295.0 |   290.0 |    1,69 |  0,0 |1592509176424 |[0.07093996, 0.25379163, 0.58696765, 0.31255418, 0.98783964, 0.2086227, 0.52003866, 0.33902907, 0.7004334, 0.3404212] |
| 9 |   30 |   0.1 | 2500 |      f1 |     269 |   295.0 |   290.0 |    1,69 |  0,0 |1592509176424 |[0.0, 0.0, 0.0, 0.0, 0.0, 0.0, 0.0, 0.0, 0.0, 0.0] |
| 9 |   30 |  0.25 | 2500 |      f1 |     269 |   295.0 |   290.0 |    1,69 |  0,0 |1592509176424 |[0.0, 0.0, 0.0, 0.0, 0.0, 0.0, 0.0, 0.0, 0.0, 0.0] |
|10 |   30 |  0.25 | 2500 |      f1 |     269 |   295.0 |   290.0 |    1,69 |-0,0010 |1592509177408 |[0.16964519, 0.4393574, 0.8564006, 0.27394217, 0.13824582, 0.6723746, 0.30545932, 0.81141716, 0.18077672, 0.5278339] |
|10 |   30 |   0.1 | 2500 |      f1 |     269 |   295.0 |   290.0 |    1,69 |-0,0010 |1592509177408 |[0.16964519, 0.4393574, 0.8564006, 0.27394217, 0.13824582, 0.6723746, 0.30545932, 0.81141716, 0.18077672, 0.5278339] |
|10 |   30 |   0.1 | 2500 |      f1 |     269 |   295.0 |   290.0 |    1,69 |-0,0010 |1592509177408 |[0.0, 0.0, 0.0, 0.0, 0.0, 0.0, 0.0, 0.0, 0.0, 0.0] |
|10 |   30 |  0.25 | 2500 |      f1 |     269 |   295.0 |   290.0 |    1,69 |-0,0010 |1592509177408 |[0.0, 0.0, 0.0, 0.0, 0.0, 0.0, 0.0, 0.0, 0.0, 0.0] |
|11 |   30 |  0.25 | 2500 |      f1 |     269 |   295.0 |   290.0 |    1,69 |  0,0 |1592509178366 |[0.0, 0.0, 0.0, 0.0, 0.0, 0.0, 0.0, 0.0, 0.0, 0.0] |
|11 |   30 |  0.25 | 2500 |      f1 |     269 |   295.0 |   290.0 |    1,69 |  0,0 |1592509178366 |[0.0, 0.0, 0.0, 0.0, 0.0, 0.0, 0.0, 0.0, 0.0, 0.0] |
|11 |   30 |  0.25 | 2500 |      f1 |     269 |   295.0 |   290.0 |    1,69 |  0,0 |1592509178366 |[0.0, 0.0, 0.0, 0.0, 0.0, 0.0, 0.0, 0.0, 0.0, 0.0] |
|11 |   30 |  0.25 | 2500 |      f1 |     269 |   295.0 |   290.0 |    1,69 |  0,0 |1592509178366 |[0.0, 0.0, 0.0, 0.0, 0.0, 0.0, 0.0, 0.0, 0.0, 0.0] |
|12 |   30 |  0.25 | 2500 |      f1 |     269 |   295.0 |   290.0 |    1,69 |-0,0010 |1592509179303 |[0.023223996, 0.5862633, 0.66239446, 0.9454514, 0.91570646, 0.76729053, 0.6084466, 0.7537769, 0.75506943, 0.1449073] |
|12 |   30 |   0.1 | 2500 |      f1 |     269 |   295.0 |   290.0 |    1,69 |-0,0010 |1592509179303 |[0.023223996, 0.5862633, 0.66239446, 0.9454514, 0.91570646, 0.76729053, 0.6084466, 0.7537769, 0.75506943, 0.1449073] |
|12 |   30 |   0.1 | 2500 |      f1 |     269 |   295.0 |   290.0 |    1,69 |-0,0010 |1592509179303 |[0.0, 0.0, 0.0, 0.0, 0.0, 0.0, 0.0, 0.0, 0.0, 0.0] |
|12 |   30 |  0.25 | 2500 |      f1 |     269 |   295.0 |   290.0 |    1,69 |-0,0010 |1592509179303 |[0.0, 0.0, 0.0, 0.0, 0.0, 0.0, 0.0, 0.0, 0.0, 0.0] |
|13 |   30 |  0.25 | 2500 |      f1 |     269 |   295.0 |   290.0 |    1,69 |-0,0010 |1592509180254 |[0.90337807, 0.8300192, 0.41128486, 0.46224165, 0.30400574, 0.87044924, 0.2811749, 0.30551493, 0.055069804, 0.924468] |
|13 |   30 |   0.1 | 2500 |      f1 |     269 |   295.0 |   290.0 |    1,69 |-0,0010 |1592509180254 |[0.90337807, 0.8300192, 0.41128486, 0.46224165, 0.30400574, 0.87044924, 0.2811749, 0.30551493, 0.055069804, 0.924468] |
|13 |   30 |   0.1 | 2500 |      f1 |     269 |   295.0 |   290.0 |    1,69 |-0,0010 |1592509180254 |[0.0, 0.0, 0.0, 0.0, 0.0, 0.0, 0.0, 0.0, 0.0, 0.0] |
|13 |   30 |  0.25 | 2500 |      f1 |     269 |   295.0 |   290.0 |    1,69 |-0,0010 |1592509180254 |[0.0, 0.0, 0.0, 0.0, 0.0, 0.0, 0.0, 0.0, 0.0, 0.0] |
|14 |   30 |  0.25 | 2500 |      f1 |     269 |   295.0 |   290.0 |    1,69 |-0,0010 |1592509181186 |[0.547946, 0.46022362, 0.36076164, 0.55646133, 0.38416946, 0.21485233, 0.0073361397, 0.75865936, 0.05008763, 0.3083644] |
|14 |   30 |0.16666667 | 2500 |      f1 |     269 |   295.0 |   290.0 |    1,69 |-0,0010 |1592509181186 |[0.547946, 0.46022362, 0.36076164, 0.55646133, 0.38416946, 0.21485233, 0.0073361397, 0.75865936, 0.05008763, 0.3083644] |
|14 |   30 |   0.1 | 2500 |      f1 |     269 |   295.0 |   290.0 |    1,69 |-0,0010 |1592509181186 |[0.547946, 0.46022362, 0.36076164, 0.55646133, 0.38416946, 0.21485233, 0.0073361397, 0.75865936, 0.05008763, 0.3083644] |
|14 |   30 |   0.1 | 2500 |      f1 |     269 |   295.0 |   290.0 |    1,69 |-0,0010 |1592509181186 |[0.0, 0.0, 0.0, 0.0, 0.0, 0.0, 0.0, 0.0, 0.0, 0.0] |
|15 |   30 |  0.25 | 2500 |      f1 |     269 |   295.0 |   290.0 |    1,69 |-0,0010 |1592509182117 |[0.76246613, 0.23632091, 0.253043, 0.65292287, 0.8156527, 0.6239468, 0.8134846, 0.50965685, 0.5213627, 0.5597184] |
|15 |   30 |   0.1 | 2500 |      f1 |     269 |   295.0 |   290.0 |    1,69 |-0,0010 |1592509182117 |[0.76246613, 0.23632091, 0.253043, 0.65292287, 0.8156527, 0.6239468, 0.8134846, 0.50965685, 0.5213627, 0.5597184] |
|15 |   30 |   0.1 | 2500 |      f1 |     269 |   295.0 |   290.0 |    1,69 |-0,0010 |1592509182117 |[0.0, 0.0, 0.0, 0.0, 0.0, 0.0, 0.0, 0.0, 0.0, 0.0] |
|15 |   30 |  0.25 | 2500 |      f1 |     269 |   295.0 |   290.0 |    1,69 |-0,0010 |1592509182117 |[0.0, 0.0, 0.0, 0.0, 0.0, 0.0, 0.0, 0.0, 0.0, 0.0] |
| 1 |   30 |  0.25 | 2500 |      f1 |     269 |   295.0 |   290.0 |    1,69 |-1,6e+09 |1592509593111 |[0.39365768, 0.36468434, 0.9216001, 0.64586574, 0.6018545, 0.53744936, 0.880102, 0.23501813, 0.9712952, 0.54339886] |
| 1 |   30 |   0.1 | 2500 |      f1 |     269 |   295.0 |   290.0 |    1,69 |-1,6e+09 |1592509593111 |[0.39365768, 0.36468434, 0.9216001, 0.64586574, 0.6018545, 0.53744936, 0.880102, 0.23501813, 0.9712952, 0.54339886] |
| 1 |   30 |   0.1 | 2500 |      f1 |     269 |   295.0 |   290.0 |    1,69 |-1,6e+09 |1592509593111 |[0.0, 0.0, 0.0, 0.0, 0.0, 0.0, 0.0, 0.0, 0.0, 0.0] |
| 1 |   30 |  0.25 | 2500 |      f1 |     269 |   295.0 |   290.0 |    1,69 |-1,6e+09 |1592509593111 |[0.0, 0.0, 0.0, 0.0, 0.0, 0.0, 0.0, 0.0, 0.0, 0.0] |
| 2 |   30 |  0.25 | 2500 |      f1 |     269 |   295.0 |   290.0 |    1,69 |-0,0030 |1592509594132 |[0.13230246, 0.69387984, 0.6370418, 0.50076735, 0.12837178, 0.7215839, 0.34446758, 0.29737043, 0.2395193, 0.7042902] |
| 2 |   30 |   0.1 | 2500 |      f1 |     269 |   295.0 |   290.0 |    1,69 |-0,0030 |1592509594132 |[0.13230246, 0.69387984, 0.6370418, 0.50076735, 0.12837178, 0.7215839, 0.34446758, 0.29737043, 0.2395193, 0.7042902] |
| 2 |   30 |   0.1 | 2500 |      f1 |     269 |   295.0 |   290.0 |    1,69 |-0,0030 |1592509594132 |[0.0, 0.0, 0.0, 0.0, 0.0, 0.0, 0.0, 0.0, 0.0, 0.0] |
| 2 |   30 |  0.25 | 2500 |      f1 |     269 |   295.0 |   290.0 |    1,69 |-0,0030 |1592509594132 |[0.0, 0.0, 0.0, 0.0, 0.0, 0.0, 0.0, 0.0, 0.0, 0.0] |
| 3 |   30 |  0.25 | 2500 |      f1 |     269 |   295.0 |   290.0 |    1,69 |-0,0010 |1592509595098 |[0.9069685, 0.050896466, 0.14766622, 0.63357115, 0.5223409, 0.28585362, 0.04968089, 0.08637774, 0.42188686, 0.62169474] |
| 3 |   30 |   0.1 | 2500 |      f1 |     269 |   295.0 |   290.0 |    1,69 |-0,0010 |1592509595098 |[0.9069685, 0.050896466, 0.14766622, 0.63357115, 0.5223409, 0.28585362, 0.04968089, 0.08637774, 0.42188686, 0.62169474] |
| 3 |   30 |   0.1 | 2500 |      f1 |     269 |   295.0 |   290.0 |    1,69 |-0,0010 |1592509595098 |[0.0, 0.0, 0.0, 0.0, 0.0, 0.0, 0.0, 0.0, 0.0, 0.0] |
| 3 |   30 |  0.25 | 2500 |      f1 |     269 |   295.0 |   290.0 |    1,69 |-0,0010 |1592509595098 |[0.0, 0.0, 0.0, 0.0, 0.0, 0.0, 0.0, 0.0, 0.0, 0.0] |
| 4 |   30 |  0.25 | 2500 |      f1 |     269 |   295.0 |   290.0 |    1,69 |-0,0010 |1592509596050 |[0.93815756, 0.51407063, 0.5357159, 0.72209245, 0.9394614, 0.08159, 0.35948068, 0.016056597, 0.7139101, 0.80152977] |
| 4 |   30 |   0.1 | 2500 |      f1 |     269 |   295.0 |   290.0 |    1,69 |-0,0010 |1592509596050 |[0.93815756, 0.51407063, 0.5357159, 0.72209245, 0.9394614, 0.08159, 0.35948068, 0.016056597, 0.7139101, 0.80152977] |
| 4 |   30 |   0.1 | 2500 |      f1 |     269 |   295.0 |   290.0 |    1,69 |-0,0010 |1592509596050 |[0.0, 0.0, 0.0, 0.0, 0.0, 0.0, 0.0, 0.0, 0.0, 0.0] |
| 4 |   30 |  0.25 | 2500 |      f1 |     269 |   295.0 |   290.0 |    1,69 |-0,0010 |1592509596050 |[0.0, 0.0, 0.0, 0.0, 0.0, 0.0, 0.0, 0.0, 0.0, 0.0] |
| 1 |   30 |  0.25 | 2500 |      f1 |     269 |   295.0 |   290.0 |    1,69 |-1,6e+09 |1592509779864 |[0.30260527, 0.15596873, 0.45311373, 0.6225956, 0.02900076, 0.29492605, 0.12758881, 0.33804858, 0.8482327, 0.13322264] |
| 1 |   30 |   0.1 | 2500 |      f1 |     269 |   295.0 |   290.0 |    1,69 |-1,6e+09 |1592509779864 |[0.30260527, 0.15596873, 0.45311373, 0.6225956, 0.02900076, 0.29492605, 0.12758881, 0.33804858, 0.8482327, 0.13322264] |
| 1 |   30 |   0.1 | 2500 |      f1 |     269 |   295.0 |   290.0 |    1,69 |-1,6e+09 |1592509779864 |[0.0, 0.0, 0.0, 0.0, 0.0, 0.0, 0.0, 0.0, 0.0, 0.0] |
| 1 |   30 |  0.25 | 2500 |      f1 |     269 |   295.0 |   290.0 |    1,69 |-1,6e+09 |1592509779864 |[0.0, 0.0, 0.0, 0.0, 0.0, 0.0, 0.0, 0.0, 0.0, 0.0] |
| 2 |   30 |  0.25 | 2500 |      f1 |     269 |   295.0 |   290.0 |    1,69 |-0,0020 |1592509780902 |[0.13708144, 0.46203554, 0.6988328, 0.7315766, 0.67323864, 0.8404512, 0.39559478, 0.6231541, 0.1506092, 0.23732889] |
| 2 |   30 |   0.1 | 2500 |      f1 |     269 |   295.0 |   290.0 |    1,69 |-0,0020 |1592509780902 |[0.13708144, 0.46203554, 0.6988328, 0.7315766, 0.67323864, 0.8404512, 0.39559478, 0.6231541, 0.1506092, 0.23732889] |
| 2 |   30 |   0.1 | 2500 |      f1 |     269 |   295.0 |   290.0 |    1,69 |-0,0020 |1592509780902 |[0.0, 0.0, 0.0, 0.0, 0.0, 0.0, 0.0, 0.0, 0.0, 0.0] |
| 2 |   30 |  0.25 | 2500 |      f1 |     269 |   295.0 |   290.0 |    1,69 |-0,0020 |1592509780902 |[0.0, 0.0, 0.0, 0.0, 0.0, 0.0, 0.0, 0.0, 0.0, 0.0] |
| 3 |   30 |  0.25 | 2500 |      f1 |     269 |   295.0 |   290.0 |    1,69 |  0,0 |1592509781863 |[0.49254072, 0.4509462, 0.8628997, 0.13836825, 0.37531143, 0.53054404, 0.7315172, 0.47620392, 0.60957974, 0.15673947] |
| 3 |   30 |   0.1 | 2500 |      f1 |     269 |   295.0 |   290.0 |    1,69 |  0,0 |1592509781863 |[0.49254072, 0.4509462, 0.8628997, 0.13836825, 0.37531143, 0.53054404, 0.7315172, 0.47620392, 0.60957974, 0.15673947] |
| 3 |   30 |   0.1 | 2500 |      f1 |     269 |   295.0 |   290.0 |    1,69 |  0,0 |1592509781863 |[0.0, 0.0, 0.0, 0.0, 0.0, 0.0, 0.0, 0.0, 0.0, 0.0] |
| 3 |   30 |  0.25 | 2500 |      f1 |     269 |   295.0 |   290.0 |    1,69 |  0,0 |1592509781863 |[0.0, 0.0, 0.0, 0.0, 0.0, 0.0, 0.0, 0.0, 0.0, 0.0] |
| 4 |   30 |  0.25 | 2500 |      f1 |     269 |   295.0 |   290.0 |    1,69 |  0,0 |1592509782805 |[0.2154122, 0.99943286, 0.3755719, 0.049716234, 0.8777149, 0.25238597, 0.06481463, 0.85416603, 0.550591, 0.08036041] |
| 4 |   30 |   0.1 | 2500 |      f1 |     269 |   295.0 |   290.0 |    1,69 |  0,0 |1592509782805 |[0.2154122, 0.99943286, 0.3755719, 0.049716234, 0.8777149, 0.25238597, 0.06481463, 0.85416603, 0.550591, 0.08036041] |
| 4 |   30 |   0.1 | 2500 |      f1 |     269 |   295.0 |   290.0 |    1,69 |  0,0 |1592509782805 |[0.0, 0.0, 0.0, 0.0, 0.0, 0.0, 0.0, 0.0, 0.0, 0.0] |
| 4 |   30 |  0.25 | 2500 |      f1 |     269 |   295.0 |   290.0 |    1,69 |  0,0 |1592509782805 |[0.0, 0.0, 0.0, 0.0, 0.0, 0.0, 0.0, 0.0, 0.0, 0.0] |
| 5 |   30 |  0.25 | 2500 |      f1 |     269 |   295.0 |   290.0 |    1,69 |  0,0 |1592509783755 |[0.5333419, 0.80700576, 0.5204647, 0.83146656, 0.6507654, 0.29076385, 0.33553046, 0.25906503, 0.4549448, 0.42707384] |
| 5 |   30 |   0.1 | 2500 |      f1 |     269 |   295.0 |   290.0 |    1,69 |  0,0 |1592509783755 |[0.5333419, 0.80700576, 0.5204647, 0.83146656, 0.6507654, 0.29076385, 0.33553046, 0.25906503, 0.4549448, 0.42707384] |
| 5 |   30 |   0.1 | 2500 |      f1 |     269 |   295.0 |   290.0 |    1,69 |  0,0 |1592509783755 |[0.0, 0.0, 0.0, 0.0, 0.0, 0.0, 0.0, 0.0, 0.0, 0.0] |
| 5 |   30 |  0.25 | 2500 |      f1 |     269 |   295.0 |   290.0 |    1,69 |  0,0 |1592509783755 |[0.0, 0.0, 0.0, 0.0, 0.0, 0.0, 0.0, 0.0, 0.0, 0.0] |
| 6 |   30 |  0.25 | 2500 |      f1 |     269 |   295.0 |   290.0 |    1,69 |-0,0010 |1592509784707 |[0.90399164, 0.43198526, 0.05161351, 0.85421544, 0.8837723, 0.692623, 0.5932158, 0.7728242, 0.30395532, 0.03294897] |
| 6 |   30 |   0.1 | 2500 |      f1 |     269 |   295.0 |   290.0 |    1,69 |-0,0010 |1592509784707 |[0.90399164, 0.43198526, 0.05161351, 0.85421544, 0.8837723, 0.692623, 0.5932158, 0.7728242, 0.30395532, 0.03294897] |
| 6 |   30 |   0.1 | 2500 |      f1 |     269 |   295.0 |   290.0 |    1,69 |-0,0010 |1592509784707 |[0.0, 0.0, 0.0, 0.0, 0.0, 0.0, 0.0, 0.0, 0.0, 0.0] |
| 6 |   30 |  0.25 | 2500 |      f1 |     269 |   295.0 |   290.0 |    1,69 |-0,0010 |1592509784707 |[0.0, 0.0, 0.0, 0.0, 0.0, 0.0, 0.0, 0.0, 0.0, 0.0] |
| 7 |   30 |  0.25 | 2500 |      f1 |     269 |   295.0 |   290.0 |    1,69 |  0,0 |1592509785652 |[0.0, 0.0, 0.0, 0.0, 0.0, 0.0, 0.0, 0.0, 0.0, 0.0] |
| 7 |   30 |   0.1 | 2500 |      f1 |     269 |   295.0 |   290.0 |    1,69 |  0,0 |1592509785652 |[0.0, 0.0, 0.0, 0.0, 0.0, 0.0, 0.0, 0.0, 0.0, 0.0] |
| 7 |   30 |   0.1 | 2500 |      f1 |     269 |   295.0 |   290.0 |    1,69 |  0,0 |1592509785652 |[0.0, 0.0, 0.0, 0.0, 0.0, 0.0, 0.0, 0.0, 0.0, 0.0] |
| 7 |   30 |  0.25 | 2500 |      f1 |     269 |   295.0 |   290.0 |    1,69 |  0,0 |1592509785652 |[0.0, 0.0, 0.0, 0.0, 0.0, 0.0, 0.0, 0.0, 0.0, 0.0] |
| 8 |   30 |  0.25 | 2500 |      f1 |     269 |   295.0 |   290.0 |    1,69 |-0,0010 |1592509786594 |[0.43914145, 0.31478107, 0.96775675, 0.10653913, 0.27344286, 0.58894825, 0.6433627, 0.62968224, 0.38545763, 0.024508953] |
| 8 |   30 |   0.1 | 2500 |      f1 |     269 |   295.0 |   290.0 |    1,69 |-0,0010 |1592509786594 |[0.43914145, 0.31478107, 0.96775675, 0.10653913, 0.27344286, 0.58894825, 0.6433627, 0.62968224, 0.38545763, 0.024508953] |
| 8 |   30 |   0.1 | 2500 |      f1 |     269 |   295.0 |   290.0 |    1,69 |-0,0010 |1592509786594 |[0.0, 0.0, 0.0, 0.0, 0.0, 0.0, 0.0, 0.0, 0.0, 0.0] |
| 8 |   30 |  0.25 | 2500 |      f1 |     269 |   295.0 |   290.0 |    1,69 |-0,0010 |1592509786594 |[0.0, 0.0, 0.0, 0.0, 0.0, 0.0, 0.0, 0.0, 0.0, 0.0] |
| 9 |   30 |  0.25 | 2500 |      f1 |     269 |   295.0 |   290.0 |    1,69 |-0,0010 |1592509787539 |[0.0, 0.0, 0.0, 0.0, 0.0, 0.0, 0.0, 0.0, 0.0, 0.0] |
| 9 |   30 |   0.1 | 2500 |      f1 |     269 |   295.0 |   290.0 |    1,69 |-0,0010 |1592509787539 |[0.0, 0.0, 0.0, 0.0, 0.0, 0.0, 0.0, 0.0, 0.0, 0.0] |
| 9 |   30 |  0.25 | 2500 |      f1 |     269 |   295.0 |   290.0 |    1,69 |-0,0010 |1592509787539 |[0.0, 0.0, 0.0, 0.0, 0.0, 0.0, 0.0, 0.0, 0.0, 0.0] |
| 9 |   30 |  0.25 | 2500 |      f1 |     269 |   295.0 |   290.0 |    1,69 |-0,0010 |1592509787539 |[0.0, 0.0, 0.0, 0.0, 0.0, 0.0, 0.0, 0.0, 0.0, 0.0] |
|10 |   30 |  0.25 | 2500 |      f1 |     269 |   295.0 |   290.0 |    1,69 |  0,0 |1592509788473 |[0.050213575, 0.43657666, 0.7224867, 0.8787253, 0.11036664, 0.6805994, 0.11327708, 0.62525845, 0.5427947, 0.4803877] |
|10 |   30 |   0.1 | 2500 |      f1 |     269 |   295.0 |   290.0 |    1,69 |  0,0 |1592509788473 |[0.050213575, 0.43657666, 0.7224867, 0.8787253, 0.11036664, 0.6805994, 0.11327708, 0.62525845, 0.5427947, 0.4803877] |
|10 |   30 |   0.1 | 2500 |      f1 |     269 |   295.0 |   290.0 |    1,69 |  0,0 |1592509788473 |[0.0, 0.0, 0.0, 0.0, 0.0, 0.0, 0.0, 0.0, 0.0, 0.0] |
|10 |   30 |  0.25 | 2500 |      f1 |     269 |   295.0 |   290.0 |    1,69 |  0,0 |1592509788473 |[0.0, 0.0, 0.0, 0.0, 0.0, 0.0, 0.0, 0.0, 0.0, 0.0] |
|11 |   30 |  0.25 | 2500 |      f1 |     269 |   295.0 |   290.0 |    1,69 |-0,0010 |1592509789410 |[0.992327, 0.9528289, 0.18695045, 0.56409055, 0.2919386, 0.83864975, 0.62564176, 0.6082593, 0.36823738, 0.26340193] |
|11 |   30 |   0.1 | 2500 |      f1 |     269 |   295.0 |   290.0 |    1,69 |-0,0010 |1592509789410 |[0.992327, 0.9528289, 0.18695045, 0.56409055, 0.2919386, 0.83864975, 0.62564176, 0.6082593, 0.36823738, 0.26340193] |
|11 |   30 |   0.1 | 2500 |      f1 |     269 |   295.0 |   290.0 |    1,69 |-0,0010 |1592509789410 |[0.0, 0.0, 0.0, 0.0, 0.0, 0.0, 0.0, 0.0, 0.0, 0.0] |
|11 |   30 |  0.25 | 2500 |      f1 |     269 |   295.0 |   290.0 |    1,69 |-0,0010 |1592509789410 |[0.0, 0.0, 0.0, 0.0, 0.0, 0.0, 0.0, 0.0, 0.0, 0.0] |
|12 |   30 |  0.25 | 2500 |      f1 |     269 |   295.0 |   290.0 |    1,69 |-0,0010 |1592509790348 |[0.48974603, 0.1628735, 0.84505194, 0.111870944, 0.91626716, 0.72997165, 0.5472152, 0.32543838, 0.56464374, 0.5079638] |
|12 |   30 |0.13333334 | 2500 |      f1 |     269 |   295.0 |   290.0 |    1,69 |-0,0010 |1592509790348 |[0.48974603, 0.1628735, 0.84505194, 0.111870944, 0.91626716, 0.72997165, 0.5472152, 0.32543838, 0.56464374, 0.5079638] |
|12 |   30 |   0.1 | 2500 |      f1 |     269 |   295.0 |   290.0 |    1,69 |-0,0010 |1592509790348 |[0.48974603, 0.1628735, 0.84505194, 0.111870944, 0.91626716, 0.72997165, 0.5472152, 0.32543838, 0.56464374, 0.5079638] |
|12 |   30 |   0.1 | 2500 |      f1 |     269 |   295.0 |   290.0 |    1,69 |-0,0010 |1592509790348 |[0.0, 0.0, 0.0, 0.0, 0.0, 0.0, 0.0, 0.0, 0.0, 0.0] |
|13 |   30 |  0.25 | 2500 |      f1 |     269 |   295.0 |   290.0 |    1,69 |-0,0010 |1592509791288 |[0.1221298, 0.7128587, 0.20234114, 0.39193237, 0.39146167, 0.47361207, 0.39142835, 0.5324423, 0.22120106, 0.9784248] |
|13 |   30 |   0.1 | 2500 |      f1 |     269 |   295.0 |   290.0 |    1,69 |-0,0010 |1592509791288 |[0.1221298, 0.7128587, 0.20234114, 0.39193237, 0.39146167, 0.47361207, 0.39142835, 0.5324423, 0.22120106, 0.9784248] |
|13 |   30 |   0.1 | 2500 |      f1 |     269 |   295.0 |   290.0 |    1,69 |-0,0010 |1592509791288 |[0.0, 0.0, 0.0, 0.0, 0.0, 0.0, 0.0, 0.0, 0.0, 0.0] |
|13 |   30 |  0.25 | 2500 |      f1 |     269 |   295.0 |   290.0 |    1,69 |-0,0010 |1592509791288 |[0.0, 0.0, 0.0, 0.0, 0.0, 0.0, 0.0, 0.0, 0.0, 0.0] |
|14 |   30 |  0.25 | 2500 |      f1 |     269 |   295.0 |   290.0 |    1,69 |  0,0 |1592509792218 |[0.15466851, 0.32427615, 0.58026296, 0.0905059, 0.3254711, 0.20141649, 0.6676939, 0.23399717, 0.6794681, 0.20718008] |
|14 |   30 |   0.1 | 2500 |      f1 |     269 |   295.0 |   290.0 |    1,69 |  0,0 |1592509792218 |[0.15466851, 0.32427615, 0.58026296, 0.0905059, 0.3254711, 0.20141649, 0.6676939, 0.23399717, 0.6794681, 0.20718008] |
|14 |   30 |   0.1 | 2500 |      f1 |     269 |   295.0 |   290.0 |    1,69 |  0,0 |1592509792218 |[0.0, 0.0, 0.0, 0.0, 0.0, 0.0, 0.0, 0.0, 0.0, 0.0] |
|14 |   30 |  0.25 | 2500 |      f1 |     269 |   295.0 |   290.0 |    1,69 |  0,0 |1592509792218 |[0.0, 0.0, 0.0, 0.0, 0.0, 0.0, 0.0, 0.0, 0.0, 0.0] |
|15 |   30 |  0.25 | 2500 |      f1 |     269 |   295.0 |   290.0 |    1,69 |  0,0 |1592509793146 |[0.47343117, 0.9113426, 0.6463286, 0.7867411, 0.24372745, 0.9435028, 0.6510932, 0.6594873, 0.77538383, 0.35361624] |
|15 |   30 |   0.1 | 2500 |      f1 |     269 |   295.0 |   290.0 |    1,69 |  0,0 |1592509793146 |[0.47343117, 0.9113426, 0.6463286, 0.7867411, 0.24372745, 0.9435028, 0.6510932, 0.6594873, 0.77538383, 0.35361624] |
|15 |   30 |   0.1 | 2500 |      f1 |     269 |   295.0 |   290.0 |    1,69 |  0,0 |1592509793146 |[0.0, 0.0, 0.0, 0.0, 0.0, 0.0, 0.0, 0.0, 0.0, 0.0] |
|15 |   30 |  0.25 | 2500 |      f1 |     269 |   295.0 |   290.0 |    1,69 |  0,0 |1592509793146 |[0.0, 0.0, 0.0, 0.0, 0.0, 0.0, 0.0, 0.0, 0.0, 0.0] |
| 1 |   30 |  0.44 | 2500 |      f1 |     269 |   295.0 |   290.0 |    1,69 |-1,6e+09 |1592510502850 |[0.7323763, 0.3806299, 0.34506083, 0.7008583, 0.9911533, 0.13639861, 0.3938604, 0.5926041, 0.8510637, 0.21496916] |
| 1 |   30 |  0.45 | 2500 |      f1 |     269 |   295.0 |   290.0 |    1,69 |-1,6e+09 |1592510502850 |[0.7323763, 0.3806299, 0.34506083, 0.7008583, 0.9911533, 0.13639861, 0.3938604, 0.5926041, 0.8510637, 0.21496916] |
| 1 |   30 |   0.3 | 2500 |      f1 |     269 |   295.0 |   290.0 |    1,69 |-1,6e+09 |1592510502850 |[0.7323763, 0.3806299, 0.34506083, 0.7008583, 0.9911533, 0.13639861, 0.3938604, 0.5926041, 0.8510637, 0.21496916] |
| 1 |   30 |   0.4 | 2500 |      f1 |     269 |   295.0 |   290.0 |    1,69 |-1,6e+09 |1592510502850 |[0.7323763, 0.3806299, 0.34506083, 0.7008583, 0.9911533, 0.13639861, 0.3938604, 0.5926041, 0.8510637, 0.21496916] |
| 2 |   30 |  0.36 | 2500 |      f1 |     269 |   295.0 |   290.0 |    1,69 |-0,0010 |1592510503884 |[0.5828261, 0.7351514, 0.7866389, 0.69914746, 0.92636305, 0.7200625, 0.9323371, 0.7653071, 0.73447615, 0.4146073] |
| 2 |   30 |  0.45 | 2500 |      f1 |     269 |   295.0 |   290.0 |    1,69 |-0,0010 |1592510503884 |[0.5828261, 0.7351514, 0.7866389, 0.69914746, 0.92636305, 0.7200625, 0.9323371, 0.7653071, 0.73447615, 0.4146073] |
| 2 |   30 |0.33333334 | 2500 |      f1 |     269 |   295.0 |   290.0 |    1,69 |-0,0010 |1592510503884 |[0.5828261, 0.7351514, 0.7866389, 0.69914746, 0.92636305, 0.7200625, 0.9323371, 0.7653071, 0.73447615, 0.4146073] |
| 2 |   30 |0.43333334 | 2500 |      f1 |     269 |   295.0 |   290.0 |    1,69 |-0,0010 |1592510503884 |[0.5828261, 0.7351514, 0.7866389, 0.69914746, 0.92636305, 0.7200625, 0.9323371, 0.7653071, 0.73447615, 0.4146073] |
| 3 |   30 |  0.32 | 2500 |      f1 |     269 |   295.0 |   290.0 |    1,69 |-0,0010 |1592510504827 |[0.4921068, 0.9835282, 0.4608209, 0.117652655, 0.9790045, 0.3057264, 0.27686888, 0.31568438, 0.13356662, 0.24579972] |
| 3 |   30 |  0.45 | 2500 |      f1 |     269 |   295.0 |   290.0 |    1,69 |-0,0010 |1592510504827 |[0.4921068, 0.9835282, 0.4608209, 0.117652655, 0.9790045, 0.3057264, 0.27686888, 0.31568438, 0.13356662, 0.24579972] |
| 3 |   30 |0.33333334 | 2500 |      f1 |     269 |   295.0 |   290.0 |    1,69 |-0,0010 |1592510504827 |[0.4921068, 0.9835282, 0.4608209, 0.117652655, 0.9790045, 0.3057264, 0.27686888, 0.31568438, 0.13356662, 0.24579972] |
| 3 |   30 |0.36666667 | 2500 |      f1 |     269 |   295.0 |   290.0 |    1,69 |-0,0010 |1592510504827 |[0.4921068, 0.9835282, 0.4608209, 0.117652655, 0.9790045, 0.3057264, 0.27686888, 0.31568438, 0.13356662, 0.24579972] |
| 4 |   30 |  0.36 | 2500 |      f1 |     269 |   295.0 |   290.0 |    1,69 |-0,0010 |1592510505766 |[0.9586446, 0.78737813, 0.507931, 0.25007862, 0.1913175, 0.17906255, 0.21880132, 0.7485163, 0.111563325, 0.78447086] |
| 4 |   30 |  0.45 | 2500 |      f1 |     269 |   295.0 |   290.0 |    1,69 |-0,0010 |1592510505766 |[0.9586446, 0.78737813, 0.507931, 0.25007862, 0.1913175, 0.17906255, 0.21880132, 0.7485163, 0.111563325, 0.78447086] |
| 4 |   30 |0.36666667 | 2500 |      f1 |     269 |   295.0 |   290.0 |    1,69 |-0,0010 |1592510505766 |[0.9586446, 0.78737813, 0.507931, 0.25007862, 0.1913175, 0.17906255, 0.21880132, 0.7485163, 0.111563325, 0.78447086] |
| 4 |   30 |   0.3 | 2500 |      f1 |     269 |   295.0 |   290.0 |    1,69 |-0,0010 |1592510505766 |[0.9586446, 0.78737813, 0.507931, 0.25007862, 0.1913175, 0.17906255, 0.21880132, 0.7485163, 0.111563325, 0.78447086] |
| 5 |   30 |  0.28 | 2500 |      f1 |     269 |   295.0 |   290.0 |    1,69 |  0,0 |1592510506715 |[0.4222976, 0.74521077, 0.6358417, 0.5295209, 0.6639602, 0.93970406, 0.31108767, 0.84404945, 0.19452357, 0.07676476] |
| 5 |   30 |  0.45 | 2500 |      f1 |     269 |   295.0 |   290.0 |    1,69 |  0,0 |1592510506715 |[0.4222976, 0.74521077, 0.6358417, 0.5295209, 0.6639602, 0.93970406, 0.31108767, 0.84404945, 0.19452357, 0.07676476] |
| 5 |   30 |0.36666667 | 2500 |      f1 |     269 |   295.0 |   290.0 |    1,69 |  0,0 |1592510506715 |[0.4222976, 0.74521077, 0.6358417, 0.5295209, 0.6639602, 0.93970406, 0.31108767, 0.84404945, 0.19452357, 0.07676476] |
| 5 |   30 |0.23333333 | 2500 |      f1 |     269 |   295.0 |   290.0 |    1,69 |  0,0 |1592510506715 |[0.4222976, 0.74521077, 0.6358417, 0.5295209, 0.6639602, 0.93970406, 0.31108767, 0.84404945, 0.19452357, 0.07676476] |
| 6 |   30 |  0.36 | 2500 |      f1 |     269 |   295.0 |   290.0 |    1,69 |  0,0 |1592510507657 |[0.9409177, 0.98884594, 0.3335802, 0.8077015, 0.4356044, 0.8466389, 0.94974357, 0.59179693, 0.11251986, 0.80447537] |
| 6 |   30 |  0.45 | 2500 |      f1 |     269 |   295.0 |   290.0 |    1,69 |  0,0 |1592510507657 |[0.9409177, 0.98884594, 0.3335802, 0.8077015, 0.4356044, 0.8466389, 0.94974357, 0.59179693, 0.11251986, 0.80447537] |
| 6 |   30 |0.36666667 | 2500 |      f1 |     269 |   295.0 |   290.0 |    1,69 |  0,0 |1592510507657 |[0.9409177, 0.98884594, 0.3335802, 0.8077015, 0.4356044, 0.8466389, 0.94974357, 0.59179693, 0.11251986, 0.80447537] |
| 6 |   30 |0.33333334 | 2500 |      f1 |     269 |   295.0 |   290.0 |    1,69 |  0,0 |1592510507657 |[0.9409177, 0.98884594, 0.3335802, 0.8077015, 0.4356044, 0.8466389, 0.94974357, 0.59179693, 0.11251986, 0.80447537] |
| 7 |   30 |   0.4 | 2500 |      f1 |     269 |   295.0 |   290.0 |    1,69 |-0,0010 |1592510508596 |[0.041959524, 0.08880144, 0.71450037, 0.6648558, 0.8374215, 0.37471682, 0.91665274, 0.20817834, 0.39746594, 0.47219908] |
| 7 |   30 |  0.45 | 2500 |      f1 |     269 |   295.0 |   290.0 |    1,69 |-0,0010 |1592510508596 |[0.041959524, 0.08880144, 0.71450037, 0.6648558, 0.8374215, 0.37471682, 0.91665274, 0.20817834, 0.39746594, 0.47219908] |
| 7 |   30 |   0.4 | 2500 |      f1 |     269 |   295.0 |   290.0 |    1,69 |-0,0010 |1592510508596 |[0.041959524, 0.08880144, 0.71450037, 0.6648558, 0.8374215, 0.37471682, 0.91665274, 0.20817834, 0.39746594, 0.47219908] |
| 7 |   30 |0.33333334 | 2500 |      f1 |     269 |   295.0 |   290.0 |    1,69 |-0,0010 |1592510508596 |[0.041959524, 0.08880144, 0.71450037, 0.6648558, 0.8374215, 0.37471682, 0.91665274, 0.20817834, 0.39746594, 0.47219908] |
| 8 |   30 |  0.45 | 2500 |      f1 |     269 |   295.0 |   290.0 |    1,69 |-0,0010 |1592510509523 |[0.5019882, 0.74344575, 0.69600093, 0.47504556, 0.92930615, 0.06092292, 0.4393748, 0.58613867, 0.766276, 0.66828305] |
| 8 |   30 |  0.45 | 2500 |      f1 |     269 |   295.0 |   290.0 |    1,69 |-0,0010 |1592510509523 |[0.5019882, 0.74344575, 0.69600093, 0.47504556, 0.92930615, 0.06092292, 0.4393748, 0.58613867, 0.766276, 0.66828305] |
| 8 |   30 |0.26666668 | 2500 |      f1 |     269 |   295.0 |   290.0 |    1,69 |-0,0010 |1592510509523 |[0.5019882, 0.74344575, 0.69600093, 0.47504556, 0.92930615, 0.06092292, 0.4393748, 0.58613867, 0.766276, 0.66828305] |
| 8 |   30 |0.26666668 | 2500 |      f1 |     269 |   295.0 |   290.0 |    1,69 |-0,0010 |1592510509523 |[0.5019882, 0.74344575, 0.69600093, 0.47504556, 0.92930615, 0.06092292, 0.4393748, 0.58613867, 0.766276, 0.66828305] |
| 9 |   30 |  0.28 | 2500 |      f1 |     269 |   295.0 |   290.0 |    1,69 |-0,0010 |1592510510455 |[0.003969848, 0.8911884, 0.93331796, 0.6516449, 0.27179188, 0.48283696, 0.19983232, 0.15774345, 0.46906, 0.021587908] |
| 9 |   30 |  0.45 | 2500 |      f1 |     269 |   295.0 |   290.0 |    1,69 |-0,0010 |1592510510455 |[0.5513537, 0.18941003, 0.50034714, 0.21587408, 0.83570087, 0.64737433, 0.90968096, 0.8825926, 0.059888363, 0.7493511] |
| 9 |   30 |   0.4 | 2500 |      f1 |     269 |   295.0 |   290.0 |    1,69 |-0,0010 |1592510510455 |[0.5513537, 0.18941003, 0.50034714, 0.21587408, 0.83570087, 0.64737433, 0.90968096, 0.8825926, 0.059888363, 0.7493511] |
| 9 |   30 |   0.3 | 2500 |      f1 |     269 |   295.0 |   290.0 |    1,69 |-0,0010 |1592510510455 |[0.5513537, 0.18941003, 0.50034714, 0.21587408, 0.83570087, 0.64737433, 0.90968096, 0.8825926, 0.059888363, 0.7493511] |
|10 |   30 |  0.24 | 2500 |      f1 |     269 |   295.0 |   290.0 |    1,69 |-0,0010 |1592510511390 |[0.9344261, 0.06104064, 0.44830805, 0.30159885, 0.008830965, 0.536813, 0.47445887, 0.7445552, 0.79663414, 0.4040286] |
|10 |   30 |  0.45 | 2500 |      f1 |     269 |   295.0 |   290.0 |    1,69 |-0,0010 |1592510511390 |[0.9344261, 0.06104064, 0.44830805, 0.30159885, 0.008830965, 0.536813, 0.47445887, 0.7445552, 0.79663414, 0.4040286] |
|10 |   30 |0.33333334 | 2500 |      f1 |     269 |   295.0 |   290.0 |    1,69 |-0,0010 |1592510511390 |[0.9344261, 0.06104064, 0.44830805, 0.30159885, 0.008830965, 0.536813, 0.47445887, 0.7445552, 0.79663414, 0.4040286] |
|10 |   30 |0.33333334 | 2500 |      f1 |     269 |   295.0 |   290.0 |    1,69 |-0,0010 |1592510511390 |[0.9344261, 0.06104064, 0.44830805, 0.30159885, 0.008830965, 0.536813, 0.47445887, 0.7445552, 0.79663414, 0.4040286] |
|11 |   30 |   0.4 | 2500 |      f1 |     269 |   295.0 |   290.0 |    1,69 |-0,0010 |1592510512323 |[0.8181003, 0.21229601, 0.48090696, 0.42080414, 0.09737903, 0.71137464, 0.8213593, 0.1736837, 0.54520166, 0.76264024] |
|11 |   30 |  0.45 | 2500 |      f1 |     269 |   295.0 |   290.0 |    1,69 |-0,0010 |1592510512323 |[0.8181003, 0.21229601, 0.48090696, 0.42080414, 0.09737903, 0.71137464, 0.8213593, 0.1736837, 0.54520166, 0.76264024] |
|11 |   30 |0.36666667 | 2500 |      f1 |     269 |   295.0 |   290.0 |    1,69 |-0,0010 |1592510512323 |[0.8181003, 0.21229601, 0.48090696, 0.42080414, 0.09737903, 0.71137464, 0.8213593, 0.1736837, 0.54520166, 0.76264024] |
|11 |   30 |0.26666668 | 2500 |      f1 |     269 |   295.0 |   290.0 |    1,69 |-0,0010 |1592510512323 |[0.97933847, 0.79383665, 0.387545, 0.1878388, 0.5638083, 0.029400289, 0.40467435, 0.16428214, 0.80254006, 0.30728483] |
|12 |   30 |  0.28 | 2500 |      f1 |     269 |   295.0 |   290.0 |    1,69 |-0,0010 |1592510513272 |[0.31348163, 0.96618783, 0.18222153, 0.7954063, 0.102593124, 0.8737463, 0.2665531, 0.1838364, 0.1924839, 0.8705117] |
|12 |   30 |  0.45 | 2500 |      f1 |     269 |   295.0 |   290.0 |    1,69 |-0,0010 |1592510513272 |[0.31348163, 0.96618783, 0.18222153, 0.7954063, 0.102593124, 0.8737463, 0.2665531, 0.1838364, 0.1924839, 0.8705117] |
|12 |   30 |  0.45 | 2500 |      f1 |     269 |   295.0 |   290.0 |    1,69 |-0,0010 |1592510513272 |[0.31348163, 0.96618783, 0.18222153, 0.7954063, 0.102593124, 0.8737463, 0.2665531, 0.1838364, 0.1924839, 0.8705117] |
|12 |   30 |0.36666667 | 2500 |      f1 |     269 |   295.0 |   290.0 |    1,69 |-0,0010 |1592510513272 |[0.31348163, 0.96618783, 0.18222153, 0.7954063, 0.102593124, 0.8737463, 0.2665531, 0.1838364, 0.1924839, 0.8705117] |
|13 |   30 |  0.28 | 2500 |      f1 |     269 |   295.0 |   290.0 |    1,69 |  0,0 |1592510514203 |[0.02396971, 0.46231264, 0.6647523, 0.55539733, 0.452205, 0.69507873, 0.12505203, 0.6513955, 0.764313, 0.41211122] |
|13 |   30 |  0.45 | 2500 |      f1 |     269 |   295.0 |   290.0 |    1,69 |  0,0 |1592510514203 |[0.02396971, 0.46231264, 0.6647523, 0.55539733, 0.452205, 0.69507873, 0.12505203, 0.6513955, 0.764313, 0.41211122] |
|13 |   30 |0.36666667 | 2500 |      f1 |     269 |   295.0 |   290.0 |    1,69 |  0,0 |1592510514203 |[0.02396971, 0.46231264, 0.6647523, 0.55539733, 0.452205, 0.69507873, 0.12505203, 0.6513955, 0.764313, 0.41211122] |
|13 |   30 |0.43333334 | 2500 |      f1 |     269 |   295.0 |   290.0 |    1,69 |  0,0 |1592510514203 |[0.02396971, 0.46231264, 0.6647523, 0.55539733, 0.452205, 0.69507873, 0.12505203, 0.6513955, 0.764313, 0.41211122] |
|14 |   30 |   0.4 | 2500 |      f1 |     269 |   295.0 |   290.0 |    1,69 |  0,0 |1592510515144 |[0.91618484, 0.7448119, 0.20293945, 0.41979098, 0.027306318, 0.6587863, 0.47093695, 0.33493596, 0.69323426, 0.13722682] |
|14 |   30 |  0.45 | 2500 |      f1 |     269 |   295.0 |   290.0 |    1,69 |  0,0 |1592510515144 |[0.91618484, 0.7448119, 0.20293945, 0.41979098, 0.027306318, 0.6587863, 0.47093695, 0.33493596, 0.69323426, 0.13722682] |
|14 |   30 |0.36666667 | 2500 |      f1 |     269 |   295.0 |   290.0 |    1,69 |  0,0 |1592510515144 |[0.8408115, 0.79417443, 0.34422088, 0.3989309, 0.06114793, 0.8706841, 0.66890776, 0.3952813, 0.98303133, 0.2870857] |
|14 |   30 |   0.3 | 2500 |      f1 |     269 |   295.0 |   290.0 |    1,69 |  0,0 |1592510515144 |[0.8408115, 0.79417443, 0.34422088, 0.3989309, 0.06114793, 0.8706841, 0.66890776, 0.3952813, 0.98303133, 0.2870857] |
|15 |   30 |  0.24 | 2500 |      f1 |     269 |   295.0 |   290.0 |    1,69 |-0,0010 |1592510516082 |[0.99642664, 0.98602337, 0.19053912, 0.06493372, 0.23593485, 0.8843294, 0.1600607, 0.124494374, 0.6455402, 0.0047049522] |
|15 |   30 |  0.45 | 2500 |      f1 |     269 |   295.0 |   290.0 |    1,69 |-0,0010 |1592510516082 |[0.99642664, 0.98602337, 0.19053912, 0.06493372, 0.23593485, 0.8843294, 0.1600607, 0.124494374, 0.6455402, 0.0047049522] |
|15 |   30 |0.43333334 | 2500 |      f1 |     269 |   295.0 |   290.0 |    1,69 |-0,0010 |1592510516082 |[0.99642664, 0.98602337, 0.19053912, 0.06493372, 0.23593485, 0.8843294, 0.1600607, 0.124494374, 0.6455402, 0.0047049522] |
|15 |   30 |   0.3 | 2500 |      f1 |     269 |   295.0 |   290.0 |    1,69 |-0,0010 |1592510516082 |[0.99642664, 0.98602337, 0.19053912, 0.06493372, 0.23593485, 0.8843294, 0.1600607, 0.124494374, 0.6455402, 0.0047049522] |
| 1 |   30 |  0.44 | 2500 |      f1 |     269 |   295.0 |   290.0 |    1,69 |-1,6e+09 |1592511917055 |[0.53952354, 0.5911009, 0.5695499, 0.5180042, 0.34096664, 0.24280465, 0.49426526, 0.8624184, 0.38879192, 0.89364624] |
| 1 |   30 |  0.45 | 2500 |      f1 |     269 |   295.0 |   290.0 |    1,69 |-1,6e+09 |1592511917055 |[0.53952354, 0.5911009, 0.5695499, 0.5180042, 0.34096664, 0.24280465, 0.49426526, 0.8624184, 0.38879192, 0.89364624] |
| 1 |   30 |   0.4 | 2500 |      f1 |     269 |   295.0 |   290.0 |    1,69 |-1,6e+09 |1592511917055 |[0.53952354, 0.5911009, 0.5695499, 0.5180042, 0.34096664, 0.24280465, 0.49426526, 0.8624184, 0.38879192, 0.89364624] |
| 1 |   30 |0.36666667 | 2500 |      f1 |     269 |   295.0 |   290.0 |    1,69 |-1,6e+09 |1592511917055 |[0.53952354, 0.5911009, 0.5695499, 0.5180042, 0.34096664, 0.24280465, 0.49426526, 0.8624184, 0.38879192, 0.89364624] |
| 2 |   30 |  0.32 | 2500 |      f1 |     269 |   295.0 |   290.0 |    1,69 |-0,0020 |1592511918088 |[0.18740022, 0.22784537, 0.5775071, 0.9377542, 0.4676597, 0.9160461, 0.45864177, 0.3316316, 0.2587083, 0.84161335] |
| 2 |   30 |  0.45 | 2500 |      f1 |     269 |   295.0 |   290.0 |    1,69 |-0,0020 |1592511918088 |[0.18740022, 0.22784537, 0.5775071, 0.9377542, 0.4676597, 0.9160461, 0.45864177, 0.3316316, 0.2587083, 0.84161335] |
| 2 |   30 |   0.3 | 2500 |      f1 |     269 |   295.0 |   290.0 |    1,69 |-0,0020 |1592511918088 |[0.18740022, 0.22784537, 0.5775071, 0.9377542, 0.4676597, 0.9160461, 0.45864177, 0.3316316, 0.2587083, 0.84161335] |
| 2 |   30 |   0.4 | 2500 |      f1 |     269 |   295.0 |   290.0 |    1,69 |-0,0020 |1592511918088 |[0.18740022, 0.22784537, 0.5775071, 0.9377542, 0.4676597, 0.9160461, 0.45864177, 0.3316316, 0.2587083, 0.84161335] |
| 3 |   30 |  0.36 | 2500 |      f1 |     269 |   295.0 |   290.0 |    1,69 |-0,0010 |1592511919047 |[0.37732303, 0.21644986, 0.8879123, 0.4379884, 0.85538936, 0.26173925, 0.3651936, 0.6878879, 0.5207883, 0.7442453] |
| 3 |   30 |  0.45 | 2500 |      f1 |     269 |   295.0 |   290.0 |    1,69 |-0,0010 |1592511919047 |[0.37732303, 0.21644986, 0.8879123, 0.4379884, 0.85538936, 0.26173925, 0.3651936, 0.6878879, 0.5207883, 0.7442453] |
| 3 |   30 |0.33333334 | 2500 |      f1 |     269 |   295.0 |   290.0 |    1,69 |-0,0010 |1592511919047 |[0.37732303, 0.21644986, 0.8879123, 0.4379884, 0.85538936, 0.26173925, 0.3651936, 0.6878879, 0.5207883, 0.7442453] |
| 3 |   30 |   0.3 | 2500 |      f1 |     269 |   295.0 |   290.0 |    1,69 |-0,0010 |1592511919047 |[0.37732303, 0.21644986, 0.8879123, 0.4379884, 0.85538936, 0.26173925, 0.3651936, 0.6878879, 0.5207883, 0.7442453] |
| 4 |   30 |  0.24 | 2500 |      f1 |     269 |   295.0 |   290.0 |    1,69 |  0,0 |1592511919993 |[0.06300211, 0.7828762, 0.31264454, 0.6080901, 0.14768577, 0.47614425, 0.5396841, 0.66540587, 0.8728055, 0.58846825] |
| 4 |   30 |  0.45 | 2500 |      f1 |     269 |   295.0 |   290.0 |    1,69 |  0,0 |1592511919993 |[0.06300211, 0.7828762, 0.31264454, 0.6080901, 0.14768577, 0.47614425, 0.5396841, 0.66540587, 0.8728055, 0.58846825] |
| 4 |   30 |0.43333334 | 2500 |      f1 |     269 |   295.0 |   290.0 |    1,69 |  0,0 |1592511919993 |[0.06300211, 0.7828762, 0.31264454, 0.6080901, 0.14768577, 0.47614425, 0.5396841, 0.66540587, 0.8728055, 0.58846825] |
| 4 |   30 |0.26666668 | 2500 |      f1 |     269 |   295.0 |   290.0 |    1,69 |  0,0 |1592511919993 |[0.06300211, 0.7828762, 0.31264454, 0.6080901, 0.14768577, 0.47614425, 0.5396841, 0.66540587, 0.8728055, 0.58846825] |
| 5 |   30 |  0.32 | 2500 |      f1 |     269 |   295.0 |   290.0 |    1,69 |  0,0 |1592511920935 |[0.8042347, 0.37373912, 0.7406938, 0.06888956, 0.55877, 0.5667967, 0.8541108, 0.4236663, 0.78130585, 0.22170115] |
| 5 |   30 |  0.45 | 2500 |      f1 |     269 |   295.0 |   290.0 |    1,69 |  0,0 |1592511920935 |[0.8042347, 0.37373912, 0.7406938, 0.06888956, 0.55877, 0.5667967, 0.8541108, 0.4236663, 0.78130585, 0.22170115] |
| 5 |   30 |0.36666667 | 2500 |      f1 |     269 |   295.0 |   290.0 |    1,69 |  0,0 |1592511920935 |[0.8042347, 0.37373912, 0.7406938, 0.06888956, 0.55877, 0.5667967, 0.8541108, 0.4236663, 0.78130585, 0.22170115] |
| 5 |   30 |0.16666667 | 2500 |      f1 |     269 |   295.0 |   290.0 |    1,69 |  0,0 |1592511920935 |[0.74773353, 0.8791105, 0.3864804, 0.26567227, 0.6999433, 0.09951556, 0.10366112, 0.9278216, 0.55488545, 0.31228995] |
| 6 |   30 |  0.45 | 2500 |      f1 |     269 |   295.0 |   290.0 |    1,69 |-0,0010 |1592511921886 |[0.7795855, 0.04318297, 0.8000963, 0.8935852, 0.765455, 0.07990748, 0.33479935, 0.34309864, 0.1689769, 0.7682117] |
| 6 |   30 |  0.45 | 2500 |      f1 |     269 |   295.0 |   290.0 |    1,69 |-0,0010 |1592511921886 |[0.7795855, 0.04318297, 0.8000963, 0.8935852, 0.765455, 0.07990748, 0.33479935, 0.34309864, 0.1689769, 0.7682117] |
| 6 |   30 |0.33333334 | 2500 |      f1 |     269 |   295.0 |   290.0 |    1,69 |-0,0010 |1592511921886 |[0.7795855, 0.04318297, 0.8000963, 0.8935852, 0.765455, 0.07990748, 0.33479935, 0.34309864, 0.1689769, 0.7682117] |
| 6 |   30 |   0.3 | 2500 |      f1 |     269 |   295.0 |   290.0 |    1,69 |-0,0010 |1592511921886 |[0.7795855, 0.04318297, 0.8000963, 0.8935852, 0.765455, 0.07990748, 0.33479935, 0.34309864, 0.1689769, 0.7682117] |
| 7 |   30 |  0.28 | 2500 |      f1 |     269 |   295.0 |   290.0 |    1,69 |  0,0 |1592511922821 |[0.55171156, 0.7611113, 0.24068284, 0.6774871, 0.8723994, 0.12796652, 0.87953997, 0.36268896, 0.6269495, 0.49476177] |
| 7 |   30 |  0.45 | 2500 |      f1 |     269 |   295.0 |   290.0 |    1,69 |  0,0 |1592511922821 |[0.55171156, 0.7611113, 0.24068284, 0.6774871, 0.8723994, 0.12796652, 0.87953997, 0.36268896, 0.6269495, 0.49476177] |
| 7 |   30 |   0.3 | 2500 |      f1 |     269 |   295.0 |   290.0 |    1,69 |  0,0 |1592511922821 |[0.55171156, 0.7611113, 0.24068284, 0.6774871, 0.8723994, 0.12796652, 0.87953997, 0.36268896, 0.6269495, 0.49476177] |
| 7 |   30 |0.23333333 | 2500 |      f1 |     269 |   295.0 |   290.0 |    1,69 |  0,0 |1592511922821 |[0.55171156, 0.7611113, 0.24068284, 0.6774871, 0.8723994, 0.12796652, 0.87953997, 0.36268896, 0.6269495, 0.49476177] |
| 8 |   30 |  0.28 | 2500 |      f1 |     269 |   295.0 |   290.0 |    1,69 |  0,0 |1592511923758 |[0.7431373, 0.9652306, 0.49937242, 0.22237355, 0.7340594, 0.6182992, 0.810078, 0.44147485, 0.6438767, 0.30714965] |
| 8 |   30 |  0.45 | 2500 |      f1 |     269 |   295.0 |   290.0 |    1,69 |  0,0 |1592511923758 |[0.7431373, 0.9652306, 0.49937242, 0.22237355, 0.7340594, 0.6182992, 0.810078, 0.44147485, 0.6438767, 0.30714965] |
| 8 |   30 |   0.3 | 2500 |      f1 |     269 |   295.0 |   290.0 |    1,69 |  0,0 |1592511923758 |[0.7431373, 0.9652306, 0.49937242, 0.22237355, 0.7340594, 0.6182992, 0.810078, 0.44147485, 0.6438767, 0.30714965] |
| 8 |   30 |0.43333334 | 2500 |      f1 |     269 |   295.0 |   290.0 |    1,69 |  0,0 |1592511923758 |[0.7431373, 0.9652306, 0.49937242, 0.22237355, 0.7340594, 0.6182992, 0.810078, 0.44147485, 0.6438767, 0.30714965] |
| 9 |   30 |   0.4 | 2500 |      f1 |     269 |   295.0 |   290.0 |    1,69 |-0,0010 |1592511924690 |[0.3702299, 0.86237335, 0.10386956, 0.88140935, 0.8662502, 0.0013878345, 0.85669285, 0.7647638, 0.50781345, 0.25727367] |
| 9 |   30 |  0.45 | 2500 |      f1 |     269 |   295.0 |   290.0 |    1,69 |-0,0010 |1592511924690 |[0.3702299, 0.86237335, 0.10386956, 0.88140935, 0.8662502, 0.0013878345, 0.85669285, 0.7647638, 0.50781345, 0.25727367] |
| 9 |   30 |0.23333333 | 2500 |      f1 |     269 |   295.0 |   290.0 |    1,69 |-0,0010 |1592511924690 |[0.3702299, 0.86237335, 0.10386956, 0.88140935, 0.8662502, 0.0013878345, 0.85669285, 0.7647638, 0.50781345, 0.25727367] |
| 9 |   30 |   0.4 | 2500 |      f1 |     269 |   295.0 |   290.0 |    1,69 |-0,0010 |1592511924690 |[0.3702299, 0.86237335, 0.10386956, 0.88140935, 0.8662502, 0.0013878345, 0.85669285, 0.7647638, 0.50781345, 0.25727367] |
|10 |   30 |  0.24 | 2500 |      f1 |     269 |   295.0 |   290.0 |    1,69 |-0,0010 |1592511925627 |[0.9104245, 0.84862244, 0.14001352, 0.6868122, 0.32160115, 0.5875419, 0.66838187, 0.1941554, 0.8641975, 0.9711184] |
|10 |   30 |  0.45 | 2500 |      f1 |     269 |   295.0 |   290.0 |    1,69 |-0,0010 |1592511925627 |[0.9104245, 0.84862244, 0.14001352, 0.6868122, 0.32160115, 0.5875419, 0.66838187, 0.1941554, 0.8641975, 0.9711184] |
|10 |   30 |0.43333334 | 2500 |      f1 |     269 |   295.0 |   290.0 |    1,69 |-0,0010 |1592511925627 |[0.9490681, 0.47057736, 0.5519178, 0.85533607, 0.1562736, 0.020176053, 0.5014802, 0.98586386, 0.7033249, 0.34582573] |
|10 |   30 |   0.4 | 2500 |      f1 |     269 |   295.0 |   290.0 |    1,69 |-0,0010 |1592511925627 |[0.11377233, 0.5109275, 0.36242002, 0.71812874, 0.07563913, 0.81002337, 0.84720147, 0.35980612, 0.030472219, 0.030037344] |
|11 |   30 |  0.36 | 2500 |      f1 |     269 |   295.0 |   290.0 |    1,69 |  0,0 |1592511926556 |[0.41289228, 0.5357383, 0.403418, 0.20140964, 0.7939818, 0.09481454, 0.8323826, 0.09653324, 0.5005228, 0.16719621] |
|11 |   30 |  0.45 | 2500 |      f1 |     269 |   295.0 |   290.0 |    1,69 |  0,0 |1592511926556 |[0.41289228, 0.5357383, 0.403418, 0.20140964, 0.7939818, 0.09481454, 0.8323826, 0.09653324, 0.5005228, 0.16719621] |
|11 |   30 |0.23333333 | 2500 |      f1 |     269 |   295.0 |   290.0 |    1,69 |  0,0 |1592511926556 |[0.019494295, 0.010394573, 0.013293922, 0.6375162, 0.4930883, 0.90860707, 0.5541294, 0.9600312, 0.094998896, 0.5882156] |
|11 |   30 |0.16666667 | 2500 |      f1 |     269 |   295.0 |   290.0 |    1,69 |  0,0 |1592511926556 |[0.019494295, 0.010394573, 0.013293922, 0.6375162, 0.4930883, 0.90860707, 0.5541294, 0.9600312, 0.094998896, 0.5882156] |
|12 |   30 |  0.45 | 2500 |      f1 |     269 |   295.0 |   290.0 |    1,69 |-0,0010 |1592511927488 |[0.07127428, 0.45744425, 0.023854256, 0.06869, 0.39530283, 0.9387156, 0.70161575, 0.21274382, 0.27727312, 0.4104923] |
|12 |   30 |  0.45 | 2500 |      f1 |     269 |   295.0 |   290.0 |    1,69 |-0,0010 |1592511927488 |[0.07127428, 0.45744425, 0.023854256, 0.06869, 0.39530283, 0.9387156, 0.70161575, 0.21274382, 0.27727312, 0.4104923] |
|12 |   30 |0.36666667 | 2500 |      f1 |     269 |   295.0 |   290.0 |    1,69 |-0,0010 |1592511927488 |[0.58715296, 0.047591686, 0.98473674, 0.6267533, 0.34586215, 0.65395457, 0.97720975, 0.1840874, 0.67960274, 0.6296058] |
|12 |   30 |0.33333334 | 2500 |      f1 |     269 |   295.0 |   290.0 |    1,69 |-0,0010 |1592511927488 |[0.58715296, 0.047591686, 0.98473674, 0.6267533, 0.34586215, 0.65395457, 0.97720975, 0.1840874, 0.67960274, 0.6296058] |
|13 |   30 |  0.36 | 2500 |      f1 |     269 |   295.0 |   290.0 |    1,69 |  0,0 |1592511928414 |[0.46117133, 0.26129228, 0.059388757, 0.93125457, 0.5815283, 0.6740657, 0.6774707, 0.7701928, 0.74426687, 0.2759242] |
|13 |   30 |  0.45 | 2500 |      f1 |     269 |   295.0 |   290.0 |    1,69 |  0,0 |1592511928414 |[0.46117133, 0.26129228, 0.059388757, 0.93125457, 0.5815283, 0.6740657, 0.6774707, 0.7701928, 0.74426687, 0.2759242] |
|13 |   30 |0.23333333 | 2500 |      f1 |     269 |   295.0 |   290.0 |    1,69 |  0,0 |1592511928414 |[0.9646825, 0.23806864, 0.3336498, 0.08994508, 0.70246065, 0.69980097, 0.6704878, 0.5964095, 0.91067463, 0.7772496] |
|13 |   30 |0.36666667 | 2500 |      f1 |     269 |   295.0 |   290.0 |    1,69 |  0,0 |1592511928414 |[0.9646825, 0.23806864, 0.3336498, 0.08994508, 0.70246065, 0.69980097, 0.6704878, 0.5964095, 0.91067463, 0.7772496] |
|14 |   30 |  0.24 | 2500 |      f1 |     269 |   295.0 |   290.0 |    1,69 |  0,0 |1592511929340 |[0.44769013, 0.26276708, 0.43435854, 0.8441545, 0.1608904, 0.43098587, 0.82552725, 0.24468142, 0.6356397, 0.2896021] |
|14 |   30 |  0.45 | 2500 |      f1 |     269 |   295.0 |   290.0 |    1,69 |  0,0 |1592511929340 |[0.44769013, 0.26276708, 0.43435854, 0.8441545, 0.1608904, 0.43098587, 0.82552725, 0.24468142, 0.6356397, 0.2896021] |
|14 |   30 |   0.3 | 2500 |      f1 |     269 |   295.0 |   290.0 |    1,69 |  0,0 |1592511929340 |[0.44769013, 0.26276708, 0.43435854, 0.8441545, 0.1608904, 0.43098587, 0.82552725, 0.24468142, 0.6356397, 0.2896021] |
|14 |   30 |   0.3 | 2500 |      f1 |     269 |   295.0 |   290.0 |    1,69 |  0,0 |1592511929340 |[0.44769013, 0.26276708, 0.43435854, 0.8441545, 0.1608904, 0.43098587, 0.82552725, 0.24468142, 0.6356397, 0.2896021] |
|15 |   30 |  0.24 | 2500 |      f1 |     269 |   295.0 |   290.0 |    1,69 |  0,0 |1592511930260 |[0.75055575, 0.54674155, 0.8300858, 0.5064235, 0.9456953, 0.09082389, 0.907701, 0.27234232, 0.38564223, 0.06955236] |
|15 |   30 |  0.45 | 2500 |      f1 |     269 |   295.0 |   290.0 |    1,69 |  0,0 |1592511930260 |[0.75055575, 0.54674155, 0.8300858, 0.5064235, 0.9456953, 0.09082389, 0.907701, 0.27234232, 0.38564223, 0.06955236] |
|15 |   30 |0.36666667 | 2500 |      f1 |     269 |   295.0 |   290.0 |    1,69 |  0,0 |1592511930260 |[0.75055575, 0.54674155, 0.8300858, 0.5064235, 0.9456953, 0.09082389, 0.907701, 0.27234232, 0.38564223, 0.06955236] |
|15 |   30 |   0.3 | 2500 |      f1 |     269 |   295.0 |   290.0 |    1,69 |  0,0 |1592511930260 |[0.75055575, 0.54674155, 0.8300858, 0.5064235, 0.9456953, 0.09082389, 0.907701, 0.27234232, 0.38564223, 0.06955236] |
| 1 |   30 |  0.36 | 2500 |      f1 |     269 |   295.0 |   290.0 |    1,69 |-1,6e+09 |1592512486633 |[0.70755196, 0.50256234, 0.19489968, 0.2516458, 0.77389413, 0.55402595, 0.8345195, 0.50795615, 0.38290256, 0.5859024] |
| 1 |   30 |  0.45 | 2500 |      f1 |     269 |   295.0 |   290.0 |    1,69 |-1,6e+09 |1592512486633 |[0.70755196, 0.50256234, 0.19489968, 0.2516458, 0.77389413, 0.55402595, 0.8345195, 0.50795615, 0.38290256, 0.5859024] |
| 1 |   30 |  0.45 | 2500 |      f1 |     269 |   295.0 |   290.0 |    1,69 |-1,6e+09 |1592512486633 |[0.70755196, 0.50256234, 0.19489968, 0.2516458, 0.77389413, 0.55402595, 0.8345195, 0.50795615, 0.38290256, 0.5859024] |
| 1 |   30 |   0.3 | 2500 |      f1 |     269 |   295.0 |   290.0 |    1,69 |-1,6e+09 |1592512486633 |[0.70755196, 0.50256234, 0.19489968, 0.2516458, 0.77389413, 0.55402595, 0.8345195, 0.50795615, 0.38290256, 0.5859024] |
| 2 |   30 |  0.28 | 2500 |      f1 |     269 |   295.0 |   290.0 |    1,69 |-0,0020 |1592512487646 |[0.14383543, 0.9151919, 0.4104048, 0.18197751, 0.8015821, 0.09537798, 0.5096605, 5.8710575E-5, 0.30763674, 0.40401775] |
| 2 |   30 |  0.45 | 2500 |      f1 |     269 |   295.0 |   290.0 |    1,69 |-0,0020 |1592512487646 |[0.14383543, 0.9151919, 0.4104048, 0.18197751, 0.8015821, 0.09537798, 0.5096605, 5.8710575E-5, 0.30763674, 0.40401775] |
| 2 |   30 |   0.2 | 2500 |      f1 |     269 |   295.0 |   290.0 |    1,69 |-0,0020 |1592512487646 |[0.14383543, 0.9151919, 0.4104048, 0.18197751, 0.8015821, 0.09537798, 0.5096605, 5.8710575E-5, 0.30763674, 0.40401775] |
| 2 |   30 |   0.3 | 2500 |      f1 |     269 |   295.0 |   290.0 |    1,69 |-0,0020 |1592512487646 |[0.14383543, 0.9151919, 0.4104048, 0.18197751, 0.8015821, 0.09537798, 0.5096605, 5.8710575E-5, 0.30763674, 0.40401775] |
| 3 |   30 |  0.32 | 2500 |      f1 |     269 |   295.0 |   290.0 |    1,69 |-0,0010 |1592512488598 |[0.36917943, 0.23185492, 0.86798847, 0.45910007, 0.8919372, 0.22050118, 0.060120225, 0.07379061, 0.022877336, 0.6064703] |
| 3 |   30 |  0.45 | 2500 |      f1 |     269 |   295.0 |   290.0 |    1,69 |-0,0010 |1592512488598 |[0.36917943, 0.23185492, 0.86798847, 0.45910007, 0.8919372, 0.22050118, 0.060120225, 0.07379061, 0.022877336, 0.6064703] |
| 3 |   30 |   0.3 | 2500 |      f1 |     269 |   295.0 |   290.0 |    1,69 |-0,0010 |1592512488598 |[0.36917943, 0.23185492, 0.86798847, 0.45910007, 0.8919372, 0.22050118, 0.060120225, 0.07379061, 0.022877336, 0.6064703] |
| 3 |   30 |   0.3 | 2500 |      f1 |     269 |   295.0 |   290.0 |    1,69 |-0,0010 |1592512488598 |[0.36917943, 0.23185492, 0.86798847, 0.45910007, 0.8919372, 0.22050118, 0.060120225, 0.07379061, 0.022877336, 0.6064703] |
| 4 |   30 |   0.4 | 2500 |      f1 |     269 |   295.0 |   290.0 |    1,69 |-0,0010 |1592512489535 |[0.13866812, 0.30031765, 0.77990663, 0.8382881, 0.15415066, 0.021863878, 0.06909877, 0.4478053, 0.716619, 0.6046137] |
| 4 |   30 |  0.45 | 2500 |      f1 |     269 |   295.0 |   290.0 |    1,69 |-0,0010 |1592512489535 |[0.13866812, 0.30031765, 0.77990663, 0.8382881, 0.15415066, 0.021863878, 0.06909877, 0.4478053, 0.716619, 0.6046137] |
| 4 |   30 |  0.45 | 2500 |      f1 |     269 |   295.0 |   290.0 |    1,69 |-0,0010 |1592512489535 |[0.13866812, 0.30031765, 0.77990663, 0.8382881, 0.15415066, 0.021863878, 0.06909877, 0.4478053, 0.716619, 0.6046137] |
| 4 |   30 |   0.4 | 2500 |      f1 |     269 |   295.0 |   290.0 |    1,69 |-0,0010 |1592512489535 |[0.13866812, 0.30031765, 0.77990663, 0.8382881, 0.15415066, 0.021863878, 0.06909877, 0.4478053, 0.716619, 0.6046137] |
| 5 |   30 |  0.28 | 2500 |      f1 |     269 |   295.0 |   290.0 |    1,69 |-0,0010 |1592512490474 |[0.013082862, 0.06890839, 0.62742424, 0.038449526, 0.006523788, 0.7556669, 0.55187947, 0.27534515, 0.35757512, 0.44214457] |
| 5 |   30 |  0.45 | 2500 |      f1 |     269 |   295.0 |   290.0 |    1,69 |-0,0010 |1592512490474 |[0.013082862, 0.06890839, 0.62742424, 0.038449526, 0.006523788, 0.7556669, 0.55187947, 0.27534515, 0.35757512, 0.44214457] |
| 5 |   30 |0.43333334 | 2500 |      f1 |     269 |   295.0 |   290.0 |    1,69 |-0,0010 |1592512490474 |[0.013082862, 0.06890839, 0.62742424, 0.038449526, 0.006523788, 0.7556669, 0.55187947, 0.27534515, 0.35757512, 0.44214457] |
| 5 |   30 |   0.3 | 2500 |      f1 |     269 |   295.0 |   290.0 |    1,69 |-0,0010 |1592512490474 |[0.013082862, 0.06890839, 0.62742424, 0.038449526, 0.006523788, 0.7556669, 0.55187947, 0.27534515, 0.35757512, 0.44214457] |
| 6 |   30 |  0.28 | 2500 |      f1 |     269 |   295.0 |   290.0 |    1,69 |-0,0010 |1592512491407 |[0.6909622, 0.6114986, 0.12645024, 0.15507871, 0.5655693, 0.3376429, 0.38737226, 0.5588188, 0.6779189, 0.051444232] |
| 6 |   30 |  0.45 | 2500 |      f1 |     269 |   295.0 |   290.0 |    1,69 |-0,0010 |1592512491407 |[0.6909622, 0.6114986, 0.12645024, 0.15507871, 0.5655693, 0.3376429, 0.38737226, 0.5588188, 0.6779189, 0.051444232] |
| 6 |   30 |0.33333334 | 2500 |      f1 |     269 |   295.0 |   290.0 |    1,69 |-0,0010 |1592512491407 |[0.6909622, 0.6114986, 0.12645024, 0.15507871, 0.5655693, 0.3376429, 0.38737226, 0.5588188, 0.6779189, 0.051444232] |
| 6 |   30 |0.33333334 | 2500 |      f1 |     269 |   295.0 |   290.0 |    1,69 |-0,0010 |1592512491407 |[0.6909622, 0.6114986, 0.12645024, 0.15507871, 0.5655693, 0.3376429, 0.38737226, 0.5588188, 0.6779189, 0.051444232] |
| 7 |   30 |  0.36 | 2500 |      f1 |     269 |   295.0 |   290.0 |    1,69 |-0,0010 |1592512492333 |[0.78625876, 0.5262479, 0.85543406, 0.26088047, 0.34161663, 0.25514275, 0.8435847, 0.3694572, 0.46224326, 0.65211433] |
| 7 |   30 |  0.45 | 2500 |      f1 |     269 |   295.0 |   290.0 |    1,69 |-0,0010 |1592512492333 |[0.78625876, 0.5262479, 0.85543406, 0.26088047, 0.34161663, 0.25514275, 0.8435847, 0.3694572, 0.46224326, 0.65211433] |
| 7 |   30 |   0.3 | 2500 |      f1 |     269 |   295.0 |   290.0 |    1,69 |-0,0010 |1592512492333 |[0.78625876, 0.5262479, 0.85543406, 0.26088047, 0.34161663, 0.25514275, 0.8435847, 0.3694572, 0.46224326, 0.65211433] |
| 7 |   30 |0.43333334 | 2500 |      f1 |     269 |   295.0 |   290.0 |    1,69 |-0,0010 |1592512492333 |[0.78625876, 0.5262479, 0.85543406, 0.26088047, 0.34161663, 0.25514275, 0.8435847, 0.3694572, 0.46224326, 0.65211433] |
| 8 |   30 |  0.32 | 2500 |      f1 |     269 |   295.0 |   290.0 |    1,69 |  0,0 |1592512493261 |[0.64855105, 0.35439903, 0.1554107, 0.43921995, 0.91790825, 0.81441253, 0.6672123, 0.10946041, 0.85047704, 0.4931519] |
| 8 |   30 |  0.45 | 2500 |      f1 |     269 |   295.0 |   290.0 |    1,69 |  0,0 |1592512493261 |[0.64855105, 0.35439903, 0.1554107, 0.43921995, 0.91790825, 0.81441253, 0.6672123, 0.10946041, 0.85047704, 0.4931519] |
| 8 |   30 |0.33333334 | 2500 |      f1 |     269 |   295.0 |   290.0 |    1,69 |  0,0 |1592512493261 |[0.64855105, 0.35439903, 0.1554107, 0.43921995, 0.91790825, 0.81441253, 0.6672123, 0.10946041, 0.85047704, 0.4931519] |
| 8 |   30 |0.36666667 | 2500 |      f1 |     269 |   295.0 |   290.0 |    1,69 |  0,0 |1592512493261 |[0.22516543, 0.012455583, 0.89709175, 0.28199893, 0.3446859, 0.762573, 0.5350811, 0.6705083, 0.75647366, 0.04095298] |
| 9 |   30 |  0.32 | 2500 |      f1 |     269 |   295.0 |   290.0 |    1,69 |-0,0010 |1592512494200 |[0.28761804, 0.5428886, 0.008273661, 0.52629066, 0.0147771835, 0.19570416, 0.6654348, 0.255498, 0.18113065, 0.25186968] |
| 9 |   30 |  0.45 | 2500 |      f1 |     269 |   295.0 |   290.0 |    1,69 |-0,0010 |1592512494200 |[0.28761804, 0.5428886, 0.008273661, 0.52629066, 0.0147771835, 0.19570416, 0.6654348, 0.255498, 0.18113065, 0.25186968] |
| 9 |   30 |  0.45 | 2500 |      f1 |     269 |   295.0 |   290.0 |    1,69 |-0,0010 |1592512494200 |[0.28761804, 0.5428886, 0.008273661, 0.52629066, 0.0147771835, 0.19570416, 0.6654348, 0.255498, 0.18113065, 0.25186968] |
| 9 |   30 |  0.45 | 2500 |      f1 |     269 |   295.0 |   290.0 |    1,69 |-0,0010 |1592512494200 |[0.28761804, 0.5428886, 0.008273661, 0.52629066, 0.0147771835, 0.19570416, 0.6654348, 0.255498, 0.18113065, 0.25186968] |
|10 |   30 |  0.36 | 2500 |      f1 |     269 |   295.0 |   290.0 |    1,69 |-0,0010 |1592512495133 |[0.46286082, 0.96160454, 0.9011318, 0.6606921, 0.09637672, 0.9169339, 0.29823214, 0.11412543, 0.6146671, 0.7171629] |
|10 |   30 |  0.45 | 2500 |      f1 |     269 |   295.0 |   290.0 |    1,69 |-0,0010 |1592512495133 |[0.46286082, 0.96160454, 0.9011318, 0.6606921, 0.09637672, 0.9169339, 0.29823214, 0.11412543, 0.6146671, 0.7171629] |
|10 |   30 |0.36666667 | 2500 |      f1 |     269 |   295.0 |   290.0 |    1,69 |-0,0010 |1592512495133 |[0.46286082, 0.96160454, 0.9011318, 0.6606921, 0.09637672, 0.9169339, 0.29823214, 0.11412543, 0.6146671, 0.7171629] |
|10 |   30 |0.33333334 | 2500 |      f1 |     269 |   295.0 |   290.0 |    1,69 |-0,0010 |1592512495133 |[0.46286082, 0.96160454, 0.9011318, 0.6606921, 0.09637672, 0.9169339, 0.29823214, 0.11412543, 0.6146671, 0.7171629] |
|11 |   30 |  0.45 | 2500 |      f1 |     269 |   295.0 |   290.0 |    1,69 |  0,0 |1592512496065 |[0.8110313, 0.537641, 0.8846843, 0.7192066, 0.26749867, 0.652897, 0.71376985, 0.62998194, 0.79959625, 0.099069536] |
|11 |   30 |  0.45 | 2500 |      f1 |     269 |   295.0 |   290.0 |    1,69 |  0,0 |1592512496065 |[0.8110313, 0.537641, 0.8846843, 0.7192066, 0.26749867, 0.652897, 0.71376985, 0.62998194, 0.79959625, 0.099069536] |
|11 |   30 |0.26666668 | 2500 |      f1 |     269 |   295.0 |   290.0 |    1,69 |  0,0 |1592512496065 |[0.8110313, 0.537641, 0.8846843, 0.7192066, 0.26749867, 0.652897, 0.71376985, 0.62998194, 0.79959625, 0.099069536] |
|11 |   30 |0.33333334 | 2500 |      f1 |     269 |   295.0 |   290.0 |    1,69 |  0,0 |1592512496065 |[0.8110313, 0.537641, 0.8846843, 0.7192066, 0.26749867, 0.652897, 0.71376985, 0.62998194, 0.79959625, 0.099069536] |
|12 |   30 |  0.12 | 2500 |      f1 |     269 |   295.0 |   290.0 |    1,69 |-0,0010 |1592512496996 |[0.6764307, 0.05966699, 0.7304203, 0.30428255, 0.5706179, 0.29762155, 0.11369711, 0.31650925, 0.61308384, 0.24721557] |
|12 |   30 |  0.45 | 2500 |      f1 |     269 |   295.0 |   290.0 |    1,69 |-0,0010 |1592512496996 |[0.6764307, 0.05966699, 0.7304203, 0.30428255, 0.5706179, 0.29762155, 0.11369711, 0.31650925, 0.61308384, 0.24721557] |
|12 |   30 |0.36666667 | 2500 |      f1 |     269 |   295.0 |   290.0 |    1,69 |-0,0010 |1592512496996 |[0.6764307, 0.05966699, 0.7304203, 0.30428255, 0.5706179, 0.29762155, 0.11369711, 0.31650925, 0.61308384, 0.24721557] |
|12 |   30 |0.23333333 | 2500 |      f1 |     269 |   295.0 |   290.0 |    1,69 |-0,0010 |1592512496996 |[0.6764307, 0.05966699, 0.7304203, 0.30428255, 0.5706179, 0.29762155, 0.11369711, 0.31650925, 0.61308384, 0.24721557] |
|13 |   30 |   0.4 | 2500 |      f1 |     269 |   295.0 |   290.0 |    1,69 |-0,0010 |1592512497917 |[0.119847536, 0.04879886, 0.94315827, 0.88431627, 0.45714664, 0.496418, 0.25866383, 0.38059485, 0.07389921, 0.765003] |
|13 |   30 |  0.45 | 2500 |      f1 |     269 |   295.0 |   290.0 |    1,69 |-0,0010 |1592512497917 |[0.119847536, 0.04879886, 0.94315827, 0.88431627, 0.45714664, 0.496418, 0.25866383, 0.38059485, 0.07389921, 0.765003] |
|13 |   30 |  0.45 | 2500 |      f1 |     269 |   295.0 |   290.0 |    1,69 |-0,0010 |1592512497917 |[0.119847536, 0.04879886, 0.94315827, 0.88431627, 0.45714664, 0.496418, 0.25866383, 0.38059485, 0.07389921, 0.765003] |
|13 |   30 |0.36666667 | 2500 |      f1 |     269 |   295.0 |   290.0 |    1,69 |-0,0010 |1592512497917 |[0.9165019, 0.18830329, 0.45532906, 0.81678754, 0.15156174, 0.44052595, 0.42260975, 0.26325852, 0.3524422, 0.47847694] |
|14 |   30 |   0.4 | 2500 |      f1 |     269 |   295.0 |   290.0 |    1,69 |-0,0010 |1592512498840 |[0.24188411, 0.71755743, 0.5440288, 0.5202041, 0.8743822, 0.6067237, 0.7845936, 0.09980428, 0.95721066, 0.10199654] |
|14 |   30 |  0.45 | 2500 |      f1 |     269 |   295.0 |   290.0 |    1,69 |-0,0010 |1592512498840 |[0.24188411, 0.71755743, 0.5440288, 0.5202041, 0.8743822, 0.6067237, 0.7845936, 0.09980428, 0.95721066, 0.10199654] |
|14 |   30 |  0.45 | 2500 |      f1 |     269 |   295.0 |   290.0 |    1,69 |-0,0010 |1592512498840 |[0.24188411, 0.71755743, 0.5440288, 0.5202041, 0.8743822, 0.6067237, 0.7845936, 0.09980428, 0.95721066, 0.10199654] |
|14 |   30 |0.23333333 | 2500 |      f1 |     269 |   295.0 |   290.0 |    1,69 |-0,0010 |1592512498840 |[0.07316595, 0.4004683, 0.23467731, 0.4504509, 0.6734541, 0.25038284, 0.3285526, 0.3307925, 0.05962324, 0.4542688] |
|15 |   30 |  0.45 | 2500 |      f1 |     269 |   295.0 |   290.0 |    1,69 |-0,0010 |1592512499758 |[0.553371, 0.96972483, 0.62686825, 0.3384214, 0.07074529, 0.43808293, 0.19897312, 0.8241025, 0.35563666, 0.94799787] |
|15 |   30 |  0.45 | 2500 |      f1 |     269 |   295.0 |   290.0 |    1,69 |-0,0010 |1592512499758 |[0.553371, 0.96972483, 0.62686825, 0.3384214, 0.07074529, 0.43808293, 0.19897312, 0.8241025, 0.35563666, 0.94799787] |
|15 |   30 |0.43333334 | 2500 |      f1 |     269 |   295.0 |   290.0 |    1,69 |-0,0010 |1592512499758 |[0.553371, 0.96972483, 0.62686825, 0.3384214, 0.07074529, 0.43808293, 0.19897312, 0.8241025, 0.35563666, 0.94799787] |
|15 |   30 |   0.3 | 2500 |      f1 |     269 |   295.0 |   290.0 |    1,69 |-0,0010 |1592512499758 |[0.553371, 0.96972483, 0.62686825, 0.3384214, 0.07074529, 0.43808293, 0.19897312, 0.8241025, 0.35563666, 0.94799787] |
