| # | Nest | %Desc |#Iter |Instancia | CapMoch |ValOptmo | BestFit |     RDP | time |      semilla |VectorSolucion |
-------------------------------------------------------------------------------------------------
| 1 |   25 |  0.25 | 2500 |      f8 |   10000 |  9767.0 |  9259.0 |    5,20 |-1,6e+09 |1592499820561 |[0.06897879, 0.9525185, 0.54997087, 0.7575554, 0.3537907, 0.32426018, 0.1702677, 0.7545078, 0.4473099, 0.7350627, 0.68286985, 0.9187625, 0.044784248, 0.083319545, 0.8629848, 0.42231882, 0.91622376, 0.45540833, 0.21306527, 0.42072326, 0.37815762, 0.38094229, 0.62240094] |
| 2 |   25 |  0.25 | 2500 |      f8 |   10000 |  9767.0 |  9259.0 |    5,20 |-0,0010 |1592499823061 |[0.17098325, 0.9371988, 0.7562082, 0.7659088, 0.9727467, 0.27337205, 0.7520615, 0.39646667, 0.9161381, 0.36306173, 0.5563921, 0.010836124, 0.92815095, 0.7529485, 0.31508672, 0.3402183, 0.4065957, 0.6681691, 0.1333515, 0.7277867, 0.81186724, 0.98495203, 0.61713666] |
| 3 |   25 |  0.25 | 2500 |      f8 |   10000 |  9767.0 |  9259.0 |    5,20 |-0,0010 |1592499825570 |[0.71443117, 0.007322192, 0.60624933, 0.17510694, 0.40267354, 0.36634535, 0.023932815, 0.25500906, 0.775591, 0.62682295, 0.3520785, 0.9533632, 0.02719295, 0.10020107, 0.3996334, 0.3324595, 0.7371346, 0.59659725, 0.021777153, 0.1952272, 0.6501184, 0.43501914, 0.18407416] |
| 4 |   25 |  0.25 | 2500 |      f8 |   10000 |  9767.0 |  9259.0 |    5,20 |  0,0 |1592499828016 |[0.891175, 0.40381843, 0.7029517, 0.21581668, 0.2217499, 0.08065802, 0.6533005, 0.22630274, 0.68646634, 0.4812026, 0.8096523, 0.60301024, 0.32819295, 0.065766156, 0.029069066, 0.07053834, 0.68755037, 0.7459027, 0.655416, 0.36577022, 0.054656446, 0.13394696, 0.60725343] |
| 5 |   25 |  0.25 | 2500 |      f8 |   10000 |  9767.0 |  9259.0 |    5,20 |-0,0010 |1592499830490 |[0.8033614, 0.74087346, 0.07668352, 0.3653105, 0.3824374, 0.59881115, 0.82296306, 0.056384623, 0.327541, 0.7346815, 0.7561082, 0.9346128, 0.2312299, 0.9803612, 0.24960524, 0.4673702, 0.98957634, 0.90530217, 0.18434381, 0.99348605, 0.27185088, 0.4871297, 0.7010867] |
| 6 |   25 |  0.25 | 2500 |      f8 |   10000 |  9767.0 |  9259.0 |    5,20 |-0,0010 |1592499832956 |[0.75099903, 0.9930427, 0.12979567, 0.6854859, 0.25885367, 0.33686262, 0.5594583, 0.2165901, 0.9092555, 0.7484109, 0.29593682, 0.77766067, 0.4819237, 0.7691758, 0.12434089, 0.68632245, 0.70341283, 0.9215938, 0.40664786, 0.20725119, 0.20548868, 0.6658552, 0.60468316] |
| 7 |   25 |  0.25 | 2500 |      f8 |   10000 |  9767.0 |  9259.0 |    5,20 |-0,0010 |1592499835416 |[0.5353694, 0.04649937, 0.07866168, 0.072645605, 0.33738375, 0.56691813, 0.4651137, 0.43998593, 0.5954915, 0.78882086, 0.35814685, 0.32475626, 0.7165012, 0.42249227, 0.111227036, 0.96535295, 0.6098059, 0.23628181, 0.124180615, 0.885345, 0.5221054, 0.9713646, 0.4375596] |
| 8 |   25 |  0.25 | 2500 |      f8 |   10000 |  9767.0 |  9259.0 |    5,20 |  0,0 |1592499837877 |[0.9629931, 0.28636366, 0.70673037, 0.24903357, 0.32387877, 0.2823679, 0.66868603, 0.73511904, 0.41523224, 0.035933077, 0.5548338, 0.3447101, 0.8383199, 0.7036519, 0.46556526, 0.9357043, 0.6401149, 0.45571065, 0.49821955, 0.43607205, 0.6980106, 0.1739645, 0.80355704] |
| 9 |   25 |  0.25 | 2500 |      f8 |   10000 |  9767.0 |  9259.0 |    5,20 |-0,0010 |1592499840351 |[0.869646, 0.16874605, 0.8429342, 0.8082362, 0.2513734, 0.09722102, 0.7552906, 0.6568816, 0.8686542, 0.5292262, 0.26089185, 0.53911746, 0.08470386, 0.38276345, 0.8908565, 0.7895742, 0.1525271, 0.824281, 0.13906884, 0.90157807, 0.82433116, 0.34939998, 0.7417368] |
|10 |   25 |  0.25 | 2500 |      f8 |   10000 |  9767.0 |  9259.0 |    5,20 |  0,0 |1592499842814 |[0.98895925, 0.27184182, 0.6397927, 0.6985662, 0.025072455, 0.33275908, 0.50927544, 0.53205115, 0.74153864, 0.7037911, 0.8395042, 0.90528107, 0.23540539, 0.61210513, 0.2237277, 0.9151349, 0.8568368, 0.44747794, 0.3683794, 0.091766596, 0.3174073, 0.059339523, 0.8967861] |
|11 |   25 |  0.25 | 2500 |      f8 |   10000 |  9767.0 |  9259.0 |    5,20 |-0,0010 |1592499845275 |[0.78519446, 0.57774, 0.5376596, 0.030981481, 0.30115205, 0.54726195, 0.32141447, 0.97594094, 0.9919423, 0.13198704, 0.5425705, 0.02639705, 0.99241483, 0.06921369, 0.8358248, 0.35190982, 0.89601344, 0.2158913, 0.5414044, 0.2355445, 0.9440625, 0.22921538, 0.64360803] |
|12 |   25 |  0.25 | 2500 |      f8 |   10000 |  9767.0 |  9259.0 |    5,20 |-0,0010 |1592499847732 |[0.9287261, 0.106046855, 0.14501, 0.76715314, 0.18790585, 0.9178805, 0.3860873, 0.6552144, 0.46244693, 0.49471033, 0.19235402, 0.82062787, 0.86296684, 0.027229548, 0.25198847, 0.2996595, 0.27190846, 0.969091, 0.33603305, 0.6303562, 0.31816727, 0.4520486, 0.16347933] |
|13 |   25 |  0.25 | 2500 |      f8 |   10000 |  9767.0 |  9259.0 |    5,20 |  0,0 |1592499850202 |[0.12429565, 0.0011700392, 0.574836, 0.27947092, 0.7894658, 0.13134587, 0.34916002, 0.9574744, 0.7343061, 0.71273416, 0.79620755, 0.723008, 0.08649498, 0.57453483, 0.18365341, 0.9752076, 0.7848741, 0.23012245, 0.4585017, 0.77021515, 0.17167228, 0.6509145, 0.5448824] |
|14 |   25 |  0.25 | 2500 |      f8 |   10000 |  9767.0 |  9259.0 |    5,20 |  0,0 |1592499852679 |[0.084305406, 0.32660127, 0.898312, 0.8869153, 0.8401946, 0.6839786, 0.1468792, 0.6815825, 0.60040456, 0.32311255, 0.029121995, 0.23730636, 0.27268678, 0.049587667, 0.46789092, 0.2395994, 0.29847026, 0.8007548, 0.7308447, 0.5482186, 0.5518624, 0.6977193, 0.79623955] |
|15 |   25 |  0.25 | 2500 |      f8 |   10000 |  9767.0 |  9259.0 |    5,20 |  0,0 |1592499855138 |[0.5087579, 0.3482638, 0.111329794, 0.5512038, 0.4048308, 0.5373445, 0.84213597, 0.6534738, 0.21198231, 0.5181507, 0.701753, 0.12697333, 0.33837372, 0.98822707, 0.5296748, 0.47125363, 0.36737907, 0.59219503, 0.61703026, 0.70529157, 0.3880775, 0.77629626, 0.27033395] |
