|Instancia |Ejecucion |Iteracion |Iter Max |Nidos |   %Pa |tipoDiscretizacion |tipoBinarizacion | CapMoch |   Optmo |OptimoObtenido |     RDP | time |      semilla |VectorSolucionReal |VectorSolucionBinario |
-------------------------------------------------------------------------------------------------
|      f9 | 1 |       1 |    5000 |   50 |  0.25 |standard | sshape3 |      80 |   130.0 |   130.0 |    0,00 |-1,6e+09 |1592654872105 |[0.15617526, 0.9857674, 0.9606205, 0.819081, 0.39822906] |[1.0, 1.0, 1.0, 1.0, 0.0] |
|      f9 | 1 |       2 |    5000 |   50 |  0.25 |standard | sshape3 |      80 |   130.0 |   130.0 |    0,00 |0,0020 |1592654872105 |[0.15617526, 0.9857674, 0.9606205, 0.819081, 0.39822906] |[1.0, 1.0, 1.0, 1.0, 0.0] |
|      f9 | 2 |       1 |    5000 |   50 |  0.25 |standard | sshape3 |      80 |   130.0 |   130.0 |    0,00 |  0,0 |1592654872107 |[0.5649889, 0.17923737, 0.4905548, 0.49641806, 0.39852583] |[1.0, 1.0, 1.0, 1.0, 0.0] |
|      f9 | 2 |       2 |    5000 |   50 |  0.25 |standard | sshape3 |      80 |   130.0 |   130.0 |    0,00 |  0,0 |1592654872107 |[0.5649889, 0.17923737, 0.4905548, 0.49641806, 0.39852583] |[1.0, 1.0, 1.0, 1.0, 0.0] |
|      f9 | 3 |       1 |    5000 |   50 |  0.25 |standard | sshape3 |      80 |   130.0 |   130.0 |    0,00 |  0,0 |1592654872107 |[0.32406825, 0.4107164, 0.69835097, 0.9943724, 0.2735262] |[1.0, 1.0, 1.0, 1.0, 0.0] |
|      f9 | 3 |       2 |    5000 |   50 |  0.25 |standard | sshape3 |      80 |   130.0 |   130.0 |    0,00 |0,0010 |1592654872107 |[0.32406825, 0.4107164, 0.69835097, 0.9943724, 0.2735262] |[1.0, 1.0, 1.0, 1.0, 0.0] |
|      f9 | 4 |       1 |    5000 |   50 |  0.25 |standard | sshape3 |      80 |   130.0 |   130.0 |    0,00 |  0,0 |1592654872108 |[0.09609461, 0.17961425, 0.150083, 0.5775942, 0.6080338] |[1.0, 1.0, 1.0, 1.0, 0.0] |
|      f9 | 4 |       2 |    5000 |   50 |  0.25 |standard | sshape3 |      80 |   130.0 |   130.0 |    0,00 |  0,0 |1592654872108 |[0.09609461, 0.17961425, 0.150083, 0.5775942, 0.6080338] |[1.0, 1.0, 1.0, 1.0, 0.0] |
|      f9 | 5 |       1 |    5000 |   50 |  0.25 |standard | sshape3 |      80 |   130.0 |   130.0 |    0,00 |-0,0010 |1592654872109 |[0.14878446, 0.72108686, 0.29116058, 0.4544086, 0.39113808] |[1.0, 0.0, 1.0, 1.0, 1.0] |
|      f9 | 5 |       2 |    5000 |   50 |  0.25 |standard | sshape3 |      80 |   130.0 |   130.0 |    0,00 |  0,0 |1592654872109 |[0.14878446, 0.72108686, 0.29116058, 0.4544086, 0.39113808] |[1.0, 0.0, 1.0, 1.0, 1.0] |
|      f9 | 6 |       1 |    5000 |   50 |  0.25 |standard | sshape3 |      80 |   130.0 |   130.0 |    0,00 |  0,0 |1592654872109 |[0.32001573, 0.21031737, 0.90376896, 0.6887088, 0.3194428] |[1.0, 0.0, 1.0, 1.0, 1.0] |
|      f9 | 6 |       2 |    5000 |   50 |  0.25 |standard | sshape3 |      80 |   130.0 |   130.0 |    0,00 |  0,0 |1592654872109 |[0.32001573, 0.21031737, 0.90376896, 0.6887088, 0.3194428] |[1.0, 0.0, 1.0, 1.0, 1.0] |
|      f9 | 7 |       1 |    5000 |   50 |  0.25 |standard | sshape3 |      80 |   130.0 |   130.0 |    0,00 |-0,0010 |1592654872110 |[0.2094233, 0.96171093, 0.60880643, 0.6164693, 0.67243683] |[1.0, 1.0, 1.0, 1.0, 0.0] |
|      f9 | 7 |       2 |    5000 |   50 |  0.25 |standard | sshape3 |      80 |   130.0 |   130.0 |    0,00 |  0,0 |1592654872110 |[0.2094233, 0.96171093, 0.60880643, 0.6164693, 0.67243683] |[1.0, 1.0, 1.0, 1.0, 0.0] |
|      f9 | 8 |       1 |    5000 |   50 |  0.25 |standard | sshape3 |      80 |   130.0 |   130.0 |    0,00 |  0,0 |1592654872110 |[0.6467845, 0.11589289, 0.8332486, 0.06551486, 0.23012519] |[1.0, 1.0, 1.0, 1.0, 0.0] |
|      f9 | 8 |       2 |    5000 |   50 |  0.25 |standard | sshape3 |      80 |   130.0 |   130.0 |    0,00 |  0,0 |1592654872110 |[0.6467845, 0.11589289, 0.8332486, 0.06551486, 0.23012519] |[1.0, 1.0, 1.0, 1.0, 0.0] |
|      f9 | 9 |       1 |    5000 |   50 |  0.25 |standard | sshape3 |      80 |   130.0 |   130.0 |    0,00 |-0,0010 |1592654872111 |[1.0E-12, 0.77276206, 0.87675893, 0.54129946, 0.49879813] |[1.0, 1.0, 1.0, 1.0, 0.0] |
|      f9 | 9 |       2 |    5000 |   50 |  0.25 |standard | sshape3 |      80 |   130.0 |   130.0 |    0,00 |  0,0 |1592654872111 |[1.0E-12, 0.77276206, 0.87675893, 0.54129946, 0.49879813] |[1.0, 1.0, 1.0, 1.0, 0.0] |
|      f9 |10 |       1 |    5000 |   50 |  0.25 |standard | sshape3 |      80 |   130.0 |   130.0 |    0,00 |  0,0 |1592654872111 |[0.8517612, 0.4862463, 0.36589724, 0.3191316, 0.788914] |[1.0, 1.0, 1.0, 1.0, 0.0] |
|      f9 |10 |       2 |    5000 |   50 |  0.25 |standard | sshape3 |      80 |   130.0 |   130.0 |    0,00 |0,0010 |1592654872111 |[0.8517612, 0.4862463, 0.36589724, 0.3191316, 0.788914] |[1.0, 1.0, 1.0, 1.0, 0.0] |
|      f9 |11 |       1 |    5000 |   50 |  0.25 |standard | sshape3 |      80 |   130.0 |   130.0 |    0,00 |  0,0 |1592654872112 |[0.39618772, 0.15023208, 0.7026583, 0.31649917, 0.60020006] |[1.0, 1.0, 1.0, 1.0, 0.0] |
|      f9 |11 |       2 |    5000 |   50 |  0.25 |standard | sshape3 |      80 |   130.0 |   130.0 |    0,00 |  0,0 |1592654872112 |[0.39618772, 0.15023208, 0.7026583, 0.31649917, 0.60020006] |[1.0, 1.0, 1.0, 1.0, 0.0] |
|      f9 |12 |       1 |    5000 |   50 |  0.25 |standard | sshape3 |      80 |   130.0 |   130.0 |    0,00 |  0,0 |1592654872112 |[0.55801994, 1.0E-12, 0.45857814, 1.0E-12, 0.72714305] |[1.0, 1.0, 1.0, 1.0, 0.0] |
|      f9 |12 |       2 |    5000 |   50 |  0.25 |standard | sshape3 |      80 |   130.0 |   130.0 |    0,00 |  0,0 |1592654872112 |[0.55801994, 1.0E-12, 0.45857814, 1.0E-12, 0.72714305] |[1.0, 1.0, 1.0, 1.0, 0.0] |
|      f9 |13 |       1 |    5000 |   50 |  0.25 |standard | sshape3 |      80 |   130.0 |   130.0 |    0,00 |-0,0010 |1592654872113 |[0.9068927, 0.3379897, 0.57881624, 0.831224, 0.24733847] |[1.0, 1.0, 1.0, 1.0, 0.0] |
|      f9 |13 |       2 |    5000 |   50 |  0.25 |standard | sshape3 |      80 |   130.0 |   130.0 |    0,00 |  0,0 |1592654872113 |[0.9068927, 0.3379897, 0.57881624, 0.831224, 0.24733847] |[1.0, 1.0, 1.0, 1.0, 0.0] |
|      f9 |14 |       1 |    5000 |   50 |  0.25 |standard | sshape3 |      80 |   130.0 |   130.0 |    0,00 |  0,0 |1592654872113 |[0.47349298, 0.3268404, 0.72673655, 0.9323508, 0.27004713] |[1.0, 1.0, 1.0, 1.0, 0.0] |
|      f9 |14 |       2 |    5000 |   50 |  0.25 |standard | sshape3 |      80 |   130.0 |   130.0 |    0,00 |  0,0 |1592654872113 |[0.47349298, 0.3268404, 0.72673655, 0.9323508, 0.27004713] |[1.0, 1.0, 1.0, 1.0, 0.0] |
|      f9 |15 |       1 |    5000 |   50 |  0.25 |standard | sshape3 |      80 |   130.0 |   130.0 |    0,00 |  0,0 |1592654872113 |[0.604296, 0.36638093, 0.68830055, 0.80950576, 0.55627567] |[1.0, 1.0, 1.0, 1.0, 0.0] |
|      f9 |15 |       2 |    5000 |   50 |  0.25 |standard | sshape3 |      80 |   130.0 |   130.0 |    0,00 |0,0010 |1592654872113 |[0.604296, 0.36638093, 0.68830055, 0.80950576, 0.55627567] |[1.0, 1.0, 1.0, 1.0, 0.0] |
|      f9 |16 |       1 |    5000 |   50 |  0.25 |standard | sshape3 |      80 |   130.0 |   130.0 |    0,00 |  0,0 |1592654872114 |[0.34208763, 0.17513919, 0.6641036, 0.32701647, 0.04879743] |[1.0, 1.0, 1.0, 1.0, 0.0] |
|      f9 |16 |       2 |    5000 |   50 |  0.25 |standard | sshape3 |      80 |   130.0 |   130.0 |    0,00 |  0,0 |1592654872114 |[0.34208763, 0.17513919, 0.6641036, 0.32701647, 0.04879743] |[1.0, 1.0, 1.0, 1.0, 0.0] |
|      f9 |17 |       1 |    5000 |   50 |  0.25 |standard | sshape3 |      80 |   130.0 |   130.0 |    0,00 |  0,0 |1592654872114 |[0.18469602, 0.94168144, 0.7215746, 0.0117409825, 0.93787676] |[1.0, 1.0, 1.0, 1.0, 0.0] |
|      f9 |17 |       2 |    5000 |   50 |  0.25 |standard | sshape3 |      80 |   130.0 |   130.0 |    0,00 |0,0010 |1592654872114 |[0.18469602, 0.94168144, 0.7215746, 0.0117409825, 0.93787676] |[1.0, 1.0, 1.0, 1.0, 0.0] |
|      f9 |18 |       1 |    5000 |   50 |  0.25 |standard | sshape3 |      80 |   130.0 |   130.0 |    0,00 |  0,0 |1592654872115 |[0.63800937, 0.26756153, 0.9404577, 0.5577311, 0.6862488] |[1.0, 1.0, 1.0, 1.0, 0.0] |
|      f9 |18 |       2 |    5000 |   50 |  0.25 |standard | sshape3 |      80 |   130.0 |   130.0 |    0,00 |  0,0 |1592654872115 |[0.63800937, 0.26756153, 0.9404577, 0.5577311, 0.6862488] |[1.0, 1.0, 1.0, 1.0, 0.0] |
|      f9 |19 |       1 |    5000 |   50 |  0.25 |standard | sshape3 |      80 |   130.0 |   130.0 |    0,00 |  0,0 |1592654872115 |[0.6738745, 0.63604236, 0.6245227, 0.0051404303, 0.9484617] |[1.0, 1.0, 1.0, 1.0, 0.0] |
|      f9 |19 |       2 |    5000 |   50 |  0.25 |standard | sshape3 |      80 |   130.0 |   130.0 |    0,00 |0,0010 |1592654872115 |[0.6738745, 0.63604236, 0.6245227, 0.0051404303, 0.9484617] |[1.0, 1.0, 1.0, 1.0, 0.0] |
|      f9 |20 |       1 |    5000 |   50 |  0.25 |standard | sshape3 |      80 |   130.0 |   130.0 |    0,00 |  0,0 |1592654872116 |[0.8031775, 0.07699224, 0.8068268, 0.931677, 0.5346602] |[1.0, 1.0, 1.0, 1.0, 0.0] |
|      f9 |20 |       2 |    5000 |   50 |  0.25 |standard | sshape3 |      80 |   130.0 |   130.0 |    0,00 |  0,0 |1592654872116 |[0.8031775, 0.07699224, 0.8068268, 0.931677, 0.5346602] |[1.0, 1.0, 1.0, 1.0, 0.0] |
|      f9 |21 |       1 |    5000 |   50 |  0.25 |standard | sshape3 |      80 |   130.0 |   130.0 |    0,00 |  0,0 |1592654872116 |[0.48217484, 0.7496561, 0.28938165, 0.15551202, 0.75888586] |[1.0, 1.0, 1.0, 1.0, 0.0] |
|      f9 |21 |       2 |    5000 |   50 |  0.25 |standard | sshape3 |      80 |   130.0 |   130.0 |    0,00 |  0,0 |1592654872116 |[0.48217484, 0.7496561, 0.28938165, 0.15551202, 0.75888586] |[1.0, 1.0, 1.0, 1.0, 0.0] |
|      f9 |22 |       1 |    5000 |   50 |  0.25 |standard | sshape3 |      80 |   130.0 |   130.0 |    0,00 |-0,0010 |1592654872117 |[0.9621297, 0.65428704, 0.32812685, 0.94725424, 0.70405215] |[0.0, 1.0, 1.0, 1.0, 1.0] |
|      f9 |22 |       2 |    5000 |   50 |  0.25 |standard | sshape3 |      80 |   130.0 |   130.0 |    0,00 |  0,0 |1592654872117 |[0.9621297, 0.65428704, 0.32812685, 0.94725424, 0.70405215] |[0.0, 1.0, 1.0, 1.0, 1.0] |
|      f9 |23 |       1 |    5000 |   50 |  0.25 |standard | sshape3 |      80 |   130.0 |   130.0 |    0,00 |  0,0 |1592654872117 |[0.7261891, 0.50085175, 0.77283615, 0.8774222, 0.8487428] |[0.0, 1.0, 1.0, 1.0, 1.0] |
|      f9 |23 |       2 |    5000 |   50 |  0.25 |standard | sshape3 |      80 |   130.0 |   130.0 |    0,00 |0,0010 |1592654872117 |[0.7261891, 0.50085175, 0.77283615, 0.8774222, 0.8487428] |[0.0, 1.0, 1.0, 1.0, 1.0] |
|      f9 |24 |       1 |    5000 |   50 |  0.25 |standard | sshape3 |      80 |   130.0 |   130.0 |    0,00 |  0,0 |1592654872118 |[0.112935364, 0.43552783, 0.92372656, 0.6371644, 0.2290686] |[0.0, 1.0, 1.0, 1.0, 1.0] |
|      f9 |24 |       2 |    5000 |   50 |  0.25 |standard | sshape3 |      80 |   130.0 |   130.0 |    0,00 |  0,0 |1592654872118 |[0.112935364, 0.43552783, 0.92372656, 0.6371644, 0.2290686] |[0.0, 1.0, 1.0, 1.0, 1.0] |
|      f9 |25 |       1 |    5000 |   50 |  0.25 |standard | sshape3 |      80 |   130.0 |   130.0 |    0,00 |  0,0 |1592654872118 |[0.911246, 0.7331549, 0.996696, 0.5585581, 0.43414265] |[0.0, 1.0, 1.0, 1.0, 1.0] |
|      f9 |25 |       2 |    5000 |   50 |  0.25 |standard | sshape3 |      80 |   130.0 |   130.0 |    0,00 |0,0020 |1592654872118 |[0.911246, 0.7331549, 0.996696, 0.5585581, 0.43414265] |[0.0, 1.0, 1.0, 1.0, 1.0] |
|      f9 |26 |       1 |    5000 |   50 |  0.25 |standard | sshape3 |      80 |   130.0 |   130.0 |    0,00 |  0,0 |1592654872120 |[1.0E-12, 0.99599403, 0.38573015, 0.43353802, 0.624637] |[1.0, 1.0, 1.0, 1.0, 0.0] |
|      f9 |26 |       2 |    5000 |   50 |  0.25 |standard | sshape3 |      80 |   130.0 |   130.0 |    0,00 |  0,0 |1592654872120 |[1.0E-12, 0.99599403, 0.38573015, 0.43353802, 0.624637] |[1.0, 1.0, 1.0, 1.0, 0.0] |
|      f9 |27 |       1 |    5000 |   50 |  0.25 |standard | sshape3 |      80 |   130.0 |   130.0 |    0,00 |  0,0 |1592654872120 |[0.5270064, 0.6214911, 0.96096677, 0.31206232, 0.83255994] |[1.0, 1.0, 1.0, 1.0, 0.0] |
|      f9 |27 |       2 |    5000 |   50 |  0.25 |standard | sshape3 |      80 |   130.0 |   130.0 |    0,00 |0,0010 |1592654872120 |[0.5270064, 0.6214911, 0.96096677, 0.31206232, 0.83255994] |[1.0, 1.0, 1.0, 1.0, 0.0] |
|      f9 |28 |       1 |    5000 |   50 |  0.25 |standard | sshape3 |      80 |   130.0 |   130.0 |    0,00 |  0,0 |1592654872121 |[0.73164994, 0.6838788, 0.32374266, 0.8070534, 0.7293512] |[1.0, 0.0, 1.0, 1.0, 1.0] |
|      f9 |28 |       2 |    5000 |   50 |  0.25 |standard | sshape3 |      80 |   130.0 |   130.0 |    0,00 |  0,0 |1592654872121 |[0.73164994, 0.6838788, 0.32374266, 0.8070534, 0.7293512] |[1.0, 0.0, 1.0, 1.0, 1.0] |
|      f9 |29 |       1 |    5000 |   50 |  0.25 |standard | sshape3 |      80 |   130.0 |   130.0 |    0,00 |  0,0 |1592654872121 |[0.47339797, 0.38249305, 0.04272987, 0.120111875, 0.2732386] |[1.0, 1.0, 1.0, 1.0, 0.0] |
|      f9 |29 |       2 |    5000 |   50 |  0.25 |standard | sshape3 |      80 |   130.0 |   130.0 |    0,00 |0,0010 |1592654872121 |[0.47339797, 0.38249305, 0.04272987, 0.120111875, 0.2732386] |[1.0, 1.0, 1.0, 1.0, 0.0] |
|      f9 |30 |       1 |    5000 |   50 |  0.25 |standard | sshape3 |      80 |   130.0 |   130.0 |    0,00 |  0,0 |1592654872122 |[0.14726979, 0.9386183, 0.97741115, 0.7890958, 0.6878024] |[1.0, 1.0, 1.0, 1.0, 0.0] |
|      f9 |30 |       2 |    5000 |   50 |  0.25 |standard | sshape3 |      80 |   130.0 |   130.0 |    0,00 |  0,0 |1592654872122 |[0.14726979, 0.9386183, 0.97741115, 0.7890958, 0.6878024] |[1.0, 1.0, 1.0, 1.0, 0.0] |
|      f9 |31 |       1 |    5000 |   50 |  0.25 |standard | sshape3 |      80 |   130.0 |   130.0 |    0,00 |-0,0010 |1592654872123 |[0.05887705, 0.2156961, 0.9070806, 0.43007094, 0.7070071] |[1.0, 1.0, 1.0, 1.0, 0.0] |
|      f9 |31 |       2 |    5000 |   50 |  0.25 |standard | sshape3 |      80 |   130.0 |   130.0 |    0,00 |  0,0 |1592654872123 |[0.05887705, 0.2156961, 0.9070806, 0.43007094, 0.7070071] |[1.0, 1.0, 1.0, 1.0, 0.0] |
