| # | Nest | %Desc |#Iter |Instancia | CapMoch |ValOptmo | BestFit |     RDP | time |      semilla |VectorSolucion |
-------------------------------------------------------------------------------------------------
| 1 |   70 |  0.45 | 5000 |      f1 |     269 |   295.0 |   290.0 |    1,69 |-1,6e+09 |1592512548349 |[0.5062279, 0.33977842, 0.33652204, 0.69252616, 0.88038003, 0.22406662, 0.7490869, 0.305758, 0.90170395, 0.16390806] |
| 1 |   70 |  0.45 | 5000 |      f1 |     269 |   295.0 |   290.0 |    1,69 |-1,6e+09 |1592512548349 |[0.5062279, 0.33977842, 0.33652204, 0.69252616, 0.88038003, 0.22406662, 0.7490869, 0.305758, 0.90170395, 0.16390806] |
| 1 |   70 |   0.4 | 5000 |      f1 |     269 |   295.0 |   290.0 |    1,69 |-1,6e+09 |1592512548349 |[0.5062279, 0.33977842, 0.33652204, 0.69252616, 0.88038003, 0.22406662, 0.7490869, 0.305758, 0.90170395, 0.16390806] |
| 1 |   70 |0.37142858 | 5000 |      f1 |     269 |   295.0 |   290.0 |    1,69 |-1,6e+09 |1592512548349 |[0.5062279, 0.33977842, 0.33652204, 0.69252616, 0.88038003, 0.22406662, 0.7490869, 0.305758, 0.90170395, 0.16390806] |
| 2 |   70 |0.35384616 | 5000 |      f1 |     269 |   295.0 |   290.0 |    1,69 |  0,0 |1592512552056 |[0.5996608, 0.57353216, 0.19724452, 0.66046035, 0.77653915, 0.3676489, 0.8381489, 0.59101045, 0.02142924, 0.2736367] |
| 2 |   70 |0.44285715 | 5000 |      f1 |     269 |   295.0 |   290.0 |    1,69 |  0,0 |1592512552056 |[0.5996608, 0.57353216, 0.19724452, 0.66046035, 0.77653915, 0.3676489, 0.8381489, 0.59101045, 0.02142924, 0.2736367] |
| 2 |   70 |0.35714287 | 5000 |      f1 |     269 |   295.0 |   290.0 |    1,69 |  0,0 |1592512552056 |[0.5996608, 0.57353216, 0.19724452, 0.66046035, 0.77653915, 0.3676489, 0.8381489, 0.59101045, 0.02142924, 0.2736367] |
| 2 |   70 |   0.3 | 5000 |      f1 |     269 |   295.0 |   290.0 |    1,69 |  0,0 |1592512552056 |[0.5996608, 0.57353216, 0.19724452, 0.66046035, 0.77653915, 0.3676489, 0.8381489, 0.59101045, 0.02142924, 0.2736367] |
| 3 |   70 |0.3846154 | 5000 |      f1 |     269 |   295.0 |   290.0 |    1,69 |-0,0010 |1592512555709 |[0.27653825, 0.57928246, 0.67869145, 0.28421503, 0.6315846, 0.74634695, 0.3650118, 0.9117756, 0.5552999, 0.7126709] |
| 3 |   70 |  0.45 | 5000 |      f1 |     269 |   295.0 |   290.0 |    1,69 |-0,0010 |1592512555709 |[0.27653825, 0.57928246, 0.67869145, 0.28421503, 0.6315846, 0.74634695, 0.3650118, 0.9117756, 0.5552999, 0.7126709] |
| 3 |   70 |  0.45 | 5000 |      f1 |     269 |   295.0 |   290.0 |    1,69 |-0,0010 |1592512555709 |[0.27653825, 0.57928246, 0.67869145, 0.28421503, 0.6315846, 0.74634695, 0.3650118, 0.9117756, 0.5552999, 0.7126709] |
| 3 |   70 |0.3857143 | 5000 |      f1 |     269 |   295.0 |   290.0 |    1,69 |-0,0010 |1592512555709 |[0.27653825, 0.57928246, 0.67869145, 0.28421503, 0.6315846, 0.74634695, 0.3650118, 0.9117756, 0.5552999, 0.7126709] |
| 4 |   70 |0.30769232 | 5000 |      f1 |     269 |   295.0 |   290.0 |    1,69 |  0,0 |1592512559354 |[0.46525908, 0.6249944, 0.12253463, 0.64816797, 0.32341206, 0.21931183, 0.42171967, 0.5941695, 0.6326345, 0.9049408] |
| 4 |   70 |  0.45 | 5000 |      f1 |     269 |   295.0 |   290.0 |    1,69 |  0,0 |1592512559354 |[0.46525908, 0.6249944, 0.12253463, 0.64816797, 0.32341206, 0.21931183, 0.42171967, 0.5941695, 0.6326345, 0.9049408] |
| 4 |   70 |  0.45 | 5000 |      f1 |     269 |   295.0 |   290.0 |    1,69 |  0,0 |1592512559354 |[0.46525908, 0.6249944, 0.12253463, 0.64816797, 0.32341206, 0.21931183, 0.42171967, 0.5941695, 0.6326345, 0.9049408] |
| 4 |   70 |0.41428572 | 5000 |      f1 |     269 |   295.0 |   290.0 |    1,69 |  0,0 |1592512559354 |[0.46525908, 0.6249944, 0.12253463, 0.64816797, 0.32341206, 0.21931183, 0.42171967, 0.5941695, 0.6326345, 0.9049408] |
| 5 |   70 |0.30769232 | 5000 |      f1 |     269 |   295.0 |   290.0 |    1,69 |-0,0010 |1592512562890 |[0.21606958, 0.8013008, 0.6220029, 0.24393815, 0.6875369, 0.8598657, 0.5373914, 0.3603257, 0.8342141, 0.64909023] |
| 5 |   70 |0.42857143 | 5000 |      f1 |     269 |   295.0 |   290.0 |    1,69 |-0,0010 |1592512562890 |[0.21606958, 0.8013008, 0.6220029, 0.24393815, 0.6875369, 0.8598657, 0.5373914, 0.3603257, 0.8342141, 0.64909023] |
| 5 |   70 |0.35714287 | 5000 |      f1 |     269 |   295.0 |   290.0 |    1,69 |-0,0010 |1592512562890 |[0.21606958, 0.8013008, 0.6220029, 0.24393815, 0.6875369, 0.8598657, 0.5373914, 0.3603257, 0.8342141, 0.64909023] |
| 5 |   70 |0.3857143 | 5000 |      f1 |     269 |   295.0 |   290.0 |    1,69 |-0,0010 |1592512562890 |[0.21606958, 0.8013008, 0.6220029, 0.24393815, 0.6875369, 0.8598657, 0.5373914, 0.3603257, 0.8342141, 0.64909023] |
| 6 |   70 |0.33846155 | 5000 |      f1 |     269 |   295.0 |   290.0 |    1,69 |  0,0 |1592512566437 |[0.7292937, 0.4509483, 0.43094683, 0.40096605, 0.10895574, 0.48169196, 0.53742164, 0.36691236, 0.41924864, 0.49071312] |
| 6 |   70 |  0.45 | 5000 |      f1 |     269 |   295.0 |   290.0 |    1,69 |  0,0 |1592512566437 |[0.7292937, 0.4509483, 0.43094683, 0.40096605, 0.10895574, 0.48169196, 0.53742164, 0.36691236, 0.41924864, 0.49071312] |
| 6 |   70 |0.42857143 | 5000 |      f1 |     269 |   295.0 |   290.0 |    1,69 |  0,0 |1592512566437 |[0.7292937, 0.4509483, 0.43094683, 0.40096605, 0.10895574, 0.48169196, 0.53742164, 0.36691236, 0.41924864, 0.49071312] |
| 6 |   70 |0.44285715 | 5000 |      f1 |     269 |   295.0 |   290.0 |    1,69 |  0,0 |1592512566437 |[0.7292937, 0.4509483, 0.43094683, 0.40096605, 0.10895574, 0.48169196, 0.53742164, 0.36691236, 0.41924864, 0.49071312] |
| 7 |   70 |0.43076923 | 5000 |      f1 |     269 |   295.0 |   290.0 |    1,69 |-0,0010 |1592512569969 |[0.9118129, 0.07649875, 0.7999518, 0.3118868, 0.14886194, 0.39816552, 0.5847302, 0.39372784, 0.40838522, 0.3703851] |
| 7 |   70 |  0.45 | 5000 |      f1 |     269 |   295.0 |   290.0 |    1,69 |-0,0010 |1592512569969 |[0.9118129, 0.07649875, 0.7999518, 0.3118868, 0.14886194, 0.39816552, 0.5847302, 0.39372784, 0.40838522, 0.3703851] |
| 7 |   70 |0.41428572 | 5000 |      f1 |     269 |   295.0 |   290.0 |    1,69 |-0,0010 |1592512569969 |[0.9118129, 0.07649875, 0.7999518, 0.3118868, 0.14886194, 0.39816552, 0.5847302, 0.39372784, 0.40838522, 0.3703851] |
| 7 |   70 |0.35714287 | 5000 |      f1 |     269 |   295.0 |   290.0 |    1,69 |-0,0010 |1592512569969 |[0.9118129, 0.07649875, 0.7999518, 0.3118868, 0.14886194, 0.39816552, 0.5847302, 0.39372784, 0.40838522, 0.3703851] |
| 8 |   70 |  0.45 | 5000 |      f1 |     269 |   295.0 |   290.0 |    1,69 |-0,0010 |1592512573522 |[0.19115645, 0.29220903, 0.34532058, 0.57231563, 0.6054019, 0.7051604, 0.46783823, 0.32357848, 0.64365965, 0.32297295] |
| 8 |   70 |  0.45 | 5000 |      f1 |     269 |   295.0 |   290.0 |    1,69 |-0,0010 |1592512573522 |[0.19115645, 0.29220903, 0.34532058, 0.57231563, 0.6054019, 0.7051604, 0.46783823, 0.32357848, 0.64365965, 0.32297295] |
| 8 |   70 |0.35714287 | 5000 |      f1 |     269 |   295.0 |   290.0 |    1,69 |-0,0010 |1592512573522 |[0.19115645, 0.29220903, 0.34532058, 0.57231563, 0.6054019, 0.7051604, 0.46783823, 0.32357848, 0.64365965, 0.32297295] |
| 8 |   70 |0.3857143 | 5000 |      f1 |     269 |   295.0 |   290.0 |    1,69 |-0,0010 |1592512573522 |[0.19115645, 0.29220903, 0.34532058, 0.57231563, 0.6054019, 0.7051604, 0.46783823, 0.32357848, 0.64365965, 0.32297295] |
| 9 |   70 |0.41538462 | 5000 |      f1 |     269 |   295.0 |   290.0 |    1,69 |  0,0 |1592512577044 |[0.5179107, 0.70138496, 0.20561534, 0.21957314, 0.6982357, 0.08296549, 0.9728103, 0.6798051, 0.26865965, 0.26773733] |
| 9 |   70 |  0.45 | 5000 |      f1 |     269 |   295.0 |   290.0 |    1,69 |  0,0 |1592512577044 |[0.5179107, 0.70138496, 0.20561534, 0.21957314, 0.6982357, 0.08296549, 0.9728103, 0.6798051, 0.26865965, 0.26773733] |
| 9 |   70 |0.37142858 | 5000 |      f1 |     269 |   295.0 |   290.0 |    1,69 |  0,0 |1592512577044 |[0.5179107, 0.70138496, 0.20561534, 0.21957314, 0.6982357, 0.08296549, 0.9728103, 0.6798051, 0.26865965, 0.26773733] |
| 9 |   70 |  0.45 | 5000 |      f1 |     269 |   295.0 |   290.0 |    1,69 |  0,0 |1592512577044 |[0.5179107, 0.70138496, 0.20561534, 0.21957314, 0.6982357, 0.08296549, 0.9728103, 0.6798051, 0.26865965, 0.26773733] |
|10 |   70 |0.30769232 | 5000 |      f1 |     269 |   295.0 |   290.0 |    1,69 |-0,0010 |1592512580557 |[0.15655744, 0.1396901, 0.70132154, 0.03423518, 0.4616285, 0.37664968, 0.056649804, 0.5025557, 0.61300963, 0.2933247] |
|10 |   70 |  0.45 | 5000 |      f1 |     269 |   295.0 |   290.0 |    1,69 |-0,0010 |1592512580557 |[0.15655744, 0.1396901, 0.70132154, 0.03423518, 0.4616285, 0.37664968, 0.056649804, 0.5025557, 0.61300963, 0.2933247] |
|10 |   70 |  0.45 | 5000 |      f1 |     269 |   295.0 |   290.0 |    1,69 |-0,0010 |1592512580557 |[0.15655744, 0.1396901, 0.70132154, 0.03423518, 0.4616285, 0.37664968, 0.056649804, 0.5025557, 0.61300963, 0.2933247] |
|10 |   70 |0.37142858 | 5000 |      f1 |     269 |   295.0 |   290.0 |    1,69 |-0,0010 |1592512580557 |[0.15655744, 0.1396901, 0.70132154, 0.03423518, 0.4616285, 0.37664968, 0.056649804, 0.5025557, 0.61300963, 0.2933247] |
|11 |   70 |0.32307693 | 5000 |      f1 |     269 |   295.0 |   290.0 |    1,69 |  0,0 |1592512584093 |[0.79621804, 0.20037168, 0.22660208, 0.24077171, 0.253098, 0.4936092, 0.6216399, 0.9374075, 0.7555512, 0.8136231] |
|11 |   70 |0.42857143 | 5000 |      f1 |     269 |   295.0 |   290.0 |    1,69 |  0,0 |1592512584093 |[0.79621804, 0.20037168, 0.22660208, 0.24077171, 0.253098, 0.4936092, 0.6216399, 0.9374075, 0.7555512, 0.8136231] |
|11 |   70 |0.32857144 | 5000 |      f1 |     269 |   295.0 |   290.0 |    1,69 |  0,0 |1592512584093 |[0.79621804, 0.20037168, 0.22660208, 0.24077171, 0.253098, 0.4936092, 0.6216399, 0.9374075, 0.7555512, 0.8136231] |
|11 |   70 |0.34285715 | 5000 |      f1 |     269 |   295.0 |   290.0 |    1,69 |  0,0 |1592512584093 |[0.79621804, 0.20037168, 0.22660208, 0.24077171, 0.253098, 0.4936092, 0.6216399, 0.9374075, 0.7555512, 0.8136231] |
|12 |   70 |   0.4 | 5000 |      f1 |     269 |   295.0 |   290.0 |    1,69 |  0,0 |1592512587636 |[0.045470536, 0.59014857, 0.6593139, 0.0135166645, 0.32396466, 0.38337976, 0.7493295, 0.3503291, 0.6764149, 0.550369] |
|12 |   70 |  0.45 | 5000 |      f1 |     269 |   295.0 |   290.0 |    1,69 |  0,0 |1592512587636 |[0.045470536, 0.59014857, 0.6593139, 0.0135166645, 0.32396466, 0.38337976, 0.7493295, 0.3503291, 0.6764149, 0.550369] |
|12 |   70 |  0.45 | 5000 |      f1 |     269 |   295.0 |   290.0 |    1,69 |  0,0 |1592512587636 |[0.045470536, 0.59014857, 0.6593139, 0.0135166645, 0.32396466, 0.38337976, 0.7493295, 0.3503291, 0.6764149, 0.550369] |
|12 |   70 |0.25714287 | 5000 |      f1 |     269 |   295.0 |   290.0 |    1,69 |  0,0 |1592512587636 |[0.045470536, 0.59014857, 0.6593139, 0.0135166645, 0.32396466, 0.38337976, 0.7493295, 0.3503291, 0.6764149, 0.550369] |
|13 |   70 |0.36923078 | 5000 |      f1 |     269 |   295.0 |   290.0 |    1,69 |  0,0 |1592512591194 |[0.9984689, 0.92784685, 0.6582808, 0.6118594, 0.14306873, 0.9351879, 0.94974995, 0.2555086, 0.16864353, 0.017721593] |
|13 |   70 |0.42857143 | 5000 |      f1 |     269 |   295.0 |   290.0 |    1,69 |  0,0 |1592512591194 |[0.9984689, 0.92784685, 0.6582808, 0.6118594, 0.14306873, 0.9351879, 0.94974995, 0.2555086, 0.16864353, 0.017721593] |
|13 |   70 |0.3857143 | 5000 |      f1 |     269 |   295.0 |   290.0 |    1,69 |  0,0 |1592512591194 |[0.9984689, 0.92784685, 0.6582808, 0.6118594, 0.14306873, 0.9351879, 0.94974995, 0.2555086, 0.16864353, 0.017721593] |
|13 |   70 |0.3857143 | 5000 |      f1 |     269 |   295.0 |   290.0 |    1,69 |  0,0 |1592512591194 |[0.9984689, 0.92784685, 0.6582808, 0.6118594, 0.14306873, 0.9351879, 0.94974995, 0.2555086, 0.16864353, 0.017721593] |
|14 |   70 |0.36923078 | 5000 |      f1 |     269 |   295.0 |   290.0 |    1,69 |  0,0 |1592512594746 |[0.5073165, 0.6008943, 0.82862365, 0.20049268, 0.88204026, 0.5191194, 0.66651636, 0.42868054, 0.5583825, 0.08191174] |
|14 |   70 |0.42857143 | 5000 |      f1 |     269 |   295.0 |   290.0 |    1,69 |  0,0 |1592512594746 |[0.5073165, 0.6008943, 0.82862365, 0.20049268, 0.88204026, 0.5191194, 0.66651636, 0.42868054, 0.5583825, 0.08191174] |
|14 |   70 |0.35714287 | 5000 |      f1 |     269 |   295.0 |   290.0 |    1,69 |  0,0 |1592512594746 |[0.5073165, 0.6008943, 0.82862365, 0.20049268, 0.88204026, 0.5191194, 0.66651636, 0.42868054, 0.5583825, 0.08191174] |
|14 |   70 |0.34285715 | 5000 |      f1 |     269 |   295.0 |   290.0 |    1,69 |  0,0 |1592512594746 |[0.5073165, 0.6008943, 0.82862365, 0.20049268, 0.88204026, 0.5191194, 0.66651636, 0.42868054, 0.5583825, 0.08191174] |
|15 |   70 |0.33846155 | 5000 |      f1 |     269 |   295.0 |   290.0 |    1,69 |  0,0 |1592512598299 |[0.19771826, 0.04971391, 0.94709533, 0.4842075, 0.073556006, 0.77342266, 0.34331125, 0.25487912, 0.16674209, 0.8616277] |
|15 |   70 |0.44285715 | 5000 |      f1 |     269 |   295.0 |   290.0 |    1,69 |  0,0 |1592512598299 |[0.19771826, 0.04971391, 0.94709533, 0.4842075, 0.073556006, 0.77342266, 0.34331125, 0.25487912, 0.16674209, 0.8616277] |
|15 |   70 |0.37142858 | 5000 |      f1 |     269 |   295.0 |   290.0 |    1,69 |  0,0 |1592512598299 |[0.19771826, 0.04971391, 0.94709533, 0.4842075, 0.073556006, 0.77342266, 0.34331125, 0.25487912, 0.16674209, 0.8616277] |
|15 |   70 |0.42857143 | 5000 |      f1 |     269 |   295.0 |   290.0 |    1,69 |  0,0 |1592512598299 |[0.19771826, 0.04971391, 0.94709533, 0.4842075, 0.073556006, 0.77342266, 0.34331125, 0.25487912, 0.16674209, 0.8616277] |
