| # | Nest | %Desc |#Iter |Instancia | CapMoch |ValOptmo | BestFit |     RDP | time |      semilla |VectorSolucion |
-------------------------------------------------------------------------------------------------
| 1 |   25 |  0.25 | 2500 |      f8 |   10000 |  9767.0 |  9259.0 |    5,20 |-1,6e+09 |1592510598655 |[0.09349984, 0.73470366, 0.47411245, 0.99729866, 0.81299645, 0.9698962, 0.61805916, 0.30489385, 0.113325775, 0.28397816, 0.03423941, 0.36850154, 0.21562946, 0.30749935, 0.861882, 0.6099741, 0.75871027, 0.14880359, 0.21628332, 0.9750531, 0.54170144, 0.084471524, 0.111973345] |
| 1 |   40 |  0.45 | 2500 |      f8 |   10000 |  9767.0 |  9259.0 |    5,20 |  3,2 |1592510598655 |[0.7925033, 0.59392846, 0.36554325, 0.8098393, 0.17780054, 0.14600343, 0.70757645, 0.83635443, 0.7292564, 0.60101324, 0.9195126, 0.13336837, 0.97181064, 0.82060325, 0.26072764, 0.2827744, 0.2513218, 0.6204926, 0.25764722, 0.29457283, 0.22447121, 0.43341267, 0.8743133] |
| 2 |   25 |  0.25 | 2500 |      f8 |   10000 |  9767.0 |  9259.0 |    5,20 |  0,0 |1592510601847 |[0.41660392, 0.7737372, 0.19347, 0.3038208, 0.5674584, 0.9533509, 0.7702773, 0.56274295, 0.8631582, 0.046065986, 0.13506025, 0.973958, 0.56261516, 0.25934887, 0.98771477, 0.60776603, 0.3770976, 0.5148277, 0.78290516, 0.45101583, 0.13111514, 0.66655326, 0.34300166] |
| 2 |   40 |  0.45 | 2500 |      f8 |   10000 |  9767.0 |  9259.0 |    5,20 |  3,2 |1592510601847 |[0.38820076, 0.87835485, 0.83662266, 0.41400492, 0.5560786, 0.13398248, 0.6643898, 0.7065801, 0.91238475, 0.7228678, 0.2804175, 0.676994, 0.41024727, 0.5563443, 0.74870604, 0.63189256, 0.13844216, 0.07954705, 0.5531164, 0.120184064, 0.47698486, 0.96150833, 0.84905165] |
| 3 |   25 |  0.25 | 2500 |      f8 |   10000 |  9767.0 |  9259.0 |    5,20 |  0,0 |1592510605023 |[0.7922208, 0.68796855, 0.8464346, 0.14110118, 0.23806953, 0.24436146, 0.41158003, 0.79729587, 0.4702521, 0.2831049, 0.782431, 0.63270175, 0.8110688, 0.37860733, 0.051305115, 0.6635866, 0.4746824, 0.4743501, 0.60525495, 0.2624032, 0.8707364, 0.7412408, 0.750728] |
| 3 |   40 |  0.45 | 2500 |      f8 |   10000 |  9767.0 |  9259.0 |    5,20 |  3,2 |1592510605023 |[0.7922208, 0.68796855, 0.8464346, 0.14110118, 0.23806953, 0.24436146, 0.41158003, 0.79729587, 0.4702521, 0.2831049, 0.782431, 0.63270175, 0.8110688, 0.37860733, 0.051305115, 0.6635866, 0.4746824, 0.4743501, 0.60525495, 0.2624032, 0.8707364, 0.7412408, 0.750728] |
| 4 |   25 |  0.25 | 2500 |      f8 |   10000 |  9767.0 |  9259.0 |    5,20 |  0,0 |1592510608178 |[0.98140323, 0.54370296, 0.25293636, 0.04666412, 0.8457754, 0.40460277, 0.23007, 0.7910653, 0.27435678, 0.52217567, 0.27936006, 0.054022133, 0.5974051, 0.9940215, 0.617007, 0.4137079, 0.6692676, 0.4893328, 0.15738893, 0.7381701, 0.3605256, 0.45716095, 0.2243697] |
| 4 |   40 |  0.45 | 2500 |      f8 |   10000 |  9767.0 |  9259.0 |    5,20 |  3,1 |1592510608178 |[0.98140323, 0.54370296, 0.25293636, 0.04666412, 0.8457754, 0.40460277, 0.23007, 0.7910653, 0.27435678, 0.52217567, 0.27936006, 0.054022133, 0.5974051, 0.9940215, 0.617007, 0.4137079, 0.6692676, 0.4893328, 0.15738893, 0.7381701, 0.3605256, 0.45716095, 0.2243697] |
| 5 |   25 |  0.25 | 2500 |      f8 |   10000 |  9767.0 |  9259.0 |    5,20 |  0,0 |1592510611304 |[0.5894888, 0.5163766, 0.019024432, 0.54738826, 0.15051717, 0.75811243, 0.21711266, 0.36889964, 0.36834913, 0.86965585, 0.30462325, 0.2749462, 0.7684663, 0.3927551, 0.3434406, 0.889003, 0.32708454, 0.19629627, 0.532177, 0.79173243, 0.69193256, 0.18054163, 0.48501217] |
| 5 |   40 |  0.45 | 2500 |      f8 |   10000 |  9767.0 |  9259.0 |    5,20 |  3,1 |1592510611304 |[0.5894888, 0.5163766, 0.019024432, 0.54738826, 0.15051717, 0.75811243, 0.21711266, 0.36889964, 0.36834913, 0.86965585, 0.30462325, 0.2749462, 0.7684663, 0.3927551, 0.3434406, 0.889003, 0.32708454, 0.19629627, 0.532177, 0.79173243, 0.69193256, 0.18054163, 0.48501217] |
| 6 |   25 |  0.25 | 2500 |      f8 |   10000 |  9767.0 |  9259.0 |    5,20 |  0,0 |1592510614431 |[0.25646794, 0.123093724, 0.8410927, 0.59238166, 0.56624526, 0.04713875, 0.23190421, 0.07198924, 0.21446711, 0.51955575, 0.47738218, 0.45018172, 0.17361629, 0.066440165, 0.4089135, 0.007206559, 0.59727556, 0.4464162, 0.81105703, 0.63872594, 0.35483426, 0.6817834, 0.100847065] |
| 6 |   40 |  0.45 | 2500 |      f8 |   10000 |  9767.0 |  9259.0 |    5,20 |  3,1 |1592510614431 |[0.25646794, 0.123093724, 0.8410927, 0.59238166, 0.56624526, 0.04713875, 0.23190421, 0.07198924, 0.21446711, 0.51955575, 0.47738218, 0.45018172, 0.17361629, 0.066440165, 0.4089135, 0.007206559, 0.59727556, 0.4464162, 0.81105703, 0.63872594, 0.35483426, 0.6817834, 0.100847065] |
| 7 |   25 |  0.25 | 2500 |      f8 |   10000 |  9767.0 |  9259.0 |    5,20 |-0,0010 |1592510617553 |[0.70738804, 0.23789412, 0.010168016, 0.32667482, 0.57013756, 0.11025572, 0.018317759, 0.688867, 0.3289973, 0.767422, 0.6032127, 0.98843926, 0.491153, 0.5169591, 0.3993724, 0.13800883, 0.4473883, 0.24938893, 0.049305677, 0.074581504, 0.8248995, 0.88600963, 0.8661342] |
| 7 |   40 |  0.45 | 2500 |      f8 |   10000 |  9767.0 |  9259.0 |    5,20 |  3,1 |1592510617553 |[0.70738804, 0.23789412, 0.010168016, 0.32667482, 0.57013756, 0.11025572, 0.018317759, 0.688867, 0.3289973, 0.767422, 0.6032127, 0.98843926, 0.491153, 0.5169591, 0.3993724, 0.13800883, 0.4473883, 0.24938893, 0.049305677, 0.074581504, 0.8248995, 0.88600963, 0.8661342] |
| 8 |   25 |  0.25 | 2500 |      f8 |   10000 |  9767.0 |  9259.0 |    5,20 |  0,0 |1592510620667 |[0.23240393, 0.9369569, 0.40335262, 0.6141773, 0.21507215, 0.7841213, 0.7806223, 0.6778557, 0.8546738, 0.3542775, 0.60584146, 0.42810082, 0.87952423, 0.719479, 0.1898585, 0.9514937, 0.07333833, 0.22657931, 0.9001691, 0.624573, 0.84222126, 0.6999204, 0.2583111] |
| 8 |   40 |  0.45 | 2500 |      f8 |   10000 |  9767.0 |  9259.0 |    5,20 |  3,1 |1592510620667 |[0.23240393, 0.9369569, 0.40335262, 0.6141773, 0.21507215, 0.7841213, 0.7806223, 0.6778557, 0.8546738, 0.3542775, 0.60584146, 0.42810082, 0.87952423, 0.719479, 0.1898585, 0.9514937, 0.07333833, 0.22657931, 0.9001691, 0.624573, 0.84222126, 0.6999204, 0.2583111] |
| 9 |   25 |  0.25 | 2500 |      f8 |   10000 |  9767.0 |  9259.0 |    5,20 |-0,0010 |1592510623780 |[0.23121887, 0.46929497, 0.61136436, 0.5901705, 0.5498385, 0.2202521, 0.44288665, 0.81310534, 0.75378627, 0.21263409, 0.04102099, 0.8658545, 0.45587796, 0.59400725, 0.8520423, 0.8907906, 0.52459615, 0.93737584, 0.123663664, 0.3896894, 0.8044123, 0.3756857, 0.66324896] |
| 9 |   40 |  0.45 | 2500 |      f8 |   10000 |  9767.0 |  9259.0 |    5,20 |  3,2 |1592510623780 |[0.23121887, 0.46929497, 0.61136436, 0.5901705, 0.5498385, 0.2202521, 0.44288665, 0.81310534, 0.75378627, 0.21263409, 0.04102099, 0.8658545, 0.45587796, 0.59400725, 0.8520423, 0.8907906, 0.52459615, 0.93737584, 0.123663664, 0.3896894, 0.8044123, 0.3756857, 0.66324896] |
|10 |   25 |  0.25 | 2500 |      f8 |   10000 |  9767.0 |  9259.0 |    5,20 |-0,0010 |1592510626947 |[0.42699915, 0.95253795, 0.8862869, 0.4984942, 0.21518093, 0.470437, 0.21802121, 0.44689435, 0.83637196, 0.44936693, 0.9448416, 0.89730966, 0.11215216, 0.9714937, 0.27659947, 0.98828787, 0.3447559, 0.73507965, 0.31080663, 0.38083196, 0.17883998, 0.3827083, 0.26660007] |
|10 |   40 |  0.45 | 2500 |      f8 |   10000 |  9767.0 |  9259.0 |    5,20 |  3,1 |1592510626947 |[0.1664716, 0.3415138, 0.9936241, 0.77878654, 0.25814742, 0.13457412, 0.70701313, 0.35518175, 0.17877609, 0.5881841, 0.5520414, 0.7220502, 0.74953306, 0.12505144, 0.8007056, 0.6861312, 0.11010909, 0.42831266, 0.65063673, 0.6407593, 0.805118, 0.7464991, 0.7267256] |
|11 |   25 |  0.25 | 2500 |      f8 |   10000 |  9767.0 |  9259.0 |    5,20 |  0,0 |1592510630078 |[0.29759514, 0.112662554, 0.49210733, 0.5895188, 0.100043654, 0.026576817, 0.1089229, 0.23689657, 0.43936688, 0.40183812, 0.43087012, 0.5863711, 0.4650193, 0.55496156, 0.8589907, 0.9919501, 0.055058658, 0.73963916, 0.1996041, 0.05638069, 0.9895045, 0.62287015, 0.03772956] |
|11 |   40 |  0.45 | 2500 |      f8 |   10000 |  9767.0 |  9259.0 |    5,20 |  3,1 |1592510630078 |[0.60123384, 0.26482314, 0.54161525, 0.88135, 0.21916014, 0.6708966, 0.63363343, 0.58095855, 0.39496803, 0.28991157, 0.31821203, 0.93480575, 0.9807421, 0.42509627, 0.7875674, 0.3498072, 0.38748097, 0.87591887, 0.9404853, 0.6358858, 0.53021264, 0.13254404, 0.97992635] |
|12 |   25 |  0.25 | 2500 |      f8 |   10000 |  9767.0 |  9259.0 |    5,20 |  0,0 |1592510633209 |[0.39497083, 0.119105935, 0.66997445, 0.54739976, 0.1618548, 0.77362096, 0.7128794, 0.304954, 0.2650563, 0.85484004, 0.9284494, 0.5375528, 0.4299931, 0.76807225, 0.94772506, 0.9367023, 0.31281477, 0.88076264, 0.08176285, 0.33197194, 0.11312783, 0.49246055, 0.114911616] |
|12 |   40 |  0.45 | 2500 |      f8 |   10000 |  9767.0 |  9259.0 |    5,20 |  3,1 |1592510633209 |[0.005479753, 0.63623995, 0.7779643, 0.7063824, 0.5565722, 0.70881575, 0.39194363, 0.37984008, 0.33346802, 0.04451549, 0.062430978, 0.9926915, 0.8769689, 0.07684022, 0.17009962, 0.5266748, 0.8609197, 0.47243732, 0.87029654, 0.5158627, 0.69769865, 0.6093983, 0.19141388] |
|13 |   25 |  0.25 | 2500 |      f8 |   10000 |  9767.0 |  9259.0 |    5,20 |  0,0 |1592510636320 |[0.6536031, 0.52711976, 0.87741005, 0.34110427, 0.4498703, 0.80192775, 0.62436306, 0.026512504, 0.78731984, 0.920288, 0.374111, 0.77559745, 0.29825318, 0.9318786, 0.7657601, 0.1988712, 0.5946172, 0.80002165, 0.8476573, 0.08298129, 0.9893211, 0.5807865, 0.5010044] |
|13 |   40 |  0.45 | 2500 |      f8 |   10000 |  9767.0 |  9259.0 |    5,20 |  3,1 |1592510636320 |[0.9949287, 0.82395023, 0.44117945, 0.5156913, 0.026878595, 0.7651198, 0.99718356, 0.009996533, 0.4779799, 0.4820752, 0.67775637, 0.77542144, 0.94197273, 0.98935175, 0.42784953, 0.8404616, 0.3955567, 0.66764957, 0.20658028, 0.6829401, 0.852007, 0.040255725, 0.36447555] |
|14 |   25 |  0.25 | 2500 |      f8 |   10000 |  9767.0 |  9259.0 |    5,20 |  0,0 |1592510639434 |[0.06623113, 0.83868176, 0.9198877, 0.19516349, 0.10908353, 0.90905046, 0.8330155, 0.86720455, 0.5626722, 0.16037607, 0.6594013, 0.92333776, 0.14113796, 0.5691101, 0.5085126, 0.6569692, 0.8585617, 0.4792624, 0.808697, 0.36236888, 0.96252626, 0.5019282, 0.43498266] |
|14 |   40 |  0.45 | 2500 |      f8 |   10000 |  9767.0 |  9259.0 |    5,20 |  3,1 |1592510639434 |[0.14306891, 0.3827868, 0.8175236, 0.3432533, 0.17022926, 0.67008895, 0.88227934, 0.62926024, 0.23711324, 0.008017302, 0.0067054033, 0.3253069, 0.02787757, 0.6097664, 0.25889003, 0.76355284, 0.058134437, 0.028954327, 0.5947976, 0.689788, 0.8600381, 0.6023144, 0.07945806] |
|15 |   25 |  0.25 | 2500 |      f8 |   10000 |  9767.0 |  9259.0 |    5,20 |  0,0 |1592510642581 |[0.10389465, 0.9399171, 0.042816877, 0.86182827, 0.8794105, 0.64141816, 0.34102243, 0.96783864, 0.53967804, 0.98218554, 0.4060104, 0.30340165, 0.52045584, 0.15797788, 0.8996858, 0.7273195, 0.6161266, 0.82038283, 0.83172196, 0.13553005, 0.09498465, 0.6214828, 0.4072426] |
|15 |   40 |  0.45 | 2500 |      f8 |   10000 |  9767.0 |  9259.0 |    5,20 |  3,1 |1592510642581 |[0.8372701, 0.41710442, 0.24088454, 0.32823807, 0.65330154, 0.17869133, 0.85890007, 0.59453833, 0.4809664, 0.32732618, 0.03889227, 0.041124105, 0.20190895, 0.8091959, 0.6587618, 0.55991477, 0.37701923, 0.44682044, 0.29856074, 0.8506534, 0.507242, 0.97514486, 0.3960613] |
