| # | Nest | %Desc |#Iter |Instancia | CapMoch |ValOptmo | BestFit |     RDP | time |      semilla |VectorSolucion |
-------------------------------------------------------------------------------------------------
| 1 |   50 |  0.25 | 5000 |      f4 |      11 |    23.0 |    23.0 |    0,00 |-1,6e+09 |1592532404261 |[0.23215318, 0.22135442, 0.8027693, 0.217466] |
| 1 |   50 |  0.25 | 5000 |      f4 |      11 |    23.0 |    23.0 |    0,00 |0,0010 |1592532404261 |[0.23215318, 0.22135442, 0.8027693, 0.217466] |
| 2 |   50 |  0.25 | 5000 |      f4 |      11 |    23.0 |    23.0 |    0,00 |-0,0010 |1592532404263 |[0.46069357, 0.89215744, 0.28830147, 1.0E-12] |
| 2 |   50 |  0.25 | 5000 |      f4 |      11 |    23.0 |    23.0 |    0,00 |0,0010 |1592532404263 |[0.46069357, 0.89215744, 0.28830147, 1.0E-12] |
| 3 |   50 |  0.25 | 5000 |      f4 |      11 |    23.0 |    23.0 |    0,00 |-0,0010 |1592532404265 |[0.21607429, 0.8112899, 0.30761978, 0.39850196] |
| 3 |   50 |  0.25 | 5000 |      f4 |      11 |    23.0 |    23.0 |    0,00 |  0,0 |1592532404265 |[0.21607429, 0.8112899, 0.30761978, 0.39850196] |
| 4 |   50 |  0.25 | 5000 |      f4 |      11 |    23.0 |    23.0 |    0,00 |-0,0010 |1592532404266 |[0.10581442, 0.40493825, 0.18983033, 0.8882469] |
| 4 |   50 |  0.25 | 5000 |      f4 |      11 |    23.0 |    23.0 |    0,00 |0,0010 |1592532404266 |[0.10581442, 0.40493825, 0.18983033, 0.8882469] |
| 5 |   50 |  0.25 | 5000 |      f4 |      11 |    23.0 |    23.0 |    0,00 |  0,0 |1592532404267 |[0.6227157, 0.17502487, 0.035462797, 0.4633186] |
| 5 |   50 |  0.25 | 5000 |      f4 |      11 |    23.0 |    23.0 |    0,00 |0,0010 |1592532404267 |[0.6227157, 0.17502487, 0.035462797, 0.4633186] |
| 6 |   50 |  0.25 | 5000 |      f4 |      11 |    23.0 |    23.0 |    0,00 |  0,0 |1592532404268 |[0.30140197, 0.5915936, 0.84399134, 0.66556513] |
| 6 |   50 |  0.25 | 5000 |      f4 |      11 |    23.0 |    23.0 |    0,00 |0,0010 |1592532404268 |[0.30140197, 0.5915936, 0.84399134, 0.66556513] |
| 7 |   50 |  0.25 | 5000 |      f4 |      11 |    23.0 |    23.0 |    0,00 |  0,0 |1592532404269 |[0.6284263, 0.25647414, 0.8023683, 0.30887076] |
| 7 |   50 |  0.25 | 5000 |      f4 |      11 |    23.0 |    23.0 |    0,00 |0,0010 |1592532404269 |[0.6284263, 0.25647414, 0.8023683, 0.30887076] |
| 8 |   50 |  0.25 | 5000 |      f4 |      11 |    23.0 |    23.0 |    0,00 |  0,0 |1592532404270 |[0.6962602, 0.83295536, 0.6662254, 0.74078894] |
| 8 |   50 |  0.25 | 5000 |      f4 |      11 |    23.0 |    23.0 |    0,00 |0,0010 |1592532404270 |[0.6962602, 0.83295536, 0.6662254, 0.74078894] |
| 9 |   50 |  0.25 | 5000 |      f4 |      11 |    23.0 |    23.0 |    0,00 |-0,0010 |1592532404272 |[0.053742528, 0.12703264, 0.9201235, 0.034715533] |
| 9 |   50 |  0.25 | 5000 |      f4 |      11 |    23.0 |    23.0 |    0,00 |  0,0 |1592532404272 |[0.053742528, 0.12703264, 0.9201235, 0.034715533] |
|10 |   50 |  0.25 | 5000 |      f4 |      11 |    23.0 |    23.0 |    0,00 |-0,0010 |1592532404273 |[0.41679323, 0.81547713, 0.34405082, 0.3541605] |
|10 |   50 |  0.25 | 5000 |      f4 |      11 |    23.0 |    23.0 |    0,00 |0,0010 |1592532404273 |[0.41679323, 0.81547713, 0.34405082, 0.3541605] |
|11 |   50 |  0.25 | 5000 |      f4 |      11 |    23.0 |    23.0 |    0,00 |  0,0 |1592532404274 |[0.5362999, 0.61715835, 0.1047498, 0.098980725] |
|11 |   50 |  0.25 | 5000 |      f4 |      11 |    23.0 |    23.0 |    0,00 |0,0010 |1592532404274 |[0.5362999, 0.61715835, 0.1047498, 0.098980725] |
|12 |   50 |  0.25 | 5000 |      f4 |      11 |    23.0 |    23.0 |    0,00 |  0,0 |1592532404275 |[0.35913587, 0.40928876, 0.57171714, 0.21839911] |
|12 |   50 |  0.25 | 5000 |      f4 |      11 |    23.0 |    23.0 |    0,00 |0,0010 |1592532404275 |[0.35913587, 0.40928876, 0.57171714, 0.21839911] |
|13 |   50 |  0.25 | 5000 |      f4 |      11 |    23.0 |    23.0 |    0,00 |  0,0 |1592532404276 |[0.010404902, 0.593285, 0.41328034, 0.50588375] |
|13 |   50 |  0.25 | 5000 |      f4 |      11 |    23.0 |    23.0 |    0,00 |0,0010 |1592532404276 |[0.010404902, 0.593285, 0.41328034, 0.50588375] |
|14 |   50 |  0.25 | 5000 |      f4 |      11 |    23.0 |    23.0 |    0,00 |  0,0 |1592532404277 |[0.5410014, 0.1918425, 0.7221631, 0.21471375] |
|14 |   50 |  0.25 | 5000 |      f4 |      11 |    23.0 |    23.0 |    0,00 |0,0010 |1592532404277 |[0.5410014, 0.1918425, 0.7221631, 0.21471375] |
|15 |   50 |  0.25 | 5000 |      f4 |      11 |    23.0 |    23.0 |    0,00 |  0,0 |1592532404278 |[0.4001302, 0.89329416, 0.7584051, 0.5515649] |
|15 |   50 |  0.25 | 5000 |      f4 |      11 |    23.0 |    23.0 |    0,00 |0,0010 |1592532404278 |[0.4001302, 0.89329416, 0.7584051, 0.5515649] |
