| # | Nest | %Desc |#Iter |Instancia | CapMoch |ValOptmo | BestFit |     RDP | time |      semilla |VectorSolucion |
-------------------------------------------------------------------------------------------------
| 1 |   25 |  0.25 | 2500 |      f3 |      20 |    35.0 |    35.0 |    0,00 | 0,28 |1566873221481 |[1, 1, 0, 1] |
| 2 |   25 |  0.25 | 2500 |      f3 |      20 |    35.0 |    35.0 |    0,00 | 0,36 |1566873221759 |[1, 1, 0, 1] |
| 3 |   25 |  0.25 | 2500 |      f3 |      20 |    35.0 |    35.0 |    0,00 | 0,26 |1566873222116 |[1, 1, 0, 1] |
| 4 |   25 |  0.25 | 2500 |      f3 |      20 |    35.0 |    35.0 |    0,00 | 0,32 |1566873222382 |[1, 1, 0, 1] |
| 5 |   25 |  0.25 | 2500 |      f3 |      20 |    35.0 |    35.0 |    0,00 | 0,39 |1566873222707 |[1, 1, 0, 1] |
| 6 |   25 |  0.25 | 2500 |      f3 |      20 |    35.0 |    35.0 |    0,00 | 0,38 |1566873223094 |[1, 1, 0, 1] |
| 7 |   25 |  0.25 | 2500 |      f3 |      20 |    35.0 |    35.0 |    0,00 | 0,36 |1566873223472 |[1, 1, 0, 1] |
| 8 |   25 |  0.25 | 2500 |      f3 |      20 |    35.0 |    35.0 |    0,00 | 0,34 |1566873223832 |[1, 1, 0, 1] |
| 9 |   25 |  0.25 | 2500 |      f3 |      20 |    35.0 |    35.0 |    0,00 | 0,38 |1566873224176 |[1, 1, 0, 1] |
|10 |   25 |  0.25 | 2500 |      f3 |      20 |    35.0 |    35.0 |    0,00 | 0,26 |1566873224558 |[1, 1, 0, 1] |
|11 |   25 |  0.25 | 2500 |      f3 |      20 |    35.0 |    35.0 |    0,00 | 0,45 |1566873224816 |[1, 1, 0, 1] |
|12 |   25 |  0.25 | 2500 |      f3 |      20 |    35.0 |    35.0 |    0,00 | 0,44 |1566873225262 |[1, 1, 0, 1] |
|13 |   25 |  0.25 | 2500 |      f3 |      20 |    35.0 |    35.0 |    0,00 | 0,34 |1566873225705 |[1, 1, 0, 1] |
|14 |   25 |  0.25 | 2500 |      f3 |      20 |    35.0 |    35.0 |    0,00 | 0,36 |1566873226046 |[1, 1, 0, 1] |
|15 |   25 |  0.25 | 2500 |      f3 |      20 |    35.0 |    35.0 |    0,00 | 0,36 |1566873226406 |[1, 1, 0, 1] |
|16 |   25 |  0.25 | 2500 |      f3 |      20 |    35.0 |    35.0 |    0,00 | 0,39 |1566873226763 |[1, 1, 0, 1] |
|17 |   25 |  0.25 | 2500 |      f3 |      20 |    35.0 |    35.0 |    0,00 | 0,24 |1566873227151 |[1, 1, 0, 1] |
|18 |   25 |  0.25 | 2500 |      f3 |      20 |    35.0 |    35.0 |    0,00 | 0,43 |1566873227393 |[1, 1, 0, 1] |
|19 |   25 |  0.25 | 2500 |      f3 |      20 |    35.0 |    35.0 |    0,00 | 0,41 |1566873227821 |[1, 1, 0, 1] |
|20 |   25 |  0.25 | 2500 |      f3 |      20 |    35.0 |    35.0 |    0,00 | 0,32 |1566873228228 |[1, 1, 0, 1] |
|21 |   25 |  0.25 | 2500 |      f3 |      20 |    35.0 |    35.0 |    0,00 | 0,58 |1566873228547 |[1, 1, 0, 1] |
|22 |   25 |  0.25 | 2500 |      f3 |      20 |    35.0 |    35.0 |    0,00 | 0,34 |1566873229130 |[1, 1, 0, 1] |
|23 |   25 |  0.25 | 2500 |      f3 |      20 |    35.0 |    35.0 |    0,00 | 0,37 |1566873229468 |[1, 1, 0, 1] |
|24 |   25 |  0.25 | 2500 |      f3 |      20 |    35.0 |    35.0 |    0,00 | 0,29 |1566873229843 |[1, 1, 0, 1] |
|25 |   25 |  0.25 | 2500 |      f3 |      20 |    35.0 |    35.0 |    0,00 | 0,44 |1566873230136 |[1, 1, 0, 1] |
|26 |   25 |  0.25 | 2500 |      f3 |      20 |    35.0 |    35.0 |    0,00 | 0,35 |1566873230572 |[1, 1, 0, 1] |
|27 |   25 |  0.25 | 2500 |      f3 |      20 |    35.0 |    35.0 |    0,00 | 0,33 |1566873230919 |[1, 1, 0, 1] |
|28 |   25 |  0.25 | 2500 |      f3 |      20 |    35.0 |    35.0 |    0,00 | 0,29 |1566873231250 |[1, 1, 0, 1] |
|29 |   25 |  0.25 | 2500 |      f3 |      20 |    35.0 |    35.0 |    0,00 | 0,28 |1566873231545 |[1, 1, 0, 1] |
|30 |   25 |  0.25 | 2500 |      f3 |      20 |    35.0 |    35.0 |    0,00 | 0,31 |1566873231826 |[1, 1, 0, 1] |
|31 |   25 |  0.25 | 2500 |      f3 |      20 |    35.0 |    35.0 |    0,00 | 0,34 |1566873232132 |[1, 1, 0, 1] |
| 1 |   25 |  0.45 | 2500 |      f3 |      20 |    35.0 |    35.0 |    0,00 |-1,6e+09 |1592404882446 |[0.62592125, 0.25210518, 0.7901319, 0.21349078] |
| 1 |   25 |  0.45 | 2500 |      f3 |      20 |    35.0 |    35.0 |    0,00 |-1,6e+09 |1592485690472 |[0.83370006, 0.38216794, 0.63322157, 0.19163102] |
| 1 |   25 |   0.4 | 2500 |      f3 |      20 |    35.0 |    35.0 |    0,00 |-1,6e+09 |1592486965036 |[0.46124518, 0.9688795, 0.13468969, 0.1149593] |
| 1 |   25 |  0.32 | 2500 |      f3 |      20 |    35.0 |    35.0 |    0,00 |-1,6e+09 |1592487169109 |[0.7454417, 0.16657788, 0.7790585, 0.7515838] |
| 1 |   25 |  0.32 | 2500 |      f3 |      20 |    35.0 |    35.0 |    0,00 |-1,6e+09 |1592488341446 |[0.045867503, 0.54582155, 0.43842417, 0.49969697] |
| 1 |   25 |  0.16 | 2500 |      f3 |      20 |    35.0 |    35.0 |    0,00 |-1,6e+09 |1592488341446 |[0.045867503, 0.54582155, 0.43842417, 0.49969697] |
| 1 |   25 |  0.25 | 2500 |      f3 |      20 |    35.0 |    35.0 |    0,00 |-1,6e+09 |1592488341446 |[0.045867503, 0.54582155, 0.43842417, 0.49969697] |
| 1 |   25 |  0.25 | 2500 |      f3 |      20 |    35.0 |    35.0 |    0,00 |-1,6e+09 |1592488341446 |[0.045867503, 0.54582155, 0.43842417, 0.49969697] |
| 1 |   25 |  0.45 | 2500 |      f3 |      20 |    35.0 |    35.0 |    0,00 |-1,6e+09 |1592489101350 |[0.97846586, 0.24038863, 0.060364783, 0.24738264] |
| 1 |   25 |   0.4 | 2500 |      f3 |      20 |    35.0 |    35.0 |    0,00 |-1,6e+09 |1592490673421 |[0.39911032, 0.2896678, 0.6288456, 0.73710245] |
| 1 |   25 |  0.25 | 2500 |      f3 |      20 |    35.0 |    35.0 |    0,00 |-1,6e+09 |1592490673421 |[0.39911032, 0.2896678, 0.6288456, 0.73710245] |
| 1 |   25 |  0.25 | 2500 |      f3 |      20 |    35.0 |    35.0 |    0,00 |-1,6e+09 |1592490673421 |[0.39911032, 0.2896678, 0.6288456, 0.73710245] |
| 1 |   25 |  0.25 | 2500 |      f3 |      20 |    35.0 |    35.0 |    0,00 |-1,6e+09 |1592490673421 |[0.39911032, 0.2896678, 0.6288456, 0.73710245] |
| 1 |   25 |  0.25 | 2500 |      f3 |      20 |    35.0 |    35.0 |    0,00 |-1,6e+09 |1592490673421 |[0.39911032, 0.2896678, 0.6288456, 0.73710245] |
| 1 |   25 |  0.25 | 2500 |      f3 |      20 |    35.0 |    35.0 |    0,00 |-1,6e+09 |1592490673421 |[0.39911032, 0.2896678, 0.6288456, 0.73710245] |
| 1 |   25 |  0.25 | 2500 |      f3 |      20 |    35.0 |    35.0 |    0,00 |-1,6e+09 |1592490673421 |[0.39911032, 0.2896678, 0.6288456, 0.73710245] |
| 1 |   25 |  0.25 | 2500 |      f3 |      20 |    35.0 |    35.0 |    0,00 |-1,6e+09 |1592490673421 |[0.39911032, 0.2896678, 0.6288456, 0.73710245] |
| 1 |   25 |  0.25 | 2500 |      f3 |      20 |    35.0 |    35.0 |    0,00 |-1,6e+09 |1592490673421 |[0.39911032, 0.2896678, 0.6288456, 0.73710245] |
| 1 |   25 |  0.25 | 2500 |      f3 |      20 |    35.0 |    35.0 |    0,00 |-1,6e+09 |1592490673421 |[0.39911032, 0.2896678, 0.6288456, 0.73710245] |
| 1 |   25 |  0.25 | 2500 |      f3 |      20 |    35.0 |    35.0 |    0,00 |-1,6e+09 |1592490673421 |[0.39911032, 0.2896678, 0.6288456, 0.73710245] |
| 1 |   25 |  0.25 | 2500 |      f3 |      20 |    35.0 |    35.0 |    0,00 |-1,6e+09 |1592490673421 |[0.39911032, 0.2896678, 0.6288456, 0.73710245] |
| 1 |   25 |  0.25 | 2500 |      f3 |      20 |    35.0 |    35.0 |    0,00 | 0,31 |1592490673421 |[0.39911032, 0.2896678, 0.6288456, 0.73710245] |
| 2 |   25 |  0.28 | 2500 |      f3 |      20 |    35.0 |    35.0 |    0,00 |-0,0010 |1592490673734 |[0.9434862, 0.18094546, 0.8067793, 0.73192656] |
| 2 |   25 |   0.1 | 2500 |      f3 |      20 |    35.0 |    35.0 |    0,00 |-0,0010 |1592490673734 |[0.9434862, 0.18094546, 0.8067793, 0.73192656] |
| 2 |   25 |  0.25 | 2500 |      f3 |      20 |    35.0 |    35.0 |    0,00 |-0,0010 |1592490673734 |[0.9434862, 0.18094546, 0.8067793, 0.73192656] |
| 1 |   25 |  0.44 | 2500 |      f3 |      20 |    35.0 |    35.0 |    0,00 |-1,6e+09 |1592491378091 |[0.9446564, 0.3477342, 0.3866483, 0.18778038] |
| 1 |   25 |  0.25 | 2500 |      f3 |      20 |    35.0 |    35.0 |    0,00 |-1,6e+09 |1592491378091 |[0.9446564, 0.3477342, 0.3866483, 0.18778038] |
| 1 |   25 |  0.25 | 2500 |      f3 |      20 |    35.0 |    35.0 |    0,00 |-1,6e+09 |1592491378091 |[0.9446564, 0.3477342, 0.3866483, 0.18778038] |
| 1 |   25 |  0.25 | 2500 |      f3 |      20 |    35.0 |    35.0 |    0,00 |-1,6e+09 |1592491378091 |[0.9446564, 0.3477342, 0.3866483, 0.18778038] |
| 1 |   25 |  0.24 | 2500 |      f3 |      20 |    35.0 |    35.0 |    0,00 |-1,6e+09 |1592491819827 |[0.6147331, 0.014977694, 0.2232067, 0.1256414] |
| 1 |   25 |  0.25 | 2500 |      f3 |      20 |    35.0 |    35.0 |    0,00 |-1,6e+09 |1592491819827 |[0.0, 0.0, 0.0, 0.0] |
| 1 |   25 |  0.25 | 2500 |      f3 |      20 |    35.0 |    35.0 |    0,00 |-1,6e+09 |1592491819827 |[0.0, 0.0, 0.0, 0.0] |
| 1 |   25 |  0.32 | 2500 |      f3 |      20 |    35.0 |    35.0 |    0,00 |-1,6e+09 |1592491964208 |[0.55764985, 0.5045146, 0.1785112, 0.3587907] |
| 1 |   25 |  0.25 | 2500 |      f3 |      20 |    35.0 |    35.0 |    0,00 |-1,6e+09 |1592491964208 |[0.55764985, 0.5045146, 0.1785112, 0.3587907] |
| 1 |   25 |  0.25 | 2500 |      f3 |      20 |    35.0 |    35.0 |    0,00 |-1,6e+09 |1592491964208 |[0.55764985, 0.5045146, 0.1785112, 0.3587907] |
| 1 |   25 |  0.25 | 2500 |      f3 |      20 |    35.0 |    35.0 |    0,00 |-1,6e+09 |1592491964208 |[0.55764985, 0.5045146, 0.1785112, 0.3587907] |
| 1 |   25 |  0.25 | 2500 |      f3 |      20 |    35.0 |    35.0 |    0,00 |-1,6e+09 |1592491964208 |[0.55764985, 0.5045146, 0.1785112, 0.3587907] |
| 1 |   25 |  0.25 | 2500 |      f3 |      20 |    35.0 |    35.0 |    0,00 |-1,6e+09 |1592491964208 |[0.55764985, 0.5045146, 0.1785112, 0.3587907] |
| 1 |   25 |  0.25 | 2500 |      f3 |      20 |    35.0 |    35.0 |    0,00 |-1,6e+09 |1592491964208 |[0.55764985, 0.5045146, 0.1785112, 0.3587907] |
| 1 |   25 |  0.25 | 2500 |      f3 |      20 |    35.0 |    35.0 |    0,00 |-1,6e+09 |1592491964208 |[0.55764985, 0.5045146, 0.1785112, 0.3587907] |
| 1 |   25 |  0.25 | 2500 |      f3 |      20 |    35.0 |    35.0 |    0,00 |-1,6e+09 |1592491964208 |[0.55764985, 0.5045146, 0.1785112, 0.3587907] |
| 1 |   25 |  0.25 | 2500 |      f3 |      20 |    35.0 |    35.0 |    0,00 |-1,6e+09 |1592491964208 |[0.55764985, 0.5045146, 0.1785112, 0.3587907] |
| 1 |   25 |  0.25 | 2500 |      f3 |      20 |    35.0 |    35.0 |    0,00 |-1,6e+09 |1592491964208 |[0.55764985, 0.5045146, 0.1785112, 0.3587907] |
| 1 |   25 |  0.25 | 2500 |      f3 |      20 |    35.0 |    35.0 |    0,00 |-1,6e+09 |1592491964208 |[0.55764985, 0.5045146, 0.1785112, 0.3587907] |
| 1 |   25 |  0.25 | 2500 |      f3 |      20 |    35.0 |    35.0 |    0,00 | 0,29 |1592491964208 |[0.55764985, 0.5045146, 0.1785112, 0.3587907] |
| 2 |   25 |   0.2 | 2500 |      f3 |      20 |    35.0 |    35.0 |    0,00 |-0,0010 |1592491964496 |[0.0, 0.0, 0.0, 0.0] |
| 2 |   25 |   0.1 | 2500 |      f3 |      20 |    35.0 |    35.0 |    0,00 |-0,0010 |1592491964496 |[0.0, 0.0, 0.0, 0.0] |
| 2 |   25 |  0.25 | 2500 |      f3 |      20 |    35.0 |    35.0 |    0,00 |-0,0010 |1592491964496 |[0.0, 0.0, 0.0, 0.0] |
| 1 |   25 |   0.4 | 2500 |      f3 |      20 |    35.0 |    35.0 |    0,00 |0,025 |1592492739193 |[0.6440146, 0.27461386, 0.4560324, 0.16465402] |
| 1 |   25 |  0.16 | 2500 |      f3 |      20 |    35.0 |    35.0 |    0,00 |0,050 |1592492739193 |[0.6440146, 0.27461386, 0.4560324, 0.16465402] |
| 1 |   25 |  0.16 | 2500 |      f3 |      20 |    35.0 |    35.0 |    0,00 |0,074 |1592492739193 |[0.6440146, 0.27461386, 0.4560324, 0.16465402] |
| 1 |   25 |   0.1 | 2500 |      f3 |      20 |    35.0 |    35.0 |    0,00 |0,098 |1592492739193 |[0.6440146, 0.27461386, 0.4560324, 0.16465402] |
| 1 |   25 |   0.1 | 2500 |      f3 |      20 |    35.0 |    35.0 |    0,00 | 0,12 |1592492739193 |[0.0, 0.0, 0.0, 0.0] |
| 1 |   25 |  0.28 | 2500 |      f3 |      20 |    35.0 |    35.0 |    0,00 |0,023 |1592492975193 |[0.85368127, 0.095998466, 0.26945674, 0.70523125] |
| 1 |   25 |  0.25 | 2500 |      f3 |      20 |    35.0 |    35.0 |    0,00 |0,048 |1592492975193 |[0.85368127, 0.095998466, 0.26945674, 0.70523125] |
| 1 |   25 |  0.25 | 2500 |      f3 |      20 |    35.0 |    35.0 |    0,00 |0,073 |1592492975193 |[0.85368127, 0.095998466, 0.26945674, 0.70523125] |
| 1 |   25 |  0.25 | 2500 |      f3 |      20 |    35.0 |    35.0 |    0,00 |0,097 |1592492975193 |[0.85368127, 0.095998466, 0.26945674, 0.70523125] |
| 1 |   25 |  0.36 | 2500 |      f3 |      20 |    35.0 |    35.0 |    0,00 |0,023 |1592493274732 |[0.9485368, 0.6246362, 0.07087004, 0.04643941] |
| 1 |   25 |  0.25 | 2500 |      f3 |      20 |    35.0 |    35.0 |    0,00 |0,046 |1592493274732 |[0.9485368, 0.6246362, 0.07087004, 0.04643941] |
| 1 |   25 |  0.25 | 2500 |      f3 |      20 |    35.0 |    35.0 |    0,00 |0,069 |1592493274732 |[0.9485368, 0.6246362, 0.07087004, 0.04643941] |
| 1 |   25 |  0.25 | 2500 |      f3 |      20 |    35.0 |    35.0 |    0,00 |0,092 |1592493274732 |[0.9485368, 0.6246362, 0.07087004, 0.04643941] |
| 1 |   25 |   0.4 | 2500 |      f3 |      20 |    35.0 |    35.0 |    0,00 |0,026 |1592493584187 |[0.7481549, 0.4374441, 0.21804273, 0.5737184] |
| 1 |   25 |   0.1 | 2500 |      f3 |      20 |    35.0 |    35.0 |    0,00 |0,050 |1592493584187 |[0.7481549, 0.4374441, 0.21804273, 0.5737184] |
| 1 |   25 |  0.25 | 2500 |      f3 |      20 |    35.0 |    35.0 |    0,00 |0,075 |1592493584187 |[0.7481549, 0.4374441, 0.21804273, 0.5737184] |
| 1 |   25 |   0.2 | 2500 |      f3 |      20 |    35.0 |    35.0 |    0,00 |0,022 |1592493824875 |[0.518449, 0.7874179, 0.8710788, 0.6727348] |
| 1 |   25 |  0.25 | 2500 |      f3 |      20 |    35.0 |    35.0 |    0,00 |0,049 |1592493824875 |[0.518449, 0.7874179, 0.8710788, 0.6727348] |
| 1 |   25 |  0.25 | 2500 |      f3 |      20 |    35.0 |    35.0 |    0,00 |0,074 |1592493824875 |[0.518449, 0.7874179, 0.8710788, 0.6727348] |
| 1 |   25 |  0.25 | 2500 |      f3 |      20 |    35.0 |    35.0 |    0,00 |0,098 |1592493824875 |[0.518449, 0.7874179, 0.8710788, 0.6727348] |
| 1 |   25 |   0.4 | 2500 |      f3 |      20 |    35.0 |    35.0 |    0,00 |0,035 |1592493879552 |[0.24305773, 0.09120005, 0.6575021, 0.19176286] |
| 1 |   25 |  0.25 | 2500 |      f3 |      20 |    35.0 |    35.0 |    0,00 |0,059 |1592493879552 |[0.24305773, 0.09120005, 0.6575021, 0.19176286] |
| 1 |   25 |  0.25 | 2500 |      f3 |      20 |    35.0 |    35.0 |    0,00 |0,085 |1592493879552 |[0.24305773, 0.09120005, 0.6575021, 0.19176286] |
| 1 |   25 |  0.25 | 2500 |      f3 |      20 |    35.0 |    35.0 |    0,00 | 0,11 |1592493879552 |[0.24305773, 0.09120005, 0.6575021, 0.19176286] |
| 1 |   25 |  0.45 | 2500 |      f3 |      20 |    35.0 |    35.0 |    0,00 |0,024 |1592493968831 |[0.7428819, 0.24677807, 0.07088262, 0.52622503] |
| 1 |   25 |   0.1 | 2500 |      f3 |      20 |    35.0 |    35.0 |    0,00 |0,048 |1592493968831 |[0.0, 0.0, 0.0, 0.0] |
| 1 |   25 |   0.1 | 2500 |      f3 |      20 |    35.0 |    35.0 |    0,00 |0,073 |1592493968831 |[0.0, 0.0, 0.0, 0.0] |
| 1 |   25 |   0.1 | 2500 |      f3 |      20 |    35.0 |    35.0 |    0,00 |0,098 |1592493968831 |[0.0, 0.0, 0.0, 0.0] |
| 1 |   25 |  0.44 | 2500 |      f3 |      20 |    35.0 |    35.0 |    0,00 |0,023 |1592494018759 |[0.2629885, 0.6821739, 0.35483903, 0.9225875] |
| 1 |   25 |  0.25 | 2500 |      f3 |      20 |    35.0 |    35.0 |    0,00 |0,048 |1592494018759 |[0.0, 0.0, 0.0, 0.0] |
| 1 |   25 |  0.25 | 2500 |      f3 |      20 |    35.0 |    35.0 |    0,00 |0,073 |1592494018759 |[0.0, 0.0, 0.0, 0.0] |
| 1 |   25 |  0.44 | 2500 |      f3 |      20 |    35.0 |    35.0 |    0,00 |0,022 |1592494061487 |[0.35660183, 0.39514095, 0.35825145, 0.8590932] |
| 1 |   25 |   0.1 | 2500 |      f3 |      20 |    35.0 |    35.0 |    0,00 |0,045 |1592494061487 |[0.35660183, 0.39514095, 0.35825145, 0.8590932] |
| 1 |   25 |  0.25 | 2500 |      f3 |      20 |    35.0 |    35.0 |    0,00 |0,069 |1592494061487 |[0.35660183, 0.39514095, 0.35825145, 0.8590932] |
| 1 |   25 |  0.25 | 2500 |      f3 |      20 |    35.0 |    35.0 |    0,00 |0,092 |1592494061487 |[0.35660183, 0.39514095, 0.35825145, 0.8590932] |
| 1 |   25 |  0.25 | 2500 |      f3 |      20 |    35.0 |    35.0 |    0,00 | 0,12 |1592494061487 |[0.35660183, 0.39514095, 0.35825145, 0.8590932] |
| 1 |   25 |  0.25 | 2500 |      f3 |      20 |    35.0 |    35.0 |    0,00 | 0,14 |1592494061487 |[0.35660183, 0.39514095, 0.35825145, 0.8590932] |
| 1 |   25 |  0.25 | 2500 |      f3 |      20 |    35.0 |    35.0 |    0,00 | 0,16 |1592494061487 |[0.35660183, 0.39514095, 0.35825145, 0.8590932] |
| 1 |   25 |  0.25 | 2500 |      f3 |      20 |    35.0 |    35.0 |    0,00 | 0,19 |1592494061487 |[0.35660183, 0.39514095, 0.35825145, 0.8590932] |
| 1 |   25 |  0.25 | 2500 |      f3 |      20 |    35.0 |    35.0 |    0,00 | 0,21 |1592494061487 |[0.35660183, 0.39514095, 0.35825145, 0.8590932] |
| 1 |   25 |  0.25 | 2500 |      f3 |      20 |    35.0 |    35.0 |    0,00 | 0,23 |1592494061487 |[0.35660183, 0.39514095, 0.35825145, 0.8590932] |
| 1 |   25 |  0.25 | 2500 |      f3 |      20 |    35.0 |    35.0 |    0,00 | 0,25 |1592494061487 |[0.35660183, 0.39514095, 0.35825145, 0.8590932] |
| 1 |   25 |  0.25 | 2500 |      f3 |      20 |    35.0 |    35.0 |    0,00 | 0,28 |1592494061487 |[0.35660183, 0.39514095, 0.35825145, 0.8590932] |
| 1 |   25 |  0.25 | 2500 |      f3 |      20 |    35.0 |    35.0 |    0,00 | 0,29 |1592494061487 |[0.35660183, 0.39514095, 0.35825145, 0.8590932] |
| 2 |   25 |  0.32 | 2500 |      f3 |      20 |    35.0 |    35.0 |    0,00 |0,023 |1592494061778 |[0.48436993, 0.4030108, 0.4829781, 0.9600669] |
| 2 |   25 |   0.1 | 2500 |      f3 |      20 |    35.0 |    35.0 |    0,00 |0,047 |1592494061778 |[0.48436993, 0.4030108, 0.4829781, 0.9600669] |
| 2 |   25 |  0.25 | 2500 |      f3 |      20 |    35.0 |    35.0 |    0,00 |0,070 |1592494061778 |[0.48436993, 0.4030108, 0.4829781, 0.9600669] |
| 2 |   25 |  0.25 | 2500 |      f3 |      20 |    35.0 |    35.0 |    0,00 |0,093 |1592494061778 |[0.48436993, 0.4030108, 0.4829781, 0.9600669] |
| 1 |   25 |  0.44 | 2500 |      f3 |      20 |    35.0 |    35.0 |    0,00 |0,025 |1592494803959 |[0.9490097, 0.9552956, 0.25775915, 0.2212184] |
| 1 |   25 |  0.25 | 2500 |      f3 |      20 |    35.0 |    35.0 |    0,00 |0,053 |1592494803959 |[0.9490097, 0.9552956, 0.25775915, 0.2212184] |
| 1 |   25 |  0.25 | 2500 |      f3 |      20 |    35.0 |    35.0 |    0,00 |0,078 |1592494803959 |[0.9490097, 0.9552956, 0.25775915, 0.2212184] |
| 1 |   25 |   0.2 | 2500 |      f3 |      20 |    35.0 |    35.0 |    0,00 |0,023 |1592494805213 |[0.14200789, 0.9198854, 0.797449, 0.11469394] |
| 1 |   25 |   0.1 | 2500 |      f3 |      20 |    35.0 |    35.0 |    0,00 |0,047 |1592494805213 |[0.14200789, 0.9198854, 0.797449, 0.11469394] |
| 1 |   25 |  0.25 | 2500 |      f3 |      20 |    35.0 |    35.0 |    0,00 |0,069 |1592494805213 |[0.14200789, 0.9198854, 0.797449, 0.11469394] |
| 1 |   25 |  0.28 | 2500 |      f3 |      20 |    35.0 |    35.0 |    0,00 |  6,3 |1592495164865 |[0.3696884, 0.4287873, 0.18483812, 0.68993056] |
| 1 |   25 |  0.25 | 2500 |      f3 |      20 |    35.0 |    35.0 |    0,00 |  6,3 |1592495164865 |[0.3696884, 0.4287873, 0.18483812, 0.68993056] |
| 1 |   25 |  0.25 | 2500 |      f3 |      20 |    35.0 |    35.0 |    0,00 |  6,4 |1592495164865 |[0.3696884, 0.4287873, 0.18483812, 0.68993056] |
| 1 |   25 |  0.25 | 2500 |      f3 |      20 |    35.0 |    35.0 |    0,00 |  6,4 |1592495164865 |[0.3696884, 0.4287873, 0.18483812, 0.68993056] |
| 1 |   25 |  0.25 | 2500 |      f3 |      20 |    35.0 |    35.0 |    0,00 |  6,4 |1592495164865 |[0.3696884, 0.4287873, 0.18483812, 0.68993056] |
| 1 |   25 |  0.25 | 2500 |      f3 |      20 |    35.0 |    35.0 |    0,00 |  6,4 |1592495164865 |[0.3696884, 0.4287873, 0.18483812, 0.68993056] |
| 1 |   25 |  0.25 | 2500 |      f3 |      20 |    35.0 |    35.0 |    0,00 |  6,5 |1592495164865 |[0.3696884, 0.4287873, 0.18483812, 0.68993056] |
| 1 |   25 |  0.25 | 2500 |      f3 |      20 |    35.0 |    35.0 |    0,00 |  6,5 |1592495164865 |[0.3696884, 0.4287873, 0.18483812, 0.68993056] |
| 1 |   25 |  0.25 | 2500 |      f3 |      20 |    35.0 |    35.0 |    0,00 |  6,5 |1592495164865 |[0.3696884, 0.4287873, 0.18483812, 0.68993056] |
| 1 |   25 |  0.25 | 2500 |      f3 |      20 |    35.0 |    35.0 |    0,00 |  6,5 |1592495164865 |[0.3696884, 0.4287873, 0.18483812, 0.68993056] |
| 1 |   25 |  0.25 | 2500 |      f3 |      20 |    35.0 |    35.0 |    0,00 |  6,6 |1592495164865 |[0.3696884, 0.4287873, 0.18483812, 0.68993056] |
| 1 |   25 |  0.25 | 2500 |      f3 |      20 |    35.0 |    35.0 |    0,00 |  6,6 |1592495164865 |[0.3696884, 0.4287873, 0.18483812, 0.68993056] |
| 1 |   25 |  0.25 | 2500 |      f3 |      20 |    35.0 |    35.0 |    0,00 |  6,6 |1592495164865 |[0.3696884, 0.4287873, 0.18483812, 0.68993056] |
| 2 |   25 |  0.32 | 2500 |      f3 |      20 |    35.0 |    35.0 |    0,00 |8,0e+02 |1592495171454 |[0.9614586, 0.7535591, 0.23182452, 0.8206586] |
| 2 |   25 |  0.12 | 2500 |      f3 |      20 |    35.0 |    35.0 |    0,00 |8,0e+02 |1592495171454 |[0.9614586, 0.7535591, 0.23182452, 0.8206586] |
| 2 |   25 |  0.25 | 2500 |      f3 |      20 |    35.0 |    35.0 |    0,00 |8,0e+02 |1592495171454 |[0.9614586, 0.7535591, 0.23182452, 0.8206586] |
| 2 |   25 |  0.25 | 2500 |      f3 |      20 |    35.0 |    35.0 |    0,00 |8,0e+02 |1592495171454 |[0.9614586, 0.7535591, 0.23182452, 0.8206586] |
| 1 |   25 |  0.25 | 2500 |      f3 |      20 |    35.0 |    35.0 |    0,00 |0,0010 |1592496220823 |[0.110571325, 0.99990284, 0.4702196, 0.9069866] |
| 2 |   25 |  0.25 | 2500 |      f3 |      20 |    35.0 |    35.0 |    0,00 |0,0030 |1592496220827 |[0.86363983, 0.14193642, 0.22049195, 0.2586068] |
| 3 |   25 |  0.25 | 2500 |      f3 |      20 |    35.0 |    35.0 |    0,00 |0,0010 |1592496220831 |[0.004705906, 0.31847823, 0.10153687, 0.112748206] |
| 4 |   25 |  0.25 | 2500 |      f3 |      20 |    35.0 |    35.0 |    0,00 |0,0010 |1592496220834 |[0.5928504, 0.847617, 0.6747537, 0.47478306] |
| 5 |   25 |  0.25 | 2500 |      f3 |      20 |    35.0 |    35.0 |    0,00 |0,0010 |1592496220836 |[0.105507076, 0.8308237, 0.051275373, 0.5061878] |
| 6 |   25 |  0.25 | 2500 |      f3 |      20 |    35.0 |    35.0 |    0,00 |0,0020 |1592496220838 |[0.8100112, 0.48057508, 0.022743762, 0.40489042] |
| 7 |   25 |  0.25 | 2500 |      f3 |      20 |    35.0 |    35.0 |    0,00 |0,0010 |1592496220840 |[0.73846877, 0.5497825, 0.1332215, 0.5671398] |
| 8 |   25 |  0.25 | 2500 |      f3 |      20 |    35.0 |    35.0 |    0,00 |0,0010 |1592496220842 |[0.30216253, 0.867822, 0.9568967, 0.10022265] |
| 9 |   25 |  0.25 | 2500 |      f3 |      20 |    35.0 |    35.0 |    0,00 |0,0010 |1592496220844 |[0.23075563, 0.789522, 0.78300893, 0.77728635] |
|10 |   25 |  0.25 | 2500 |      f3 |      20 |    35.0 |    35.0 |    0,00 |0,0010 |1592496220847 |[0.33185506, 0.93559176, 0.27548343, 0.6615625] |
|11 |   25 |  0.25 | 2500 |      f3 |      20 |    35.0 |    35.0 |    0,00 |0,0010 |1592496220848 |[0.7128382, 0.58094615, 0.98261905, 0.8870673] |
|12 |   25 |  0.25 | 2500 |      f3 |      20 |    35.0 |    35.0 |    0,00 |0,0010 |1592496220850 |[0.19006371, 0.02254355, 0.64441854, 0.24517483] |
|13 |   25 |  0.25 | 2500 |      f3 |      20 |    35.0 |    35.0 |    0,00 |0,0010 |1592496220851 |[0.17400849, 0.7569623, 0.50400037, 0.17525315] |
|14 |   25 |  0.25 | 2500 |      f3 |      20 |    35.0 |    35.0 |    0,00 |0,0010 |1592496220853 |[0.95511353, 0.17982996, 0.24697453, 0.35135716] |
|15 |   25 |  0.25 | 2500 |      f3 |      20 |    35.0 |    35.0 |    0,00 |0,0010 |1592496220854 |[0.09548557, 0.7820738, 0.43058312, 0.3929839] |
| 1 |   25 |  0.25 | 2500 |      f3 |      20 |    35.0 |    35.0 |    0,00 |0,0010 |1592496325451 |[0.965805, 0.059731603, 0.6265055, 0.15027183] |
| 2 |   25 |  0.25 | 2500 |      f3 |      20 |    35.0 |    35.0 |    0,00 |0,0030 |1592496325455 |[0.800457, 0.3278889, 0.035722136, 0.49308747] |
| 3 |   25 |  0.25 | 2500 |      f3 |      20 |    35.0 |    35.0 |    0,00 |0,0020 |1592496325458 |[0.373532, 0.07398999, 0.2600816, 0.64067805] |
| 4 |   25 |  0.25 | 2500 |      f3 |      20 |    35.0 |    35.0 |    0,00 |0,0010 |1592496325461 |[0.8759763, 0.7268695, 0.96466446, 0.99686503] |
| 5 |   25 |  0.25 | 2500 |      f3 |      20 |    35.0 |    35.0 |    0,00 |0,0020 |1592496325462 |[0.86926883, 0.08907372, 0.7808456, 0.66402423] |
| 6 |   25 |  0.25 | 2500 |      f3 |      20 |    35.0 |    35.0 |    0,00 |0,0010 |1592496325465 |[0.29854357, 0.26230824, 0.9232582, 0.39828664] |
| 7 |   25 |  0.25 | 2500 |      f3 |      20 |    35.0 |    35.0 |    0,00 |0,0010 |1592496325467 |[0.9406558, 0.990938, 0.6088989, 0.64333904] |
| 8 |   25 |  0.25 | 2500 |      f3 |      20 |    35.0 |    35.0 |    0,00 |0,0020 |1592496325468 |[0.6468303, 0.23413056, 0.9702274, 0.48057932] |
| 9 |   25 |  0.25 | 2500 |      f3 |      20 |    35.0 |    35.0 |    0,00 |0,0010 |1592496325471 |[0.7714746, 0.6684404, 0.92001414, 0.74447125] |
|10 |   25 |  0.25 | 2500 |      f3 |      20 |    35.0 |    35.0 |    0,00 |0,0010 |1592496325473 |[0.51801026, 0.17530441, 0.4956389, 0.023869753] |
|11 |   25 |  0.25 | 2500 |      f3 |      20 |    35.0 |    35.0 |    0,00 |0,0010 |1592496325475 |[0.9158347, 0.24260199, 0.32842803, 0.6435933] |
|12 |   25 |  0.25 | 2500 |      f3 |      20 |    35.0 |    35.0 |    0,00 |0,0010 |1592496325476 |[0.7900606, 0.13956416, 0.22843802, 0.73722106] |
|13 |   25 |  0.25 | 2500 |      f3 |      20 |    35.0 |    35.0 |    0,00 |0,0010 |1592496325478 |[0.70975786, 0.8598164, 0.10238904, 0.019174755] |
|14 |   25 |  0.25 | 2500 |      f3 |      20 |    35.0 |    35.0 |    0,00 |0,0010 |1592496325479 |[0.53791744, 0.67651486, 0.83212954, 0.10143685] |
|15 |   25 |  0.25 | 2500 |      f3 |      20 |    35.0 |    35.0 |    0,00 |  0,0 |1592496325481 |[0.9728075, 0.68946135, 0.9570292, 0.08377117] |
| 1 |   25 |  0.25 | 2500 |      f3 |      20 |    35.0 |    35.0 |    0,00 |0,0010 |1592496344890 |[0.6573985, 0.9510225, 0.3399905, 0.054755867] |
| 2 |   25 |  0.25 | 2500 |      f3 |      20 |    35.0 |    35.0 |    0,00 |0,0010 |1592496344892 |[0.98436415, 0.82280415, 0.2823971, 0.34029323] |
| 3 |   25 |  0.25 | 2500 |      f3 |      20 |    35.0 |    35.0 |    0,00 |0,0010 |1592496344894 |[0.16980511, 0.027213395, 0.3732679, 0.101879716] |
| 4 |   25 |  0.25 | 2500 |      f3 |      20 |    35.0 |    35.0 |    0,00 |0,0010 |1592496344896 |[0.0031671524, 0.08847809, 0.28956014, 0.22964501] |
| 5 |   25 |  0.25 | 2500 |      f3 |      20 |    35.0 |    35.0 |    0,00 |0,0010 |1592496344897 |[0.44239604, 0.8961138, 0.9133164, 0.8377265] |
| 6 |   25 |  0.25 | 2500 |      f3 |      20 |    35.0 |    35.0 |    0,00 |0,0010 |1592496344899 |[0.0827446, 0.9908063, 0.61543775, 0.5389717] |
| 7 |   25 |  0.25 | 2500 |      f3 |      20 |    35.0 |    35.0 |    0,00 |0,0010 |1592496344900 |[0.4549024, 0.31493902, 0.8246808, 0.22720379] |
| 8 |   25 |  0.25 | 2500 |      f3 |      20 |    35.0 |    35.0 |    0,00 |0,0010 |1592496344902 |[0.90717435, 0.6544693, 0.8824835, 0.6262523] |
| 9 |   25 |  0.25 | 2500 |      f3 |      20 |    35.0 |    35.0 |    0,00 |0,0010 |1592496344903 |[0.17842919, 0.6599526, 0.01346904, 0.40588754] |
|10 |   25 |  0.25 | 2500 |      f3 |      20 |    35.0 |    35.0 |    0,00 |0,0010 |1592496344904 |[0.9973727, 0.92985934, 0.6500846, 0.91843927] |
|11 |   25 |  0.25 | 2500 |      f3 |      20 |    35.0 |    35.0 |    0,00 |0,0010 |1592496344906 |[0.920477, 0.8227651, 0.3343491, 0.52674675] |
|12 |   25 |  0.25 | 2500 |      f3 |      20 |    35.0 |    35.0 |    0,00 |0,0010 |1592496344907 |[0.34101355, 0.89366394, 0.8694226, 0.48972946] |
|13 |   25 |  0.25 | 2500 |      f3 |      20 |    35.0 |    35.0 |    0,00 |  0,0 |1592496344909 |[0.20207816, 0.75165117, 0.9406501, 0.58188254] |
|14 |   25 |  0.25 | 2500 |      f3 |      20 |    35.0 |    35.0 |    0,00 |0,0010 |1592496344910 |[0.41319436, 0.24897504, 0.24400085, 0.3659987] |
|15 |   25 |  0.25 | 2500 |      f3 |      20 |    35.0 |    35.0 |    0,00 |0,0010 |1592496344911 |[0.16031593, 0.77525234, 0.62744033, 0.58765084] |
| 1 |   25 |  0.25 | 2500 |      f3 |      20 |    35.0 |    35.0 |    0,00 |0,0020 |1592497189284 |[0.39237452, 0.65425825, 0.4955808, 0.16626489] |
| 2 |   25 |  0.25 | 2500 |      f3 |      20 |    35.0 |    35.0 |    0,00 |0,0010 |1592497189287 |[0.7345313, 0.77689, 0.6626458, 0.37333494] |
| 3 |   25 |  0.25 | 2500 |      f3 |      20 |    35.0 |    35.0 |    0,00 |0,0010 |1592497189289 |[0.6561913, 0.9124796, 0.53078455, 0.27520525] |
| 4 |   25 |  0.25 | 2500 |      f3 |      20 |    35.0 |    35.0 |    0,00 |0,0010 |1592497189291 |[0.08082914, 0.19230038, 0.6625644, 0.31813616] |
| 5 |   25 |  0.25 | 2500 |      f3 |      20 |    35.0 |    35.0 |    0,00 |0,0010 |1592497189293 |[0.9880166, 0.7490535, 0.090011895, 0.53288144] |
| 6 |   25 |  0.25 | 2500 |      f3 |      20 |    35.0 |    35.0 |    0,00 |0,0020 |1592497189296 |[0.4722649, 0.8306853, 0.11175579, 0.92620283] |
| 7 |   25 |  0.25 | 2500 |      f3 |      20 |    35.0 |    35.0 |    0,00 |0,0010 |1592497189299 |[0.01767242, 0.17877132, 0.054964006, 0.78132874] |
| 8 |   25 |  0.25 | 2500 |      f3 |      20 |    35.0 |    35.0 |    0,00 |0,0010 |1592497189301 |[0.6752574, 0.041271865, 0.61226994, 0.16645736] |
| 9 |   25 |  0.25 | 2500 |      f3 |      20 |    35.0 |    35.0 |    0,00 |0,0010 |1592497189303 |[0.96875566, 0.16240251, 0.4333017, 0.97810996] |
|10 |   25 |  0.25 | 2500 |      f3 |      20 |    35.0 |    35.0 |    0,00 |  0,0 |1592497189305 |[0.6140822, 0.7088951, 0.7145724, 0.5884398] |
|11 |   25 |  0.25 | 2500 |      f3 |      20 |    35.0 |    35.0 |    0,00 |0,0010 |1592497189306 |[0.63533163, 0.11119074, 0.10915774, 0.2803443] |
|12 |   25 |  0.25 | 2500 |      f3 |      20 |    35.0 |    35.0 |    0,00 |0,0010 |1592497189308 |[0.98817235, 0.97093755, 0.7849157, 0.30293685] |
|13 |   25 |  0.25 | 2500 |      f3 |      20 |    35.0 |    35.0 |    0,00 |0,0010 |1592497189309 |[0.36393613, 0.5911678, 0.2126655, 0.90726477] |
|14 |   25 |  0.25 | 2500 |      f3 |      20 |    35.0 |    35.0 |    0,00 |0,0010 |1592497189311 |[0.20139402, 0.953395, 0.5327614, 0.9141181] |
|15 |   25 |  0.25 | 2500 |      f3 |      20 |    35.0 |    35.0 |    0,00 |0,0010 |1592497189312 |[0.26399034, 0.22486192, 0.504719, 0.96477324] |
| 1 |   25 |  0.25 | 2500 |      f3 |      20 |    35.0 |    35.0 |    0,00 |0,0010 |1592497232250 |[0.29432994, 0.44599068, 0.21117431, 0.67898685] |
| 2 |   25 |  0.25 | 2500 |      f3 |      20 |    35.0 |    35.0 |    0,00 |0,0020 |1592497232252 |[0.15080649, 0.73198134, 0.8964299, 0.61837757] |
| 3 |   25 |  0.25 | 2500 |      f3 |      20 |    35.0 |    35.0 |    0,00 |0,0020 |1592497232255 |[0.22384238, 0.98741955, 0.36976945, 0.8233647] |
| 4 |   25 |  0.25 | 2500 |      f3 |      20 |    35.0 |    35.0 |    0,00 |0,0010 |1592497232258 |[0.7494705, 0.92773205, 0.04187548, 0.6020006] |
| 5 |   25 |  0.25 | 2500 |      f3 |      20 |    35.0 |    35.0 |    0,00 |0,0010 |1592497232260 |[0.35163313, 0.9743317, 0.53992784, 0.81516224] |
| 6 |   25 |  0.25 | 2500 |      f3 |      20 |    35.0 |    35.0 |    0,00 |0,0010 |1592497232262 |[0.6757179, 0.6285661, 0.41137248, 0.26048255] |
| 7 |   25 |  0.25 | 2500 |      f3 |      20 |    35.0 |    35.0 |    0,00 |0,0010 |1592497232263 |[0.3771348, 0.7631973, 0.9139114, 0.21768379] |
| 8 |   25 |  0.25 | 2500 |      f3 |      20 |    35.0 |    35.0 |    0,00 |0,0010 |1592497232265 |[0.3602872, 0.8416156, 0.050269663, 0.22425944] |
| 9 |   25 |  0.25 | 2500 |      f3 |      20 |    35.0 |    35.0 |    0,00 |  0,0 |1592497232267 |[0.007104039, 0.26694912, 0.03284514, 0.8569353] |
|10 |   25 |  0.25 | 2500 |      f3 |      20 |    35.0 |    35.0 |    0,00 |0,0010 |1592497232268 |[0.6348524, 0.99845177, 0.48443717, 0.9548363] |
|11 |   25 |  0.25 | 2500 |      f3 |      20 |    35.0 |    35.0 |    0,00 |0,0010 |1592497232269 |[0.0067788363, 0.57849985, 0.92704314, 0.21010768] |
|12 |   25 |  0.25 | 2500 |      f3 |      20 |    35.0 |    35.0 |    0,00 |0,0010 |1592497232271 |[0.70162237, 0.9873526, 0.13417357, 0.04115361] |
|13 |   25 |  0.25 | 2500 |      f3 |      20 |    35.0 |    35.0 |    0,00 |0,0010 |1592497232272 |[0.46456325, 0.57581717, 0.23965424, 0.76257503] |
|14 |   25 |  0.25 | 2500 |      f3 |      20 |    35.0 |    35.0 |    0,00 |  0,0 |1592497232274 |[0.116803944, 0.18063468, 0.6742268, 0.86814517] |
|15 |   25 |  0.25 | 2500 |      f3 |      20 |    35.0 |    35.0 |    0,00 |0,0010 |1592497232275 |[0.36869317, 0.96516925, 0.87513083, 0.17220473] |
| 1 |   25 |  0.25 | 2500 |      f3 |      20 |    35.0 |    35.0 |    0,00 |0,0010 |1592497307538 |[0.7986075, 0.07755607, 0.80933136, 0.49131948] |
| 2 |   25 |  0.25 | 2500 |      f3 |      20 |    35.0 |    35.0 |    0,00 |0,0040 |1592497307540 |[0.45008308, 0.20102477, 0.775178, 0.2568251] |
| 3 |   25 |  0.25 | 2500 |      f3 |      20 |    35.0 |    35.0 |    0,00 |  0,0 |1592497307546 |[0.6465994, 0.057013273, 0.8748591, 0.2645949] |
| 4 |   25 |  0.25 | 2500 |      f3 |      20 |    35.0 |    35.0 |    0,00 |0,0010 |1592497307547 |[0.05555111, 0.6150575, 0.060330093, 0.8896586] |
| 5 |   25 |  0.25 | 2500 |      f3 |      20 |    35.0 |    35.0 |    0,00 |0,0010 |1592497307549 |[0.63027763, 0.6687124, 0.52642715, 0.36335152] |
| 6 |   25 |  0.25 | 2500 |      f3 |      20 |    35.0 |    35.0 |    0,00 |  0,0 |1592497307551 |[0.94457215, 0.94828194, 0.48189723, 0.27792406] |
| 7 |   25 |  0.25 | 2500 |      f3 |      20 |    35.0 |    35.0 |    0,00 |  0,0 |1592497307552 |[0.08572316, 0.29359853, 0.40254992, 0.4062261] |
| 8 |   25 |  0.25 | 2500 |      f3 |      20 |    35.0 |    35.0 |    0,00 |0,0010 |1592497307553 |[0.7706922, 0.3087927, 0.54263437, 0.16319132] |
| 9 |   25 |  0.25 | 2500 |      f3 |      20 |    35.0 |    35.0 |    0,00 |0,0010 |1592497307554 |[0.2233122, 0.51711476, 0.27803695, 0.23006165] |
|10 |   25 |  0.25 | 2500 |      f3 |      20 |    35.0 |    35.0 |    0,00 |  0,0 |1592497307556 |[0.021992624, 0.6780363, 0.68272316, 0.7570494] |
|11 |   25 |  0.25 | 2500 |      f3 |      20 |    35.0 |    35.0 |    0,00 |0,0010 |1592497307557 |[0.92534655, 0.84314966, 0.4056716, 0.90906674] |
|12 |   25 |  0.25 | 2500 |      f3 |      20 |    35.0 |    35.0 |    0,00 |0,0010 |1592497307558 |[0.3436895, 0.63842237, 0.49301857, 0.15420777] |
|13 |   25 |  0.25 | 2500 |      f3 |      20 |    35.0 |    35.0 |    0,00 |0,0010 |1592497307559 |[0.040140927, 0.42644417, 0.91157615, 0.8219568] |
|14 |   25 |  0.25 | 2500 |      f3 |      20 |    35.0 |    35.0 |    0,00 |  0,0 |1592497307561 |[0.042227387, 0.37977773, 0.06491798, 0.91435635] |
|15 |   25 |  0.25 | 2500 |      f3 |      20 |    35.0 |    35.0 |    0,00 |0,0010 |1592497307562 |[0.48771352, 0.44223052, 0.834387, 0.6089897] |
| 1 |   25 |  0.25 | 2500 |      f3 |      20 |    35.0 |    35.0 |    0,00 |0,0030 |1592499263250 |[0.7701818, 0.432378, 0.9616054, 0.5199301] |
| 2 |   25 |  0.25 | 2500 |      f3 |      20 |    35.0 |    35.0 |    0,00 |0,0010 |1592499263255 |[0.35125977, 0.054083288, 0.6271261, 0.4773872] |
| 3 |   25 |  0.25 | 2500 |      f3 |      20 |    35.0 |    35.0 |    0,00 |0,0020 |1592499263257 |[0.96512544, 0.99766153, 0.29800177, 0.17786056] |
| 4 |   25 |  0.25 | 2500 |      f3 |      20 |    35.0 |    35.0 |    0,00 |0,0010 |1592499263260 |[0.4914912, 0.46072924, 0.13026196, 0.5319724] |
| 5 |   25 |  0.25 | 2500 |      f3 |      20 |    35.0 |    35.0 |    0,00 |0,0010 |1592499263262 |[0.95552176, 0.74413383, 0.4341603, 0.40477556] |
| 6 |   25 |  0.25 | 2500 |      f3 |      20 |    35.0 |    35.0 |    0,00 |0,0010 |1592499263264 |[0.80605423, 0.49130416, 0.9205497, 0.3757434] |
| 7 |   25 |  0.25 | 2500 |      f3 |      20 |    35.0 |    35.0 |    0,00 |0,0010 |1592499263266 |[0.25817692, 0.9625305, 0.13743037, 0.63559705] |
| 8 |   25 |  0.25 | 2500 |      f3 |      20 |    35.0 |    35.0 |    0,00 |0,0010 |1592499263268 |[0.6701993, 0.036049187, 0.8729873, 0.17397082] |
| 9 |   25 |  0.25 | 2500 |      f3 |      20 |    35.0 |    35.0 |    0,00 |0,0010 |1592499263270 |[0.5123297, 0.23517925, 0.8731571, 0.99914956] |
|10 |   25 |  0.25 | 2500 |      f3 |      20 |    35.0 |    35.0 |    0,00 |  0,0 |1592499263272 |[0.63595957, 0.07181859, 0.9496613, 0.5159971] |
|11 |   25 |  0.25 | 2500 |      f3 |      20 |    35.0 |    35.0 |    0,00 |0,0010 |1592499263273 |[0.35284048, 0.8636001, 0.6769348, 0.00640893] |
|12 |   25 |  0.25 | 2500 |      f3 |      20 |    35.0 |    35.0 |    0,00 |0,0010 |1592499263275 |[0.2833227, 0.6786211, 0.6469349, 0.5553739] |
|13 |   25 |  0.25 | 2500 |      f3 |      20 |    35.0 |    35.0 |    0,00 |0,0010 |1592499263277 |[0.92633843, 0.8180283, 0.6849027, 0.81685024] |
|14 |   25 |  0.25 | 2500 |      f3 |      20 |    35.0 |    35.0 |    0,00 |0,0010 |1592499263278 |[0.44052315, 0.81670517, 0.28703856, 0.8241046] |
|15 |   25 |  0.25 | 2500 |      f3 |      20 |    35.0 |    35.0 |    0,00 |0,0010 |1592499263280 |[0.97502756, 0.54286945, 0.30705428, 0.92814946] |
| 1 |   25 |  0.25 | 2500 |      f3 |      20 |    35.0 |    35.0 |    0,00 |0,0020 |1592499288668 |[0.037014127, 0.8593136, 0.82089406, 0.79514456] |
| 2 |   25 |  0.25 | 2500 |      f3 |      20 |    35.0 |    35.0 |    0,00 |0,0040 |1592499288671 |[0.5531143, 0.3543566, 0.7087373, 0.1329549] |
| 3 |   25 |  0.25 | 2500 |      f3 |      20 |    35.0 |    35.0 |    0,00 |0,0010 |1592499288677 |[0.71779954, 0.49093586, 0.78593063, 0.84555507] |
| 4 |   25 |  0.25 | 2500 |      f3 |      20 |    35.0 |    35.0 |    0,00 |0,0010 |1592499288679 |[0.4084797, 0.9184924, 0.8744709, 0.16233599] |
| 5 |   25 |  0.25 | 2500 |      f3 |      20 |    35.0 |    35.0 |    0,00 |0,0020 |1592499288681 |[0.5268314, 0.041321695, 0.20228577, 0.18138564] |
| 6 |   25 |  0.25 | 2500 |      f3 |      20 |    35.0 |    35.0 |    0,00 |0,0010 |1592499288684 |[0.44123495, 0.40366668, 0.57545614, 0.24328417] |
| 7 |   25 |  0.25 | 2500 |      f3 |      20 |    35.0 |    35.0 |    0,00 |0,0010 |1592499288686 |[0.7930677, 0.9493236, 0.16999394, 0.29918844] |
| 8 |   25 |  0.25 | 2500 |      f3 |      20 |    35.0 |    35.0 |    0,00 |  0,0 |1592499288688 |[0.041646063, 0.017651021, 0.83965164, 0.9236735] |
| 9 |   25 |  0.25 | 2500 |      f3 |      20 |    35.0 |    35.0 |    0,00 |0,0020 |1592499288689 |[0.10898, 0.098287344, 0.7530491, 0.4496311] |
|10 |   25 |  0.25 | 2500 |      f3 |      20 |    35.0 |    35.0 |    0,00 |0,0010 |1592499288691 |[0.35044897, 0.9955048, 0.9717888, 0.06265706] |
|11 |   25 |  0.25 | 2500 |      f3 |      20 |    35.0 |    35.0 |    0,00 |0,0010 |1592499288693 |[0.86283356, 0.021061659, 0.8893972, 0.5460524] |
|12 |   25 |  0.25 | 2500 |      f3 |      20 |    35.0 |    35.0 |    0,00 |0,0010 |1592499288694 |[0.87623674, 0.9821569, 0.70055455, 0.16940278] |
|13 |   25 |  0.25 | 2500 |      f3 |      20 |    35.0 |    35.0 |    0,00 |0,0010 |1592499288696 |[0.8234323, 0.46772808, 0.12834477, 0.625142] |
|14 |   25 |  0.25 | 2500 |      f3 |      20 |    35.0 |    35.0 |    0,00 |0,0010 |1592499288697 |[0.58194715, 0.91966116, 0.2729001, 0.89370805] |
|15 |   25 |  0.25 | 2500 |      f3 |      20 |    35.0 |    35.0 |    0,00 |0,0010 |1592499288698 |[0.44622236, 0.2659104, 0.74414676, 0.67121255] |
| 1 |   25 |  0.25 | 2500 |      f3 |      20 |    35.0 |    35.0 |    0,00 |0,0020 |1592499472868 |[0.22230148, 0.74609315, 0.9593253, 0.7820975] |
| 2 |   25 |  0.25 | 2500 |      f3 |      20 |    35.0 |    35.0 |    0,00 |0,0010 |1592499472871 |[0.4976555, 0.013270915, 0.9751795, 0.93740153] |
| 3 |   25 |  0.25 | 2500 |      f3 |      20 |    35.0 |    35.0 |    0,00 |0,0020 |1592499472873 |[0.6569498, 0.9598756, 0.6733654, 0.20367134] |
| 4 |   25 |  0.25 | 2500 |      f3 |      20 |    35.0 |    35.0 |    0,00 |0,0010 |1592499472876 |[0.9251279, 0.94721615, 0.6361931, 0.83712286] |
| 5 |   25 |  0.25 | 2500 |      f3 |      20 |    35.0 |    35.0 |    0,00 |0,0010 |1592499472878 |[0.063263, 0.9103035, 0.56982917, 0.40014154] |
| 6 |   25 |  0.25 | 2500 |      f3 |      20 |    35.0 |    35.0 |    0,00 |0,0010 |1592499472880 |[0.46817505, 0.34398943, 0.88089794, 0.58982587] |
| 7 |   25 |  0.25 | 2500 |      f3 |      20 |    35.0 |    35.0 |    0,00 |0,0010 |1592499472882 |[0.3908775, 0.70358104, 0.29806334, 0.5195151] |
| 8 |   25 |  0.25 | 2500 |      f3 |      20 |    35.0 |    35.0 |    0,00 |0,0010 |1592499472884 |[0.38361198, 0.031790316, 0.93202245, 0.67872185] |
| 9 |   25 |  0.25 | 2500 |      f3 |      20 |    35.0 |    35.0 |    0,00 |0,0010 |1592499472886 |[0.99043685, 0.8602134, 0.46592635, 0.582409] |
|10 |   25 |  0.25 | 2500 |      f3 |      20 |    35.0 |    35.0 |    0,00 |0,0010 |1592499472888 |[0.85755295, 0.021211386, 0.68695384, 0.93594486] |
|11 |   25 |  0.25 | 2500 |      f3 |      20 |    35.0 |    35.0 |    0,00 |0,0010 |1592499472889 |[0.25198883, 0.95583034, 0.71452135, 0.7195198] |
|12 |   25 |  0.25 | 2500 |      f3 |      20 |    35.0 |    35.0 |    0,00 |0,0010 |1592499472891 |[0.55582184, 0.12776536, 0.1109373, 0.43185943] |
|13 |   25 |  0.25 | 2500 |      f3 |      20 |    35.0 |    35.0 |    0,00 |0,0010 |1592499472893 |[0.85940623, 0.52914524, 0.5048515, 0.013334513] |
|14 |   25 |  0.25 | 2500 |      f3 |      20 |    35.0 |    35.0 |    0,00 |0,0010 |1592499472894 |[0.37580818, 0.30948466, 0.09615928, 0.76197803] |
|15 |   25 |  0.25 | 2500 |      f3 |      20 |    35.0 |    35.0 |    0,00 |0,0010 |1592499472896 |[0.70044595, 0.99362296, 0.7024289, 0.122988164] |
| 1 |   25 |  0.25 | 2500 |      f3 |      20 |    35.0 |    35.0 |    0,00 |0,0010 |1592499537361 |[0.19615537, 0.575752, 0.20585257, 0.47061694] |
| 2 |   25 |  0.25 | 2500 |      f3 |      20 |    35.0 |    35.0 |    0,00 |0,0040 |1592499537364 |[0.9975399, 0.0043669343, 0.96049166, 0.8729231] |
| 3 |   25 |  0.25 | 2500 |      f3 |      20 |    35.0 |    35.0 |    0,00 |0,0010 |1592499537369 |[0.69690746, 0.51152706, 0.46290308, 0.8403653] |
| 4 |   25 |  0.25 | 2500 |      f3 |      20 |    35.0 |    35.0 |    0,00 |0,0010 |1592499537372 |[0.30536187, 0.4008844, 0.6093571, 0.9611388] |
| 5 |   25 |  0.25 | 2500 |      f3 |      20 |    35.0 |    35.0 |    0,00 |0,0010 |1592499537374 |[0.7358377, 0.61186826, 0.7622192, 0.80651104] |
| 6 |   25 |  0.25 | 2500 |      f3 |      20 |    35.0 |    35.0 |    0,00 |0,0020 |1592499537377 |[0.6597226, 0.63022006, 0.667301, 0.4771403] |
| 7 |   25 |  0.25 | 2500 |      f3 |      20 |    35.0 |    35.0 |    0,00 |0,0010 |1592499537378 |[0.81680274, 0.3139962, 0.20083082, 0.83108383] |
| 8 |   25 |  0.25 | 2500 |      f3 |      20 |    35.0 |    35.0 |    0,00 |0,0020 |1592499537380 |[0.64399374, 0.55166525, 0.80335975, 0.69465727] |
| 9 |   25 |  0.25 | 2500 |      f3 |      20 |    35.0 |    35.0 |    0,00 |0,0010 |1592499537383 |[0.09046763, 0.38290346, 0.5936685, 0.8290121] |
|10 |   25 |  0.25 | 2500 |      f3 |      20 |    35.0 |    35.0 |    0,00 |0,0010 |1592499537385 |[0.21253854, 0.1617909, 0.08340657, 0.047725677] |
|11 |   25 |  0.25 | 2500 |      f3 |      20 |    35.0 |    35.0 |    0,00 |0,0010 |1592499537387 |[0.48269212, 0.13162994, 0.6245466, 0.8618059] |
|12 |   25 |  0.25 | 2500 |      f3 |      20 |    35.0 |    35.0 |    0,00 |0,0010 |1592499537389 |[0.7877852, 0.13288397, 0.6398235, 0.3494295] |
|13 |   25 |  0.25 | 2500 |      f3 |      20 |    35.0 |    35.0 |    0,00 |0,0010 |1592499537390 |[0.4033854, 0.3895052, 0.93428093, 0.12703681] |
|14 |   25 |  0.25 | 2500 |      f3 |      20 |    35.0 |    35.0 |    0,00 |0,0010 |1592499537391 |[0.29449624, 0.101795435, 0.9592952, 0.6790303] |
|15 |   25 |  0.25 | 2500 |      f3 |      20 |    35.0 |    35.0 |    0,00 |  0,0 |1592499537393 |[0.54933167, 0.51804173, 0.14907622, 0.1478017] |
| 1 |   25 |  0.25 | 2500 |      f3 |      20 |    35.0 |    35.0 |    0,00 |0,0010 |1592499605519 |[0.513009, 0.54760265, 0.49772727, 0.30444992] |
| 2 |   25 |  0.25 | 2500 |      f3 |      20 |    35.0 |    35.0 |    0,00 |0,0020 |1592499605521 |[0.6217071, 0.5238807, 0.22436172, 0.887062] |
| 3 |   25 |  0.25 | 2500 |      f3 |      20 |    35.0 |    35.0 |    0,00 |0,0010 |1592499605523 |[0.43339097, 0.7177668, 0.4874189, 0.54942864] |
| 4 |   25 |  0.25 | 2500 |      f3 |      20 |    35.0 |    35.0 |    0,00 |0,0020 |1592499605525 |[0.8985945, 0.73456067, 0.09114015, 0.49263775] |
| 5 |   25 |  0.25 | 2500 |      f3 |      20 |    35.0 |    35.0 |    0,00 |0,0010 |1592499605528 |[0.5907115, 0.06424624, 0.091065705, 0.6107163] |
| 6 |   25 |  0.25 | 2500 |      f3 |      20 |    35.0 |    35.0 |    0,00 |0,0010 |1592499605530 |[0.52341425, 0.4256764, 0.017784297, 0.85236365] |
| 7 |   25 |  0.25 | 2500 |      f3 |      20 |    35.0 |    35.0 |    0,00 |0,0020 |1592499605532 |[0.6677556, 0.71395046, 0.27807564, 0.1390503] |
| 8 |   25 |  0.25 | 2500 |      f3 |      20 |    35.0 |    35.0 |    0,00 |0,0010 |1592499605535 |[0.3737743, 0.559346, 0.86338925, 0.9345095] |
| 9 |   25 |  0.25 | 2500 |      f3 |      20 |    35.0 |    35.0 |    0,00 |0,0010 |1592499605537 |[0.17321414, 0.047744274, 0.40086806, 0.4784714] |
|10 |   25 |  0.25 | 2500 |      f3 |      20 |    35.0 |    35.0 |    0,00 |0,0010 |1592499605539 |[0.20585704, 0.6216082, 0.69959974, 0.33951998] |
|11 |   25 |  0.25 | 2500 |      f3 |      20 |    35.0 |    35.0 |    0,00 |  0,0 |1592499605541 |[0.084207356, 0.13367492, 0.47873724, 0.38275832] |
|12 |   25 |  0.25 | 2500 |      f3 |      20 |    35.0 |    35.0 |    0,00 |0,0010 |1592499605542 |[0.5228094, 0.26643413, 0.9458535, 0.26601964] |
|13 |   25 |  0.25 | 2500 |      f3 |      20 |    35.0 |    35.0 |    0,00 |0,0010 |1592499605544 |[0.85378474, 0.7918987, 0.51418835, 0.7894354] |
|14 |   25 |  0.25 | 2500 |      f3 |      20 |    35.0 |    35.0 |    0,00 |0,0010 |1592499605545 |[0.09496039, 0.6145553, 0.1009562, 0.20270169] |
|15 |   25 |  0.25 | 2500 |      f3 |      20 |    35.0 |    35.0 |    0,00 |  0,0 |1592499605547 |[0.37776405, 0.5015935, 0.11252338, 0.40351415] |
| 1 |   25 |  0.25 | 2500 |      f3 |      20 |    35.0 |    35.0 |    0,00 |0,0010 |1592499789603 |[0.3065976, 0.1548264, 0.6601313, 0.6496009] |
| 2 |   25 |  0.25 | 2500 |      f3 |      20 |    35.0 |    35.0 |    0,00 |0,0010 |1592499789604 |[0.52074456, 0.5487682, 0.24646103, 0.26399195] |
| 3 |   25 |  0.25 | 2500 |      f3 |      20 |    35.0 |    35.0 |    0,00 |  0,0 |1592499789605 |[0.7822468, 0.1932596, 0.41426617, 0.4052679] |
| 4 |   25 |  0.25 | 2500 |      f3 |      20 |    35.0 |    35.0 |    0,00 |  0,0 |1592499789606 |[0.4174059, 0.71343076, 0.6530683, 0.40927517] |
| 5 |   25 |  0.25 | 2500 |      f3 |      20 |    35.0 |    35.0 |    0,00 |0,0010 |1592499789606 |[0.011973798, 0.36230654, 0.25167966, 0.39158] |
| 6 |   25 |  0.25 | 2500 |      f3 |      20 |    35.0 |    35.0 |    0,00 |  0,0 |1592499789607 |[0.9316476, 0.895464, 0.66921914, 0.25638884] |
| 7 |   25 |  0.25 | 2500 |      f3 |      20 |    35.0 |    35.0 |    0,00 |  0,0 |1592499789608 |[0.7602314, 0.7380086, 0.43827683, 0.24851537] |
| 8 |   25 |  0.25 | 2500 |      f3 |      20 |    35.0 |    35.0 |    0,00 |0,0010 |1592499789608 |[0.51134026, 0.30248058, 0.10391116, 0.41568464] |
| 9 |   25 |  0.25 | 2500 |      f3 |      20 |    35.0 |    35.0 |    0,00 |0,0010 |1592499789609 |[0.54423064, 0.9523369, 0.72095114, 0.22169918] |
|10 |   25 |  0.25 | 2500 |      f3 |      20 |    35.0 |    35.0 |    0,00 |  0,0 |1592499789610 |[0.88992745, 0.2690912, 0.38902813, 0.23062229] |
|11 |   25 |  0.25 | 2500 |      f3 |      20 |    35.0 |    35.0 |    0,00 |  0,0 |1592499789611 |[0.10054612, 0.78340685, 0.03082633, 0.0854916] |
|12 |   25 |  0.25 | 2500 |      f3 |      20 |    35.0 |    35.0 |    0,00 |0,0010 |1592499789611 |[0.53011334, 0.77853745, 0.7775665, 0.50113285] |
|13 |   25 |  0.25 | 2500 |      f3 |      20 |    35.0 |    35.0 |    0,00 |  0,0 |1592499789612 |[0.0077955723, 0.6706361, 0.32360858, 0.067035854] |
|14 |   25 |  0.25 | 2500 |      f3 |      20 |    35.0 |    35.0 |    0,00 |  0,0 |1592499789613 |[0.30970478, 0.4544112, 0.4478582, 0.84414864] |
|15 |   25 |  0.25 | 2500 |      f3 |      20 |    35.0 |    35.0 |    0,00 |0,0010 |1592499789613 |[0.6574018, 0.7582778, 0.4063679, 0.697859] |
