| # | Nest | %Desc |#Iter |Instancia | CapMoch |ValOptmo | BestFit |     RDP | time |      semilla |VectorSolucion |
-------------------------------------------------------------------------------------------------
| 1 |   50 |  0.25 | 5000 |      f3 |      20 |    35.0 |    35.0 |    0,00 |-1,6e+09 |1592532404240 |[0.87492436, 0.74965084, 0.95768195, 0.3191206] |
| 1 |   50 |  0.25 | 5000 |      f3 |      20 |    35.0 |    35.0 |    0,00 |0,0010 |1592532404240 |[0.87492436, 0.74965084, 0.95768195, 0.3191206] |
| 2 |   50 |  0.25 | 5000 |      f3 |      20 |    35.0 |    35.0 |    0,00 |-0,0010 |1592532404242 |[0.5061387, 0.2487435, 0.6358082, 0.9959311] |
| 2 |   50 |  0.25 | 5000 |      f3 |      20 |    35.0 |    35.0 |    0,00 |0,0010 |1592532404242 |[0.5061387, 0.2487435, 0.6358082, 0.9959311] |
| 3 |   50 |  0.25 | 5000 |      f3 |      20 |    35.0 |    35.0 |    0,00 |  0,0 |1592532404243 |[0.47138974, 0.43230164, 0.78690434, 0.9493845] |
| 3 |   50 |  0.25 | 5000 |      f3 |      20 |    35.0 |    35.0 |    0,00 |0,0010 |1592532404243 |[0.47138974, 0.43230164, 0.78690434, 0.9493845] |
| 4 |   50 |  0.25 | 5000 |      f3 |      20 |    35.0 |    35.0 |    0,00 |  0,0 |1592532404244 |[0.38215387, 0.59264153, 0.40114146, 0.3810504] |
| 4 |   50 |  0.25 | 5000 |      f3 |      20 |    35.0 |    35.0 |    0,00 |0,0010 |1592532404244 |[0.38215387, 0.59264153, 0.40114146, 0.3810504] |
| 5 |   50 |  0.25 | 5000 |      f3 |      20 |    35.0 |    35.0 |    0,00 |  0,0 |1592532404245 |[0.17902888, 0.14633556, 0.990551, 0.82626003] |
| 5 |   50 |  0.25 | 5000 |      f3 |      20 |    35.0 |    35.0 |    0,00 |0,0010 |1592532404245 |[0.17902888, 0.14633556, 0.990551, 0.82626003] |
| 6 |   50 |  0.25 | 5000 |      f3 |      20 |    35.0 |    35.0 |    0,00 |-0,0010 |1592532404247 |[0.7186551, 0.77816975, 0.91172445, 0.9645381] |
| 6 |   50 |  0.25 | 5000 |      f3 |      20 |    35.0 |    35.0 |    0,00 |0,0010 |1592532404247 |[0.7186551, 0.77816975, 0.91172445, 0.9645381] |
| 7 |   50 |  0.25 | 5000 |      f3 |      20 |    35.0 |    35.0 |    0,00 |  0,0 |1592532404248 |[0.41954023, 0.6082886, 0.07668113, 0.797315] |
| 7 |   50 |  0.25 | 5000 |      f3 |      20 |    35.0 |    35.0 |    0,00 |0,0030 |1592532404248 |[0.41954023, 0.6082886, 0.07668113, 0.797315] |
| 8 |   50 |  0.25 | 5000 |      f3 |      20 |    35.0 |    35.0 |    0,00 |  0,0 |1592532404251 |[0.33532184, 0.8282913, 0.36401385, 0.08818191] |
| 8 |   50 |  0.25 | 5000 |      f3 |      20 |    35.0 |    35.0 |    0,00 |0,0010 |1592532404251 |[0.33532184, 0.8282913, 0.36401385, 0.08818191] |
| 9 |   50 |  0.25 | 5000 |      f3 |      20 |    35.0 |    35.0 |    0,00 |  0,0 |1592532404252 |[0.8187131, 0.30848098, 0.7181893, 0.5707362] |
| 9 |   50 |  0.25 | 5000 |      f3 |      20 |    35.0 |    35.0 |    0,00 |0,0010 |1592532404252 |[0.8187131, 0.30848098, 0.7181893, 0.5707362] |
|10 |   50 |  0.25 | 5000 |      f3 |      20 |    35.0 |    35.0 |    0,00 |  0,0 |1592532404253 |[0.8745381, 0.7874046, 0.50067097, 0.8785871] |
|10 |   50 |  0.25 | 5000 |      f3 |      20 |    35.0 |    35.0 |    0,00 |0,0010 |1592532404253 |[0.8745381, 0.7874046, 0.50067097, 0.8785871] |
|11 |   50 |  0.25 | 5000 |      f3 |      20 |    35.0 |    35.0 |    0,00 |  0,0 |1592532404254 |[0.46944183, 0.798493, 0.7369793, 0.29217744] |
|11 |   50 |  0.25 | 5000 |      f3 |      20 |    35.0 |    35.0 |    0,00 |0,0010 |1592532404254 |[0.46944183, 0.798493, 0.7369793, 0.29217744] |
|12 |   50 |  0.25 | 5000 |      f3 |      20 |    35.0 |    35.0 |    0,00 |-0,0010 |1592532404256 |[0.15330201, 0.44720072, 0.49872798, 0.8564672] |
|12 |   50 |  0.25 | 5000 |      f3 |      20 |    35.0 |    35.0 |    0,00 |  0,0 |1592532404256 |[0.15330201, 0.44720072, 0.49872798, 0.8564672] |
|13 |   50 |  0.25 | 5000 |      f3 |      20 |    35.0 |    35.0 |    0,00 |-0,0010 |1592532404257 |[0.57134527, 0.6379123, 0.3096462, 0.5432185] |
|13 |   50 |  0.25 | 5000 |      f3 |      20 |    35.0 |    35.0 |    0,00 |0,0010 |1592532404257 |[0.57134527, 0.6379123, 0.3096462, 0.5432185] |
|14 |   50 |  0.25 | 5000 |      f3 |      20 |    35.0 |    35.0 |    0,00 |  0,0 |1592532404258 |[0.8892485, 0.5369352, 0.50398433, 0.11370599] |
|14 |   50 |  0.25 | 5000 |      f3 |      20 |    35.0 |    35.0 |    0,00 |0,0010 |1592532404258 |[0.8892485, 0.5369352, 0.50398433, 0.11370599] |
|15 |   50 |  0.25 | 5000 |      f3 |      20 |    35.0 |    35.0 |    0,00 |-0,0010 |1592532404260 |[0.55137384, 0.46753436, 0.07831001, 0.36004156] |
|15 |   50 |  0.25 | 5000 |      f3 |      20 |    35.0 |    35.0 |    0,00 |  0,0 |1592532404260 |[0.55137384, 0.46753436, 0.07831001, 0.36004156] |
