| # | Nest | %Desc |#Iter |Instancia | CapMoch |ValOptmo | BestFit |     RDP | time |      semilla |VectorSolucion |
-------------------------------------------------------------------------------------------------
| 1 |   50 |  0.25 | 5000 |      f1 |     269 |   295.0 |   295.0 |    0,00 |-1,6e+09 |1592532444271 |[0.50305974, 0.13310593, 0.33762103, 0.74939823, 0.9673191, 0.52737814, 0.8339592, 0.65010065, 0.08743572, 0.9011391] |
| 1 |   50 |  0.25 | 5000 |      f1 |     269 |   295.0 |   295.0 |    0,00 |0,013 |1592532444271 |[0.50305974, 0.13310593, 0.33762103, 0.74939823, 0.9673191, 0.52737814, 0.8339592, 0.65010065, 0.08743572, 0.9011391] |
| 2 |   50 |  0.25 | 5000 |      f1 |     269 |   295.0 |   295.0 |    0,00 |-0,0010 |1592532444285 |[0.36437994, 0.16646594, 0.14189595, 0.8996688, 0.11389941, 0.7611325, 0.4163531, 0.86274266, 0.6849538, 0.6188553] |
| 2 |   50 |  0.25 | 5000 |      f1 |     269 |   295.0 |   295.0 |    0,00 |0,0030 |1592532444285 |[0.36437994, 0.16646594, 0.14189595, 0.8996688, 0.11389941, 0.7611325, 0.4163531, 0.86274266, 0.6849538, 0.6188553] |
| 3 |   50 |  0.25 | 5000 |      f1 |     269 |   295.0 |   295.0 |    0,00 |-0,0020 |1592532444290 |[0.11179173, 0.7573579, 0.13578528, 0.68382317, 0.022772312, 0.4837253, 0.5944239, 0.79845244, 0.28525364, 0.39387572] |
| 3 |   50 |  0.25 | 5000 |      f1 |     269 |   295.0 |   295.0 |    0,00 |0,0030 |1592532444290 |[0.11179173, 0.7573579, 0.13578528, 0.68382317, 0.022772312, 0.4837253, 0.5944239, 0.79845244, 0.28525364, 0.39387572] |
| 4 |   50 |  0.25 | 5000 |      f1 |     269 |   295.0 |   295.0 |    0,00 |-0,0010 |1592532444294 |[0.446333, 0.09056876, 0.41776684, 0.016466917, 0.53534245, 0.09747252, 0.83620846, 0.41337115, 0.6396299, 0.6564392] |
| 4 |   50 |  0.25 | 5000 |      f1 |     269 |   295.0 |   295.0 |    0,00 |0,0030 |1592532444294 |[0.446333, 0.09056876, 0.41776684, 0.016466917, 0.53534245, 0.09747252, 0.83620846, 0.41337115, 0.6396299, 0.6564392] |
| 5 |   50 |  0.25 | 5000 |      f1 |     269 |   295.0 |   295.0 |    0,00 |-0,0010 |1592532444298 |[0.17724141, 0.58363837, 0.06294346, 0.50958014, 0.51537746, 0.88223225, 0.13092193, 0.87043786, 0.6069843, 0.6868322] |
| 5 |   50 |  0.25 | 5000 |      f1 |     269 |   295.0 |   295.0 |    0,00 |0,0020 |1592532444298 |[0.17724141, 0.58363837, 0.06294346, 0.50958014, 0.51537746, 0.88223225, 0.13092193, 0.87043786, 0.6069843, 0.6868322] |
| 6 |   50 |  0.25 | 5000 |      f1 |     269 |   295.0 |   295.0 |    0,00 |-0,0020 |1592532444302 |[0.842009, 0.5001369, 0.18426833, 0.5997393, 0.5611502, 0.4493261, 0.9013622, 0.7978523, 0.9860815, 0.5191825] |
| 6 |   50 |  0.25 | 5000 |      f1 |     269 |   295.0 |   295.0 |    0,00 |0,0020 |1592532444302 |[0.842009, 0.5001369, 0.18426833, 0.5997393, 0.5611502, 0.4493261, 0.9013622, 0.7978523, 0.9860815, 0.5191825] |
| 7 |   50 |  0.25 | 5000 |      f1 |     269 |   295.0 |   295.0 |    0,00 |-0,0010 |1592532444305 |[0.8651102, 0.28829867, 0.5863381, 0.39946777, 0.23164564, 0.6491207, 0.40864354, 0.45438063, 0.05491966, 0.49146187] |
| 7 |   50 |  0.25 | 5000 |      f1 |     269 |   295.0 |   295.0 |    0,00 |0,0020 |1592532444305 |[0.8651102, 0.28829867, 0.5863381, 0.39946777, 0.23164564, 0.6491207, 0.40864354, 0.45438063, 0.05491966, 0.49146187] |
| 8 |   50 |  0.25 | 5000 |      f1 |     269 |   295.0 |   295.0 |    0,00 |-0,0010 |1592532444308 |[0.91875523, 0.39415705, 0.5146244, 0.112695575, 0.8389569, 0.5958764, 0.95311874, 0.6724952, 0.05006081, 0.10648459] |
| 8 |   50 |  0.25 | 5000 |      f1 |     269 |   295.0 |   295.0 |    0,00 |0,0020 |1592532444308 |[0.91875523, 0.39415705, 0.5146244, 0.112695575, 0.8389569, 0.5958764, 0.95311874, 0.6724952, 0.05006081, 0.10648459] |
| 9 |   50 |  0.25 | 5000 |      f1 |     269 |   295.0 |   295.0 |    0,00 |-0,0010 |1592532444311 |[1.0, 0.5494783, 0.43789002, 0.3322175, 0.3521552, 0.6863436, 1.0, 0.6235395, 0.4548825, 1.0] |
| 9 |   50 |  0.25 | 5000 |      f1 |     269 |   295.0 |   295.0 |    0,00 |0,0020 |1592532444311 |[1.0, 0.5494783, 0.43789002, 0.3322175, 0.3521552, 0.6863436, 1.0, 0.6235395, 0.4548825, 1.0] |
|10 |   50 |  0.25 | 5000 |      f1 |     269 |   295.0 |   295.0 |    0,00 |-0,0010 |1592532444314 |[0.100571156, 0.9566279, 0.34045482, 0.7547931, 0.6760931, 0.62380224, 0.10056877, 0.802975, 0.65634507, 0.2701065] |
|10 |   50 |  0.25 | 5000 |      f1 |     269 |   295.0 |   295.0 |    0,00 |0,0020 |1592532444314 |[0.100571156, 0.9566279, 0.34045482, 0.7547931, 0.6760931, 0.62380224, 0.10056877, 0.802975, 0.65634507, 0.2701065] |
|11 |   50 |  0.25 | 5000 |      f1 |     269 |   295.0 |   295.0 |    0,00 |-0,0010 |1592532444317 |[0.4832321, 0.42962888, 0.24528979, 0.55682355, 0.065793425, 0.9681093, 0.52994484, 0.4951678, 0.64682746, 0.23275936] |
|11 |   50 |  0.25 | 5000 |      f1 |     269 |   295.0 |   295.0 |    0,00 |0,0010 |1592532444317 |[0.4832321, 0.42962888, 0.24528979, 0.55682355, 0.065793425, 0.9681093, 0.52994484, 0.4951678, 0.64682746, 0.23275936] |
|12 |   50 |  0.25 | 5000 |      f1 |     269 |   295.0 |   295.0 |    0,00 |-0,0010 |1592532444319 |[0.25238293, 0.86521983, 0.6186997, 0.4145378, 0.09853327, 0.7749928, 0.5716058, 0.67779, 0.92125237, 0.42370993] |
|12 |   50 |  0.25 | 5000 |      f1 |     269 |   295.0 |   295.0 |    0,00 |0,0040 |1592532444319 |[0.25238293, 0.86521983, 0.6186997, 0.4145378, 0.09853327, 0.7749928, 0.5716058, 0.67779, 0.92125237, 0.42370993] |
|13 |   50 |  0.25 | 5000 |      f1 |     269 |   295.0 |   295.0 |    0,00 |-0,0010 |1592532444324 |[0.6396373, 0.15418011, 0.7875342, 0.49521142, 0.9405132, 0.91997796, 0.054733694, 0.5519184, 0.04149759, 0.6037942] |
|13 |   50 |  0.25 | 5000 |      f1 |     269 |   295.0 |   295.0 |    0,00 |0,0020 |1592532444324 |[0.6396373, 0.15418011, 0.7875342, 0.49521142, 0.9405132, 0.91997796, 0.054733694, 0.5519184, 0.04149759, 0.6037942] |
|14 |   50 |  0.25 | 5000 |      f1 |     269 |   295.0 |   295.0 |    0,00 |-0,0010 |1592532444327 |[0.21847047, 0.7074648, 0.84862167, 0.96864194, 0.62589616, 0.14752139, 0.7276087, 0.19080317, 0.8680486, 0.98667777] |
|14 |   50 |  0.25 | 5000 |      f1 |     269 |   295.0 |   295.0 |    0,00 |0,0010 |1592532444327 |[0.21847047, 0.7074648, 0.84862167, 0.96864194, 0.62589616, 0.14752139, 0.7276087, 0.19080317, 0.8680486, 0.98667777] |
|15 |   50 |  0.25 | 5000 |      f1 |     269 |   295.0 |   295.0 |    0,00 |-0,0010 |1592532444329 |[0.21316934, 0.9156367, 0.12420064, 0.57923037, 0.24524105, 0.61726356, 0.92325205, 0.60833436, 0.42437035, 0.36079818] |
|15 |   50 |  0.25 | 5000 |      f1 |     269 |   295.0 |   295.0 |    0,00 |0,0010 |1592532444329 |[0.21316934, 0.9156367, 0.12420064, 0.57923037, 0.24524105, 0.61726356, 0.92325205, 0.60833436, 0.42437035, 0.36079818] |
