| # | Nest | %Desc |#Iter |Instancia | CapMoch |ValOptmo | BestFit |     RDP | time |      semilla |VectorSolucion |
-------------------------------------------------------------------------------------------------
| 1 |   50 |  0.25 | 5000 |      f5 |     375 |481.0694 |   477.0 |    0,85 |-1,6e+09 |1592532508610 |[0.8065989, 0.5192401, 0.27962962, 0.7496102, 0.19470184, 0.91333616, 0.8497286, 0.021196818, 0.27949515, 0.6122461, 1.0E-12, 0.09292391, 0.40926743, 0.29278576, 0.6577437] |
| 1 |   50 |   0.3 | 5000 |      f5 |     375 |481.0694 |   477.0 |    0,85 |-1,6e+09 |1592532508610 |[0.37140253, 1.0, 0.14682326, 1.0E-12, 0.47909972, 0.8110813, 0.6543167, 1.0E-12, 1.0E-12, 0.02043096, 1.0, 0.21035744, 0.57604456, 0.49333537, 0.19981685] |
| 1 |   50 |  0.26 | 5000 |      f5 |     375 |481.0694 |   477.0 |    0,85 |-1,6e+09 |1592532508610 |[0.37140253, 1.0, 0.14682326, 1.0E-12, 0.47909972, 0.8110813, 0.6543167, 1.0E-12, 1.0E-12, 0.02043096, 1.0, 0.21035744, 0.57604456, 0.49333537, 0.19981685] |
| 1 |   55 |  0.32 | 5000 |      f5 |     375 |481.0694 |   477.0 |    0,85 |-1,6e+09 |1592532508610 |[0.66359276, 0.81704974, 0.57621723, 0.37242806, 0.2626633, 0.98111385, 0.8009134, 0.1839034, 0.7383644, 0.35163862, 0.06460065, 0.6628957, 0.80415064, 0.65652454, 0.80076295] |
| 1 |   55 |  0.45 | 5000 |      f5 |     375 |481.0694 |   477.0 |    0,85 |-1,6e+09 |1592532508610 |[0.66359276, 0.81704974, 0.57621723, 0.37242806, 0.2626633, 0.98111385, 0.8009134, 0.1839034, 0.7383644, 0.35163862, 0.06460065, 0.6628957, 0.80415064, 0.65652454, 0.80076295] |
| 1 |   55 |0.38181818 | 5000 |      f5 |     375 |481.0694 |   477.0 |    0,85 |-1,6e+09 |1592532508610 |[0.66359276, 0.81704974, 0.57621723, 0.37242806, 0.2626633, 0.98111385, 0.8009134, 0.1839034, 0.7383644, 0.35163862, 0.06460065, 0.6628957, 0.80415064, 0.65652454, 0.80076295] |
| 1 |   55 |0.34545454 | 5000 |      f5 |     375 |481.0694 |   477.0 |    0,85 |-1,6e+09 |1592532508610 |[0.66359276, 0.81704974, 0.57621723, 0.37242806, 0.2626633, 0.98111385, 0.8009134, 0.1839034, 0.7383644, 0.35163862, 0.06460065, 0.6628957, 0.80415064, 0.65652454, 0.80076295] |
| 1 |   60 |0.3272727 | 5000 |      f5 |     375 |481.0694 |   477.0 |    0,85 |-1,6e+09 |1592532508610 |[0.66359276, 0.81704974, 0.57621723, 0.37242806, 0.2626633, 0.98111385, 0.8009134, 0.1839034, 0.7383644, 0.35163862, 0.06460065, 0.6628957, 0.80415064, 0.65652454, 0.80076295] |
| 1 |   60 |0.28333333 | 5000 |      f5 |     375 |481.0694 |   477.0 |    0,85 |-1,6e+09 |1592532508610 |[0.66359276, 0.81704974, 0.57621723, 0.37242806, 0.2626633, 0.98111385, 0.8009134, 0.1839034, 0.7383644, 0.35163862, 0.06460065, 0.6628957, 0.80415064, 0.65652454, 0.80076295] |
| 1 |   60 |0.38333333 | 5000 |      f5 |     375 |481.0694 |   477.0 |    0,85 |-1,6e+09 |1592532508610 |[0.66359276, 0.81704974, 0.57621723, 0.37242806, 0.2626633, 0.98111385, 0.8009134, 0.1839034, 0.7383644, 0.35163862, 0.06460065, 0.6628957, 0.80415064, 0.65652454, 0.80076295] |
| 1 |   60 |0.41666666 | 5000 |      f5 |     375 |481.0694 |   477.0 |    0,85 |-1,6e+09 |1592532508610 |[0.66359276, 0.81704974, 0.57621723, 0.37242806, 0.2626633, 0.98111385, 0.8009134, 0.1839034, 0.7383644, 0.35163862, 0.06460065, 0.6628957, 0.80415064, 0.65652454, 0.80076295] |
| 1 |   65 |0.33333334 | 5000 |      f5 |     375 |481.0694 |   477.0 |    0,85 |-1,6e+09 |1592532508610 |[0.66359276, 0.81704974, 0.57621723, 0.37242806, 0.2626633, 0.98111385, 0.8009134, 0.1839034, 0.7383644, 0.35163862, 0.06460065, 0.6628957, 0.80415064, 0.65652454, 0.80076295] |
| 1 |   65 |  0.45 | 5000 |      f5 |     375 |481.0694 |   477.0 |    0,85 |-1,6e+09 |1592532508610 |[0.66359276, 0.81704974, 0.57621723, 0.37242806, 0.2626633, 0.98111385, 0.8009134, 0.1839034, 0.7383644, 0.35163862, 0.06460065, 0.6628957, 0.80415064, 0.65652454, 0.80076295] |
| 1 |   65 |0.36923078 | 5000 |      f5 |     375 |481.0694 |   477.0 |    0,85 |-1,6e+09 |1592532508610 |[0.66359276, 0.81704974, 0.57621723, 0.37242806, 0.2626633, 0.98111385, 0.8009134, 0.1839034, 0.7383644, 0.35163862, 0.06460065, 0.6628957, 0.80415064, 0.65652454, 0.80076295] |
| 1 |   65 |0.43076923 | 5000 |      f5 |     375 |481.0694 |   477.0 |    0,85 |-1,6e+09 |1592532508610 |[0.66359276, 0.81704974, 0.57621723, 0.37242806, 0.2626633, 0.98111385, 0.8009134, 0.1839034, 0.7383644, 0.35163862, 0.06460065, 0.6628957, 0.80415064, 0.65652454, 0.80076295] |
| 1 |   70 |  0.45 | 5000 |      f5 |     375 |481.0694 |   477.0 |    0,85 |-1,6e+09 |1592532508610 |[0.66359276, 0.81704974, 0.57621723, 0.37242806, 0.2626633, 0.98111385, 0.8009134, 0.1839034, 0.7383644, 0.35163862, 0.06460065, 0.6628957, 0.80415064, 0.65652454, 0.80076295] |
| 1 |   70 |   0.4 | 5000 |      f5 |     375 |481.0694 |   477.0 |    0,85 |-1,6e+09 |1592532508610 |[0.66359276, 0.81704974, 0.57621723, 0.37242806, 0.2626633, 0.98111385, 0.8009134, 0.1839034, 0.7383644, 0.35163862, 0.06460065, 0.6628957, 0.80415064, 0.65652454, 0.80076295] |
| 1 |   70 |0.37142858 | 5000 |      f5 |     375 |481.0694 |   477.0 |    0,85 |-1,6e+09 |1592532508610 |[0.66359276, 0.81704974, 0.57621723, 0.37242806, 0.2626633, 0.98111385, 0.8009134, 0.1839034, 0.7383644, 0.35163862, 0.06460065, 0.6628957, 0.80415064, 0.65652454, 0.80076295] |
| 1 |   70 |  0.45 | 5000 |      f5 |     375 |481.0694 |   477.0 |    0,85 |-1,6e+09 |1592532508610 |[0.66359276, 0.81704974, 0.57621723, 0.37242806, 0.2626633, 0.98111385, 0.8009134, 0.1839034, 0.7383644, 0.35163862, 0.06460065, 0.6628957, 0.80415064, 0.65652454, 0.80076295] |
| 1 |   75 |   0.4 | 5000 |      f5 |     375 |481.0694 |   477.0 |    0,85 |-1,6e+09 |1592532508610 |[0.66359276, 0.81704974, 0.57621723, 0.37242806, 0.2626633, 0.98111385, 0.8009134, 0.1839034, 0.7383644, 0.35163862, 0.06460065, 0.6628957, 0.80415064, 0.65652454, 0.80076295] |
| 1 |   75 |0.37333333 | 5000 |      f5 |     375 |481.0694 |   477.0 |    0,85 |-1,6e+09 |1592532508610 |[0.66359276, 0.81704974, 0.57621723, 0.37242806, 0.2626633, 0.98111385, 0.8009134, 0.1839034, 0.7383644, 0.35163862, 0.06460065, 0.6628957, 0.80415064, 0.65652454, 0.80076295] |
| 1 |   75 |0.37333333 | 5000 |      f5 |     375 |481.0694 |   477.0 |    0,85 |  2,2 |1592532508610 |[0.66359276, 0.81704974, 0.57621723, 0.37242806, 0.2626633, 0.98111385, 0.8009134, 0.1839034, 0.7383644, 0.35163862, 0.06460065, 0.6628957, 0.80415064, 0.65652454, 0.80076295] |
| 2 |   50 |  0.25 | 5000 |      f5 |     375 |481.0694 |   477.0 |    0,85 |-0,0060 |1592532510835 |[0.47255224, 0.7405369, 0.7289775, 0.06838697, 0.55082124, 0.58868134, 0.98368156, 0.102050185, 0.71074116, 0.24240184, 0.80704546, 0.98879474, 0.9611105, 0.2697611, 0.9300138] |
| 2 |   50 |   0.3 | 5000 |      f5 |     375 |481.0694 |   477.0 |    0,85 |-0,0060 |1592532510835 |[0.78051984, 0.1179961, 0.51739484, 0.97513765, 0.0071030855, 0.07071954, 0.74731183, 0.8993882, 0.48188555, 0.5305631, 0.24998313, 0.33396912, 0.700688, 0.6398109, 0.74825454] |
| 2 |   50 |  0.26 | 5000 |      f5 |     375 |481.0694 |   477.0 |    0,85 |-0,0060 |1592532510835 |[0.78051984, 0.1179961, 0.51739484, 0.97513765, 0.0071030855, 0.07071954, 0.74731183, 0.8993882, 0.48188555, 0.5305631, 0.24998313, 0.33396912, 0.700688, 0.6398109, 0.74825454] |
| 2 |   55 |  0.45 | 5000 |      f5 |     375 |481.0694 |   477.0 |    0,85 |-0,0060 |1592532510835 |[0.78051984, 0.1179961, 0.51739484, 0.97513765, 0.0071030855, 0.07071954, 0.74731183, 0.8993882, 0.48188555, 0.5305631, 0.24998313, 0.33396912, 0.700688, 0.6398109, 0.74825454] |
| 2 |   55 |  0.45 | 5000 |      f5 |     375 |481.0694 |   477.0 |    0,85 |-0,0060 |1592532510835 |[0.78051984, 0.1179961, 0.51739484, 0.97513765, 0.0071030855, 0.07071954, 0.74731183, 0.8993882, 0.48188555, 0.5305631, 0.24998313, 0.33396912, 0.700688, 0.6398109, 0.74825454] |
| 2 |   55 |0.3272727 | 5000 |      f5 |     375 |481.0694 |   477.0 |    0,85 |-0,0060 |1592532510835 |[0.78051984, 0.1179961, 0.51739484, 0.97513765, 0.0071030855, 0.07071954, 0.74731183, 0.8993882, 0.48188555, 0.5305631, 0.24998313, 0.33396912, 0.700688, 0.6398109, 0.74825454] |
| 2 |   55 |0.29090908 | 5000 |      f5 |     375 |481.0694 |   477.0 |    0,85 |-0,0060 |1592532510835 |[0.78051984, 0.1179961, 0.51739484, 0.97513765, 0.0071030855, 0.07071954, 0.74731183, 0.8993882, 0.48188555, 0.5305631, 0.24998313, 0.33396912, 0.700688, 0.6398109, 0.74825454] |
| 2 |   60 |0.3272727 | 5000 |      f5 |     375 |481.0694 |   477.0 |    0,85 |-0,0060 |1592532510835 |[0.78051984, 0.1179961, 0.51739484, 0.97513765, 0.0071030855, 0.07071954, 0.74731183, 0.8993882, 0.48188555, 0.5305631, 0.24998313, 0.33396912, 0.700688, 0.6398109, 0.74825454] |
| 2 |   60 |  0.35 | 5000 |      f5 |     375 |481.0694 |   477.0 |    0,85 |-0,0060 |1592532510835 |[0.78051984, 0.1179961, 0.51739484, 0.97513765, 0.0071030855, 0.07071954, 0.74731183, 0.8993882, 0.48188555, 0.5305631, 0.24998313, 0.33396912, 0.700688, 0.6398109, 0.74825454] |
| 2 |   60 |  0.35 | 5000 |      f5 |     375 |481.0694 |   477.0 |    0,85 |-0,0060 |1592532510835 |[0.78051984, 0.1179961, 0.51739484, 0.97513765, 0.0071030855, 0.07071954, 0.74731183, 0.8993882, 0.48188555, 0.5305631, 0.24998313, 0.33396912, 0.700688, 0.6398109, 0.74825454] |
| 2 |   60 |0.36666667 | 5000 |      f5 |     375 |481.0694 |   477.0 |    0,85 |-0,0060 |1592532510835 |[0.78051984, 0.1179961, 0.51739484, 0.97513765, 0.0071030855, 0.07071954, 0.74731183, 0.8993882, 0.48188555, 0.5305631, 0.24998313, 0.33396912, 0.700688, 0.6398109, 0.74825454] |
| 2 |   65 |0.31666666 | 5000 |      f5 |     375 |481.0694 |   477.0 |    0,85 |-0,0060 |1592532510835 |[0.78051984, 0.1179961, 0.51739484, 0.97513765, 0.0071030855, 0.07071954, 0.74731183, 0.8993882, 0.48188555, 0.5305631, 0.24998313, 0.33396912, 0.700688, 0.6398109, 0.74825454] |
| 2 |   65 |0.3846154 | 5000 |      f5 |     375 |481.0694 |   477.0 |    0,85 |-0,0060 |1592532510835 |[0.78051984, 0.1179961, 0.51739484, 0.97513765, 0.0071030855, 0.07071954, 0.74731183, 0.8993882, 0.48188555, 0.5305631, 0.24998313, 0.33396912, 0.700688, 0.6398109, 0.74825454] |
| 2 |   65 |0.36923078 | 5000 |      f5 |     375 |481.0694 |   477.0 |    0,85 |-0,0060 |1592532510835 |[0.78051984, 0.1179961, 0.51739484, 0.97513765, 0.0071030855, 0.07071954, 0.74731183, 0.8993882, 0.48188555, 0.5305631, 0.24998313, 0.33396912, 0.700688, 0.6398109, 0.74825454] |
| 2 |   65 |0.35384616 | 5000 |      f5 |     375 |481.0694 |   477.0 |    0,85 |-0,0060 |1592532510835 |[0.78051984, 0.1179961, 0.51739484, 0.97513765, 0.0071030855, 0.07071954, 0.74731183, 0.8993882, 0.48188555, 0.5305631, 0.24998313, 0.33396912, 0.700688, 0.6398109, 0.74825454] |
| 2 |   70 |   0.4 | 5000 |      f5 |     375 |481.0694 |   477.0 |    0,85 |-0,0060 |1592532510835 |[0.78051984, 0.1179961, 0.51739484, 0.97513765, 0.0071030855, 0.07071954, 0.74731183, 0.8993882, 0.48188555, 0.5305631, 0.24998313, 0.33396912, 0.700688, 0.6398109, 0.74825454] |
| 2 |   70 |  0.45 | 5000 |      f5 |     375 |481.0694 |   477.0 |    0,85 |-0,0060 |1592532510835 |[0.78051984, 0.1179961, 0.51739484, 0.97513765, 0.0071030855, 0.07071954, 0.74731183, 0.8993882, 0.48188555, 0.5305631, 0.24998313, 0.33396912, 0.700688, 0.6398109, 0.74825454] |
| 2 |   70 |0.41428572 | 5000 |      f5 |     375 |481.0694 |   477.0 |    0,85 |-0,0060 |1592532510835 |[0.78051984, 0.1179961, 0.51739484, 0.97513765, 0.0071030855, 0.07071954, 0.74731183, 0.8993882, 0.48188555, 0.5305631, 0.24998313, 0.33396912, 0.700688, 0.6398109, 0.74825454] |
| 2 |   70 |0.35714287 | 5000 |      f5 |     375 |481.0694 |   477.0 |    0,85 |-0,0060 |1592532510835 |[0.78051984, 0.1179961, 0.51739484, 0.97513765, 0.0071030855, 0.07071954, 0.74731183, 0.8993882, 0.48188555, 0.5305631, 0.24998313, 0.33396912, 0.700688, 0.6398109, 0.74825454] |
| 2 |   75 |0.31428573 | 5000 |      f5 |     375 |481.0694 |   477.0 |    0,85 |-0,0060 |1592532510835 |[0.78051984, 0.1179961, 0.51739484, 0.97513765, 0.0071030855, 0.07071954, 0.74731183, 0.8993882, 0.48188555, 0.5305631, 0.24998313, 0.33396912, 0.700688, 0.6398109, 0.74825454] |
| 2 |   75 |0.33333334 | 5000 |      f5 |     375 |481.0694 |   477.0 |    0,85 |-0,0060 |1592532510835 |[0.78051984, 0.1179961, 0.51739484, 0.97513765, 0.0071030855, 0.07071954, 0.74731183, 0.8993882, 0.48188555, 0.5305631, 0.24998313, 0.33396912, 0.700688, 0.6398109, 0.74825454] |
| 2 |   75 |0.33333334 | 5000 |      f5 |     375 |481.0694 |   477.0 |    0,85 |  2,2 |1592532510835 |[0.78051984, 0.1179961, 0.51739484, 0.97513765, 0.0071030855, 0.07071954, 0.74731183, 0.8993882, 0.48188555, 0.5305631, 0.24998313, 0.33396912, 0.700688, 0.6398109, 0.74825454] |
| 3 |   50 |  0.25 | 5000 |      f5 |     375 |481.0694 |   477.0 |    0,85 |-0,0060 |1592532513071 |[0.12166488, 0.5453147, 0.2561205, 0.6787573, 0.57148707, 0.47018802, 0.73192596, 0.115336716, 0.16287577, 0.6756582, 0.564395, 0.029270887, 0.2035864, 0.8643165, 0.7201922] |
| 3 |   50 |  0.32 | 5000 |      f5 |     375 |481.0694 |   477.0 |    0,85 |-0,0060 |1592532513071 |[0.47193873, 0.71334046, 0.3329509, 0.74372894, 0.56745636, 0.74731666, 0.13189179, 0.45167738, 0.983259, 0.78582555, 0.2856205, 0.49675685, 0.02972424, 0.46323144, 0.2703548] |
| 3 |   50 |  0.34 | 5000 |      f5 |     375 |481.0694 |   477.0 |    0,85 |-0,0060 |1592532513071 |[0.47193873, 0.71334046, 0.3329509, 0.74372894, 0.56745636, 0.74731666, 0.13189179, 0.45167738, 0.983259, 0.78582555, 0.2856205, 0.49675685, 0.02972424, 0.46323144, 0.2703548] |
| 3 |   55 |  0.24 | 5000 |      f5 |     375 |481.0694 |   477.0 |    0,85 |-0,0060 |1592532513071 |[0.47193873, 0.71334046, 0.3329509, 0.74372894, 0.56745636, 0.74731666, 0.13189179, 0.45167738, 0.983259, 0.78582555, 0.2856205, 0.49675685, 0.02972424, 0.46323144, 0.2703548] |
| 3 |   55 |0.3090909 | 5000 |      f5 |     375 |481.0694 |   477.0 |    0,85 |-0,0060 |1592532513071 |[0.47193873, 0.71334046, 0.3329509, 0.74372894, 0.56745636, 0.74731666, 0.13189179, 0.45167738, 0.983259, 0.78582555, 0.2856205, 0.49675685, 0.02972424, 0.46323144, 0.2703548] |
| 3 |   55 |0.34545454 | 5000 |      f5 |     375 |481.0694 |   477.0 |    0,85 |-0,0060 |1592532513071 |[0.47193873, 0.71334046, 0.3329509, 0.74372894, 0.56745636, 0.74731666, 0.13189179, 0.45167738, 0.983259, 0.78582555, 0.2856205, 0.49675685, 0.02972424, 0.46323144, 0.2703548] |
| 3 |   55 |0.34545454 | 5000 |      f5 |     375 |481.0694 |   477.0 |    0,85 |-0,0060 |1592532513071 |[0.47193873, 0.71334046, 0.3329509, 0.74372894, 0.56745636, 0.74731666, 0.13189179, 0.45167738, 0.983259, 0.78582555, 0.2856205, 0.49675685, 0.02972424, 0.46323144, 0.2703548] |
| 3 |   60 |0.25454545 | 5000 |      f5 |     375 |481.0694 |   477.0 |    0,85 |-0,0060 |1592532513071 |[0.47193873, 0.71334046, 0.3329509, 0.74372894, 0.56745636, 0.74731666, 0.13189179, 0.45167738, 0.983259, 0.78582555, 0.2856205, 0.49675685, 0.02972424, 0.46323144, 0.2703548] |
| 3 |   60 |  0.45 | 5000 |      f5 |     375 |481.0694 |   477.0 |    0,85 |-0,0060 |1592532513071 |[0.47193873, 0.71334046, 0.3329509, 0.74372894, 0.56745636, 0.74731666, 0.13189179, 0.45167738, 0.983259, 0.78582555, 0.2856205, 0.49675685, 0.02972424, 0.46323144, 0.2703548] |
| 3 |   60 |0.43333334 | 5000 |      f5 |     375 |481.0694 |   477.0 |    0,85 |-0,0060 |1592532513071 |[0.47193873, 0.71334046, 0.3329509, 0.74372894, 0.56745636, 0.74731666, 0.13189179, 0.45167738, 0.983259, 0.78582555, 0.2856205, 0.49675685, 0.02972424, 0.46323144, 0.2703548] |
| 3 |   60 |0.41666666 | 5000 |      f5 |     375 |481.0694 |   477.0 |    0,85 |-0,0060 |1592532513071 |[0.47193873, 0.71334046, 0.3329509, 0.74372894, 0.56745636, 0.74731666, 0.13189179, 0.45167738, 0.983259, 0.78582555, 0.2856205, 0.49675685, 0.02972424, 0.46323144, 0.2703548] |
| 3 |   65 |0.31666666 | 5000 |      f5 |     375 |481.0694 |   477.0 |    0,85 |-0,0060 |1592532513071 |[0.47193873, 0.71334046, 0.3329509, 0.74372894, 0.56745636, 0.74731666, 0.13189179, 0.45167738, 0.983259, 0.78582555, 0.2856205, 0.49675685, 0.02972424, 0.46323144, 0.2703548] |
| 3 |   65 |   0.4 | 5000 |      f5 |     375 |481.0694 |   477.0 |    0,85 |-0,0060 |1592532513071 |[0.47193873, 0.71334046, 0.3329509, 0.74372894, 0.56745636, 0.74731666, 0.13189179, 0.45167738, 0.983259, 0.78582555, 0.2856205, 0.49675685, 0.02972424, 0.46323144, 0.2703548] |
| 3 |   65 |0.36923078 | 5000 |      f5 |     375 |481.0694 |   477.0 |    0,85 |-0,0060 |1592532513071 |[0.47193873, 0.71334046, 0.3329509, 0.74372894, 0.56745636, 0.74731666, 0.13189179, 0.45167738, 0.983259, 0.78582555, 0.2856205, 0.49675685, 0.02972424, 0.46323144, 0.2703548] |
| 3 |   65 |0.33846155 | 5000 |      f5 |     375 |481.0694 |   477.0 |    0,85 |-0,0060 |1592532513071 |[0.47193873, 0.71334046, 0.3329509, 0.74372894, 0.56745636, 0.74731666, 0.13189179, 0.45167738, 0.983259, 0.78582555, 0.2856205, 0.49675685, 0.02972424, 0.46323144, 0.2703548] |
| 3 |   70 |0.3846154 | 5000 |      f5 |     375 |481.0694 |   477.0 |    0,85 |-0,0060 |1592532513071 |[0.47193873, 0.71334046, 0.3329509, 0.74372894, 0.56745636, 0.74731666, 0.13189179, 0.45167738, 0.983259, 0.78582555, 0.2856205, 0.49675685, 0.02972424, 0.46323144, 0.2703548] |
| 3 |   70 |0.3857143 | 5000 |      f5 |     375 |481.0694 |   477.0 |    0,85 |-0,0060 |1592532513071 |[0.47193873, 0.71334046, 0.3329509, 0.74372894, 0.56745636, 0.74731666, 0.13189179, 0.45167738, 0.983259, 0.78582555, 0.2856205, 0.49675685, 0.02972424, 0.46323144, 0.2703548] |
| 3 |   70 |0.3857143 | 5000 |      f5 |     375 |481.0694 |   477.0 |    0,85 |-0,0060 |1592532513071 |[0.47193873, 0.71334046, 0.3329509, 0.74372894, 0.56745636, 0.74731666, 0.13189179, 0.45167738, 0.983259, 0.78582555, 0.2856205, 0.49675685, 0.02972424, 0.46323144, 0.2703548] |
| 3 |   70 |0.34285715 | 5000 |      f5 |     375 |481.0694 |   477.0 |    0,85 |-0,0060 |1592532513071 |[0.47193873, 0.71334046, 0.3329509, 0.74372894, 0.56745636, 0.74731666, 0.13189179, 0.45167738, 0.983259, 0.78582555, 0.2856205, 0.49675685, 0.02972424, 0.46323144, 0.2703548] |
| 3 |   75 |0.37142858 | 5000 |      f5 |     375 |481.0694 |   477.0 |    0,85 |-0,0060 |1592532513071 |[0.47193873, 0.71334046, 0.3329509, 0.74372894, 0.56745636, 0.74731666, 0.13189179, 0.45167738, 0.983259, 0.78582555, 0.2856205, 0.49675685, 0.02972424, 0.46323144, 0.2703548] |
| 3 |   75 |0.38666666 | 5000 |      f5 |     375 |481.0694 |   477.0 |    0,85 |-0,0060 |1592532513071 |[0.47193873, 0.71334046, 0.3329509, 0.74372894, 0.56745636, 0.74731666, 0.13189179, 0.45167738, 0.983259, 0.78582555, 0.2856205, 0.49675685, 0.02972424, 0.46323144, 0.2703548] |
| 3 |   75 |0.38666666 | 5000 |      f5 |     375 |481.0694 |   477.0 |    0,85 |  2,2 |1592532513071 |[0.47193873, 0.71334046, 0.3329509, 0.74372894, 0.56745636, 0.74731666, 0.13189179, 0.45167738, 0.983259, 0.78582555, 0.2856205, 0.49675685, 0.02972424, 0.46323144, 0.2703548] |
| 4 |   50 |  0.25 | 5000 |      f5 |     375 |481.0694 |   477.0 |    0,85 |-0,0020 |1592532515261 |[0.74340945, 0.17468978, 0.6391812, 0.8494021, 0.2896434, 0.38619006, 0.47295576, 0.7817332, 0.39310324, 0.24925913, 0.34244952, 0.7951605, 0.7647311, 0.2515257, 0.78213346] |
| 4 |   50 |  0.26 | 5000 |      f5 |     375 |481.0694 |   477.0 |    0,85 |-0,0020 |1592532515261 |[0.24673359, 0.12473941, 0.46819863, 0.2911275, 0.94783986, 0.41422275, 0.55231714, 0.18586387, 0.578471, 0.3672878, 0.21502657, 0.5753101, 0.27606076, 0.24211855, 0.75535953] |
| 4 |   50 |   0.3 | 5000 |      f5 |     375 |481.0694 |   477.0 |    0,85 |-0,0020 |1592532515261 |[0.24673359, 0.12473941, 0.46819863, 0.2911275, 0.94783986, 0.41422275, 0.55231714, 0.18586387, 0.578471, 0.3672878, 0.21502657, 0.5753101, 0.27606076, 0.24211855, 0.75535953] |
| 4 |   55 |  0.36 | 5000 |      f5 |     375 |481.0694 |   477.0 |    0,85 |-0,0020 |1592532515261 |[0.24673359, 0.12473941, 0.46819863, 0.2911275, 0.94783986, 0.41422275, 0.55231714, 0.18586387, 0.578471, 0.3672878, 0.21502657, 0.5753101, 0.27606076, 0.24211855, 0.75535953] |
| 4 |   55 |0.3272727 | 5000 |      f5 |     375 |481.0694 |   477.0 |    0,85 |-0,0020 |1592532515261 |[0.24673359, 0.12473941, 0.46819863, 0.2911275, 0.94783986, 0.41422275, 0.55231714, 0.18586387, 0.578471, 0.3672878, 0.21502657, 0.5753101, 0.27606076, 0.24211855, 0.75535953] |
| 4 |   55 |0.27272728 | 5000 |      f5 |     375 |481.0694 |   477.0 |    0,85 |-0,0020 |1592532515261 |[0.24673359, 0.12473941, 0.46819863, 0.2911275, 0.94783986, 0.41422275, 0.55231714, 0.18586387, 0.578471, 0.3672878, 0.21502657, 0.5753101, 0.27606076, 0.24211855, 0.75535953] |
| 4 |   55 |0.34545454 | 5000 |      f5 |     375 |481.0694 |   477.0 |    0,85 |-0,0020 |1592532515261 |[0.24673359, 0.12473941, 0.46819863, 0.2911275, 0.94783986, 0.41422275, 0.55231714, 0.18586387, 0.578471, 0.3672878, 0.21502657, 0.5753101, 0.27606076, 0.24211855, 0.75535953] |
| 4 |   60 |0.38181818 | 5000 |      f5 |     375 |481.0694 |   477.0 |    0,85 |-0,0020 |1592532515261 |[0.24673359, 0.12473941, 0.46819863, 0.2911275, 0.94783986, 0.41422275, 0.55231714, 0.18586387, 0.578471, 0.3672878, 0.21502657, 0.5753101, 0.27606076, 0.24211855, 0.75535953] |
| 4 |   60 |0.43333334 | 5000 |      f5 |     375 |481.0694 |   477.0 |    0,85 |-0,0020 |1592532515261 |[0.24673359, 0.12473941, 0.46819863, 0.2911275, 0.94783986, 0.41422275, 0.55231714, 0.18586387, 0.578471, 0.3672878, 0.21502657, 0.5753101, 0.27606076, 0.24211855, 0.75535953] |
| 4 |   60 |   0.4 | 5000 |      f5 |     375 |481.0694 |   477.0 |    0,85 |-0,0020 |1592532515261 |[0.24673359, 0.12473941, 0.46819863, 0.2911275, 0.94783986, 0.41422275, 0.55231714, 0.18586387, 0.578471, 0.3672878, 0.21502657, 0.5753101, 0.27606076, 0.24211855, 0.75535953] |
| 4 |   60 |   0.4 | 5000 |      f5 |     375 |481.0694 |   477.0 |    0,85 |-0,0020 |1592532515261 |[0.24673359, 0.12473941, 0.46819863, 0.2911275, 0.94783986, 0.41422275, 0.55231714, 0.18586387, 0.578471, 0.3672878, 0.21502657, 0.5753101, 0.27606076, 0.24211855, 0.75535953] |
| 4 |   65 |  0.35 | 5000 |      f5 |     375 |481.0694 |   477.0 |    0,85 |-0,0020 |1592532515261 |[0.24673359, 0.12473941, 0.46819863, 0.2911275, 0.94783986, 0.41422275, 0.55231714, 0.18586387, 0.578471, 0.3672878, 0.21502657, 0.5753101, 0.27606076, 0.24211855, 0.75535953] |
| 4 |   65 |0.43076923 | 5000 |      f5 |     375 |481.0694 |   477.0 |    0,85 |-0,0020 |1592532515261 |[0.24673359, 0.12473941, 0.46819863, 0.2911275, 0.94783986, 0.41422275, 0.55231714, 0.18586387, 0.578471, 0.3672878, 0.21502657, 0.5753101, 0.27606076, 0.24211855, 0.75535953] |
| 4 |   65 |0.44615385 | 5000 |      f5 |     375 |481.0694 |   477.0 |    0,85 |-0,0020 |1592532515261 |[0.24673359, 0.12473941, 0.46819863, 0.2911275, 0.94783986, 0.41422275, 0.55231714, 0.18586387, 0.578471, 0.3672878, 0.21502657, 0.5753101, 0.27606076, 0.24211855, 0.75535953] |
| 4 |   65 |   0.4 | 5000 |      f5 |     375 |481.0694 |   477.0 |    0,85 |-0,0020 |1592532515261 |[0.24673359, 0.12473941, 0.46819863, 0.2911275, 0.94783986, 0.41422275, 0.55231714, 0.18586387, 0.578471, 0.3672878, 0.21502657, 0.5753101, 0.27606076, 0.24211855, 0.75535953] |
| 4 |   70 |0.41538462 | 5000 |      f5 |     375 |481.0694 |   477.0 |    0,85 |-0,0020 |1592532515261 |[0.24673359, 0.12473941, 0.46819863, 0.2911275, 0.94783986, 0.41422275, 0.55231714, 0.18586387, 0.578471, 0.3672878, 0.21502657, 0.5753101, 0.27606076, 0.24211855, 0.75535953] |
| 4 |   70 |  0.45 | 5000 |      f5 |     375 |481.0694 |   477.0 |    0,85 |-0,0020 |1592532515261 |[0.24673359, 0.12473941, 0.46819863, 0.2911275, 0.94783986, 0.41422275, 0.55231714, 0.18586387, 0.578471, 0.3672878, 0.21502657, 0.5753101, 0.27606076, 0.24211855, 0.75535953] |
| 4 |   70 |0.42857143 | 5000 |      f5 |     375 |481.0694 |   477.0 |    0,85 |-0,0020 |1592532515261 |[0.24673359, 0.12473941, 0.46819863, 0.2911275, 0.94783986, 0.41422275, 0.55231714, 0.18586387, 0.578471, 0.3672878, 0.21502657, 0.5753101, 0.27606076, 0.24211855, 0.75535953] |
| 4 |   70 |0.37142858 | 5000 |      f5 |     375 |481.0694 |   477.0 |    0,85 |-0,0020 |1592532515261 |[0.24673359, 0.12473941, 0.46819863, 0.2911275, 0.94783986, 0.41422275, 0.55231714, 0.18586387, 0.578471, 0.3672878, 0.21502657, 0.5753101, 0.27606076, 0.24211855, 0.75535953] |
| 4 |   75 |0.42857143 | 5000 |      f5 |     375 |481.0694 |   477.0 |    0,85 |-0,0020 |1592532515261 |[0.24673359, 0.12473941, 0.46819863, 0.2911275, 0.94783986, 0.41422275, 0.55231714, 0.18586387, 0.578471, 0.3672878, 0.21502657, 0.5753101, 0.27606076, 0.24211855, 0.75535953] |
| 4 |   75 |  0.45 | 5000 |      f5 |     375 |481.0694 |   477.0 |    0,85 |-0,0020 |1592532515261 |[0.24673359, 0.12473941, 0.46819863, 0.2911275, 0.94783986, 0.41422275, 0.55231714, 0.18586387, 0.578471, 0.3672878, 0.21502657, 0.5753101, 0.27606076, 0.24211855, 0.75535953] |
| 4 |   75 |  0.45 | 5000 |      f5 |     375 |481.0694 |   477.0 |    0,85 |  2,2 |1592532515261 |[0.24673359, 0.12473941, 0.46819863, 0.2911275, 0.94783986, 0.41422275, 0.55231714, 0.18586387, 0.578471, 0.3672878, 0.21502657, 0.5753101, 0.27606076, 0.24211855, 0.75535953] |
| 5 |   50 |  0.25 | 5000 |      f5 |     375 |481.0694 |   477.0 |    0,85 |-0,0020 |1592532517441 |[0.47361836, 0.24734122, 0.6971471, 0.5765444, 0.26210865, 0.67826456, 0.918763, 0.71226025, 0.5936263, 0.17375818, 0.57950026, 0.2572449, 0.58309406, 0.7801481, 0.6622086] |
| 5 |   50 |  0.32 | 5000 |      f5 |     375 |481.0694 |   477.0 |    0,85 |-0,0020 |1592532517441 |[0.25291207, 1.0E-12, 0.2654326, 0.30678904, 0.53817105, 0.7066338, 0.2645889, 0.34840834, 0.24373788, 0.61765736, 0.5300499, 0.8468204, 0.5089077, 0.4751672, 0.002891408] |
| 5 |   50 |  0.28 | 5000 |      f5 |     375 |481.0694 |   477.0 |    0,85 |-0,0020 |1592532517441 |[0.25291207, 1.0E-12, 0.2654326, 0.30678904, 0.53817105, 0.7066338, 0.2645889, 0.34840834, 0.24373788, 0.61765736, 0.5300499, 0.8468204, 0.5089077, 0.4751672, 0.002891408] |
| 5 |   55 |  0.34 | 5000 |      f5 |     375 |481.0694 |   477.0 |    0,85 |-0,0020 |1592532517441 |[0.25291207, 1.0E-12, 0.2654326, 0.30678904, 0.53817105, 0.7066338, 0.2645889, 0.34840834, 0.24373788, 0.61765736, 0.5300499, 0.8468204, 0.5089077, 0.4751672, 0.002891408] |
| 5 |   55 |  0.45 | 5000 |      f5 |     375 |481.0694 |   477.0 |    0,85 |-0,0020 |1592532517441 |[0.25291207, 1.0E-12, 0.2654326, 0.30678904, 0.53817105, 0.7066338, 0.2645889, 0.34840834, 0.24373788, 0.61765736, 0.5300499, 0.8468204, 0.5089077, 0.4751672, 0.002891408] |
| 5 |   55 |0.4181818 | 5000 |      f5 |     375 |481.0694 |   477.0 |    0,85 |-0,0020 |1592532517441 |[0.25291207, 1.0E-12, 0.2654326, 0.30678904, 0.53817105, 0.7066338, 0.2645889, 0.34840834, 0.24373788, 0.61765736, 0.5300499, 0.8468204, 0.5089077, 0.4751672, 0.002891408] |
| 5 |   55 |0.3272727 | 5000 |      f5 |     375 |481.0694 |   477.0 |    0,85 |-0,0020 |1592532517441 |[0.25291207, 1.0E-12, 0.2654326, 0.30678904, 0.53817105, 0.7066338, 0.2645889, 0.34840834, 0.24373788, 0.61765736, 0.5300499, 0.8468204, 0.5089077, 0.4751672, 0.002891408] |
| 5 |   60 |0.3272727 | 5000 |      f5 |     375 |481.0694 |   477.0 |    0,85 |-0,0020 |1592532517441 |[0.25291207, 1.0E-12, 0.2654326, 0.30678904, 0.53817105, 0.7066338, 0.2645889, 0.34840834, 0.24373788, 0.61765736, 0.5300499, 0.8468204, 0.5089077, 0.4751672, 0.002891408] |
| 5 |   60 |   0.4 | 5000 |      f5 |     375 |481.0694 |   477.0 |    0,85 |-0,0020 |1592532517441 |[0.25291207, 1.0E-12, 0.2654326, 0.30678904, 0.53817105, 0.7066338, 0.2645889, 0.34840834, 0.24373788, 0.61765736, 0.5300499, 0.8468204, 0.5089077, 0.4751672, 0.002891408] |
| 5 |   60 |   0.4 | 5000 |      f5 |     375 |481.0694 |   477.0 |    0,85 |-0,0020 |1592532517441 |[0.25291207, 1.0E-12, 0.2654326, 0.30678904, 0.53817105, 0.7066338, 0.2645889, 0.34840834, 0.24373788, 0.61765736, 0.5300499, 0.8468204, 0.5089077, 0.4751672, 0.002891408] |
| 5 |   60 |0.31666666 | 5000 |      f5 |     375 |481.0694 |   477.0 |    0,85 |-0,0020 |1592532517441 |[0.25291207, 1.0E-12, 0.2654326, 0.30678904, 0.53817105, 0.7066338, 0.2645889, 0.34840834, 0.24373788, 0.61765736, 0.5300499, 0.8468204, 0.5089077, 0.4751672, 0.002891408] |
| 5 |   65 |0.33333334 | 5000 |      f5 |     375 |481.0694 |   477.0 |    0,85 |-0,0020 |1592532517441 |[0.25291207, 1.0E-12, 0.2654326, 0.30678904, 0.53817105, 0.7066338, 0.2645889, 0.34840834, 0.24373788, 0.61765736, 0.5300499, 0.8468204, 0.5089077, 0.4751672, 0.002891408] |
| 5 |   65 |0.33846155 | 5000 |      f5 |     375 |481.0694 |   477.0 |    0,85 |-0,0020 |1592532517441 |[0.25291207, 1.0E-12, 0.2654326, 0.30678904, 0.53817105, 0.7066338, 0.2645889, 0.34840834, 0.24373788, 0.61765736, 0.5300499, 0.8468204, 0.5089077, 0.4751672, 0.002891408] |
| 5 |   65 |0.33846155 | 5000 |      f5 |     375 |481.0694 |   477.0 |    0,85 |-0,0020 |1592532517441 |[0.25291207, 1.0E-12, 0.2654326, 0.30678904, 0.53817105, 0.7066338, 0.2645889, 0.34840834, 0.24373788, 0.61765736, 0.5300499, 0.8468204, 0.5089077, 0.4751672, 0.002891408] |
| 5 |   65 |0.3846154 | 5000 |      f5 |     375 |481.0694 |   477.0 |    0,85 |-0,0020 |1592532517441 |[0.25291207, 1.0E-12, 0.2654326, 0.30678904, 0.53817105, 0.7066338, 0.2645889, 0.34840834, 0.24373788, 0.61765736, 0.5300499, 0.8468204, 0.5089077, 0.4751672, 0.002891408] |
| 5 |   70 |0.35384616 | 5000 |      f5 |     375 |481.0694 |   477.0 |    0,85 |-0,0020 |1592532517441 |[0.25291207, 1.0E-12, 0.2654326, 0.30678904, 0.53817105, 0.7066338, 0.2645889, 0.34840834, 0.24373788, 0.61765736, 0.5300499, 0.8468204, 0.5089077, 0.4751672, 0.002891408] |
| 5 |   70 |  0.45 | 5000 |      f5 |     375 |481.0694 |   477.0 |    0,85 |-0,0020 |1592532517441 |[0.25291207, 1.0E-12, 0.2654326, 0.30678904, 0.53817105, 0.7066338, 0.2645889, 0.34840834, 0.24373788, 0.61765736, 0.5300499, 0.8468204, 0.5089077, 0.4751672, 0.002891408] |
| 5 |   70 |   0.4 | 5000 |      f5 |     375 |481.0694 |   477.0 |    0,85 |-0,0020 |1592532517441 |[0.25291207, 1.0E-12, 0.2654326, 0.30678904, 0.53817105, 0.7066338, 0.2645889, 0.34840834, 0.24373788, 0.61765736, 0.5300499, 0.8468204, 0.5089077, 0.4751672, 0.002891408] |
| 5 |   70 |0.42857143 | 5000 |      f5 |     375 |481.0694 |   477.0 |    0,85 |-0,0020 |1592532517441 |[0.25291207, 1.0E-12, 0.2654326, 0.30678904, 0.53817105, 0.7066338, 0.2645889, 0.34840834, 0.24373788, 0.61765736, 0.5300499, 0.8468204, 0.5089077, 0.4751672, 0.002891408] |
| 5 |   75 |0.37142858 | 5000 |      f5 |     375 |481.0694 |   477.0 |    0,85 |-0,0020 |1592532517441 |[0.25291207, 1.0E-12, 0.2654326, 0.30678904, 0.53817105, 0.7066338, 0.2645889, 0.34840834, 0.24373788, 0.61765736, 0.5300499, 0.8468204, 0.5089077, 0.4751672, 0.002891408] |
| 5 |   75 |  0.45 | 5000 |      f5 |     375 |481.0694 |   477.0 |    0,85 |-0,0020 |1592532517441 |[0.25291207, 1.0E-12, 0.2654326, 0.30678904, 0.53817105, 0.7066338, 0.2645889, 0.34840834, 0.24373788, 0.61765736, 0.5300499, 0.8468204, 0.5089077, 0.4751672, 0.002891408] |
| 5 |   75 |  0.45 | 5000 |      f5 |     375 |481.0694 |   477.0 |    0,85 |  2,2 |1592532517441 |[0.25291207, 1.0E-12, 0.2654326, 0.30678904, 0.53817105, 0.7066338, 0.2645889, 0.34840834, 0.24373788, 0.61765736, 0.5300499, 0.8468204, 0.5089077, 0.4751672, 0.002891408] |
| 6 |   50 |  0.25 | 5000 |      f5 |     375 |481.0694 |   477.0 |    0,85 |-0,0020 |1592532519628 |[0.74087745, 0.64908, 0.75632876, 0.80135405, 0.0019680858, 0.9797642, 1.0E-12, 0.97263986, 0.40173548, 0.7568681, 0.5344797, 0.68649316, 0.7110142, 1.0E-12, 0.4526686] |
| 6 |   50 |  0.22 | 5000 |      f5 |     375 |481.0694 |   477.0 |    0,85 |-0,0020 |1592532519628 |[0.76903385, 0.90711725, 0.6579523, 0.5746541, 0.38364857, 0.48822773, 0.5945982, 0.3880111, 0.24617082, 0.07460469, 0.77133584, 0.5233682, 0.055194438, 0.8841896, 0.37252337] |
| 6 |   50 |   0.3 | 5000 |      f5 |     375 |481.0694 |   477.0 |    0,85 |-0,0020 |1592532519628 |[0.76903385, 0.90711725, 0.6579523, 0.5746541, 0.38364857, 0.48822773, 0.5945982, 0.3880111, 0.24617082, 0.07460469, 0.77133584, 0.5233682, 0.055194438, 0.8841896, 0.37252337] |
| 6 |   55 |  0.32 | 5000 |      f5 |     375 |481.0694 |   477.0 |    0,85 |-0,0020 |1592532519628 |[0.76903385, 0.90711725, 0.6579523, 0.5746541, 0.38364857, 0.48822773, 0.5945982, 0.3880111, 0.24617082, 0.07460469, 0.77133584, 0.5233682, 0.055194438, 0.8841896, 0.37252337] |
| 6 |   55 |  0.45 | 5000 |      f5 |     375 |481.0694 |   477.0 |    0,85 |-0,0020 |1592532519628 |[0.10873437, 0.8199294, 0.20951003, 0.43073988, 0.2814269, 0.92859095, 0.6363458, 0.72661537, 0.56461865, 0.6123516, 0.3783425, 0.38079906, 0.5197802, 0.6409165, 0.81060255] |
| 6 |   55 |0.34545454 | 5000 |      f5 |     375 |481.0694 |   477.0 |    0,85 |-0,0020 |1592532519628 |[0.10873437, 0.8199294, 0.20951003, 0.43073988, 0.2814269, 0.92859095, 0.6363458, 0.72661537, 0.56461865, 0.6123516, 0.3783425, 0.38079906, 0.5197802, 0.6409165, 0.81060255] |
| 6 |   55 |0.29090908 | 5000 |      f5 |     375 |481.0694 |   477.0 |    0,85 |-0,0020 |1592532519628 |[0.10873437, 0.8199294, 0.20951003, 0.43073988, 0.2814269, 0.92859095, 0.6363458, 0.72661537, 0.56461865, 0.6123516, 0.3783425, 0.38079906, 0.5197802, 0.6409165, 0.81060255] |
| 6 |   60 |0.3090909 | 5000 |      f5 |     375 |481.0694 |   477.0 |    0,85 |-0,0020 |1592532519628 |[0.10873437, 0.8199294, 0.20951003, 0.43073988, 0.2814269, 0.92859095, 0.6363458, 0.72661537, 0.56461865, 0.6123516, 0.3783425, 0.38079906, 0.5197802, 0.6409165, 0.81060255] |
| 6 |   60 |   0.4 | 5000 |      f5 |     375 |481.0694 |   477.0 |    0,85 |-0,0020 |1592532519628 |[0.10873437, 0.8199294, 0.20951003, 0.43073988, 0.2814269, 0.92859095, 0.6363458, 0.72661537, 0.56461865, 0.6123516, 0.3783425, 0.38079906, 0.5197802, 0.6409165, 0.81060255] |
| 6 |   60 |0.26666668 | 5000 |      f5 |     375 |481.0694 |   477.0 |    0,85 |-0,0020 |1592532519628 |[0.10873437, 0.8199294, 0.20951003, 0.43073988, 0.2814269, 0.92859095, 0.6363458, 0.72661537, 0.56461865, 0.6123516, 0.3783425, 0.38079906, 0.5197802, 0.6409165, 0.81060255] |
| 6 |   60 |  0.35 | 5000 |      f5 |     375 |481.0694 |   477.0 |    0,85 |-0,0020 |1592532519628 |[0.10873437, 0.8199294, 0.20951003, 0.43073988, 0.2814269, 0.92859095, 0.6363458, 0.72661537, 0.56461865, 0.6123516, 0.3783425, 0.38079906, 0.5197802, 0.6409165, 0.81060255] |
| 6 |   65 |   0.3 | 5000 |      f5 |     375 |481.0694 |   477.0 |    0,85 |-0,0020 |1592532519628 |[0.10873437, 0.8199294, 0.20951003, 0.43073988, 0.2814269, 0.92859095, 0.6363458, 0.72661537, 0.56461865, 0.6123516, 0.3783425, 0.38079906, 0.5197802, 0.6409165, 0.81060255] |
| 6 |   65 |  0.45 | 5000 |      f5 |     375 |481.0694 |   477.0 |    0,85 |-0,0020 |1592532519628 |[0.10873437, 0.8199294, 0.20951003, 0.43073988, 0.2814269, 0.92859095, 0.6363458, 0.72661537, 0.56461865, 0.6123516, 0.3783425, 0.38079906, 0.5197802, 0.6409165, 0.81060255] |
| 6 |   65 |0.3846154 | 5000 |      f5 |     375 |481.0694 |   477.0 |    0,85 |-0,0020 |1592532519628 |[0.10873437, 0.8199294, 0.20951003, 0.43073988, 0.2814269, 0.92859095, 0.6363458, 0.72661537, 0.56461865, 0.6123516, 0.3783425, 0.38079906, 0.5197802, 0.6409165, 0.81060255] |
| 6 |   65 |0.30769232 | 5000 |      f5 |     375 |481.0694 |   477.0 |    0,85 |-0,0020 |1592532519628 |[0.10873437, 0.8199294, 0.20951003, 0.43073988, 0.2814269, 0.92859095, 0.6363458, 0.72661537, 0.56461865, 0.6123516, 0.3783425, 0.38079906, 0.5197802, 0.6409165, 0.81060255] |
| 6 |   70 |0.3846154 | 5000 |      f5 |     375 |481.0694 |   477.0 |    0,85 |-0,0020 |1592532519628 |[0.10873437, 0.8199294, 0.20951003, 0.43073988, 0.2814269, 0.92859095, 0.6363458, 0.72661537, 0.56461865, 0.6123516, 0.3783425, 0.38079906, 0.5197802, 0.6409165, 0.81060255] |
| 6 |   70 |0.44285715 | 5000 |      f5 |     375 |481.0694 |   477.0 |    0,85 |-0,0020 |1592532519628 |[0.10873437, 0.8199294, 0.20951003, 0.43073988, 0.2814269, 0.92859095, 0.6363458, 0.72661537, 0.56461865, 0.6123516, 0.3783425, 0.38079906, 0.5197802, 0.6409165, 0.81060255] |
| 6 |   70 |0.44285715 | 5000 |      f5 |     375 |481.0694 |   477.0 |    0,85 |-0,0020 |1592532519628 |[0.10873437, 0.8199294, 0.20951003, 0.43073988, 0.2814269, 0.92859095, 0.6363458, 0.72661537, 0.56461865, 0.6123516, 0.3783425, 0.38079906, 0.5197802, 0.6409165, 0.81060255] |
| 6 |   70 |0.34285715 | 5000 |      f5 |     375 |481.0694 |   477.0 |    0,85 |-0,0020 |1592532519628 |[0.10873437, 0.8199294, 0.20951003, 0.43073988, 0.2814269, 0.92859095, 0.6363458, 0.72661537, 0.56461865, 0.6123516, 0.3783425, 0.38079906, 0.5197802, 0.6409165, 0.81060255] |
| 6 |   75 |0.3857143 | 5000 |      f5 |     375 |481.0694 |   477.0 |    0,85 |-0,0020 |1592532519628 |[0.10873437, 0.8199294, 0.20951003, 0.43073988, 0.2814269, 0.92859095, 0.6363458, 0.72661537, 0.56461865, 0.6123516, 0.3783425, 0.38079906, 0.5197802, 0.6409165, 0.81060255] |
| 6 |   75 |  0.45 | 5000 |      f5 |     375 |481.0694 |   477.0 |    0,85 |-0,0020 |1592532519628 |[0.10873437, 0.8199294, 0.20951003, 0.43073988, 0.2814269, 0.92859095, 0.6363458, 0.72661537, 0.56461865, 0.6123516, 0.3783425, 0.38079906, 0.5197802, 0.6409165, 0.81060255] |
| 6 |   75 |  0.45 | 5000 |      f5 |     375 |481.0694 |   477.0 |    0,85 |  2,1 |1592532519628 |[0.10873437, 0.8199294, 0.20951003, 0.43073988, 0.2814269, 0.92859095, 0.6363458, 0.72661537, 0.56461865, 0.6123516, 0.3783425, 0.38079906, 0.5197802, 0.6409165, 0.81060255] |
| 7 |   50 |  0.25 | 5000 |      f5 |     375 |481.0694 |   477.0 |    0,85 |-0,0020 |1592532521779 |[0.23023796, 0.8517872, 0.109748244, 0.06807488, 0.19651729, 0.4113266, 0.6057701, 0.10215318, 0.12046528, 0.8364398, 0.61086303, 0.07654315, 0.41819823, 0.8424617, 0.5915734] |
| 7 |   50 |  0.32 | 5000 |      f5 |     375 |481.0694 |   477.0 |    0,85 |-0,0020 |1592532521779 |[0.9583208, 0.59345055, 0.75745106, 0.86794007, 0.84429294, 0.32187104, 0.368266, 0.3615374, 0.28219354, 0.22785753, 0.089203, 0.7484315, 0.8661492, 0.29336554, 0.4614461] |
| 7 |   50 |  0.26 | 5000 |      f5 |     375 |481.0694 |   477.0 |    0,85 |-0,0020 |1592532521779 |[0.9583208, 0.59345055, 0.75745106, 0.86794007, 0.84429294, 0.32187104, 0.368266, 0.3615374, 0.28219354, 0.22785753, 0.089203, 0.7484315, 0.8661492, 0.29336554, 0.4614461] |
| 7 |   55 |  0.26 | 5000 |      f5 |     375 |481.0694 |   477.0 |    0,85 |-0,0020 |1592532521779 |[0.9583208, 0.59345055, 0.75745106, 0.86794007, 0.84429294, 0.32187104, 0.368266, 0.3615374, 0.28219354, 0.22785753, 0.089203, 0.7484315, 0.8661492, 0.29336554, 0.4614461] |
| 7 |   55 |0.3090909 | 5000 |      f5 |     375 |481.0694 |   477.0 |    0,85 |-0,0020 |1592532521779 |[0.48509532, 0.1452375, 0.98580444, 0.99839056, 0.6255276, 0.41672707, 0.58166766, 0.78393185, 0.20801169, 0.95967025, 0.056902647, 0.9316179, 0.20647734, 0.4538281, 0.80888253] |
| 7 |   55 |0.23636363 | 5000 |      f5 |     375 |481.0694 |   477.0 |    0,85 |-0,0020 |1592532521779 |[0.48509532, 0.1452375, 0.98580444, 0.99839056, 0.6255276, 0.41672707, 0.58166766, 0.78393185, 0.20801169, 0.95967025, 0.056902647, 0.9316179, 0.20647734, 0.4538281, 0.80888253] |
| 7 |   55 |0.3090909 | 5000 |      f5 |     375 |481.0694 |   477.0 |    0,85 |-0,0020 |1592532521779 |[0.19448179, 0.4471116, 0.38267404, 0.55626094, 0.77905905, 0.7755606, 0.8235877, 0.7122684, 0.30517197, 0.29047173, 0.009902, 0.43606275, 0.84764373, 0.8865776, 0.75857055] |
| 7 |   60 |0.34545454 | 5000 |      f5 |     375 |481.0694 |   477.0 |    0,85 |-0,0020 |1592532521779 |[0.9343312, 0.20780915, 0.69273555, 0.71226454, 0.13958424, 0.46186364, 0.6823713, 0.4086424, 0.7259041, 0.028667808, 0.43064976, 0.7392105, 0.17207116, 0.7311902, 0.31649423] |
| 7 |   60 |  0.45 | 5000 |      f5 |     375 |481.0694 |   477.0 |    0,85 |-0,0020 |1592532521779 |[0.9343312, 0.20780915, 0.69273555, 0.71226454, 0.13958424, 0.46186364, 0.6823713, 0.4086424, 0.7259041, 0.028667808, 0.43064976, 0.7392105, 0.17207116, 0.7311902, 0.31649423] |
| 7 |   60 |   0.3 | 5000 |      f5 |     375 |481.0694 |   477.0 |    0,85 |-0,0020 |1592532521779 |[0.9343312, 0.20780915, 0.69273555, 0.71226454, 0.13958424, 0.46186364, 0.6823713, 0.4086424, 0.7259041, 0.028667808, 0.43064976, 0.7392105, 0.17207116, 0.7311902, 0.31649423] |
| 7 |   60 |0.36666667 | 5000 |      f5 |     375 |481.0694 |   477.0 |    0,85 |-0,0020 |1592532521779 |[0.9343312, 0.20780915, 0.69273555, 0.71226454, 0.13958424, 0.46186364, 0.6823713, 0.4086424, 0.7259041, 0.028667808, 0.43064976, 0.7392105, 0.17207116, 0.7311902, 0.31649423] |
| 7 |   65 |0.33333334 | 5000 |      f5 |     375 |481.0694 |   477.0 |    0,85 |-0,0020 |1592532521779 |[0.9343312, 0.20780915, 0.69273555, 0.71226454, 0.13958424, 0.46186364, 0.6823713, 0.4086424, 0.7259041, 0.028667808, 0.43064976, 0.7392105, 0.17207116, 0.7311902, 0.31649423] |
| 7 |   65 |0.30769232 | 5000 |      f5 |     375 |481.0694 |   477.0 |    0,85 |-0,0020 |1592532521779 |[0.13345319, 0.002090454, 0.12587905, 0.8266162, 0.64125085, 0.37840587, 0.42776316, 0.10881078, 0.81965184, 0.724048, 0.7638342, 0.664072, 0.16680127, 0.8031379, 0.90769666] |
| 7 |   65 |0.32307693 | 5000 |      f5 |     375 |481.0694 |   477.0 |    0,85 |-0,0020 |1592532521779 |[0.13345319, 0.002090454, 0.12587905, 0.8266162, 0.64125085, 0.37840587, 0.42776316, 0.10881078, 0.81965184, 0.724048, 0.7638342, 0.664072, 0.16680127, 0.8031379, 0.90769666] |
| 7 |   65 |0.2923077 | 5000 |      f5 |     375 |481.0694 |   477.0 |    0,85 |-0,0020 |1592532521779 |[0.13345319, 0.002090454, 0.12587905, 0.8266162, 0.64125085, 0.37840587, 0.42776316, 0.10881078, 0.81965184, 0.724048, 0.7638342, 0.664072, 0.16680127, 0.8031379, 0.90769666] |
| 7 |   70 |0.33846155 | 5000 |      f5 |     375 |481.0694 |   477.0 |    0,85 |-0,0020 |1592532521779 |[0.13345319, 0.002090454, 0.12587905, 0.8266162, 0.64125085, 0.37840587, 0.42776316, 0.10881078, 0.81965184, 0.724048, 0.7638342, 0.664072, 0.16680127, 0.8031379, 0.90769666] |
| 7 |   70 |  0.45 | 5000 |      f5 |     375 |481.0694 |   477.0 |    0,85 |-0,0020 |1592532521779 |[0.13345319, 0.002090454, 0.12587905, 0.8266162, 0.64125085, 0.37840587, 0.42776316, 0.10881078, 0.81965184, 0.724048, 0.7638342, 0.664072, 0.16680127, 0.8031379, 0.90769666] |
| 7 |   70 |0.31428573 | 5000 |      f5 |     375 |481.0694 |   477.0 |    0,85 |-0,0020 |1592532521779 |[0.13345319, 0.002090454, 0.12587905, 0.8266162, 0.64125085, 0.37840587, 0.42776316, 0.10881078, 0.81965184, 0.724048, 0.7638342, 0.664072, 0.16680127, 0.8031379, 0.90769666] |
| 7 |   70 |0.3857143 | 5000 |      f5 |     375 |481.0694 |   477.0 |    0,85 |-0,0020 |1592532521779 |[0.13345319, 0.002090454, 0.12587905, 0.8266162, 0.64125085, 0.37840587, 0.42776316, 0.10881078, 0.81965184, 0.724048, 0.7638342, 0.664072, 0.16680127, 0.8031379, 0.90769666] |
| 7 |   75 |0.3857143 | 5000 |      f5 |     375 |481.0694 |   477.0 |    0,85 |-0,0020 |1592532521779 |[0.13345319, 0.002090454, 0.12587905, 0.8266162, 0.64125085, 0.37840587, 0.42776316, 0.10881078, 0.81965184, 0.724048, 0.7638342, 0.664072, 0.16680127, 0.8031379, 0.90769666] |
| 7 |   75 |   0.4 | 5000 |      f5 |     375 |481.0694 |   477.0 |    0,85 |-0,0020 |1592532521779 |[0.13345319, 0.002090454, 0.12587905, 0.8266162, 0.64125085, 0.37840587, 0.42776316, 0.10881078, 0.81965184, 0.724048, 0.7638342, 0.664072, 0.16680127, 0.8031379, 0.90769666] |
| 7 |   75 |   0.4 | 5000 |      f5 |     375 |481.0694 |   477.0 |    0,85 |  2,1 |1592532521779 |[0.13345319, 0.002090454, 0.12587905, 0.8266162, 0.64125085, 0.37840587, 0.42776316, 0.10881078, 0.81965184, 0.724048, 0.7638342, 0.664072, 0.16680127, 0.8031379, 0.90769666] |
| 8 |   50 |  0.25 | 5000 |      f5 |     375 |481.0694 |   477.0 |    0,85 |-0,0060 |1592532523920 |[0.5322785, 0.6897022, 0.21801944, 0.80668265, 0.68239385, 0.7604145, 0.1710918, 0.5357849, 0.8246191, 0.8694171, 0.930196, 0.21723329, 0.8259812, 0.61550516, 0.6075236] |
| 8 |   50 |  0.24 | 5000 |      f5 |     375 |481.0694 |   477.0 |    0,85 |-0,0060 |1592532523920 |[0.92748463, 0.36654294, 1.0E-12, 0.30813685, 0.21271035, 0.65267617, 0.0042214305, 0.124822244, 0.3389652, 1.0E-12, 0.9667402, 0.0057923514, 0.8685519, 0.25567505, 1.0] |
| 8 |   50 |  0.26 | 5000 |      f5 |     375 |481.0694 |   477.0 |    0,85 |-0,0060 |1592532523920 |[0.92748463, 0.36654294, 1.0E-12, 0.30813685, 0.21271035, 0.65267617, 0.0042214305, 0.124822244, 0.3389652, 1.0E-12, 0.9667402, 0.0057923514, 0.8685519, 0.25567505, 1.0] |
| 8 |   55 |  0.38 | 5000 |      f5 |     375 |481.0694 |   477.0 |    0,85 |-0,0060 |1592532523920 |[0.92748463, 0.36654294, 1.0E-12, 0.30813685, 0.21271035, 0.65267617, 0.0042214305, 0.124822244, 0.3389652, 1.0E-12, 0.9667402, 0.0057923514, 0.8685519, 0.25567505, 1.0] |
| 8 |   55 |   0.4 | 5000 |      f5 |     375 |481.0694 |   477.0 |    0,85 |-0,0060 |1592532523920 |[0.92748463, 0.36654294, 1.0E-12, 0.30813685, 0.21271035, 0.65267617, 0.0042214305, 0.124822244, 0.3389652, 1.0E-12, 0.9667402, 0.0057923514, 0.8685519, 0.25567505, 1.0] |
| 8 |   55 |0.29090908 | 5000 |      f5 |     375 |481.0694 |   477.0 |    0,85 |-0,0060 |1592532523920 |[0.92748463, 0.36654294, 1.0E-12, 0.30813685, 0.21271035, 0.65267617, 0.0042214305, 0.124822244, 0.3389652, 1.0E-12, 0.9667402, 0.0057923514, 0.8685519, 0.25567505, 1.0] |
| 8 |   55 |0.29090908 | 5000 |      f5 |     375 |481.0694 |   477.0 |    0,85 |-0,0060 |1592532523920 |[0.92748463, 0.36654294, 1.0E-12, 0.30813685, 0.21271035, 0.65267617, 0.0042214305, 0.124822244, 0.3389652, 1.0E-12, 0.9667402, 0.0057923514, 0.8685519, 0.25567505, 1.0] |
| 8 |   60 |0.29090908 | 5000 |      f5 |     375 |481.0694 |   477.0 |    0,85 |-0,0060 |1592532523920 |[0.92748463, 0.36654294, 1.0E-12, 0.30813685, 0.21271035, 0.65267617, 0.0042214305, 0.124822244, 0.3389652, 1.0E-12, 0.9667402, 0.0057923514, 0.8685519, 0.25567505, 1.0] |
| 8 |   60 |0.38333333 | 5000 |      f5 |     375 |481.0694 |   477.0 |    0,85 |-0,0060 |1592532523920 |[0.92748463, 0.36654294, 1.0E-12, 0.30813685, 0.21271035, 0.65267617, 0.0042214305, 0.124822244, 0.3389652, 1.0E-12, 0.9667402, 0.0057923514, 0.8685519, 0.25567505, 1.0] |
| 8 |   60 |0.36666667 | 5000 |      f5 |     375 |481.0694 |   477.0 |    0,85 |-0,0060 |1592532523920 |[0.92748463, 0.36654294, 1.0E-12, 0.30813685, 0.21271035, 0.65267617, 0.0042214305, 0.124822244, 0.3389652, 1.0E-12, 0.9667402, 0.0057923514, 0.8685519, 0.25567505, 1.0] |
| 8 |   60 |0.33333334 | 5000 |      f5 |     375 |481.0694 |   477.0 |    0,85 |-0,0060 |1592532523920 |[0.92748463, 0.36654294, 1.0E-12, 0.30813685, 0.21271035, 0.65267617, 0.0042214305, 0.124822244, 0.3389652, 1.0E-12, 0.9667402, 0.0057923514, 0.8685519, 0.25567505, 1.0] |
| 8 |   65 |  0.45 | 5000 |      f5 |     375 |481.0694 |   477.0 |    0,85 |-0,0060 |1592532523920 |[0.92748463, 0.36654294, 1.0E-12, 0.30813685, 0.21271035, 0.65267617, 0.0042214305, 0.124822244, 0.3389652, 1.0E-12, 0.9667402, 0.0057923514, 0.8685519, 0.25567505, 1.0] |
| 8 |   65 |  0.45 | 5000 |      f5 |     375 |481.0694 |   477.0 |    0,85 |-0,0060 |1592532523920 |[0.92748463, 0.36654294, 1.0E-12, 0.30813685, 0.21271035, 0.65267617, 0.0042214305, 0.124822244, 0.3389652, 1.0E-12, 0.9667402, 0.0057923514, 0.8685519, 0.25567505, 1.0] |
| 8 |   65 |0.36923078 | 5000 |      f5 |     375 |481.0694 |   477.0 |    0,85 |-0,0060 |1592532523920 |[0.92748463, 0.36654294, 1.0E-12, 0.30813685, 0.21271035, 0.65267617, 0.0042214305, 0.124822244, 0.3389652, 1.0E-12, 0.9667402, 0.0057923514, 0.8685519, 0.25567505, 1.0] |
| 8 |   65 |  0.45 | 5000 |      f5 |     375 |481.0694 |   477.0 |    0,85 |-0,0060 |1592532523920 |[0.92748463, 0.36654294, 1.0E-12, 0.30813685, 0.21271035, 0.65267617, 0.0042214305, 0.124822244, 0.3389652, 1.0E-12, 0.9667402, 0.0057923514, 0.8685519, 0.25567505, 1.0] |
| 8 |   70 |0.35384616 | 5000 |      f5 |     375 |481.0694 |   477.0 |    0,85 |-0,0060 |1592532523920 |[0.92748463, 0.36654294, 1.0E-12, 0.30813685, 0.21271035, 0.65267617, 0.0042214305, 0.124822244, 0.3389652, 1.0E-12, 0.9667402, 0.0057923514, 0.8685519, 0.25567505, 1.0] |
| 8 |   70 |  0.45 | 5000 |      f5 |     375 |481.0694 |   477.0 |    0,85 |-0,0060 |1592532523920 |[0.92748463, 0.36654294, 1.0E-12, 0.30813685, 0.21271035, 0.65267617, 0.0042214305, 0.124822244, 0.3389652, 1.0E-12, 0.9667402, 0.0057923514, 0.8685519, 0.25567505, 1.0] |
| 8 |   70 |   0.4 | 5000 |      f5 |     375 |481.0694 |   477.0 |    0,85 |-0,0060 |1592532523920 |[0.92589086, 0.4076627, 0.24137199, 0.66085845, 0.94002146, 0.5320422, 0.6047211, 0.2917477, 0.20777303, 0.94234794, 0.073134124, 0.59305704, 0.62275624, 0.022778094, 0.17687148] |
| 8 |   70 |0.37142858 | 5000 |      f5 |     375 |481.0694 |   477.0 |    0,85 |-0,0060 |1592532523920 |[0.92589086, 0.4076627, 0.24137199, 0.66085845, 0.94002146, 0.5320422, 0.6047211, 0.2917477, 0.20777303, 0.94234794, 0.073134124, 0.59305704, 0.62275624, 0.022778094, 0.17687148] |
| 8 |   75 |   0.3 | 5000 |      f5 |     375 |481.0694 |   477.0 |    0,85 |-0,0060 |1592532523920 |[0.92589086, 0.4076627, 0.24137199, 0.66085845, 0.94002146, 0.5320422, 0.6047211, 0.2917477, 0.20777303, 0.94234794, 0.073134124, 0.59305704, 0.62275624, 0.022778094, 0.17687148] |
| 8 |   75 |  0.44 | 5000 |      f5 |     375 |481.0694 |   477.0 |    0,85 |-0,0060 |1592532523920 |[0.92589086, 0.4076627, 0.24137199, 0.66085845, 0.94002146, 0.5320422, 0.6047211, 0.2917477, 0.20777303, 0.94234794, 0.073134124, 0.59305704, 0.62275624, 0.022778094, 0.17687148] |
| 8 |   75 |  0.44 | 5000 |      f5 |     375 |481.0694 |   477.0 |    0,85 |  2,1 |1592532523920 |[0.92589086, 0.4076627, 0.24137199, 0.66085845, 0.94002146, 0.5320422, 0.6047211, 0.2917477, 0.20777303, 0.94234794, 0.073134124, 0.59305704, 0.62275624, 0.022778094, 0.17687148] |
| 9 |   50 |  0.25 | 5000 |      f5 |     375 |481.0694 |   477.0 |    0,85 |-0,0060 |1592532526053 |[0.1899282, 0.95302767, 0.44204983, 0.17986959, 0.78627527, 0.20909604, 0.41826734, 0.30118662, 0.56581813, 0.36157003, 0.25400734, 0.15192759, 0.4052997, 0.11914528, 0.04440924] |
| 9 |   50 |  0.36 | 5000 |      f5 |     375 |481.0694 |   477.0 |    0,85 |-0,0060 |1592532526053 |[0.1899282, 0.95302767, 0.44204983, 0.17986959, 0.78627527, 0.20909604, 0.41826734, 0.30118662, 0.56581813, 0.36157003, 0.25400734, 0.15192759, 0.4052997, 0.11914528, 0.04440924] |
| 9 |   50 |  0.36 | 5000 |      f5 |     375 |481.0694 |   477.0 |    0,85 |-0,0060 |1592532526053 |[0.1899282, 0.95302767, 0.44204983, 0.17986959, 0.78627527, 0.20909604, 0.41826734, 0.30118662, 0.56581813, 0.36157003, 0.25400734, 0.15192759, 0.4052997, 0.11914528, 0.04440924] |
| 9 |   55 |  0.24 | 5000 |      f5 |     375 |481.0694 |   477.0 |    0,85 |-0,0060 |1592532526053 |[0.1899282, 0.95302767, 0.44204983, 0.17986959, 0.78627527, 0.20909604, 0.41826734, 0.30118662, 0.56581813, 0.36157003, 0.25400734, 0.15192759, 0.4052997, 0.11914528, 0.04440924] |
| 9 |   55 |   0.4 | 5000 |      f5 |     375 |481.0694 |   477.0 |    0,85 |-0,0060 |1592532526053 |[0.1899282, 0.95302767, 0.44204983, 0.17986959, 0.78627527, 0.20909604, 0.41826734, 0.30118662, 0.56581813, 0.36157003, 0.25400734, 0.15192759, 0.4052997, 0.11914528, 0.04440924] |
| 9 |   55 |0.34545454 | 5000 |      f5 |     375 |481.0694 |   477.0 |    0,85 |-0,0060 |1592532526053 |[0.1899282, 0.95302767, 0.44204983, 0.17986959, 0.78627527, 0.20909604, 0.41826734, 0.30118662, 0.56581813, 0.36157003, 0.25400734, 0.15192759, 0.4052997, 0.11914528, 0.04440924] |
| 9 |   55 |   0.4 | 5000 |      f5 |     375 |481.0694 |   477.0 |    0,85 |-0,0060 |1592532526053 |[0.1899282, 0.95302767, 0.44204983, 0.17986959, 0.78627527, 0.20909604, 0.41826734, 0.30118662, 0.56581813, 0.36157003, 0.25400734, 0.15192759, 0.4052997, 0.11914528, 0.04440924] |
| 9 |   60 |0.25454545 | 5000 |      f5 |     375 |481.0694 |   477.0 |    0,85 |-0,0060 |1592532526053 |[0.1899282, 0.95302767, 0.44204983, 0.17986959, 0.78627527, 0.20909604, 0.41826734, 0.30118662, 0.56581813, 0.36157003, 0.25400734, 0.15192759, 0.4052997, 0.11914528, 0.04440924] |
| 9 |   60 |  0.45 | 5000 |      f5 |     375 |481.0694 |   477.0 |    0,85 |-0,0060 |1592532526053 |[0.1899282, 0.95302767, 0.44204983, 0.17986959, 0.78627527, 0.20909604, 0.41826734, 0.30118662, 0.56581813, 0.36157003, 0.25400734, 0.15192759, 0.4052997, 0.11914528, 0.04440924] |
| 9 |   60 |   0.4 | 5000 |      f5 |     375 |481.0694 |   477.0 |    0,85 |-0,0060 |1592532526053 |[0.1899282, 0.95302767, 0.44204983, 0.17986959, 0.78627527, 0.20909604, 0.41826734, 0.30118662, 0.56581813, 0.36157003, 0.25400734, 0.15192759, 0.4052997, 0.11914528, 0.04440924] |
| 9 |   60 |  0.35 | 5000 |      f5 |     375 |481.0694 |   477.0 |    0,85 |-0,0060 |1592532526053 |[0.1899282, 0.95302767, 0.44204983, 0.17986959, 0.78627527, 0.20909604, 0.41826734, 0.30118662, 0.56581813, 0.36157003, 0.25400734, 0.15192759, 0.4052997, 0.11914528, 0.04440924] |
| 9 |   65 |  0.45 | 5000 |      f5 |     375 |481.0694 |   477.0 |    0,85 |-0,0060 |1592532526053 |[0.1899282, 0.95302767, 0.44204983, 0.17986959, 0.78627527, 0.20909604, 0.41826734, 0.30118662, 0.56581813, 0.36157003, 0.25400734, 0.15192759, 0.4052997, 0.11914528, 0.04440924] |
| 9 |   65 |0.35384616 | 5000 |      f5 |     375 |481.0694 |   477.0 |    0,85 |-0,0060 |1592532526053 |[0.1899282, 0.95302767, 0.44204983, 0.17986959, 0.78627527, 0.20909604, 0.41826734, 0.30118662, 0.56581813, 0.36157003, 0.25400734, 0.15192759, 0.4052997, 0.11914528, 0.04440924] |
| 9 |   65 |0.33846155 | 5000 |      f5 |     375 |481.0694 |   477.0 |    0,85 |-0,0060 |1592532526053 |[0.1899282, 0.95302767, 0.44204983, 0.17986959, 0.78627527, 0.20909604, 0.41826734, 0.30118662, 0.56581813, 0.36157003, 0.25400734, 0.15192759, 0.4052997, 0.11914528, 0.04440924] |
| 9 |   65 |0.36923078 | 5000 |      f5 |     375 |481.0694 |   477.0 |    0,85 |-0,0060 |1592532526053 |[0.1899282, 0.95302767, 0.44204983, 0.17986959, 0.78627527, 0.20909604, 0.41826734, 0.30118662, 0.56581813, 0.36157003, 0.25400734, 0.15192759, 0.4052997, 0.11914528, 0.04440924] |
| 9 |   70 |0.3846154 | 5000 |      f5 |     375 |481.0694 |   477.0 |    0,85 |-0,0060 |1592532526053 |[0.1899282, 0.95302767, 0.44204983, 0.17986959, 0.78627527, 0.20909604, 0.41826734, 0.30118662, 0.56581813, 0.36157003, 0.25400734, 0.15192759, 0.4052997, 0.11914528, 0.04440924] |
| 9 |   70 |0.3857143 | 5000 |      f5 |     375 |481.0694 |   477.0 |    0,85 |-0,0060 |1592532526053 |[0.1899282, 0.95302767, 0.44204983, 0.17986959, 0.78627527, 0.20909604, 0.41826734, 0.30118662, 0.56581813, 0.36157003, 0.25400734, 0.15192759, 0.4052997, 0.11914528, 0.04440924] |
| 9 |   70 |0.31428573 | 5000 |      f5 |     375 |481.0694 |   477.0 |    0,85 |-0,0060 |1592532526053 |[0.1899282, 0.95302767, 0.44204983, 0.17986959, 0.78627527, 0.20909604, 0.41826734, 0.30118662, 0.56581813, 0.36157003, 0.25400734, 0.15192759, 0.4052997, 0.11914528, 0.04440924] |
| 9 |   70 |0.41428572 | 5000 |      f5 |     375 |481.0694 |   477.0 |    0,85 |-0,0060 |1592532526053 |[0.1899282, 0.95302767, 0.44204983, 0.17986959, 0.78627527, 0.20909604, 0.41826734, 0.30118662, 0.56581813, 0.36157003, 0.25400734, 0.15192759, 0.4052997, 0.11914528, 0.04440924] |
| 9 |   75 |   0.3 | 5000 |      f5 |     375 |481.0694 |   477.0 |    0,85 |-0,0060 |1592532526053 |[0.1899282, 0.95302767, 0.44204983, 0.17986959, 0.78627527, 0.20909604, 0.41826734, 0.30118662, 0.56581813, 0.36157003, 0.25400734, 0.15192759, 0.4052997, 0.11914528, 0.04440924] |
| 9 |   75 |0.38666666 | 5000 |      f5 |     375 |481.0694 |   477.0 |    0,85 |-0,0060 |1592532526053 |[0.1899282, 0.95302767, 0.44204983, 0.17986959, 0.78627527, 0.20909604, 0.41826734, 0.30118662, 0.56581813, 0.36157003, 0.25400734, 0.15192759, 0.4052997, 0.11914528, 0.04440924] |
| 9 |   75 |0.38666666 | 5000 |      f5 |     375 |481.0694 |   477.0 |    0,85 |  2,1 |1592532526053 |[0.1899282, 0.95302767, 0.44204983, 0.17986959, 0.78627527, 0.20909604, 0.41826734, 0.30118662, 0.56581813, 0.36157003, 0.25400734, 0.15192759, 0.4052997, 0.11914528, 0.04440924] |
|10 |   50 |  0.25 | 5000 |      f5 |     375 |481.0694 |   477.0 |    0,85 |-0,0050 |1592532528188 |[0.6805602, 0.8617421, 0.17002885, 0.40083608, 0.13783804, 0.5447436, 0.9873254, 0.27354875, 0.82101583, 0.44268325, 0.042197082, 0.4417541, 0.96313995, 0.25612456, 0.1905996] |
|10 |   50 |   0.3 | 5000 |      f5 |     375 |481.0694 |   477.0 |    0,85 |-0,0050 |1592532528188 |[0.6805602, 0.8617421, 0.17002885, 0.40083608, 0.13783804, 0.5447436, 0.9873254, 0.27354875, 0.82101583, 0.44268325, 0.042197082, 0.4417541, 0.96313995, 0.25612456, 0.1905996] |
|10 |   50 |  0.34 | 5000 |      f5 |     375 |481.0694 |   477.0 |    0,85 |-0,0050 |1592532528188 |[0.6805602, 0.8617421, 0.17002885, 0.40083608, 0.13783804, 0.5447436, 0.9873254, 0.27354875, 0.82101583, 0.44268325, 0.042197082, 0.4417541, 0.96313995, 0.25612456, 0.1905996] |
|10 |   55 |  0.26 | 5000 |      f5 |     375 |481.0694 |   477.0 |    0,85 |-0,0050 |1592532528188 |[0.6805602, 0.8617421, 0.17002885, 0.40083608, 0.13783804, 0.5447436, 0.9873254, 0.27354875, 0.82101583, 0.44268325, 0.042197082, 0.4417541, 0.96313995, 0.25612456, 0.1905996] |
|10 |   55 |  0.45 | 5000 |      f5 |     375 |481.0694 |   477.0 |    0,85 |-0,0050 |1592532528188 |[0.6805602, 0.8617421, 0.17002885, 0.40083608, 0.13783804, 0.5447436, 0.9873254, 0.27354875, 0.82101583, 0.44268325, 0.042197082, 0.4417541, 0.96313995, 0.25612456, 0.1905996] |
|10 |   55 |  0.45 | 5000 |      f5 |     375 |481.0694 |   477.0 |    0,85 |-0,0050 |1592532528188 |[0.6805602, 0.8617421, 0.17002885, 0.40083608, 0.13783804, 0.5447436, 0.9873254, 0.27354875, 0.82101583, 0.44268325, 0.042197082, 0.4417541, 0.96313995, 0.25612456, 0.1905996] |
|10 |   55 |0.3272727 | 5000 |      f5 |     375 |481.0694 |   477.0 |    0,85 |-0,0050 |1592532528188 |[0.6805602, 0.8617421, 0.17002885, 0.40083608, 0.13783804, 0.5447436, 0.9873254, 0.27354875, 0.82101583, 0.44268325, 0.042197082, 0.4417541, 0.96313995, 0.25612456, 0.1905996] |
|10 |   60 |0.36363637 | 5000 |      f5 |     375 |481.0694 |   477.0 |    0,85 |-0,0050 |1592532528188 |[0.6805602, 0.8617421, 0.17002885, 0.40083608, 0.13783804, 0.5447436, 0.9873254, 0.27354875, 0.82101583, 0.44268325, 0.042197082, 0.4417541, 0.96313995, 0.25612456, 0.1905996] |
|10 |   60 |  0.45 | 5000 |      f5 |     375 |481.0694 |   477.0 |    0,85 |-0,0050 |1592532528188 |[0.6805602, 0.8617421, 0.17002885, 0.40083608, 0.13783804, 0.5447436, 0.9873254, 0.27354875, 0.82101583, 0.44268325, 0.042197082, 0.4417541, 0.96313995, 0.25612456, 0.1905996] |
|10 |   60 |0.41666666 | 5000 |      f5 |     375 |481.0694 |   477.0 |    0,85 |-0,0050 |1592532528188 |[0.6805602, 0.8617421, 0.17002885, 0.40083608, 0.13783804, 0.5447436, 0.9873254, 0.27354875, 0.82101583, 0.44268325, 0.042197082, 0.4417541, 0.96313995, 0.25612456, 0.1905996] |
|10 |   60 |  0.45 | 5000 |      f5 |     375 |481.0694 |   477.0 |    0,85 |-0,0050 |1592532528188 |[0.6805602, 0.8617421, 0.17002885, 0.40083608, 0.13783804, 0.5447436, 0.9873254, 0.27354875, 0.82101583, 0.44268325, 0.042197082, 0.4417541, 0.96313995, 0.25612456, 0.1905996] |
|10 |   65 |0.36666667 | 5000 |      f5 |     375 |481.0694 |   477.0 |    0,85 |-0,0050 |1592532528188 |[0.6805602, 0.8617421, 0.17002885, 0.40083608, 0.13783804, 0.5447436, 0.9873254, 0.27354875, 0.82101583, 0.44268325, 0.042197082, 0.4417541, 0.96313995, 0.25612456, 0.1905996] |
|10 |   65 |0.44615385 | 5000 |      f5 |     375 |481.0694 |   477.0 |    0,85 |-0,0050 |1592532528188 |[0.6805602, 0.8617421, 0.17002885, 0.40083608, 0.13783804, 0.5447436, 0.9873254, 0.27354875, 0.82101583, 0.44268325, 0.042197082, 0.4417541, 0.96313995, 0.25612456, 0.1905996] |
|10 |   65 |0.35384616 | 5000 |      f5 |     375 |481.0694 |   477.0 |    0,85 |-0,0050 |1592532528188 |[0.6805602, 0.8617421, 0.17002885, 0.40083608, 0.13783804, 0.5447436, 0.9873254, 0.27354875, 0.82101583, 0.44268325, 0.042197082, 0.4417541, 0.96313995, 0.25612456, 0.1905996] |
|10 |   65 |   0.4 | 5000 |      f5 |     375 |481.0694 |   477.0 |    0,85 |-0,0050 |1592532528188 |[0.6805602, 0.8617421, 0.17002885, 0.40083608, 0.13783804, 0.5447436, 0.9873254, 0.27354875, 0.82101583, 0.44268325, 0.042197082, 0.4417541, 0.96313995, 0.25612456, 0.1905996] |
|10 |   70 |0.30769232 | 5000 |      f5 |     375 |481.0694 |   477.0 |    0,85 |-0,0050 |1592532528188 |[0.6805602, 0.8617421, 0.17002885, 0.40083608, 0.13783804, 0.5447436, 0.9873254, 0.27354875, 0.82101583, 0.44268325, 0.042197082, 0.4417541, 0.96313995, 0.25612456, 0.1905996] |
|10 |   70 |   0.3 | 5000 |      f5 |     375 |481.0694 |   477.0 |    0,85 |-0,0050 |1592532528188 |[0.6805602, 0.8617421, 0.17002885, 0.40083608, 0.13783804, 0.5447436, 0.9873254, 0.27354875, 0.82101583, 0.44268325, 0.042197082, 0.4417541, 0.96313995, 0.25612456, 0.1905996] |
|10 |   70 |0.34285715 | 5000 |      f5 |     375 |481.0694 |   477.0 |    0,85 |-0,0050 |1592532528188 |[0.6805602, 0.8617421, 0.17002885, 0.40083608, 0.13783804, 0.5447436, 0.9873254, 0.27354875, 0.82101583, 0.44268325, 0.042197082, 0.4417541, 0.96313995, 0.25612456, 0.1905996] |
|10 |   70 |   0.4 | 5000 |      f5 |     375 |481.0694 |   477.0 |    0,85 |-0,0050 |1592532528188 |[0.6805602, 0.8617421, 0.17002885, 0.40083608, 0.13783804, 0.5447436, 0.9873254, 0.27354875, 0.82101583, 0.44268325, 0.042197082, 0.4417541, 0.96313995, 0.25612456, 0.1905996] |
|10 |   75 |0.35714287 | 5000 |      f5 |     375 |481.0694 |   477.0 |    0,85 |-0,0050 |1592532528188 |[0.6805602, 0.8617421, 0.17002885, 0.40083608, 0.13783804, 0.5447436, 0.9873254, 0.27354875, 0.82101583, 0.44268325, 0.042197082, 0.4417541, 0.96313995, 0.25612456, 0.1905996] |
|10 |   75 |  0.44 | 5000 |      f5 |     375 |481.0694 |   477.0 |    0,85 |-0,0050 |1592532528188 |[0.6805602, 0.8617421, 0.17002885, 0.40083608, 0.13783804, 0.5447436, 0.9873254, 0.27354875, 0.82101583, 0.44268325, 0.042197082, 0.4417541, 0.96313995, 0.25612456, 0.1905996] |
|10 |   75 |  0.44 | 5000 |      f5 |     375 |481.0694 |   477.0 |    0,85 |  2,1 |1592532528188 |[0.6805602, 0.8617421, 0.17002885, 0.40083608, 0.13783804, 0.5447436, 0.9873254, 0.27354875, 0.82101583, 0.44268325, 0.042197082, 0.4417541, 0.96313995, 0.25612456, 0.1905996] |
|11 |   50 |  0.25 | 5000 |      f5 |     375 |481.0694 |   477.0 |    0,85 |-0,0050 |1592532530331 |[1.0, 0.07854886, 0.84903765, 0.35400492, 0.48632008, 0.9135468, 0.12734635, 0.7072407, 0.65491253, 0.52158064, 0.8806569, 0.34270188, 0.9211332, 3.2681227E-4, 0.956254] |
|11 |   50 |  0.32 | 5000 |      f5 |     375 |481.0694 |   477.0 |    0,85 |-0,0050 |1592532530331 |[0.8926096, 0.7029466, 0.3178332, 0.23183936, 0.9554466, 0.40096307, 0.4853199, 0.12067902, 0.5482426, 0.29253095, 0.5736173, 0.8613709, 0.7694398, 0.7637638, 0.64394206] |
|11 |   50 |  0.32 | 5000 |      f5 |     375 |481.0694 |   477.0 |    0,85 |-0,0050 |1592532530331 |[0.8926096, 0.7029466, 0.3178332, 0.23183936, 0.9554466, 0.40096307, 0.4853199, 0.12067902, 0.5482426, 0.29253095, 0.5736173, 0.8613709, 0.7694398, 0.7637638, 0.64394206] |
|11 |   55 |  0.34 | 5000 |      f5 |     375 |481.0694 |   477.0 |    0,85 |-0,0050 |1592532530331 |[0.8926096, 0.7029466, 0.3178332, 0.23183936, 0.9554466, 0.40096307, 0.4853199, 0.12067902, 0.5482426, 0.29253095, 0.5736173, 0.8613709, 0.7694398, 0.7637638, 0.64394206] |
|11 |   55 |0.43636364 | 5000 |      f5 |     375 |481.0694 |   477.0 |    0,85 |-0,0050 |1592532530331 |[0.8926096, 0.7029466, 0.3178332, 0.23183936, 0.9554466, 0.40096307, 0.4853199, 0.12067902, 0.5482426, 0.29253095, 0.5736173, 0.8613709, 0.7694398, 0.7637638, 0.64394206] |
|11 |   55 |0.34545454 | 5000 |      f5 |     375 |481.0694 |   477.0 |    0,85 |-0,0050 |1592532530331 |[0.8926096, 0.7029466, 0.3178332, 0.23183936, 0.9554466, 0.40096307, 0.4853199, 0.12067902, 0.5482426, 0.29253095, 0.5736173, 0.8613709, 0.7694398, 0.7637638, 0.64394206] |
|11 |   55 |0.27272728 | 5000 |      f5 |     375 |481.0694 |   477.0 |    0,85 |-0,0050 |1592532530331 |[0.8926096, 0.7029466, 0.3178332, 0.23183936, 0.9554466, 0.40096307, 0.4853199, 0.12067902, 0.5482426, 0.29253095, 0.5736173, 0.8613709, 0.7694398, 0.7637638, 0.64394206] |
|11 |   60 |0.36363637 | 5000 |      f5 |     375 |481.0694 |   477.0 |    0,85 |-0,0050 |1592532530331 |[0.8926096, 0.7029466, 0.3178332, 0.23183936, 0.9554466, 0.40096307, 0.4853199, 0.12067902, 0.5482426, 0.29253095, 0.5736173, 0.8613709, 0.7694398, 0.7637638, 0.64394206] |
|11 |   60 |0.38333333 | 5000 |      f5 |     375 |481.0694 |   477.0 |    0,85 |-0,0050 |1592532530331 |[0.8926096, 0.7029466, 0.3178332, 0.23183936, 0.9554466, 0.40096307, 0.4853199, 0.12067902, 0.5482426, 0.29253095, 0.5736173, 0.8613709, 0.7694398, 0.7637638, 0.64394206] |
|11 |   60 |0.36666667 | 5000 |      f5 |     375 |481.0694 |   477.0 |    0,85 |-0,0050 |1592532530331 |[0.8926096, 0.7029466, 0.3178332, 0.23183936, 0.9554466, 0.40096307, 0.4853199, 0.12067902, 0.5482426, 0.29253095, 0.5736173, 0.8613709, 0.7694398, 0.7637638, 0.64394206] |
|11 |   60 |0.33333334 | 5000 |      f5 |     375 |481.0694 |   477.0 |    0,85 |-0,0050 |1592532530331 |[0.8926096, 0.7029466, 0.3178332, 0.23183936, 0.9554466, 0.40096307, 0.4853199, 0.12067902, 0.5482426, 0.29253095, 0.5736173, 0.8613709, 0.7694398, 0.7637638, 0.64394206] |
|11 |   65 |0.31666666 | 5000 |      f5 |     375 |481.0694 |   477.0 |    0,85 |-0,0050 |1592532530331 |[0.8926096, 0.7029466, 0.3178332, 0.23183936, 0.9554466, 0.40096307, 0.4853199, 0.12067902, 0.5482426, 0.29253095, 0.5736173, 0.8613709, 0.7694398, 0.7637638, 0.64394206] |
|11 |   65 |0.2923077 | 5000 |      f5 |     375 |481.0694 |   477.0 |    0,85 |-0,0050 |1592532530331 |[0.8926096, 0.7029466, 0.3178332, 0.23183936, 0.9554466, 0.40096307, 0.4853199, 0.12067902, 0.5482426, 0.29253095, 0.5736173, 0.8613709, 0.7694398, 0.7637638, 0.64394206] |
|11 |   65 |0.30769232 | 5000 |      f5 |     375 |481.0694 |   477.0 |    0,85 |-0,0050 |1592532530331 |[0.8926096, 0.7029466, 0.3178332, 0.23183936, 0.9554466, 0.40096307, 0.4853199, 0.12067902, 0.5482426, 0.29253095, 0.5736173, 0.8613709, 0.7694398, 0.7637638, 0.64394206] |
|11 |   65 |   0.4 | 5000 |      f5 |     375 |481.0694 |   477.0 |    0,85 |-0,0050 |1592532530331 |[0.8926096, 0.7029466, 0.3178332, 0.23183936, 0.9554466, 0.40096307, 0.4853199, 0.12067902, 0.5482426, 0.29253095, 0.5736173, 0.8613709, 0.7694398, 0.7637638, 0.64394206] |
|11 |   70 |0.35384616 | 5000 |      f5 |     375 |481.0694 |   477.0 |    0,85 |-0,0050 |1592532530331 |[0.8926096, 0.7029466, 0.3178332, 0.23183936, 0.9554466, 0.40096307, 0.4853199, 0.12067902, 0.5482426, 0.29253095, 0.5736173, 0.8613709, 0.7694398, 0.7637638, 0.64394206] |
|11 |   70 |0.32857144 | 5000 |      f5 |     375 |481.0694 |   477.0 |    0,85 |-0,0050 |1592532530331 |[0.8926096, 0.7029466, 0.3178332, 0.23183936, 0.9554466, 0.40096307, 0.4853199, 0.12067902, 0.5482426, 0.29253095, 0.5736173, 0.8613709, 0.7694398, 0.7637638, 0.64394206] |
|11 |   70 |   0.4 | 5000 |      f5 |     375 |481.0694 |   477.0 |    0,85 |-0,0050 |1592532530331 |[0.8926096, 0.7029466, 0.3178332, 0.23183936, 0.9554466, 0.40096307, 0.4853199, 0.12067902, 0.5482426, 0.29253095, 0.5736173, 0.8613709, 0.7694398, 0.7637638, 0.64394206] |
|11 |   70 |0.42857143 | 5000 |      f5 |     375 |481.0694 |   477.0 |    0,85 |-0,0050 |1592532530331 |[0.8926096, 0.7029466, 0.3178332, 0.23183936, 0.9554466, 0.40096307, 0.4853199, 0.12067902, 0.5482426, 0.29253095, 0.5736173, 0.8613709, 0.7694398, 0.7637638, 0.64394206] |
|11 |   75 |0.44285715 | 5000 |      f5 |     375 |481.0694 |   477.0 |    0,85 |-0,0050 |1592532530331 |[0.8926096, 0.7029466, 0.3178332, 0.23183936, 0.9554466, 0.40096307, 0.4853199, 0.12067902, 0.5482426, 0.29253095, 0.5736173, 0.8613709, 0.7694398, 0.7637638, 0.64394206] |
|11 |   75 |0.37333333 | 5000 |      f5 |     375 |481.0694 |   477.0 |    0,85 |-0,0050 |1592532530331 |[0.8926096, 0.7029466, 0.3178332, 0.23183936, 0.9554466, 0.40096307, 0.4853199, 0.12067902, 0.5482426, 0.29253095, 0.5736173, 0.8613709, 0.7694398, 0.7637638, 0.64394206] |
|11 |   75 |0.37333333 | 5000 |      f5 |     375 |481.0694 |   477.0 |    0,85 |  2,1 |1592532530331 |[0.8926096, 0.7029466, 0.3178332, 0.23183936, 0.9554466, 0.40096307, 0.4853199, 0.12067902, 0.5482426, 0.29253095, 0.5736173, 0.8613709, 0.7694398, 0.7637638, 0.64394206] |
|12 |   50 |  0.25 | 5000 |      f5 |     375 |481.0694 |   477.0 |    0,85 |-0,0060 |1592532532478 |[0.9907859, 0.769391, 0.9673931, 0.43999928, 0.6368718, 0.8011213, 0.60392123, 0.75800014, 0.18228899, 0.11218399, 0.60257626, 0.9663698, 0.27929658, 0.9733824, 0.26744574] |
|12 |   50 |  0.36 | 5000 |      f5 |     375 |481.0694 |   477.0 |    0,85 |-0,0060 |1592532532478 |[0.27914575, 0.5911158, 0.8657271, 0.59709185, 0.8103207, 0.31407788, 0.9245186, 0.4829169, 0.8582238, 0.7599251, 0.16043231, 0.0028357618, 0.6385776, 0.20518614, 0.8971899] |
|12 |   50 |  0.32 | 5000 |      f5 |     375 |481.0694 |   477.0 |    0,85 |-0,0060 |1592532532478 |[0.27914575, 0.5911158, 0.8657271, 0.59709185, 0.8103207, 0.31407788, 0.9245186, 0.4829169, 0.8582238, 0.7599251, 0.16043231, 0.0028357618, 0.6385776, 0.20518614, 0.8971899] |
|12 |   55 |  0.36 | 5000 |      f5 |     375 |481.0694 |   477.0 |    0,85 |-0,0060 |1592532532478 |[0.5874835, 0.563316, 0.08871329, 0.083676636, 0.4519642, 0.058879912, 0.4629594, 0.27219456, 0.5307762, 0.9420871, 0.6934587, 0.8166999, 0.9368832, 0.9386669, 0.44679755] |
|12 |   55 |0.4181818 | 5000 |      f5 |     375 |481.0694 |   477.0 |    0,85 |-0,0060 |1592532532478 |[0.5874835, 0.563316, 0.08871329, 0.083676636, 0.4519642, 0.058879912, 0.4629594, 0.27219456, 0.5307762, 0.9420871, 0.6934587, 0.8166999, 0.9368832, 0.9386669, 0.44679755] |
|12 |   55 |0.3272727 | 5000 |      f5 |     375 |481.0694 |   477.0 |    0,85 |-0,0060 |1592532532478 |[0.5874835, 0.563316, 0.08871329, 0.083676636, 0.4519642, 0.058879912, 0.4629594, 0.27219456, 0.5307762, 0.9420871, 0.6934587, 0.8166999, 0.9368832, 0.9386669, 0.44679755] |
|12 |   55 |   0.4 | 5000 |      f5 |     375 |481.0694 |   477.0 |    0,85 |-0,0060 |1592532532478 |[0.5874835, 0.563316, 0.08871329, 0.083676636, 0.4519642, 0.058879912, 0.4629594, 0.27219456, 0.5307762, 0.9420871, 0.6934587, 0.8166999, 0.9368832, 0.9386669, 0.44679755] |
|12 |   60 |0.36363637 | 5000 |      f5 |     375 |481.0694 |   477.0 |    0,85 |-0,0060 |1592532532478 |[0.5874835, 0.563316, 0.08871329, 0.083676636, 0.4519642, 0.058879912, 0.4629594, 0.27219456, 0.5307762, 0.9420871, 0.6934587, 0.8166999, 0.9368832, 0.9386669, 0.44679755] |
|12 |   60 |  0.45 | 5000 |      f5 |     375 |481.0694 |   477.0 |    0,85 |-0,0060 |1592532532478 |[0.5874835, 0.563316, 0.08871329, 0.083676636, 0.4519642, 0.058879912, 0.4629594, 0.27219456, 0.5307762, 0.9420871, 0.6934587, 0.8166999, 0.9368832, 0.9386669, 0.44679755] |
|12 |   60 |0.36666667 | 5000 |      f5 |     375 |481.0694 |   477.0 |    0,85 |-0,0060 |1592532532478 |[0.5874835, 0.563316, 0.08871329, 0.083676636, 0.4519642, 0.058879912, 0.4629594, 0.27219456, 0.5307762, 0.9420871, 0.6934587, 0.8166999, 0.9368832, 0.9386669, 0.44679755] |
|12 |   60 |0.36666667 | 5000 |      f5 |     375 |481.0694 |   477.0 |    0,85 |-0,0060 |1592532532478 |[0.5874835, 0.563316, 0.08871329, 0.083676636, 0.4519642, 0.058879912, 0.4629594, 0.27219456, 0.5307762, 0.9420871, 0.6934587, 0.8166999, 0.9368832, 0.9386669, 0.44679755] |
|12 |   65 |  0.45 | 5000 |      f5 |     375 |481.0694 |   477.0 |    0,85 |-0,0060 |1592532532478 |[0.5874835, 0.563316, 0.08871329, 0.083676636, 0.4519642, 0.058879912, 0.4629594, 0.27219456, 0.5307762, 0.9420871, 0.6934587, 0.8166999, 0.9368832, 0.9386669, 0.44679755] |
|12 |   65 |  0.45 | 5000 |      f5 |     375 |481.0694 |   477.0 |    0,85 |-0,0060 |1592532532478 |[0.5874835, 0.563316, 0.08871329, 0.083676636, 0.4519642, 0.058879912, 0.4629594, 0.27219456, 0.5307762, 0.9420871, 0.6934587, 0.8166999, 0.9368832, 0.9386669, 0.44679755] |
|12 |   65 |0.33846155 | 5000 |      f5 |     375 |481.0694 |   477.0 |    0,85 |-0,0060 |1592532532478 |[0.5874835, 0.563316, 0.08871329, 0.083676636, 0.4519642, 0.058879912, 0.4629594, 0.27219456, 0.5307762, 0.9420871, 0.6934587, 0.8166999, 0.9368832, 0.9386669, 0.44679755] |
|12 |   65 |0.2923077 | 5000 |      f5 |     375 |481.0694 |   477.0 |    0,85 |-0,0060 |1592532532478 |[0.5874835, 0.563316, 0.08871329, 0.083676636, 0.4519642, 0.058879912, 0.4629594, 0.27219456, 0.5307762, 0.9420871, 0.6934587, 0.8166999, 0.9368832, 0.9386669, 0.44679755] |
|12 |   70 |0.26153848 | 5000 |      f5 |     375 |481.0694 |   477.0 |    0,85 |-0,0060 |1592532532478 |[0.5874835, 0.563316, 0.08871329, 0.083676636, 0.4519642, 0.058879912, 0.4629594, 0.27219456, 0.5307762, 0.9420871, 0.6934587, 0.8166999, 0.9368832, 0.9386669, 0.44679755] |
|12 |   70 |0.37142858 | 5000 |      f5 |     375 |481.0694 |   477.0 |    0,85 |-0,0060 |1592532532478 |[0.5874835, 0.563316, 0.08871329, 0.083676636, 0.4519642, 0.058879912, 0.4629594, 0.27219456, 0.5307762, 0.9420871, 0.6934587, 0.8166999, 0.9368832, 0.9386669, 0.44679755] |
|12 |   70 |   0.3 | 5000 |      f5 |     375 |481.0694 |   477.0 |    0,85 |-0,0060 |1592532532478 |[0.5874835, 0.563316, 0.08871329, 0.083676636, 0.4519642, 0.058879912, 0.4629594, 0.27219456, 0.5307762, 0.9420871, 0.6934587, 0.8166999, 0.9368832, 0.9386669, 0.44679755] |
|12 |   70 |0.32857144 | 5000 |      f5 |     375 |481.0694 |   477.0 |    0,85 |-0,0060 |1592532532478 |[0.5874835, 0.563316, 0.08871329, 0.083676636, 0.4519642, 0.058879912, 0.4629594, 0.27219456, 0.5307762, 0.9420871, 0.6934587, 0.8166999, 0.9368832, 0.9386669, 0.44679755] |
|12 |   75 |0.41428572 | 5000 |      f5 |     375 |481.0694 |   477.0 |    0,85 |-0,0060 |1592532532478 |[0.5874835, 0.563316, 0.08871329, 0.083676636, 0.4519642, 0.058879912, 0.4629594, 0.27219456, 0.5307762, 0.9420871, 0.6934587, 0.8166999, 0.9368832, 0.9386669, 0.44679755] |
|12 |   75 |  0.45 | 5000 |      f5 |     375 |481.0694 |   477.0 |    0,85 |-0,0060 |1592532532478 |[0.5874835, 0.563316, 0.08871329, 0.083676636, 0.4519642, 0.058879912, 0.4629594, 0.27219456, 0.5307762, 0.9420871, 0.6934587, 0.8166999, 0.9368832, 0.9386669, 0.44679755] |
|12 |   75 |  0.45 | 5000 |      f5 |     375 |481.0694 |   477.0 |    0,85 |  2,1 |1592532532478 |[0.5874835, 0.563316, 0.08871329, 0.083676636, 0.4519642, 0.058879912, 0.4629594, 0.27219456, 0.5307762, 0.9420871, 0.6934587, 0.8166999, 0.9368832, 0.9386669, 0.44679755] |
|13 |   50 |  0.25 | 5000 |      f5 |     375 |481.0694 |   477.0 |    0,85 |-0,0060 |1592532534629 |[0.14801854, 0.43551895, 0.030437633, 0.90619737, 0.39813587, 0.13008326, 0.82740766, 0.90777093, 0.19392195, 0.91215533, 0.28293023, 0.7552927, 0.68599474, 0.44627357, 0.034429505] |
|13 |   50 |  0.34 | 5000 |      f5 |     375 |481.0694 |   477.0 |    0,85 |-0,0060 |1592532534629 |[0.00116271, 0.22906803, 0.44730872, 0.29998273, 0.46844175, 0.9244592, 0.25096816, 0.8117261, 1.0E-12, 1.0, 0.68436015, 0.07213931, 0.9043815, 0.45448437, 0.5010298] |
|13 |   50 |  0.18 | 5000 |      f5 |     375 |481.0694 |   477.0 |    0,85 |-0,0060 |1592532534629 |[0.8536924, 0.49862504, 0.73022926, 0.18549967, 0.0083578825, 0.5905102, 0.5414321, 0.021473706, 0.22126937, 0.7506326, 0.5597738, 0.5470493, 0.15731877, 0.039367914, 0.63468033] |
|13 |   55 |  0.24 | 5000 |      f5 |     375 |481.0694 |   477.0 |    0,85 |-0,0060 |1592532534629 |[0.8536924, 0.49862504, 0.73022926, 0.18549967, 0.0083578825, 0.5905102, 0.5414321, 0.021473706, 0.22126937, 0.7506326, 0.5597738, 0.5470493, 0.15731877, 0.039367914, 0.63468033] |
|13 |   55 |0.25454545 | 5000 |      f5 |     375 |481.0694 |   477.0 |    0,85 |-0,0060 |1592532534629 |[0.8536924, 0.49862504, 0.73022926, 0.18549967, 0.0083578825, 0.5905102, 0.5414321, 0.021473706, 0.22126937, 0.7506326, 0.5597738, 0.5470493, 0.15731877, 0.039367914, 0.63468033] |
|13 |   55 |0.27272728 | 5000 |      f5 |     375 |481.0694 |   477.0 |    0,85 |-0,0060 |1592532534629 |[0.8536924, 0.49862504, 0.73022926, 0.18549967, 0.0083578825, 0.5905102, 0.5414321, 0.021473706, 0.22126937, 0.7506326, 0.5597738, 0.5470493, 0.15731877, 0.039367914, 0.63468033] |
|13 |   55 |0.38181818 | 5000 |      f5 |     375 |481.0694 |   477.0 |    0,85 |-0,0060 |1592532534629 |[0.8536924, 0.49862504, 0.73022926, 0.18549967, 0.0083578825, 0.5905102, 0.5414321, 0.021473706, 0.22126937, 0.7506326, 0.5597738, 0.5470493, 0.15731877, 0.039367914, 0.63468033] |
|13 |   60 |0.3090909 | 5000 |      f5 |     375 |481.0694 |   477.0 |    0,85 |-0,0060 |1592532534629 |[0.8536924, 0.49862504, 0.73022926, 0.18549967, 0.0083578825, 0.5905102, 0.5414321, 0.021473706, 0.22126937, 0.7506326, 0.5597738, 0.5470493, 0.15731877, 0.039367914, 0.63468033] |
|13 |   60 |  0.45 | 5000 |      f5 |     375 |481.0694 |   477.0 |    0,85 |-0,0060 |1592532534629 |[0.8536924, 0.49862504, 0.73022926, 0.18549967, 0.0083578825, 0.5905102, 0.5414321, 0.021473706, 0.22126937, 0.7506326, 0.5597738, 0.5470493, 0.15731877, 0.039367914, 0.63468033] |
|13 |   60 |0.38333333 | 5000 |      f5 |     375 |481.0694 |   477.0 |    0,85 |-0,0060 |1592532534629 |[0.8536924, 0.49862504, 0.73022926, 0.18549967, 0.0083578825, 0.5905102, 0.5414321, 0.021473706, 0.22126937, 0.7506326, 0.5597738, 0.5470493, 0.15731877, 0.039367914, 0.63468033] |
|13 |   60 |0.36666667 | 5000 |      f5 |     375 |481.0694 |   477.0 |    0,85 |-0,0060 |1592532534629 |[0.8536924, 0.49862504, 0.73022926, 0.18549967, 0.0083578825, 0.5905102, 0.5414321, 0.021473706, 0.22126937, 0.7506326, 0.5597738, 0.5470493, 0.15731877, 0.039367914, 0.63468033] |
|13 |   65 |  0.45 | 5000 |      f5 |     375 |481.0694 |   477.0 |    0,85 |-0,0060 |1592532534629 |[0.8536924, 0.49862504, 0.73022926, 0.18549967, 0.0083578825, 0.5905102, 0.5414321, 0.021473706, 0.22126937, 0.7506326, 0.5597738, 0.5470493, 0.15731877, 0.039367914, 0.63468033] |
|13 |   65 |  0.45 | 5000 |      f5 |     375 |481.0694 |   477.0 |    0,85 |-0,0060 |1592532534629 |[0.8536924, 0.49862504, 0.73022926, 0.18549967, 0.0083578825, 0.5905102, 0.5414321, 0.021473706, 0.22126937, 0.7506326, 0.5597738, 0.5470493, 0.15731877, 0.039367914, 0.63468033] |
|13 |   65 |0.43076923 | 5000 |      f5 |     375 |481.0694 |   477.0 |    0,85 |-0,0060 |1592532534629 |[0.8536924, 0.49862504, 0.73022926, 0.18549967, 0.0083578825, 0.5905102, 0.5414321, 0.021473706, 0.22126937, 0.7506326, 0.5597738, 0.5470493, 0.15731877, 0.039367914, 0.63468033] |
|13 |   65 |0.41538462 | 5000 |      f5 |     375 |481.0694 |   477.0 |    0,85 |-0,0060 |1592532534629 |[0.8536924, 0.49862504, 0.73022926, 0.18549967, 0.0083578825, 0.5905102, 0.5414321, 0.021473706, 0.22126937, 0.7506326, 0.5597738, 0.5470493, 0.15731877, 0.039367914, 0.63468033] |
|13 |   70 |0.41538462 | 5000 |      f5 |     375 |481.0694 |   477.0 |    0,85 |-0,0060 |1592532534629 |[0.8536924, 0.49862504, 0.73022926, 0.18549967, 0.0083578825, 0.5905102, 0.5414321, 0.021473706, 0.22126937, 0.7506326, 0.5597738, 0.5470493, 0.15731877, 0.039367914, 0.63468033] |
|13 |   70 |  0.45 | 5000 |      f5 |     375 |481.0694 |   477.0 |    0,85 |-0,0060 |1592532534629 |[0.8536924, 0.49862504, 0.73022926, 0.18549967, 0.0083578825, 0.5905102, 0.5414321, 0.021473706, 0.22126937, 0.7506326, 0.5597738, 0.5470493, 0.15731877, 0.039367914, 0.63468033] |
|13 |   70 |0.37142858 | 5000 |      f5 |     375 |481.0694 |   477.0 |    0,85 |-0,0060 |1592532534629 |[0.8536924, 0.49862504, 0.73022926, 0.18549967, 0.0083578825, 0.5905102, 0.5414321, 0.021473706, 0.22126937, 0.7506326, 0.5597738, 0.5470493, 0.15731877, 0.039367914, 0.63468033] |
|13 |   70 |0.34285715 | 5000 |      f5 |     375 |481.0694 |   477.0 |    0,85 |-0,0060 |1592532534629 |[0.8536924, 0.49862504, 0.73022926, 0.18549967, 0.0083578825, 0.5905102, 0.5414321, 0.021473706, 0.22126937, 0.7506326, 0.5597738, 0.5470493, 0.15731877, 0.039367914, 0.63468033] |
|13 |   75 |0.37142858 | 5000 |      f5 |     375 |481.0694 |   477.0 |    0,85 |-0,0060 |1592532534629 |[0.8536924, 0.49862504, 0.73022926, 0.18549967, 0.0083578825, 0.5905102, 0.5414321, 0.021473706, 0.22126937, 0.7506326, 0.5597738, 0.5470493, 0.15731877, 0.039367914, 0.63468033] |
|13 |   75 |  0.45 | 5000 |      f5 |     375 |481.0694 |   477.0 |    0,85 |-0,0060 |1592532534629 |[0.8536924, 0.49862504, 0.73022926, 0.18549967, 0.0083578825, 0.5905102, 0.5414321, 0.021473706, 0.22126937, 0.7506326, 0.5597738, 0.5470493, 0.15731877, 0.039367914, 0.63468033] |
|13 |   75 |  0.45 | 5000 |      f5 |     375 |481.0694 |   477.0 |    0,85 |  2,1 |1592532534629 |[0.8536924, 0.49862504, 0.73022926, 0.18549967, 0.0083578825, 0.5905102, 0.5414321, 0.021473706, 0.22126937, 0.7506326, 0.5597738, 0.5470493, 0.15731877, 0.039367914, 0.63468033] |
|14 |   50 |  0.25 | 5000 |      f5 |     375 |481.0694 |   477.0 |    0,85 |-0,0050 |1592532536778 |[0.62792957, 0.16553521, 0.031355977, 0.26606297, 0.7062877, 0.7902216, 0.035889804, 0.6134669, 0.43123007, 0.7407967, 0.6430472, 0.020070672, 0.053197324, 0.9680939, 0.42979324] |
|14 |   50 |  0.36 | 5000 |      f5 |     375 |481.0694 |   477.0 |    0,85 |-0,0050 |1592532536778 |[0.50227815, 0.865825, 0.8486704, 0.47169572, 0.41052368, 0.19765648, 0.27591676, 0.3912301, 0.027196275, 0.1508107, 0.1913507, 0.6641988, 0.3425378, 0.24791858, 0.9229086] |
|14 |   50 |  0.34 | 5000 |      f5 |     375 |481.0694 |   477.0 |    0,85 |-0,0050 |1592532536778 |[0.50227815, 0.865825, 0.8486704, 0.47169572, 0.41052368, 0.19765648, 0.27591676, 0.3912301, 0.027196275, 0.1508107, 0.1913507, 0.6641988, 0.3425378, 0.24791858, 0.9229086] |
|14 |   55 |  0.28 | 5000 |      f5 |     375 |481.0694 |   477.0 |    0,85 |-0,0050 |1592532536778 |[0.50227815, 0.865825, 0.8486704, 0.47169572, 0.41052368, 0.19765648, 0.27591676, 0.3912301, 0.027196275, 0.1508107, 0.1913507, 0.6641988, 0.3425378, 0.24791858, 0.9229086] |
|14 |   55 |0.43636364 | 5000 |      f5 |     375 |481.0694 |   477.0 |    0,85 |-0,0050 |1592532536778 |[0.21224171, 0.4389876, 0.32265526, 0.80444294, 0.5696954, 0.73158354, 0.48081678, 0.22211158, 0.22313148, 0.8594927, 0.9284591, 0.61050904, 0.32088476, 0.99460083, 0.15191185] |
|14 |   55 |0.3272727 | 5000 |      f5 |     375 |481.0694 |   477.0 |    0,85 |-0,0050 |1592532536778 |[0.9904364, 0.5762785, 0.66778606, 0.06070423, 0.74454916, 0.1811915, 0.24325389, 0.08535808, 0.032632113, 0.10416126, 0.38726437, 0.5177731, 0.8252649, 0.9527421, 0.7774895] |
|14 |   55 |0.27272728 | 5000 |      f5 |     375 |481.0694 |   477.0 |    0,85 |-0,0050 |1592532536778 |[0.9904364, 0.5762785, 0.66778606, 0.06070423, 0.74454916, 0.1811915, 0.24325389, 0.08535808, 0.032632113, 0.10416126, 0.38726437, 0.5177731, 0.8252649, 0.9527421, 0.7774895] |
|14 |   60 |0.3272727 | 5000 |      f5 |     375 |481.0694 |   477.0 |    0,85 |-0,0050 |1592532536778 |[0.9904364, 0.5762785, 0.66778606, 0.06070423, 0.74454916, 0.1811915, 0.24325389, 0.08535808, 0.032632113, 0.10416126, 0.38726437, 0.5177731, 0.8252649, 0.9527421, 0.7774895] |
|14 |   60 |0.38333333 | 5000 |      f5 |     375 |481.0694 |   477.0 |    0,85 |-0,0050 |1592532536778 |[0.9904364, 0.5762785, 0.66778606, 0.06070423, 0.74454916, 0.1811915, 0.24325389, 0.08535808, 0.032632113, 0.10416126, 0.38726437, 0.5177731, 0.8252649, 0.9527421, 0.7774895] |
|14 |   60 |  0.25 | 5000 |      f5 |     375 |481.0694 |   477.0 |    0,85 |-0,0050 |1592532536778 |[0.9904364, 0.5762785, 0.66778606, 0.06070423, 0.74454916, 0.1811915, 0.24325389, 0.08535808, 0.032632113, 0.10416126, 0.38726437, 0.5177731, 0.8252649, 0.9527421, 0.7774895] |
|14 |   60 |   0.3 | 5000 |      f5 |     375 |481.0694 |   477.0 |    0,85 |-0,0050 |1592532536778 |[0.9904364, 0.5762785, 0.66778606, 0.06070423, 0.74454916, 0.1811915, 0.24325389, 0.08535808, 0.032632113, 0.10416126, 0.38726437, 0.5177731, 0.8252649, 0.9527421, 0.7774895] |
|14 |   65 |   0.3 | 5000 |      f5 |     375 |481.0694 |   477.0 |    0,85 |-0,0050 |1592532536778 |[0.9904364, 0.5762785, 0.66778606, 0.06070423, 0.74454916, 0.1811915, 0.24325389, 0.08535808, 0.032632113, 0.10416126, 0.38726437, 0.5177731, 0.8252649, 0.9527421, 0.7774895] |
|14 |   65 |0.36923078 | 5000 |      f5 |     375 |481.0694 |   477.0 |    0,85 |-0,0050 |1592532536778 |[0.9904364, 0.5762785, 0.66778606, 0.06070423, 0.74454916, 0.1811915, 0.24325389, 0.08535808, 0.032632113, 0.10416126, 0.38726437, 0.5177731, 0.8252649, 0.9527421, 0.7774895] |
|14 |   65 |0.26153848 | 5000 |      f5 |     375 |481.0694 |   477.0 |    0,85 |-0,0050 |1592532536778 |[0.9904364, 0.5762785, 0.66778606, 0.06070423, 0.74454916, 0.1811915, 0.24325389, 0.08535808, 0.032632113, 0.10416126, 0.38726437, 0.5177731, 0.8252649, 0.9527421, 0.7774895] |
|14 |   65 |0.2923077 | 5000 |      f5 |     375 |481.0694 |   477.0 |    0,85 |-0,0050 |1592532536778 |[0.9904364, 0.5762785, 0.66778606, 0.06070423, 0.74454916, 0.1811915, 0.24325389, 0.08535808, 0.032632113, 0.10416126, 0.38726437, 0.5177731, 0.8252649, 0.9527421, 0.7774895] |
|14 |   70 |0.3846154 | 5000 |      f5 |     375 |481.0694 |   477.0 |    0,85 |-0,0050 |1592532536778 |[0.9904364, 0.5762785, 0.66778606, 0.06070423, 0.74454916, 0.1811915, 0.24325389, 0.08535808, 0.032632113, 0.10416126, 0.38726437, 0.5177731, 0.8252649, 0.9527421, 0.7774895] |
|14 |   70 |  0.45 | 5000 |      f5 |     375 |481.0694 |   477.0 |    0,85 |-0,0050 |1592532536778 |[0.9904364, 0.5762785, 0.66778606, 0.06070423, 0.74454916, 0.1811915, 0.24325389, 0.08535808, 0.032632113, 0.10416126, 0.38726437, 0.5177731, 0.8252649, 0.9527421, 0.7774895] |
|14 |   70 |0.3857143 | 5000 |      f5 |     375 |481.0694 |   477.0 |    0,85 |-0,0050 |1592532536778 |[0.9904364, 0.5762785, 0.66778606, 0.06070423, 0.74454916, 0.1811915, 0.24325389, 0.08535808, 0.032632113, 0.10416126, 0.38726437, 0.5177731, 0.8252649, 0.9527421, 0.7774895] |
|14 |   70 |0.37142858 | 5000 |      f5 |     375 |481.0694 |   477.0 |    0,85 |-0,0050 |1592532536778 |[0.9904364, 0.5762785, 0.66778606, 0.06070423, 0.74454916, 0.1811915, 0.24325389, 0.08535808, 0.032632113, 0.10416126, 0.38726437, 0.5177731, 0.8252649, 0.9527421, 0.7774895] |
|14 |   75 |  0.45 | 5000 |      f5 |     375 |481.0694 |   477.0 |    0,85 |-0,0050 |1592532536778 |[0.9904364, 0.5762785, 0.66778606, 0.06070423, 0.74454916, 0.1811915, 0.24325389, 0.08535808, 0.032632113, 0.10416126, 0.38726437, 0.5177731, 0.8252649, 0.9527421, 0.7774895] |
|14 |   75 |0.41333333 | 5000 |      f5 |     375 |481.0694 |   477.0 |    0,85 |-0,0050 |1592532536778 |[0.9904364, 0.5762785, 0.66778606, 0.06070423, 0.74454916, 0.1811915, 0.24325389, 0.08535808, 0.032632113, 0.10416126, 0.38726437, 0.5177731, 0.8252649, 0.9527421, 0.7774895] |
|14 |   75 |0.41333333 | 5000 |      f5 |     375 |481.0694 |   477.0 |    0,85 |  2,1 |1592532536778 |[0.9904364, 0.5762785, 0.66778606, 0.06070423, 0.74454916, 0.1811915, 0.24325389, 0.08535808, 0.032632113, 0.10416126, 0.38726437, 0.5177731, 0.8252649, 0.9527421, 0.7774895] |
|15 |   50 |  0.25 | 5000 |      f5 |     375 |481.0694 |   477.0 |    0,85 |-0,0050 |1592532538922 |[0.4504254, 0.7759977, 0.6470532, 0.6009031, 0.9773313, 0.65747666, 0.05574882, 0.39673966, 0.56022006, 0.7331128, 0.297269, 0.7568982, 0.9985904, 0.61940664, 0.14779013] |
|15 |   50 |  0.45 | 5000 |      f5 |     375 |481.0694 |   477.0 |    0,85 |-0,0050 |1592532538922 |[0.7025529, 0.243666, 0.88106227, 0.23104179, 0.6485422, 0.9355946, 0.7889878, 0.566871, 0.0049520135, 0.78332573, 0.92798144, 0.5518311, 0.09079009, 0.9964209, 0.07405692] |
|15 |   50 |   0.4 | 5000 |      f5 |     375 |481.0694 |   477.0 |    0,85 |-0,0050 |1592532538922 |[0.7025529, 0.243666, 0.88106227, 0.23104179, 0.6485422, 0.9355946, 0.7889878, 0.566871, 0.0049520135, 0.78332573, 0.92798144, 0.5518311, 0.09079009, 0.9964209, 0.07405692] |
|15 |   55 |   0.4 | 5000 |      f5 |     375 |481.0694 |   477.0 |    0,85 |-0,0050 |1592532538922 |[0.7025529, 0.243666, 0.88106227, 0.23104179, 0.6485422, 0.9355946, 0.7889878, 0.566871, 0.0049520135, 0.78332573, 0.92798144, 0.5518311, 0.09079009, 0.9964209, 0.07405692] |
|15 |   55 |0.4181818 | 5000 |      f5 |     375 |481.0694 |   477.0 |    0,85 |-0,0050 |1592532538922 |[0.7025529, 0.243666, 0.88106227, 0.23104179, 0.6485422, 0.9355946, 0.7889878, 0.566871, 0.0049520135, 0.78332573, 0.92798144, 0.5518311, 0.09079009, 0.9964209, 0.07405692] |
|15 |   55 |0.38181818 | 5000 |      f5 |     375 |481.0694 |   477.0 |    0,85 |-0,0050 |1592532538922 |[0.7025529, 0.243666, 0.88106227, 0.23104179, 0.6485422, 0.9355946, 0.7889878, 0.566871, 0.0049520135, 0.78332573, 0.92798144, 0.5518311, 0.09079009, 0.9964209, 0.07405692] |
|15 |   55 |0.36363637 | 5000 |      f5 |     375 |481.0694 |   477.0 |    0,85 |-0,0050 |1592532538922 |[0.7025529, 0.243666, 0.88106227, 0.23104179, 0.6485422, 0.9355946, 0.7889878, 0.566871, 0.0049520135, 0.78332573, 0.92798144, 0.5518311, 0.09079009, 0.9964209, 0.07405692] |
|15 |   60 |0.38181818 | 5000 |      f5 |     375 |481.0694 |   477.0 |    0,85 |-0,0050 |1592532538922 |[0.7025529, 0.243666, 0.88106227, 0.23104179, 0.6485422, 0.9355946, 0.7889878, 0.566871, 0.0049520135, 0.78332573, 0.92798144, 0.5518311, 0.09079009, 0.9964209, 0.07405692] |
|15 |   60 |  0.45 | 5000 |      f5 |     375 |481.0694 |   477.0 |    0,85 |-0,0050 |1592532538922 |[0.7025529, 0.243666, 0.88106227, 0.23104179, 0.6485422, 0.9355946, 0.7889878, 0.566871, 0.0049520135, 0.78332573, 0.92798144, 0.5518311, 0.09079009, 0.9964209, 0.07405692] |
|15 |   60 |0.28333333 | 5000 |      f5 |     375 |481.0694 |   477.0 |    0,85 |-0,0050 |1592532538922 |[0.7025529, 0.243666, 0.88106227, 0.23104179, 0.6485422, 0.9355946, 0.7889878, 0.566871, 0.0049520135, 0.78332573, 0.92798144, 0.5518311, 0.09079009, 0.9964209, 0.07405692] |
|15 |   60 |0.36666667 | 5000 |      f5 |     375 |481.0694 |   477.0 |    0,85 |-0,0050 |1592532538922 |[0.7025529, 0.243666, 0.88106227, 0.23104179, 0.6485422, 0.9355946, 0.7889878, 0.566871, 0.0049520135, 0.78332573, 0.92798144, 0.5518311, 0.09079009, 0.9964209, 0.07405692] |
|15 |   65 |0.36666667 | 5000 |      f5 |     375 |481.0694 |   477.0 |    0,85 |-0,0050 |1592532538922 |[0.7025529, 0.243666, 0.88106227, 0.23104179, 0.6485422, 0.9355946, 0.7889878, 0.566871, 0.0049520135, 0.78332573, 0.92798144, 0.5518311, 0.09079009, 0.9964209, 0.07405692] |
|15 |   65 |  0.45 | 5000 |      f5 |     375 |481.0694 |   477.0 |    0,85 |-0,0050 |1592532538922 |[0.7025529, 0.243666, 0.88106227, 0.23104179, 0.6485422, 0.9355946, 0.7889878, 0.566871, 0.0049520135, 0.78332573, 0.92798144, 0.5518311, 0.09079009, 0.9964209, 0.07405692] |
|15 |   65 |0.36923078 | 5000 |      f5 |     375 |481.0694 |   477.0 |    0,85 |-0,0050 |1592532538922 |[0.5628315, 0.14830399, 0.11794615, 0.46691316, 0.09159911, 0.3126315, 0.56871444, 0.7963741, 0.40402138, 0.3627171, 0.5677689, 0.47260416, 0.3843699, 0.016010463, 0.32047707] |
|15 |   65 |0.36923078 | 5000 |      f5 |     375 |481.0694 |   477.0 |    0,85 |-0,0050 |1592532538922 |[0.5628315, 0.14830399, 0.11794615, 0.46691316, 0.09159911, 0.3126315, 0.56871444, 0.7963741, 0.40402138, 0.3627171, 0.5677689, 0.47260416, 0.3843699, 0.016010463, 0.32047707] |
|15 |   70 |   0.4 | 5000 |      f5 |     375 |481.0694 |   477.0 |    0,85 |-0,0050 |1592532538922 |[0.5628315, 0.14830399, 0.11794615, 0.46691316, 0.09159911, 0.3126315, 0.56871444, 0.7963741, 0.40402138, 0.3627171, 0.5677689, 0.47260416, 0.3843699, 0.016010463, 0.32047707] |
|15 |   70 |   0.4 | 5000 |      f5 |     375 |481.0694 |   477.0 |    0,85 |-0,0050 |1592532538922 |[0.5628315, 0.14830399, 0.11794615, 0.46691316, 0.09159911, 0.3126315, 0.56871444, 0.7963741, 0.40402138, 0.3627171, 0.5677689, 0.47260416, 0.3843699, 0.016010463, 0.32047707] |
|15 |   70 |   0.4 | 5000 |      f5 |     375 |481.0694 |   477.0 |    0,85 |-0,0050 |1592532538922 |[0.5628315, 0.14830399, 0.11794615, 0.46691316, 0.09159911, 0.3126315, 0.56871444, 0.7963741, 0.40402138, 0.3627171, 0.5677689, 0.47260416, 0.3843699, 0.016010463, 0.32047707] |
|15 |   70 |0.31428573 | 5000 |      f5 |     375 |481.0694 |   477.0 |    0,85 |-0,0050 |1592532538922 |[0.5628315, 0.14830399, 0.11794615, 0.46691316, 0.09159911, 0.3126315, 0.56871444, 0.7963741, 0.40402138, 0.3627171, 0.5677689, 0.47260416, 0.3843699, 0.016010463, 0.32047707] |
|15 |   75 |0.37142858 | 5000 |      f5 |     375 |481.0694 |   477.0 |    0,85 |-0,0050 |1592532538922 |[0.5628315, 0.14830399, 0.11794615, 0.46691316, 0.09159911, 0.3126315, 0.56871444, 0.7963741, 0.40402138, 0.3627171, 0.5677689, 0.47260416, 0.3843699, 0.016010463, 0.32047707] |
|15 |   75 |0.37333333 | 5000 |      f5 |     375 |481.0694 |   477.0 |    0,85 |-0,0050 |1592532538922 |[0.5628315, 0.14830399, 0.11794615, 0.46691316, 0.09159911, 0.3126315, 0.56871444, 0.7963741, 0.40402138, 0.3627171, 0.5677689, 0.47260416, 0.3843699, 0.016010463, 0.32047707] |
|15 |   75 |0.37333333 | 5000 |      f5 |     375 |481.0694 |   477.0 |    0,85 |  2,1 |1592532538922 |[0.5628315, 0.14830399, 0.11794615, 0.46691316, 0.09159911, 0.3126315, 0.56871444, 0.7963741, 0.40402138, 0.3627171, 0.5677689, 0.47260416, 0.3843699, 0.016010463, 0.32047707] |
