| # | Nest | %Desc |#Iter |Instancia | CapMoch |ValOptmo | BestFit |     RDP | time |      semilla |VectorSolucion |
-------------------------------------------------------------------------------------------------
| 1 |   25 |  0.25 | 2500 |      f6 |      60 |    52.0 |    52.0 |    0,00 |-1,6e+09 |1592499263954 |[0.098186135, 0.94223976, 0.52453345, 0.05312264, 0.32608873, 0.9768901, 0.4218189, 0.3523469, 0.34329504, 0.9609337] |
| 2 |   25 |  0.25 | 2500 |      f6 |      60 |    52.0 |    52.0 |    0,00 |-0,0060 |1592499263962 |[0.1493954, 0.9136755, 0.9249625, 0.35085255, 0.17894179, 0.543788, 0.07372624, 0.59573144, 0.28994983, 0.545942] |
| 3 |   25 |  0.25 | 2500 |      f6 |      60 |    52.0 |    52.0 |    0,00 |  0,0 |1592499263963 |[0.8359939, 0.8668477, 0.106081784, 0.26378906, 0.7646175, 0.07369441, 0.20835972, 0.4537298, 0.79137, 0.7904328] |
| 4 |   25 |  0.25 | 2500 |      f6 |      60 |    52.0 |    52.0 |    0,00 |-0,0010 |1592499263965 |[0.037098527, 0.8586035, 0.7144941, 0.54447883, 0.8327748, 0.12677592, 0.3177573, 0.67407423, 0.5068384, 0.08145839] |
| 5 |   25 |  0.25 | 2500 |      f6 |      60 |    52.0 |    52.0 |    0,00 |-0,0010 |1592499263966 |[0.055333197, 0.69618887, 0.37777156, 0.91811365, 0.74610704, 0.26375788, 0.2362681, 0.5051499, 0.2709068, 0.32722616] |
| 6 |   25 |  0.25 | 2500 |      f6 |      60 |    52.0 |    52.0 |    0,00 |  0,0 |1592499263967 |[0.6076354, 0.6669313, 0.43762273, 0.92521673, 0.9639567, 0.7579288, 0.05636847, 0.1537885, 0.17339969, 0.7740598] |
| 7 |   25 |  0.25 | 2500 |      f6 |      60 |    52.0 |    52.0 |    0,00 |  0,0 |1592499263968 |[0.5910222, 0.028340816, 0.59754133, 0.46737796, 0.3693797, 0.42863584, 0.4498759, 0.36372524, 0.74920267, 0.10923362] |
| 8 |   25 |  0.25 | 2500 |      f6 |      60 |    52.0 |    52.0 |    0,00 |-0,0010 |1592499263970 |[0.5207885, 0.12532812, 0.38002563, 0.8823654, 0.09854269, 0.6886111, 0.6775801, 0.67014897, 0.49383664, 0.6776065] |
| 9 |   25 |  0.25 | 2500 |      f6 |      60 |    52.0 |    52.0 |    0,00 |  0,0 |1592499263971 |[0.15290767, 0.38836467, 0.37581974, 0.11419654, 0.18138981, 0.26111192, 0.48616618, 0.5209651, 0.53866416, 0.20278591] |
|10 |   25 |  0.25 | 2500 |      f6 |      60 |    52.0 |    52.0 |    0,00 |-0,0010 |1592499263973 |[0.102565944, 0.1233775, 0.9166937, 0.43197614, 0.8022725, 0.883237, 0.10066593, 0.1750297, 0.30178928, 0.63872546] |
|11 |   25 |  0.25 | 2500 |      f6 |      60 |    52.0 |    52.0 |    0,00 |-0,0010 |1592499263974 |[0.75128615, 0.26861018, 0.53953964, 0.411797, 0.22102445, 0.43926102, 0.92400503, 0.10344571, 0.14715248, 0.98422027] |
|12 |   25 |  0.25 | 2500 |      f6 |      60 |    52.0 |    52.0 |    0,00 |  0,0 |1592499263975 |[0.141891, 0.32367128, 0.80251026, 0.56555635, 0.41129518, 0.1373514, 0.43182147, 0.19082582, 0.47902888, 0.16072303] |
|13 |   25 |  0.25 | 2500 |      f6 |      60 |    52.0 |    52.0 |    0,00 |-0,0010 |1592499263977 |[0.13349783, 0.6942495, 0.6197705, 0.6941507, 0.9686595, 0.52252, 0.30314517, 0.80822194, 0.028328776, 0.7166068] |
|14 |   25 |  0.25 | 2500 |      f6 |      60 |    52.0 |    52.0 |    0,00 |  0,0 |1592499263978 |[0.83708507, 0.23635381, 0.19865817, 0.5584515, 0.8035844, 0.9810922, 0.89191025, 0.30311888, 0.3391409, 0.15917176] |
|15 |   25 |  0.25 | 2500 |      f6 |      60 |    52.0 |    52.0 |    0,00 |  0,0 |1592499263979 |[0.4111216, 0.27115148, 0.8735532, 0.74822396, 0.122989535, 0.868464, 0.05783242, 0.12333596, 0.58956623, 0.48658043] |
