| # | Nest | %Desc |#Iter |Instancia | CapMoch |ValOptmo | BestFit |     RDP | time |      semilla |VectorSolucion |
-------------------------------------------------------------------------------------------------
| 1 |   25 |  0.25 | 2500 |      f4 |      11 |    23.0 |    16.0 |   30,43 |-1,6e+09 |1592499789615 |[0.52518445, 0.7510382, 0.9621859, 0.91817045] |
| 2 |   25 |  0.25 | 2500 |      f4 |      11 |    23.0 |    16.0 |   30,43 |  0,0 |1592499789891 |[0.41652584, 0.90602285, 0.12413967, 0.15054071] |
| 3 |   25 |  0.25 | 2500 |      f4 |      11 |    23.0 |    16.0 |   30,43 |  0,0 |1592499790165 |[0.70179254, 0.95471567, 0.8872277, 0.040541768] |
| 4 |   25 |  0.25 | 2500 |      f4 |      11 |    23.0 |    16.0 |   30,43 |  0,0 |1592499790440 |[0.3558392, 0.15272701, 0.33876014, 0.9105484] |
| 5 |   25 |  0.25 | 2500 |      f4 |      11 |    23.0 |    16.0 |   30,43 |  0,0 |1592499790713 |[0.731319, 0.32501602, 0.59215873, 0.38707423] |
| 6 |   25 |  0.25 | 2500 |      f4 |      11 |    23.0 |    16.0 |   30,43 |  0,0 |1592499790987 |[0.65973073, 0.5429149, 0.30043805, 0.60561436] |
| 7 |   25 |  0.25 | 2500 |      f4 |      11 |    23.0 |    16.0 |   30,43 |  0,0 |1592499791264 |[0.44232577, 0.8730406, 0.07005566, 0.29617703] |
| 8 |   25 |  0.25 | 2500 |      f4 |      11 |    23.0 |    16.0 |   30,43 |  0,0 |1592499791542 |[0.5610621, 0.3310318, 0.25553644, 6.2292814E-4] |
| 9 |   25 |  0.25 | 2500 |      f4 |      11 |    23.0 |    16.0 |   30,43 |-0,0010 |1592499791820 |[0.13837588, 0.5910383, 0.26008296, 0.30339128] |
|10 |   25 |  0.25 | 2500 |      f4 |      11 |    23.0 |    16.0 |   30,43 |  0,0 |1592499792095 |[0.89938766, 0.030643404, 0.8119598, 0.19981027] |
|11 |   25 |  0.25 | 2500 |      f4 |      11 |    23.0 |    16.0 |   30,43 |  0,0 |1592499792372 |[0.74161595, 0.09843993, 0.76104724, 0.39735115] |
|12 |   25 |  0.25 | 2500 |      f4 |      11 |    23.0 |    16.0 |   30,43 |  0,0 |1592499792651 |[0.22033507, 0.13489932, 0.48964453, 0.49489474] |
|13 |   25 |  0.25 | 2500 |      f4 |      11 |    23.0 |    16.0 |   30,43 |-0,0010 |1592499792924 |[0.1519664, 0.4165513, 0.3985927, 0.5510619] |
|14 |   25 |  0.25 | 2500 |      f4 |      11 |    23.0 |    16.0 |   30,43 |  0,0 |1592499793200 |[0.248415, 0.35875797, 0.010062933, 0.7631928] |
|15 |   25 |  0.25 | 2500 |      f4 |      11 |    23.0 |    16.0 |   30,43 |  0,0 |1592499793478 |[0.8060919, 0.55499864, 0.7400304, 0.0766983] |
