| # | Nest | %Desc |#Iter |Instancia | CapMoch |ValOptmo | BestFit |     RDP | time |      semilla |VectorSolucion |
-------------------------------------------------------------------------------------------------
| 1 |   25 |  0.25 | 2500 |      f3 |      20 |    35.0 |    35.0 |    0,00 |  0,0 |1592497189284 |[0.39237452, 0.65425825, 0.4955808, 0.16626489] |
| 2 |   25 |  0.25 | 2500 |      f3 |      20 |    35.0 |    35.0 |    0,00 |  0,0 |1592497189287 |[0.7345313, 0.77689, 0.6626458, 0.37333494] |
| 3 |   25 |  0.25 | 2500 |      f3 |      20 |    35.0 |    35.0 |    0,00 |  0,0 |1592497189289 |[0.6561913, 0.9124796, 0.53078455, 0.27520525] |
| 4 |   25 |  0.25 | 2500 |      f3 |      20 |    35.0 |    35.0 |    0,00 |  0,0 |1592497189291 |[0.08082914, 0.19230038, 0.6625644, 0.31813616] |
| 5 |   25 |  0.25 | 2500 |      f3 |      20 |    35.0 |    35.0 |    0,00 |  0,0 |1592497189293 |[0.9880166, 0.7490535, 0.090011895, 0.53288144] |
| 6 |   25 |  0.25 | 2500 |      f3 |      20 |    35.0 |    35.0 |    0,00 |  0,0 |1592497189296 |[0.4722649, 0.8306853, 0.11175579, 0.92620283] |
| 7 |   25 |  0.25 | 2500 |      f3 |      20 |    35.0 |    35.0 |    0,00 |  0,0 |1592497189299 |[0.01767242, 0.17877132, 0.054964006, 0.78132874] |
| 8 |   25 |  0.25 | 2500 |      f3 |      20 |    35.0 |    35.0 |    0,00 |  0,0 |1592497189301 |[0.6752574, 0.041271865, 0.61226994, 0.16645736] |
| 9 |   25 |  0.25 | 2500 |      f3 |      20 |    35.0 |    35.0 |    0,00 |  0,0 |1592497189303 |[0.96875566, 0.16240251, 0.4333017, 0.97810996] |
|10 |   25 |  0.25 | 2500 |      f3 |      20 |    35.0 |    35.0 |    0,00 |  0,0 |1592497189305 |[0.6140822, 0.7088951, 0.7145724, 0.5884398] |
|11 |   25 |  0.25 | 2500 |      f3 |      20 |    35.0 |    35.0 |    0,00 |  0,0 |1592497189306 |[0.63533163, 0.11119074, 0.10915774, 0.2803443] |
|12 |   25 |  0.25 | 2500 |      f3 |      20 |    35.0 |    35.0 |    0,00 |  0,0 |1592497189308 |[0.98817235, 0.97093755, 0.7849157, 0.30293685] |
|13 |   25 |  0.25 | 2500 |      f3 |      20 |    35.0 |    35.0 |    0,00 |0,0010 |1592497189309 |[0.36393613, 0.5911678, 0.2126655, 0.90726477] |
|14 |   25 |  0.25 | 2500 |      f3 |      20 |    35.0 |    35.0 |    0,00 |  0,0 |1592497189311 |[0.20139402, 0.953395, 0.5327614, 0.9141181] |
|15 |   25 |  0.25 | 2500 |      f3 |      20 |    35.0 |    35.0 |    0,00 |0,0010 |1592497189312 |[0.26399034, 0.22486192, 0.504719, 0.96477324] |
