| # | Nest | %Desc |#Iter |Instancia | CapMoch |ValOptmo | BestFit |     RDP | time |      semilla |VectorSolucion |
-------------------------------------------------------------------------------------------------
| 1 |   50 |  0.25 | 5000 |      f5 |     375 |481.0694 |   477.0 |    0,85 |-1,6e+09 |1592521403481 |[0.36735076, 0.38590544, 0.19618481, 0.96033144, 0.7805223, 0.64870626, 0.3083012, 0.94659734, 0.47140533, 0.15997201, 0.042272985, 0.4891315, 0.601003, 0.94158536, 0.17880762] |
| 1 |   50 |  0.38 | 5000 |      f5 |     375 |481.0694 |   477.0 |    0,85 |-1,6e+09 |1592521403481 |[0.36735076, 0.38590544, 0.19618481, 0.96033144, 0.7805223, 0.64870626, 0.3083012, 0.94659734, 0.47140533, 0.15997201, 0.042272985, 0.4891315, 0.601003, 0.94158536, 0.17880762] |
| 1 |   50 |  0.28 | 5000 |      f5 |     375 |481.0694 |   477.0 |    0,85 |-1,6e+09 |1592521403481 |[0.36735076, 0.38590544, 0.19618481, 0.96033144, 0.7805223, 0.64870626, 0.3083012, 0.94659734, 0.47140533, 0.15997201, 0.042272985, 0.4891315, 0.601003, 0.94158536, 0.17880762] |
| 1 |   55 |  0.28 | 5000 |      f5 |     375 |481.0694 |   477.0 |    0,85 |-1,6e+09 |1592521403481 |[0.36735076, 0.38590544, 0.19618481, 0.96033144, 0.7805223, 0.64870626, 0.3083012, 0.94659734, 0.47140533, 0.15997201, 0.042272985, 0.4891315, 0.601003, 0.94158536, 0.17880762] |
| 1 |   55 |  0.45 | 5000 |      f5 |     375 |481.0694 |   477.0 |    0,85 |-1,6e+09 |1592521403481 |[0.36735076, 0.38590544, 0.19618481, 0.96033144, 0.7805223, 0.64870626, 0.3083012, 0.94659734, 0.47140533, 0.15997201, 0.042272985, 0.4891315, 0.601003, 0.94158536, 0.17880762] |
| 1 |   55 |0.3272727 | 5000 |      f5 |     375 |481.0694 |   477.0 |    0,85 |-1,6e+09 |1592521403481 |[0.36735076, 0.38590544, 0.19618481, 0.96033144, 0.7805223, 0.64870626, 0.3083012, 0.94659734, 0.47140533, 0.15997201, 0.042272985, 0.4891315, 0.601003, 0.94158536, 0.17880762] |
| 1 |   55 |0.34545454 | 5000 |      f5 |     375 |481.0694 |   477.0 |    0,85 |-1,6e+09 |1592521403481 |[0.36735076, 0.38590544, 0.19618481, 0.96033144, 0.7805223, 0.64870626, 0.3083012, 0.94659734, 0.47140533, 0.15997201, 0.042272985, 0.4891315, 0.601003, 0.94158536, 0.17880762] |
| 1 |   60 |0.29090908 | 5000 |      f5 |     375 |481.0694 |   477.0 |    0,85 |-1,6e+09 |1592521403481 |[0.36735076, 0.38590544, 0.19618481, 0.96033144, 0.7805223, 0.64870626, 0.3083012, 0.94659734, 0.47140533, 0.15997201, 0.042272985, 0.4891315, 0.601003, 0.94158536, 0.17880762] |
| 1 |   60 |  0.45 | 5000 |      f5 |     375 |481.0694 |   477.0 |    0,85 |-1,6e+09 |1592521403481 |[0.36735076, 0.38590544, 0.19618481, 0.96033144, 0.7805223, 0.64870626, 0.3083012, 0.94659734, 0.47140533, 0.15997201, 0.042272985, 0.4891315, 0.601003, 0.94158536, 0.17880762] |
| 1 |   60 |0.38333333 | 5000 |      f5 |     375 |481.0694 |   477.0 |    0,85 |-1,6e+09 |1592521403481 |[0.36735076, 0.38590544, 0.19618481, 0.96033144, 0.7805223, 0.64870626, 0.3083012, 0.94659734, 0.47140533, 0.15997201, 0.042272985, 0.4891315, 0.601003, 0.94158536, 0.17880762] |
| 1 |   60 |  0.45 | 5000 |      f5 |     375 |481.0694 |   477.0 |    0,85 |-1,6e+09 |1592521403481 |[0.36735076, 0.38590544, 0.19618481, 0.96033144, 0.7805223, 0.64870626, 0.3083012, 0.94659734, 0.47140533, 0.15997201, 0.042272985, 0.4891315, 0.601003, 0.94158536, 0.17880762] |
| 1 |   65 |  0.45 | 5000 |      f5 |     375 |481.0694 |   477.0 |    0,85 |-1,6e+09 |1592521403481 |[0.36735076, 0.38590544, 0.19618481, 0.96033144, 0.7805223, 0.64870626, 0.3083012, 0.94659734, 0.47140533, 0.15997201, 0.042272985, 0.4891315, 0.601003, 0.94158536, 0.17880762] |
| 1 |   65 |  0.45 | 5000 |      f5 |     375 |481.0694 |   477.0 |    0,85 |-1,6e+09 |1592521403481 |[0.36735076, 0.38590544, 0.19618481, 0.96033144, 0.7805223, 0.64870626, 0.3083012, 0.94659734, 0.47140533, 0.15997201, 0.042272985, 0.4891315, 0.601003, 0.94158536, 0.17880762] |
| 1 |   65 |0.36923078 | 5000 |      f5 |     375 |481.0694 |   477.0 |    0,85 |-1,6e+09 |1592521403481 |[0.36735076, 0.38590544, 0.19618481, 0.96033144, 0.7805223, 0.64870626, 0.3083012, 0.94659734, 0.47140533, 0.15997201, 0.042272985, 0.4891315, 0.601003, 0.94158536, 0.17880762] |
| 1 |   65 |0.36923078 | 5000 |      f5 |     375 |481.0694 |   477.0 |    0,85 |-1,6e+09 |1592521403481 |[0.36735076, 0.38590544, 0.19618481, 0.96033144, 0.7805223, 0.64870626, 0.3083012, 0.94659734, 0.47140533, 0.15997201, 0.042272985, 0.4891315, 0.601003, 0.94158536, 0.17880762] |
| 1 |   70 |0.44615385 | 5000 |      f5 |     375 |481.0694 |   477.0 |    0,85 |-1,6e+09 |1592521403481 |[0.36735076, 0.38590544, 0.19618481, 0.96033144, 0.7805223, 0.64870626, 0.3083012, 0.94659734, 0.47140533, 0.15997201, 0.042272985, 0.4891315, 0.601003, 0.94158536, 0.17880762] |
| 1 |   70 |  0.45 | 5000 |      f5 |     375 |481.0694 |   477.0 |    0,85 |-1,6e+09 |1592521403481 |[0.36735076, 0.38590544, 0.19618481, 0.96033144, 0.7805223, 0.64870626, 0.3083012, 0.94659734, 0.47140533, 0.15997201, 0.042272985, 0.4891315, 0.601003, 0.94158536, 0.17880762] |
| 1 |   70 |0.34285715 | 5000 |      f5 |     375 |481.0694 |   477.0 |    0,85 |-1,6e+09 |1592521403481 |[0.36735076, 0.38590544, 0.19618481, 0.96033144, 0.7805223, 0.64870626, 0.3083012, 0.94659734, 0.47140533, 0.15997201, 0.042272985, 0.4891315, 0.601003, 0.94158536, 0.17880762] |
| 1 |   70 |0.37142858 | 5000 |      f5 |     375 |481.0694 |   477.0 |    0,85 |-1,6e+09 |1592521403481 |[0.36735076, 0.38590544, 0.19618481, 0.96033144, 0.7805223, 0.64870626, 0.3083012, 0.94659734, 0.47140533, 0.15997201, 0.042272985, 0.4891315, 0.601003, 0.94158536, 0.17880762] |
| 1 |   75 |0.32857144 | 5000 |      f5 |     375 |481.0694 |   477.0 |    0,85 |-1,6e+09 |1592521403481 |[0.36735076, 0.38590544, 0.19618481, 0.96033144, 0.7805223, 0.64870626, 0.3083012, 0.94659734, 0.47140533, 0.15997201, 0.042272985, 0.4891315, 0.601003, 0.94158536, 0.17880762] |
| 1 |   75 |  0.45 | 5000 |      f5 |     375 |481.0694 |   477.0 |    0,85 |-1,6e+09 |1592521403481 |[0.36735076, 0.38590544, 0.19618481, 0.96033144, 0.7805223, 0.64870626, 0.3083012, 0.94659734, 0.47140533, 0.15997201, 0.042272985, 0.4891315, 0.601003, 0.94158536, 0.17880762] |
| 1 |   75 |  0.45 | 5000 |      f5 |     375 |481.0694 |   477.0 |    0,85 |  6,3 |1592521403481 |[0.36735076, 0.38590544, 0.19618481, 0.96033144, 0.7805223, 0.64870626, 0.3083012, 0.94659734, 0.47140533, 0.15997201, 0.042272985, 0.4891315, 0.601003, 0.94158536, 0.17880762] |
| 2 |   50 |  0.25 | 5000 |      f5 |     375 |481.0694 |   477.0 |    0,85 |  0,0 |1592521409779 |[0.77002066, 0.3541805, 0.2462709, 0.5458484, 0.2137214, 0.4722275, 0.06736207, 0.40725362, 0.2713954, 0.022178411, 0.6660908, 0.6835397, 0.8606783, 0.2810319, 0.9630367] |
| 2 |   50 |  0.28 | 5000 |      f5 |     375 |481.0694 |   477.0 |    0,85 |  0,0 |1592521409779 |[0.77002066, 0.3541805, 0.2462709, 0.5458484, 0.2137214, 0.4722275, 0.06736207, 0.40725362, 0.2713954, 0.022178411, 0.6660908, 0.6835397, 0.8606783, 0.2810319, 0.9630367] |
| 2 |   50 |  0.32 | 5000 |      f5 |     375 |481.0694 |   477.0 |    0,85 |  0,0 |1592521409779 |[0.77002066, 0.3541805, 0.2462709, 0.5458484, 0.2137214, 0.4722275, 0.06736207, 0.40725362, 0.2713954, 0.022178411, 0.6660908, 0.6835397, 0.8606783, 0.2810319, 0.9630367] |
| 2 |   55 |  0.34 | 5000 |      f5 |     375 |481.0694 |   477.0 |    0,85 |  0,0 |1592521409779 |[0.77002066, 0.3541805, 0.2462709, 0.5458484, 0.2137214, 0.4722275, 0.06736207, 0.40725362, 0.2713954, 0.022178411, 0.6660908, 0.6835397, 0.8606783, 0.2810319, 0.9630367] |
| 2 |   55 |  0.45 | 5000 |      f5 |     375 |481.0694 |   477.0 |    0,85 |  0,0 |1592521409779 |[0.77002066, 0.3541805, 0.2462709, 0.5458484, 0.2137214, 0.4722275, 0.06736207, 0.40725362, 0.2713954, 0.022178411, 0.6660908, 0.6835397, 0.8606783, 0.2810319, 0.9630367] |
| 2 |   55 |0.18181819 | 5000 |      f5 |     375 |481.0694 |   477.0 |    0,85 |  0,0 |1592521409779 |[0.77002066, 0.3541805, 0.2462709, 0.5458484, 0.2137214, 0.4722275, 0.06736207, 0.40725362, 0.2713954, 0.022178411, 0.6660908, 0.6835397, 0.8606783, 0.2810319, 0.9630367] |
| 2 |   55 |0.34545454 | 5000 |      f5 |     375 |481.0694 |   477.0 |    0,85 |  0,0 |1592521409779 |[0.77002066, 0.3541805, 0.2462709, 0.5458484, 0.2137214, 0.4722275, 0.06736207, 0.40725362, 0.2713954, 0.022178411, 0.6660908, 0.6835397, 0.8606783, 0.2810319, 0.9630367] |
| 2 |   60 |0.29090908 | 5000 |      f5 |     375 |481.0694 |   477.0 |    0,85 |  0,0 |1592521409779 |[0.77002066, 0.3541805, 0.2462709, 0.5458484, 0.2137214, 0.4722275, 0.06736207, 0.40725362, 0.2713954, 0.022178411, 0.6660908, 0.6835397, 0.8606783, 0.2810319, 0.9630367] |
| 2 |   60 |  0.45 | 5000 |      f5 |     375 |481.0694 |   477.0 |    0,85 |  0,0 |1592521409779 |[0.77002066, 0.3541805, 0.2462709, 0.5458484, 0.2137214, 0.4722275, 0.06736207, 0.40725362, 0.2713954, 0.022178411, 0.6660908, 0.6835397, 0.8606783, 0.2810319, 0.9630367] |
| 2 |   60 |   0.4 | 5000 |      f5 |     375 |481.0694 |   477.0 |    0,85 |  0,0 |1592521409779 |[0.77002066, 0.3541805, 0.2462709, 0.5458484, 0.2137214, 0.4722275, 0.06736207, 0.40725362, 0.2713954, 0.022178411, 0.6660908, 0.6835397, 0.8606783, 0.2810319, 0.9630367] |
| 2 |   60 |0.26666668 | 5000 |      f5 |     375 |481.0694 |   477.0 |    0,85 |  0,0 |1592521409779 |[0.77002066, 0.3541805, 0.2462709, 0.5458484, 0.2137214, 0.4722275, 0.06736207, 0.40725362, 0.2713954, 0.022178411, 0.6660908, 0.6835397, 0.8606783, 0.2810319, 0.9630367] |
| 2 |   65 |   0.3 | 5000 |      f5 |     375 |481.0694 |   477.0 |    0,85 |  0,0 |1592521409779 |[0.77002066, 0.3541805, 0.2462709, 0.5458484, 0.2137214, 0.4722275, 0.06736207, 0.40725362, 0.2713954, 0.022178411, 0.6660908, 0.6835397, 0.8606783, 0.2810319, 0.9630367] |
| 2 |   65 |  0.45 | 5000 |      f5 |     375 |481.0694 |   477.0 |    0,85 |  0,0 |1592521409779 |[0.77002066, 0.3541805, 0.2462709, 0.5458484, 0.2137214, 0.4722275, 0.06736207, 0.40725362, 0.2713954, 0.022178411, 0.6660908, 0.6835397, 0.8606783, 0.2810319, 0.9630367] |
| 2 |   65 |  0.45 | 5000 |      f5 |     375 |481.0694 |   477.0 |    0,85 |  0,0 |1592521409779 |[0.77002066, 0.3541805, 0.2462709, 0.5458484, 0.2137214, 0.4722275, 0.06736207, 0.40725362, 0.2713954, 0.022178411, 0.6660908, 0.6835397, 0.8606783, 0.2810319, 0.9630367] |
| 2 |   65 |0.35384616 | 5000 |      f5 |     375 |481.0694 |   477.0 |    0,85 |  0,0 |1592521409779 |[0.77002066, 0.3541805, 0.2462709, 0.5458484, 0.2137214, 0.4722275, 0.06736207, 0.40725362, 0.2713954, 0.022178411, 0.6660908, 0.6835397, 0.8606783, 0.2810319, 0.9630367] |
| 2 |   70 |0.35384616 | 5000 |      f5 |     375 |481.0694 |   477.0 |    0,85 |  0,0 |1592521409779 |[0.77002066, 0.3541805, 0.2462709, 0.5458484, 0.2137214, 0.4722275, 0.06736207, 0.40725362, 0.2713954, 0.022178411, 0.6660908, 0.6835397, 0.8606783, 0.2810319, 0.9630367] |
| 2 |   70 |  0.45 | 5000 |      f5 |     375 |481.0694 |   477.0 |    0,85 |  0,0 |1592521409779 |[0.77002066, 0.3541805, 0.2462709, 0.5458484, 0.2137214, 0.4722275, 0.06736207, 0.40725362, 0.2713954, 0.022178411, 0.6660908, 0.6835397, 0.8606783, 0.2810319, 0.9630367] |
| 2 |   70 |  0.45 | 5000 |      f5 |     375 |481.0694 |   477.0 |    0,85 |  0,0 |1592521409779 |[0.77002066, 0.3541805, 0.2462709, 0.5458484, 0.2137214, 0.4722275, 0.06736207, 0.40725362, 0.2713954, 0.022178411, 0.6660908, 0.6835397, 0.8606783, 0.2810319, 0.9630367] |
| 2 |   70 |0.44285715 | 5000 |      f5 |     375 |481.0694 |   477.0 |    0,85 |  0,0 |1592521409779 |[0.77002066, 0.3541805, 0.2462709, 0.5458484, 0.2137214, 0.4722275, 0.06736207, 0.40725362, 0.2713954, 0.022178411, 0.6660908, 0.6835397, 0.8606783, 0.2810319, 0.9630367] |
| 2 |   75 |0.32857144 | 5000 |      f5 |     375 |481.0694 |   477.0 |    0,85 |  0,0 |1592521409779 |[0.77002066, 0.3541805, 0.2462709, 0.5458484, 0.2137214, 0.4722275, 0.06736207, 0.40725362, 0.2713954, 0.022178411, 0.6660908, 0.6835397, 0.8606783, 0.2810319, 0.9630367] |
| 2 |   75 |  0.45 | 5000 |      f5 |     375 |481.0694 |   477.0 |    0,85 |  0,0 |1592521409779 |[0.77002066, 0.3541805, 0.2462709, 0.5458484, 0.2137214, 0.4722275, 0.06736207, 0.40725362, 0.2713954, 0.022178411, 0.6660908, 0.6835397, 0.8606783, 0.2810319, 0.9630367] |
| 2 |   75 |  0.45 | 5000 |      f5 |     375 |481.0694 |   477.0 |    0,85 |  6,2 |1592521409779 |[0.77002066, 0.3541805, 0.2462709, 0.5458484, 0.2137214, 0.4722275, 0.06736207, 0.40725362, 0.2713954, 0.022178411, 0.6660908, 0.6835397, 0.8606783, 0.2810319, 0.9630367] |
| 3 |   50 |  0.25 | 5000 |      f5 |     375 |481.0694 |   477.0 |    0,85 |-0,0060 |1592521416025 |[0.62332135, 0.43758982, 0.33757752, 0.7283199, 0.06055087, 0.254372, 0.35194868, 0.33351654, 0.6390322, 0.34886026, 0.3584997, 0.006549537, 0.9739986, 0.8526429, 0.72228354] |
| 3 |   50 |   0.3 | 5000 |      f5 |     375 |481.0694 |   477.0 |    0,85 |-0,0060 |1592521416025 |[0.62332135, 0.43758982, 0.33757752, 0.7283199, 0.06055087, 0.254372, 0.35194868, 0.33351654, 0.6390322, 0.34886026, 0.3584997, 0.006549537, 0.9739986, 0.8526429, 0.72228354] |
| 3 |   50 |  0.32 | 5000 |      f5 |     375 |481.0694 |   477.0 |    0,85 |-0,0060 |1592521416025 |[0.62332135, 0.43758982, 0.33757752, 0.7283199, 0.06055087, 0.254372, 0.35194868, 0.33351654, 0.6390322, 0.34886026, 0.3584997, 0.006549537, 0.9739986, 0.8526429, 0.72228354] |
| 3 |   55 |  0.34 | 5000 |      f5 |     375 |481.0694 |   477.0 |    0,85 |-0,0060 |1592521416025 |[0.6935864, 0.83206946, 0.58733606, 0.5528574, 0.112261, 0.72126704, 0.3152315, 0.5041142, 0.45452815, 0.034931123, 0.90084577, 0.14610386, 0.9950192, 0.61519957, 0.9482431] |
| 3 |   55 |  0.45 | 5000 |      f5 |     375 |481.0694 |   477.0 |    0,85 |-0,0060 |1592521416025 |[0.6935864, 0.83206946, 0.58733606, 0.5528574, 0.112261, 0.72126704, 0.3152315, 0.5041142, 0.45452815, 0.034931123, 0.90084577, 0.14610386, 0.9950192, 0.61519957, 0.9482431] |
| 3 |   55 |0.34545454 | 5000 |      f5 |     375 |481.0694 |   477.0 |    0,85 |-0,0060 |1592521416025 |[0.6935864, 0.83206946, 0.58733606, 0.5528574, 0.112261, 0.72126704, 0.3152315, 0.5041142, 0.45452815, 0.034931123, 0.90084577, 0.14610386, 0.9950192, 0.61519957, 0.9482431] |
| 3 |   55 |0.34545454 | 5000 |      f5 |     375 |481.0694 |   477.0 |    0,85 |-0,0060 |1592521416025 |[0.6935864, 0.83206946, 0.58733606, 0.5528574, 0.112261, 0.72126704, 0.3152315, 0.5041142, 0.45452815, 0.034931123, 0.90084577, 0.14610386, 0.9950192, 0.61519957, 0.9482431] |
| 3 |   60 |0.3090909 | 5000 |      f5 |     375 |481.0694 |   477.0 |    0,85 |-0,0060 |1592521416025 |[0.6935864, 0.83206946, 0.58733606, 0.5528574, 0.112261, 0.72126704, 0.3152315, 0.5041142, 0.45452815, 0.034931123, 0.90084577, 0.14610386, 0.9950192, 0.61519957, 0.9482431] |
| 3 |   60 |  0.45 | 5000 |      f5 |     375 |481.0694 |   477.0 |    0,85 |-0,0060 |1592521416025 |[0.6935864, 0.83206946, 0.58733606, 0.5528574, 0.112261, 0.72126704, 0.3152315, 0.5041142, 0.45452815, 0.034931123, 0.90084577, 0.14610386, 0.9950192, 0.61519957, 0.9482431] |
| 3 |   60 |  0.45 | 5000 |      f5 |     375 |481.0694 |   477.0 |    0,85 |-0,0060 |1592521416025 |[0.6935864, 0.83206946, 0.58733606, 0.5528574, 0.112261, 0.72126704, 0.3152315, 0.5041142, 0.45452815, 0.034931123, 0.90084577, 0.14610386, 0.9950192, 0.61519957, 0.9482431] |
| 3 |   60 |  0.35 | 5000 |      f5 |     375 |481.0694 |   477.0 |    0,85 |-0,0060 |1592521416025 |[0.6935864, 0.83206946, 0.58733606, 0.5528574, 0.112261, 0.72126704, 0.3152315, 0.5041142, 0.45452815, 0.034931123, 0.90084577, 0.14610386, 0.9950192, 0.61519957, 0.9482431] |
| 3 |   65 |  0.45 | 5000 |      f5 |     375 |481.0694 |   477.0 |    0,85 |-0,0060 |1592521416025 |[0.6935864, 0.83206946, 0.58733606, 0.5528574, 0.112261, 0.72126704, 0.3152315, 0.5041142, 0.45452815, 0.034931123, 0.90084577, 0.14610386, 0.9950192, 0.61519957, 0.9482431] |
| 3 |   65 |  0.45 | 5000 |      f5 |     375 |481.0694 |   477.0 |    0,85 |-0,0060 |1592521416025 |[0.6935864, 0.83206946, 0.58733606, 0.5528574, 0.112261, 0.72126704, 0.3152315, 0.5041142, 0.45452815, 0.034931123, 0.90084577, 0.14610386, 0.9950192, 0.61519957, 0.9482431] |
| 3 |   65 |0.3846154 | 5000 |      f5 |     375 |481.0694 |   477.0 |    0,85 |-0,0060 |1592521416025 |[0.6935864, 0.83206946, 0.58733606, 0.5528574, 0.112261, 0.72126704, 0.3152315, 0.5041142, 0.45452815, 0.034931123, 0.90084577, 0.14610386, 0.9950192, 0.61519957, 0.9482431] |
| 3 |   65 |0.32307693 | 5000 |      f5 |     375 |481.0694 |   477.0 |    0,85 |-0,0060 |1592521416025 |[0.6935864, 0.83206946, 0.58733606, 0.5528574, 0.112261, 0.72126704, 0.3152315, 0.5041142, 0.45452815, 0.034931123, 0.90084577, 0.14610386, 0.9950192, 0.61519957, 0.9482431] |
| 3 |   70 |0.36923078 | 5000 |      f5 |     375 |481.0694 |   477.0 |    0,85 |-0,0060 |1592521416025 |[0.6935864, 0.83206946, 0.58733606, 0.5528574, 0.112261, 0.72126704, 0.3152315, 0.5041142, 0.45452815, 0.034931123, 0.90084577, 0.14610386, 0.9950192, 0.61519957, 0.9482431] |
| 3 |   70 |  0.45 | 5000 |      f5 |     375 |481.0694 |   477.0 |    0,85 |-0,0060 |1592521416025 |[0.6935864, 0.83206946, 0.58733606, 0.5528574, 0.112261, 0.72126704, 0.3152315, 0.5041142, 0.45452815, 0.034931123, 0.90084577, 0.14610386, 0.9950192, 0.61519957, 0.9482431] |
| 3 |   70 |0.35714287 | 5000 |      f5 |     375 |481.0694 |   477.0 |    0,85 |-0,0060 |1592521416025 |[0.6935864, 0.83206946, 0.58733606, 0.5528574, 0.112261, 0.72126704, 0.3152315, 0.5041142, 0.45452815, 0.034931123, 0.90084577, 0.14610386, 0.9950192, 0.61519957, 0.9482431] |
| 3 |   70 |0.32857144 | 5000 |      f5 |     375 |481.0694 |   477.0 |    0,85 |-0,0060 |1592521416025 |[0.6935864, 0.83206946, 0.58733606, 0.5528574, 0.112261, 0.72126704, 0.3152315, 0.5041142, 0.45452815, 0.034931123, 0.90084577, 0.14610386, 0.9950192, 0.61519957, 0.9482431] |
| 3 |   75 |0.37142858 | 5000 |      f5 |     375 |481.0694 |   477.0 |    0,85 |-0,0060 |1592521416025 |[0.6935864, 0.83206946, 0.58733606, 0.5528574, 0.112261, 0.72126704, 0.3152315, 0.5041142, 0.45452815, 0.034931123, 0.90084577, 0.14610386, 0.9950192, 0.61519957, 0.9482431] |
| 3 |   75 |  0.45 | 5000 |      f5 |     375 |481.0694 |   477.0 |    0,85 |-0,0060 |1592521416025 |[0.6935864, 0.83206946, 0.58733606, 0.5528574, 0.112261, 0.72126704, 0.3152315, 0.5041142, 0.45452815, 0.034931123, 0.90084577, 0.14610386, 0.9950192, 0.61519957, 0.9482431] |
| 3 |   75 |  0.45 | 5000 |      f5 |     375 |481.0694 |   477.0 |    0,85 |  6,2 |1592521416025 |[0.6935864, 0.83206946, 0.58733606, 0.5528574, 0.112261, 0.72126704, 0.3152315, 0.5041142, 0.45452815, 0.034931123, 0.90084577, 0.14610386, 0.9950192, 0.61519957, 0.9482431] |
| 4 |   50 |  0.25 | 5000 |      f5 |     375 |481.0694 |   477.0 |    0,85 |-0,0050 |1592521422226 |[0.416974, 0.5504196, 0.29832155, 0.18241972, 0.45582652, 0.9771262, 0.9157583, 0.97959197, 0.83362365, 0.32564408, 0.7137185, 0.75804186, 0.5149936, 0.39129484, 0.92139566] |
| 4 |   50 |  0.34 | 5000 |      f5 |     375 |481.0694 |   477.0 |    0,85 |-0,0050 |1592521422226 |[0.416974, 0.5504196, 0.29832155, 0.18241972, 0.45582652, 0.9771262, 0.9157583, 0.97959197, 0.83362365, 0.32564408, 0.7137185, 0.75804186, 0.5149936, 0.39129484, 0.92139566] |
| 4 |   50 |  0.26 | 5000 |      f5 |     375 |481.0694 |   477.0 |    0,85 |-0,0050 |1592521422226 |[0.416974, 0.5504196, 0.29832155, 0.18241972, 0.45582652, 0.9771262, 0.9157583, 0.97959197, 0.83362365, 0.32564408, 0.7137185, 0.75804186, 0.5149936, 0.39129484, 0.92139566] |
| 4 |   55 |   0.3 | 5000 |      f5 |     375 |481.0694 |   477.0 |    0,85 |-0,0050 |1592521422226 |[0.025006771, 0.52050424, 0.30218214, 0.03217542, 0.092926025, 0.44053447, 0.5734297, 0.53585386, 0.51213646, 0.906793, 0.88847995, 0.8645013, 0.86005104, 0.17154354, 0.8258835] |
| 4 |   55 |  0.45 | 5000 |      f5 |     375 |481.0694 |   477.0 |    0,85 |-0,0050 |1592521422226 |[0.025006771, 0.52050424, 0.30218214, 0.03217542, 0.092926025, 0.44053447, 0.5734297, 0.53585386, 0.51213646, 0.906793, 0.88847995, 0.8645013, 0.86005104, 0.17154354, 0.8258835] |
| 4 |   55 |0.3272727 | 5000 |      f5 |     375 |481.0694 |   477.0 |    0,85 |-0,0050 |1592521422226 |[0.025006771, 0.52050424, 0.30218214, 0.03217542, 0.092926025, 0.44053447, 0.5734297, 0.53585386, 0.51213646, 0.906793, 0.88847995, 0.8645013, 0.86005104, 0.17154354, 0.8258835] |
| 4 |   55 |0.29090908 | 5000 |      f5 |     375 |481.0694 |   477.0 |    0,85 |-0,0050 |1592521422226 |[0.025006771, 0.52050424, 0.30218214, 0.03217542, 0.092926025, 0.44053447, 0.5734297, 0.53585386, 0.51213646, 0.906793, 0.88847995, 0.8645013, 0.86005104, 0.17154354, 0.8258835] |
| 4 |   60 |0.34545454 | 5000 |      f5 |     375 |481.0694 |   477.0 |    0,85 |-0,0050 |1592521422226 |[0.025006771, 0.52050424, 0.30218214, 0.03217542, 0.092926025, 0.44053447, 0.5734297, 0.53585386, 0.51213646, 0.906793, 0.88847995, 0.8645013, 0.86005104, 0.17154354, 0.8258835] |
| 4 |   60 |  0.45 | 5000 |      f5 |     375 |481.0694 |   477.0 |    0,85 |-0,0050 |1592521422226 |[0.025006771, 0.52050424, 0.30218214, 0.03217542, 0.092926025, 0.44053447, 0.5734297, 0.53585386, 0.51213646, 0.906793, 0.88847995, 0.8645013, 0.86005104, 0.17154354, 0.8258835] |
| 4 |   60 |  0.35 | 5000 |      f5 |     375 |481.0694 |   477.0 |    0,85 |-0,0050 |1592521422226 |[0.025006771, 0.52050424, 0.30218214, 0.03217542, 0.092926025, 0.44053447, 0.5734297, 0.53585386, 0.51213646, 0.906793, 0.88847995, 0.8645013, 0.86005104, 0.17154354, 0.8258835] |
| 4 |   60 |0.31666666 | 5000 |      f5 |     375 |481.0694 |   477.0 |    0,85 |-0,0050 |1592521422226 |[0.55186105, 0.78614277, 0.636295, 0.41447413, 0.31057662, 0.027341247, 0.27098393, 0.41719806, 0.106963634, 0.2983542, 0.12830889, 0.09031963, 0.054697752, 0.25346696, 0.0013985038] |
| 4 |   65 |0.43333334 | 5000 |      f5 |     375 |481.0694 |   477.0 |    0,85 |-0,0050 |1592521422226 |[0.55186105, 0.78614277, 0.636295, 0.41447413, 0.31057662, 0.027341247, 0.27098393, 0.41719806, 0.106963634, 0.2983542, 0.12830889, 0.09031963, 0.054697752, 0.25346696, 0.0013985038] |
| 4 |   65 |  0.45 | 5000 |      f5 |     375 |481.0694 |   477.0 |    0,85 |-0,0050 |1592521422226 |[0.55186105, 0.78614277, 0.636295, 0.41447413, 0.31057662, 0.027341247, 0.27098393, 0.41719806, 0.106963634, 0.2983542, 0.12830889, 0.09031963, 0.054697752, 0.25346696, 0.0013985038] |
| 4 |   65 |  0.45 | 5000 |      f5 |     375 |481.0694 |   477.0 |    0,85 |-0,0050 |1592521422226 |[0.55186105, 0.78614277, 0.636295, 0.41447413, 0.31057662, 0.027341247, 0.27098393, 0.41719806, 0.106963634, 0.2983542, 0.12830889, 0.09031963, 0.054697752, 0.25346696, 0.0013985038] |
| 4 |   65 |0.3846154 | 5000 |      f5 |     375 |481.0694 |   477.0 |    0,85 |-0,0050 |1592521422226 |[0.55186105, 0.78614277, 0.636295, 0.41447413, 0.31057662, 0.027341247, 0.27098393, 0.41719806, 0.106963634, 0.2983542, 0.12830889, 0.09031963, 0.054697752, 0.25346696, 0.0013985038] |
| 4 |   70 |0.36923078 | 5000 |      f5 |     375 |481.0694 |   477.0 |    0,85 |-0,0050 |1592521422226 |[0.55186105, 0.78614277, 0.636295, 0.41447413, 0.31057662, 0.027341247, 0.27098393, 0.41719806, 0.106963634, 0.2983542, 0.12830889, 0.09031963, 0.054697752, 0.25346696, 0.0013985038] |
| 4 |   70 |  0.45 | 5000 |      f5 |     375 |481.0694 |   477.0 |    0,85 |-0,0050 |1592521422226 |[0.55186105, 0.78614277, 0.636295, 0.41447413, 0.31057662, 0.027341247, 0.27098393, 0.41719806, 0.106963634, 0.2983542, 0.12830889, 0.09031963, 0.054697752, 0.25346696, 0.0013985038] |
| 4 |   70 |0.44285715 | 5000 |      f5 |     375 |481.0694 |   477.0 |    0,85 |-0,0050 |1592521422226 |[0.55186105, 0.78614277, 0.636295, 0.41447413, 0.31057662, 0.027341247, 0.27098393, 0.41719806, 0.106963634, 0.2983542, 0.12830889, 0.09031963, 0.054697752, 0.25346696, 0.0013985038] |
| 4 |   70 |0.34285715 | 5000 |      f5 |     375 |481.0694 |   477.0 |    0,85 |-0,0050 |1592521422226 |[0.55186105, 0.78614277, 0.636295, 0.41447413, 0.31057662, 0.027341247, 0.27098393, 0.41719806, 0.106963634, 0.2983542, 0.12830889, 0.09031963, 0.054697752, 0.25346696, 0.0013985038] |
| 4 |   75 |0.25714287 | 5000 |      f5 |     375 |481.0694 |   477.0 |    0,85 |-0,0050 |1592521422226 |[0.55186105, 0.78614277, 0.636295, 0.41447413, 0.31057662, 0.027341247, 0.27098393, 0.41719806, 0.106963634, 0.2983542, 0.12830889, 0.09031963, 0.054697752, 0.25346696, 0.0013985038] |
| 4 |   75 |  0.45 | 5000 |      f5 |     375 |481.0694 |   477.0 |    0,85 |-0,0050 |1592521422226 |[0.55186105, 0.78614277, 0.636295, 0.41447413, 0.31057662, 0.027341247, 0.27098393, 0.41719806, 0.106963634, 0.2983542, 0.12830889, 0.09031963, 0.054697752, 0.25346696, 0.0013985038] |
| 4 |   75 |  0.45 | 5000 |      f5 |     375 |481.0694 |   477.0 |    0,85 |  6,2 |1592521422226 |[0.55186105, 0.78614277, 0.636295, 0.41447413, 0.31057662, 0.027341247, 0.27098393, 0.41719806, 0.106963634, 0.2983542, 0.12830889, 0.09031963, 0.054697752, 0.25346696, 0.0013985038] |
| 5 |   50 |  0.25 | 5000 |      f5 |     375 |481.0694 |   477.0 |    0,85 |-0,0020 |1592521428445 |[0.23959637, 0.32410574, 0.39863604, 0.93197715, 0.6356083, 0.8886672, 0.037150204, 0.26150936, 0.50449795, 0.67566985, 0.24850088, 0.7910454, 0.8581084, 0.68387026, 0.78054404] |
| 5 |   50 |  0.36 | 5000 |      f5 |     375 |481.0694 |   477.0 |    0,85 |-0,0020 |1592521428445 |[0.23959637, 0.32410574, 0.39863604, 0.93197715, 0.6356083, 0.8886672, 0.037150204, 0.26150936, 0.50449795, 0.67566985, 0.24850088, 0.7910454, 0.8581084, 0.68387026, 0.78054404] |
| 5 |   50 |  0.38 | 5000 |      f5 |     375 |481.0694 |   477.0 |    0,85 |-0,0020 |1592521428445 |[0.23959637, 0.32410574, 0.39863604, 0.93197715, 0.6356083, 0.8886672, 0.037150204, 0.26150936, 0.50449795, 0.67566985, 0.24850088, 0.7910454, 0.8581084, 0.68387026, 0.78054404] |
| 5 |   55 |  0.26 | 5000 |      f5 |     375 |481.0694 |   477.0 |    0,85 |-0,0020 |1592521428445 |[0.23959637, 0.32410574, 0.39863604, 0.93197715, 0.6356083, 0.8886672, 0.037150204, 0.26150936, 0.50449795, 0.67566985, 0.24850088, 0.7910454, 0.8581084, 0.68387026, 0.78054404] |
| 5 |   55 |  0.45 | 5000 |      f5 |     375 |481.0694 |   477.0 |    0,85 |-0,0020 |1592521428445 |[0.23959637, 0.32410574, 0.39863604, 0.93197715, 0.6356083, 0.8886672, 0.037150204, 0.26150936, 0.50449795, 0.67566985, 0.24850088, 0.7910454, 0.8581084, 0.68387026, 0.78054404] |
| 5 |   55 |0.36363637 | 5000 |      f5 |     375 |481.0694 |   477.0 |    0,85 |-0,0020 |1592521428445 |[0.23959637, 0.32410574, 0.39863604, 0.93197715, 0.6356083, 0.8886672, 0.037150204, 0.26150936, 0.50449795, 0.67566985, 0.24850088, 0.7910454, 0.8581084, 0.68387026, 0.78054404] |
| 5 |   55 |0.43636364 | 5000 |      f5 |     375 |481.0694 |   477.0 |    0,85 |-0,0020 |1592521428445 |[0.23959637, 0.32410574, 0.39863604, 0.93197715, 0.6356083, 0.8886672, 0.037150204, 0.26150936, 0.50449795, 0.67566985, 0.24850088, 0.7910454, 0.8581084, 0.68387026, 0.78054404] |
| 5 |   60 |   0.4 | 5000 |      f5 |     375 |481.0694 |   477.0 |    0,85 |-0,0020 |1592521428445 |[0.23959637, 0.32410574, 0.39863604, 0.93197715, 0.6356083, 0.8886672, 0.037150204, 0.26150936, 0.50449795, 0.67566985, 0.24850088, 0.7910454, 0.8581084, 0.68387026, 0.78054404] |
| 5 |   60 |  0.45 | 5000 |      f5 |     375 |481.0694 |   477.0 |    0,85 |-0,0020 |1592521428445 |[0.23959637, 0.32410574, 0.39863604, 0.93197715, 0.6356083, 0.8886672, 0.037150204, 0.26150936, 0.50449795, 0.67566985, 0.24850088, 0.7910454, 0.8581084, 0.68387026, 0.78054404] |
| 5 |   60 |0.38333333 | 5000 |      f5 |     375 |481.0694 |   477.0 |    0,85 |-0,0020 |1592521428445 |[0.23959637, 0.32410574, 0.39863604, 0.93197715, 0.6356083, 0.8886672, 0.037150204, 0.26150936, 0.50449795, 0.67566985, 0.24850088, 0.7910454, 0.8581084, 0.68387026, 0.78054404] |
| 5 |   60 |0.38333333 | 5000 |      f5 |     375 |481.0694 |   477.0 |    0,85 |-0,0020 |1592521428445 |[0.23959637, 0.32410574, 0.39863604, 0.93197715, 0.6356083, 0.8886672, 0.037150204, 0.26150936, 0.50449795, 0.67566985, 0.24850088, 0.7910454, 0.8581084, 0.68387026, 0.78054404] |
| 5 |   65 |0.41666666 | 5000 |      f5 |     375 |481.0694 |   477.0 |    0,85 |-0,0020 |1592521428445 |[0.23959637, 0.32410574, 0.39863604, 0.93197715, 0.6356083, 0.8886672, 0.037150204, 0.26150936, 0.50449795, 0.67566985, 0.24850088, 0.7910454, 0.8581084, 0.68387026, 0.78054404] |
| 5 |   65 |  0.45 | 5000 |      f5 |     375 |481.0694 |   477.0 |    0,85 |-0,0020 |1592521428445 |[0.23959637, 0.32410574, 0.39863604, 0.93197715, 0.6356083, 0.8886672, 0.037150204, 0.26150936, 0.50449795, 0.67566985, 0.24850088, 0.7910454, 0.8581084, 0.68387026, 0.78054404] |
| 5 |   65 |0.35384616 | 5000 |      f5 |     375 |481.0694 |   477.0 |    0,85 |-0,0020 |1592521428445 |[0.23959637, 0.32410574, 0.39863604, 0.93197715, 0.6356083, 0.8886672, 0.037150204, 0.26150936, 0.50449795, 0.67566985, 0.24850088, 0.7910454, 0.8581084, 0.68387026, 0.78054404] |
| 5 |   65 |0.2769231 | 5000 |      f5 |     375 |481.0694 |   477.0 |    0,85 |-0,0020 |1592521428445 |[0.23959637, 0.32410574, 0.39863604, 0.93197715, 0.6356083, 0.8886672, 0.037150204, 0.26150936, 0.50449795, 0.67566985, 0.24850088, 0.7910454, 0.8581084, 0.68387026, 0.78054404] |
| 5 |   70 |0.41538462 | 5000 |      f5 |     375 |481.0694 |   477.0 |    0,85 |-0,0020 |1592521428445 |[0.23959637, 0.32410574, 0.39863604, 0.93197715, 0.6356083, 0.8886672, 0.037150204, 0.26150936, 0.50449795, 0.67566985, 0.24850088, 0.7910454, 0.8581084, 0.68387026, 0.78054404] |
| 5 |   70 |  0.45 | 5000 |      f5 |     375 |481.0694 |   477.0 |    0,85 |-0,0020 |1592521428445 |[0.23959637, 0.32410574, 0.39863604, 0.93197715, 0.6356083, 0.8886672, 0.037150204, 0.26150936, 0.50449795, 0.67566985, 0.24850088, 0.7910454, 0.8581084, 0.68387026, 0.78054404] |
| 5 |   70 |0.34285715 | 5000 |      f5 |     375 |481.0694 |   477.0 |    0,85 |-0,0020 |1592521428445 |[0.23959637, 0.32410574, 0.39863604, 0.93197715, 0.6356083, 0.8886672, 0.037150204, 0.26150936, 0.50449795, 0.67566985, 0.24850088, 0.7910454, 0.8581084, 0.68387026, 0.78054404] |
| 5 |   70 |0.34285715 | 5000 |      f5 |     375 |481.0694 |   477.0 |    0,85 |-0,0020 |1592521428445 |[0.23959637, 0.32410574, 0.39863604, 0.93197715, 0.6356083, 0.8886672, 0.037150204, 0.26150936, 0.50449795, 0.67566985, 0.24850088, 0.7910454, 0.8581084, 0.68387026, 0.78054404] |
| 5 |   75 |0.3857143 | 5000 |      f5 |     375 |481.0694 |   477.0 |    0,85 |-0,0020 |1592521428445 |[0.23959637, 0.32410574, 0.39863604, 0.93197715, 0.6356083, 0.8886672, 0.037150204, 0.26150936, 0.50449795, 0.67566985, 0.24850088, 0.7910454, 0.8581084, 0.68387026, 0.78054404] |
| 5 |   75 |  0.45 | 5000 |      f5 |     375 |481.0694 |   477.0 |    0,85 |-0,0020 |1592521428445 |[0.23959637, 0.32410574, 0.39863604, 0.93197715, 0.6356083, 0.8886672, 0.037150204, 0.26150936, 0.50449795, 0.67566985, 0.24850088, 0.7910454, 0.8581084, 0.68387026, 0.78054404] |
| 5 |   75 |  0.45 | 5000 |      f5 |     375 |481.0694 |   477.0 |    0,85 |  6,2 |1592521428445 |[0.23959637, 0.32410574, 0.39863604, 0.93197715, 0.6356083, 0.8886672, 0.037150204, 0.26150936, 0.50449795, 0.67566985, 0.24850088, 0.7910454, 0.8581084, 0.68387026, 0.78054404] |
| 6 |   50 |  0.25 | 5000 |      f5 |     375 |481.0694 |   477.0 |    0,85 |-0,0060 |1592521434627 |[0.7145384, 0.017980993, 0.3091693, 0.44685996, 0.82617104, 0.69759715, 0.43596566, 0.6351198, 0.8628845, 0.3601684, 0.4771154, 0.52005327, 0.69771576, 0.47310603, 0.0043688416] |
| 6 |   50 |  0.36 | 5000 |      f5 |     375 |481.0694 |   477.0 |    0,85 |-0,0060 |1592521434627 |[0.7145384, 0.017980993, 0.3091693, 0.44685996, 0.82617104, 0.69759715, 0.43596566, 0.6351198, 0.8628845, 0.3601684, 0.4771154, 0.52005327, 0.69771576, 0.47310603, 0.0043688416] |
| 6 |   50 |   0.3 | 5000 |      f5 |     375 |481.0694 |   477.0 |    0,85 |-0,0060 |1592521434627 |[0.7145384, 0.017980993, 0.3091693, 0.44685996, 0.82617104, 0.69759715, 0.43596566, 0.6351198, 0.8628845, 0.3601684, 0.4771154, 0.52005327, 0.69771576, 0.47310603, 0.0043688416] |
| 6 |   55 |   0.4 | 5000 |      f5 |     375 |481.0694 |   477.0 |    0,85 |-0,0060 |1592521434627 |[0.7145384, 0.017980993, 0.3091693, 0.44685996, 0.82617104, 0.69759715, 0.43596566, 0.6351198, 0.8628845, 0.3601684, 0.4771154, 0.52005327, 0.69771576, 0.47310603, 0.0043688416] |
| 6 |   55 |  0.45 | 5000 |      f5 |     375 |481.0694 |   477.0 |    0,85 |-0,0060 |1592521434627 |[0.7145384, 0.017980993, 0.3091693, 0.44685996, 0.82617104, 0.69759715, 0.43596566, 0.6351198, 0.8628845, 0.3601684, 0.4771154, 0.52005327, 0.69771576, 0.47310603, 0.0043688416] |
| 6 |   55 |0.36363637 | 5000 |      f5 |     375 |481.0694 |   477.0 |    0,85 |-0,0060 |1592521434627 |[0.7145384, 0.017980993, 0.3091693, 0.44685996, 0.82617104, 0.69759715, 0.43596566, 0.6351198, 0.8628845, 0.3601684, 0.4771154, 0.52005327, 0.69771576, 0.47310603, 0.0043688416] |
| 6 |   55 |   0.4 | 5000 |      f5 |     375 |481.0694 |   477.0 |    0,85 |-0,0060 |1592521434627 |[0.7145384, 0.017980993, 0.3091693, 0.44685996, 0.82617104, 0.69759715, 0.43596566, 0.6351198, 0.8628845, 0.3601684, 0.4771154, 0.52005327, 0.69771576, 0.47310603, 0.0043688416] |
| 6 |   60 |0.34545454 | 5000 |      f5 |     375 |481.0694 |   477.0 |    0,85 |-0,0060 |1592521434627 |[0.7145384, 0.017980993, 0.3091693, 0.44685996, 0.82617104, 0.69759715, 0.43596566, 0.6351198, 0.8628845, 0.3601684, 0.4771154, 0.52005327, 0.69771576, 0.47310603, 0.0043688416] |
| 6 |   60 |  0.45 | 5000 |      f5 |     375 |481.0694 |   477.0 |    0,85 |-0,0060 |1592521434627 |[0.7145384, 0.017980993, 0.3091693, 0.44685996, 0.82617104, 0.69759715, 0.43596566, 0.6351198, 0.8628845, 0.3601684, 0.4771154, 0.52005327, 0.69771576, 0.47310603, 0.0043688416] |
| 6 |   60 |   0.4 | 5000 |      f5 |     375 |481.0694 |   477.0 |    0,85 |-0,0060 |1592521434627 |[0.7145384, 0.017980993, 0.3091693, 0.44685996, 0.82617104, 0.69759715, 0.43596566, 0.6351198, 0.8628845, 0.3601684, 0.4771154, 0.52005327, 0.69771576, 0.47310603, 0.0043688416] |
| 6 |   60 |  0.35 | 5000 |      f5 |     375 |481.0694 |   477.0 |    0,85 |-0,0060 |1592521434627 |[0.7145384, 0.017980993, 0.3091693, 0.44685996, 0.82617104, 0.69759715, 0.43596566, 0.6351198, 0.8628845, 0.3601684, 0.4771154, 0.52005327, 0.69771576, 0.47310603, 0.0043688416] |
| 6 |   65 |   0.4 | 5000 |      f5 |     375 |481.0694 |   477.0 |    0,85 |-0,0060 |1592521434627 |[0.7145384, 0.017980993, 0.3091693, 0.44685996, 0.82617104, 0.69759715, 0.43596566, 0.6351198, 0.8628845, 0.3601684, 0.4771154, 0.52005327, 0.69771576, 0.47310603, 0.0043688416] |
| 6 |   65 |  0.45 | 5000 |      f5 |     375 |481.0694 |   477.0 |    0,85 |-0,0060 |1592521434627 |[0.7145384, 0.017980993, 0.3091693, 0.44685996, 0.82617104, 0.69759715, 0.43596566, 0.6351198, 0.8628845, 0.3601684, 0.4771154, 0.52005327, 0.69771576, 0.47310603, 0.0043688416] |
| 6 |   65 |0.36923078 | 5000 |      f5 |     375 |481.0694 |   477.0 |    0,85 |-0,0060 |1592521434627 |[0.7145384, 0.017980993, 0.3091693, 0.44685996, 0.82617104, 0.69759715, 0.43596566, 0.6351198, 0.8628845, 0.3601684, 0.4771154, 0.52005327, 0.69771576, 0.47310603, 0.0043688416] |
| 6 |   65 |0.35384616 | 5000 |      f5 |     375 |481.0694 |   477.0 |    0,85 |-0,0060 |1592521434627 |[0.7145384, 0.017980993, 0.3091693, 0.44685996, 0.82617104, 0.69759715, 0.43596566, 0.6351198, 0.8628845, 0.3601684, 0.4771154, 0.52005327, 0.69771576, 0.47310603, 0.0043688416] |
| 6 |   70 |0.44615385 | 5000 |      f5 |     375 |481.0694 |   477.0 |    0,85 |-0,0060 |1592521434627 |[0.7145384, 0.017980993, 0.3091693, 0.44685996, 0.82617104, 0.69759715, 0.43596566, 0.6351198, 0.8628845, 0.3601684, 0.4771154, 0.52005327, 0.69771576, 0.47310603, 0.0043688416] |
| 6 |   70 |  0.45 | 5000 |      f5 |     375 |481.0694 |   477.0 |    0,85 |-0,0060 |1592521434627 |[0.7145384, 0.017980993, 0.3091693, 0.44685996, 0.82617104, 0.69759715, 0.43596566, 0.6351198, 0.8628845, 0.3601684, 0.4771154, 0.52005327, 0.69771576, 0.47310603, 0.0043688416] |
| 6 |   70 |0.37142858 | 5000 |      f5 |     375 |481.0694 |   477.0 |    0,85 |-0,0060 |1592521434627 |[0.7145384, 0.017980993, 0.3091693, 0.44685996, 0.82617104, 0.69759715, 0.43596566, 0.6351198, 0.8628845, 0.3601684, 0.4771154, 0.52005327, 0.69771576, 0.47310603, 0.0043688416] |
| 6 |   70 |   0.4 | 5000 |      f5 |     375 |481.0694 |   477.0 |    0,85 |-0,0060 |1592521434627 |[0.7145384, 0.017980993, 0.3091693, 0.44685996, 0.82617104, 0.69759715, 0.43596566, 0.6351198, 0.8628845, 0.3601684, 0.4771154, 0.52005327, 0.69771576, 0.47310603, 0.0043688416] |
| 6 |   75 |0.35714287 | 5000 |      f5 |     375 |481.0694 |   477.0 |    0,85 |-0,0060 |1592521434627 |[0.7145384, 0.017980993, 0.3091693, 0.44685996, 0.82617104, 0.69759715, 0.43596566, 0.6351198, 0.8628845, 0.3601684, 0.4771154, 0.52005327, 0.69771576, 0.47310603, 0.0043688416] |
| 6 |   75 |  0.45 | 5000 |      f5 |     375 |481.0694 |   477.0 |    0,85 |-0,0060 |1592521434627 |[0.7145384, 0.017980993, 0.3091693, 0.44685996, 0.82617104, 0.69759715, 0.43596566, 0.6351198, 0.8628845, 0.3601684, 0.4771154, 0.52005327, 0.69771576, 0.47310603, 0.0043688416] |
| 6 |   75 |  0.45 | 5000 |      f5 |     375 |481.0694 |   477.0 |    0,85 |  6,2 |1592521434627 |[0.7145384, 0.017980993, 0.3091693, 0.44685996, 0.82617104, 0.69759715, 0.43596566, 0.6351198, 0.8628845, 0.3601684, 0.4771154, 0.52005327, 0.69771576, 0.47310603, 0.0043688416] |
| 7 |   50 |  0.25 | 5000 |      f5 |     375 |481.0694 |   477.0 |    0,85 |-0,0060 |1592521440831 |[0.9546068, 0.9750165, 0.2905516, 0.0065292716, 0.24745655, 0.9719479, 0.5442172, 0.7152423, 0.20475656, 0.5877119, 0.20853746, 0.50466835, 0.9036982, 0.6659677, 0.17313772] |
| 7 |   50 |   0.3 | 5000 |      f5 |     375 |481.0694 |   477.0 |    0,85 |-0,0060 |1592521440831 |[0.79382807, 0.5521235, 0.18443692, 0.54588103, 0.5816419, 0.8547839, 0.5504929, 0.7474475, 0.42612904, 0.3025474, 0.29217464, 0.19768822, 0.6961416, 0.56586087, 0.24296522] |
| 7 |   50 |  0.44 | 5000 |      f5 |     375 |481.0694 |   477.0 |    0,85 |-0,0060 |1592521440831 |[0.79382807, 0.5521235, 0.18443692, 0.54588103, 0.5816419, 0.8547839, 0.5504929, 0.7474475, 0.42612904, 0.3025474, 0.29217464, 0.19768822, 0.6961416, 0.56586087, 0.24296522] |
| 7 |   55 |   0.4 | 5000 |      f5 |     375 |481.0694 |   477.0 |    0,85 |-0,0060 |1592521440831 |[0.79382807, 0.5521235, 0.18443692, 0.54588103, 0.5816419, 0.8547839, 0.5504929, 0.7474475, 0.42612904, 0.3025474, 0.29217464, 0.19768822, 0.6961416, 0.56586087, 0.24296522] |
| 7 |   55 |  0.45 | 5000 |      f5 |     375 |481.0694 |   477.0 |    0,85 |-0,0060 |1592521440831 |[0.79382807, 0.5521235, 0.18443692, 0.54588103, 0.5816419, 0.8547839, 0.5504929, 0.7474475, 0.42612904, 0.3025474, 0.29217464, 0.19768822, 0.6961416, 0.56586087, 0.24296522] |
| 7 |   55 |0.38181818 | 5000 |      f5 |     375 |481.0694 |   477.0 |    0,85 |-0,0060 |1592521440831 |[0.79382807, 0.5521235, 0.18443692, 0.54588103, 0.5816419, 0.8547839, 0.5504929, 0.7474475, 0.42612904, 0.3025474, 0.29217464, 0.19768822, 0.6961416, 0.56586087, 0.24296522] |
| 7 |   55 |0.43636364 | 5000 |      f5 |     375 |481.0694 |   477.0 |    0,85 |-0,0060 |1592521440831 |[0.79382807, 0.5521235, 0.18443692, 0.54588103, 0.5816419, 0.8547839, 0.5504929, 0.7474475, 0.42612904, 0.3025474, 0.29217464, 0.19768822, 0.6961416, 0.56586087, 0.24296522] |
| 7 |   60 |   0.4 | 5000 |      f5 |     375 |481.0694 |   477.0 |    0,85 |-0,0060 |1592521440831 |[0.79382807, 0.5521235, 0.18443692, 0.54588103, 0.5816419, 0.8547839, 0.5504929, 0.7474475, 0.42612904, 0.3025474, 0.29217464, 0.19768822, 0.6961416, 0.56586087, 0.24296522] |
| 7 |   60 |  0.45 | 5000 |      f5 |     375 |481.0694 |   477.0 |    0,85 |-0,0060 |1592521440831 |[0.79382807, 0.5521235, 0.18443692, 0.54588103, 0.5816419, 0.8547839, 0.5504929, 0.7474475, 0.42612904, 0.3025474, 0.29217464, 0.19768822, 0.6961416, 0.56586087, 0.24296522] |
| 7 |   60 |0.31666666 | 5000 |      f5 |     375 |481.0694 |   477.0 |    0,85 |-0,0060 |1592521440831 |[0.79382807, 0.5521235, 0.18443692, 0.54588103, 0.5816419, 0.8547839, 0.5504929, 0.7474475, 0.42612904, 0.3025474, 0.29217464, 0.19768822, 0.6961416, 0.56586087, 0.24296522] |
| 7 |   60 |  0.35 | 5000 |      f5 |     375 |481.0694 |   477.0 |    0,85 |-0,0060 |1592521440831 |[0.79382807, 0.5521235, 0.18443692, 0.54588103, 0.5816419, 0.8547839, 0.5504929, 0.7474475, 0.42612904, 0.3025474, 0.29217464, 0.19768822, 0.6961416, 0.56586087, 0.24296522] |
| 7 |   65 |   0.3 | 5000 |      f5 |     375 |481.0694 |   477.0 |    0,85 |-0,0060 |1592521440831 |[0.79382807, 0.5521235, 0.18443692, 0.54588103, 0.5816419, 0.8547839, 0.5504929, 0.7474475, 0.42612904, 0.3025474, 0.29217464, 0.19768822, 0.6961416, 0.56586087, 0.24296522] |
| 7 |   65 |  0.45 | 5000 |      f5 |     375 |481.0694 |   477.0 |    0,85 |-0,0060 |1592521440831 |[0.79382807, 0.5521235, 0.18443692, 0.54588103, 0.5816419, 0.8547839, 0.5504929, 0.7474475, 0.42612904, 0.3025474, 0.29217464, 0.19768822, 0.6961416, 0.56586087, 0.24296522] |
| 7 |   65 |0.35384616 | 5000 |      f5 |     375 |481.0694 |   477.0 |    0,85 |-0,0060 |1592521440831 |[0.79382807, 0.5521235, 0.18443692, 0.54588103, 0.5816419, 0.8547839, 0.5504929, 0.7474475, 0.42612904, 0.3025474, 0.29217464, 0.19768822, 0.6961416, 0.56586087, 0.24296522] |
| 7 |   65 |   0.4 | 5000 |      f5 |     375 |481.0694 |   477.0 |    0,85 |-0,0060 |1592521440831 |[0.79382807, 0.5521235, 0.18443692, 0.54588103, 0.5816419, 0.8547839, 0.5504929, 0.7474475, 0.42612904, 0.3025474, 0.29217464, 0.19768822, 0.6961416, 0.56586087, 0.24296522] |
| 7 |   70 |0.43076923 | 5000 |      f5 |     375 |481.0694 |   477.0 |    0,85 |-0,0060 |1592521440831 |[0.79382807, 0.5521235, 0.18443692, 0.54588103, 0.5816419, 0.8547839, 0.5504929, 0.7474475, 0.42612904, 0.3025474, 0.29217464, 0.19768822, 0.6961416, 0.56586087, 0.24296522] |
| 7 |   70 |  0.45 | 5000 |      f5 |     375 |481.0694 |   477.0 |    0,85 |-0,0060 |1592521440831 |[0.79382807, 0.5521235, 0.18443692, 0.54588103, 0.5816419, 0.8547839, 0.5504929, 0.7474475, 0.42612904, 0.3025474, 0.29217464, 0.19768822, 0.6961416, 0.56586087, 0.24296522] |
| 7 |   70 |  0.45 | 5000 |      f5 |     375 |481.0694 |   477.0 |    0,85 |-0,0060 |1592521440831 |[0.79382807, 0.5521235, 0.18443692, 0.54588103, 0.5816419, 0.8547839, 0.5504929, 0.7474475, 0.42612904, 0.3025474, 0.29217464, 0.19768822, 0.6961416, 0.56586087, 0.24296522] |
| 7 |   70 |   0.4 | 5000 |      f5 |     375 |481.0694 |   477.0 |    0,85 |-0,0060 |1592521440831 |[0.79382807, 0.5521235, 0.18443692, 0.54588103, 0.5816419, 0.8547839, 0.5504929, 0.7474475, 0.42612904, 0.3025474, 0.29217464, 0.19768822, 0.6961416, 0.56586087, 0.24296522] |
| 7 |   75 |0.32857144 | 5000 |      f5 |     375 |481.0694 |   477.0 |    0,85 |-0,0060 |1592521440831 |[0.79382807, 0.5521235, 0.18443692, 0.54588103, 0.5816419, 0.8547839, 0.5504929, 0.7474475, 0.42612904, 0.3025474, 0.29217464, 0.19768822, 0.6961416, 0.56586087, 0.24296522] |
| 7 |   75 |  0.45 | 5000 |      f5 |     375 |481.0694 |   477.0 |    0,85 |-0,0060 |1592521440831 |[0.79382807, 0.5521235, 0.18443692, 0.54588103, 0.5816419, 0.8547839, 0.5504929, 0.7474475, 0.42612904, 0.3025474, 0.29217464, 0.19768822, 0.6961416, 0.56586087, 0.24296522] |
| 7 |   75 |  0.45 | 5000 |      f5 |     375 |481.0694 |   477.0 |    0,85 |  6,2 |1592521440831 |[0.79382807, 0.5521235, 0.18443692, 0.54588103, 0.5816419, 0.8547839, 0.5504929, 0.7474475, 0.42612904, 0.3025474, 0.29217464, 0.19768822, 0.6961416, 0.56586087, 0.24296522] |
| 8 |   50 |  0.25 | 5000 |      f5 |     375 |481.0694 |   477.0 |    0,85 |-0,0020 |1592521446994 |[0.85948706, 0.9635287, 0.08107579, 0.6395912, 0.39169818, 0.28593558, 0.132451, 0.7212448, 0.7174149, 0.3348084, 0.67053866, 0.7469537, 0.18789315, 0.8086775, 0.6222707] |
| 8 |   50 |  0.38 | 5000 |      f5 |     375 |481.0694 |   477.0 |    0,85 |-0,0020 |1592521446994 |[0.85948706, 0.9635287, 0.08107579, 0.6395912, 0.39169818, 0.28593558, 0.132451, 0.7212448, 0.7174149, 0.3348084, 0.67053866, 0.7469537, 0.18789315, 0.8086775, 0.6222707] |
| 8 |   50 |  0.28 | 5000 |      f5 |     375 |481.0694 |   477.0 |    0,85 |-0,0020 |1592521446994 |[0.85948706, 0.9635287, 0.08107579, 0.6395912, 0.39169818, 0.28593558, 0.132451, 0.7212448, 0.7174149, 0.3348084, 0.67053866, 0.7469537, 0.18789315, 0.8086775, 0.6222707] |
| 8 |   55 |  0.26 | 5000 |      f5 |     375 |481.0694 |   477.0 |    0,85 |-0,0020 |1592521446994 |[0.85948706, 0.9635287, 0.08107579, 0.6395912, 0.39169818, 0.28593558, 0.132451, 0.7212448, 0.7174149, 0.3348084, 0.67053866, 0.7469537, 0.18789315, 0.8086775, 0.6222707] |
| 8 |   55 |  0.45 | 5000 |      f5 |     375 |481.0694 |   477.0 |    0,85 |-0,0020 |1592521446994 |[0.2621376, 0.048894763, 0.32651347, 0.19703406, 0.19467139, 0.6255279, 0.69941944, 0.16188616, 0.5831121, 0.25075662, 0.90464693, 0.43965596, 0.69857424, 0.332026, 0.8708798] |
| 8 |   55 |0.3272727 | 5000 |      f5 |     375 |481.0694 |   477.0 |    0,85 |-0,0020 |1592521446994 |[0.2621376, 0.048894763, 0.32651347, 0.19703406, 0.19467139, 0.6255279, 0.69941944, 0.16188616, 0.5831121, 0.25075662, 0.90464693, 0.43965596, 0.69857424, 0.332026, 0.8708798] |
| 8 |   55 |0.29090908 | 5000 |      f5 |     375 |481.0694 |   477.0 |    0,85 |-0,0020 |1592521446994 |[0.11705887, 0.13072956, 0.66221625, 0.6682229, 0.24174625, 0.15585738, 0.3651086, 0.22491878, 0.23049545, 0.26681602, 0.6361972, 0.79782784, 0.61240613, 0.8617809, 0.10146725] |
| 8 |   60 |0.4181818 | 5000 |      f5 |     375 |481.0694 |   477.0 |    0,85 |-0,0020 |1592521446994 |[0.11705887, 0.13072956, 0.66221625, 0.6682229, 0.24174625, 0.15585738, 0.3651086, 0.22491878, 0.23049545, 0.26681602, 0.6361972, 0.79782784, 0.61240613, 0.8617809, 0.10146725] |
| 8 |   60 |  0.45 | 5000 |      f5 |     375 |481.0694 |   477.0 |    0,85 |-0,0020 |1592521446994 |[0.11705887, 0.13072956, 0.66221625, 0.6682229, 0.24174625, 0.15585738, 0.3651086, 0.22491878, 0.23049545, 0.26681602, 0.6361972, 0.79782784, 0.61240613, 0.8617809, 0.10146725] |
| 8 |   60 |   0.3 | 5000 |      f5 |     375 |481.0694 |   477.0 |    0,85 |-0,0020 |1592521446994 |[0.27083528, 0.7570718, 0.10253626, 0.16226268, 0.39360076, 0.9196987, 0.8792927, 0.5965345, 0.10023767, 0.8628521, 0.081818104, 0.5385393, 0.87473357, 0.79791033, 0.55546606] |
| 8 |   60 |   0.3 | 5000 |      f5 |     375 |481.0694 |   477.0 |    0,85 |-0,0020 |1592521446994 |[0.27083528, 0.7570718, 0.10253626, 0.16226268, 0.39360076, 0.9196987, 0.8792927, 0.5965345, 0.10023767, 0.8628521, 0.081818104, 0.5385393, 0.87473357, 0.79791033, 0.55546606] |
| 8 |   65 |0.31666666 | 5000 |      f5 |     375 |481.0694 |   477.0 |    0,85 |-0,0020 |1592521446994 |[0.27083528, 0.7570718, 0.10253626, 0.16226268, 0.39360076, 0.9196987, 0.8792927, 0.5965345, 0.10023767, 0.8628521, 0.081818104, 0.5385393, 0.87473357, 0.79791033, 0.55546606] |
| 8 |   65 |  0.45 | 5000 |      f5 |     375 |481.0694 |   477.0 |    0,85 |-0,0020 |1592521446994 |[0.27083528, 0.7570718, 0.10253626, 0.16226268, 0.39360076, 0.9196987, 0.8792927, 0.5965345, 0.10023767, 0.8628521, 0.081818104, 0.5385393, 0.87473357, 0.79791033, 0.55546606] |
| 8 |   65 |0.41538462 | 5000 |      f5 |     375 |481.0694 |   477.0 |    0,85 |-0,0020 |1592521446994 |[0.27083528, 0.7570718, 0.10253626, 0.16226268, 0.39360076, 0.9196987, 0.8792927, 0.5965345, 0.10023767, 0.8628521, 0.081818104, 0.5385393, 0.87473357, 0.79791033, 0.55546606] |
| 8 |   65 |0.43076923 | 5000 |      f5 |     375 |481.0694 |   477.0 |    0,85 |-0,0020 |1592521446994 |[0.27083528, 0.7570718, 0.10253626, 0.16226268, 0.39360076, 0.9196987, 0.8792927, 0.5965345, 0.10023767, 0.8628521, 0.081818104, 0.5385393, 0.87473357, 0.79791033, 0.55546606] |
| 8 |   70 |0.30769232 | 5000 |      f5 |     375 |481.0694 |   477.0 |    0,85 |-0,0020 |1592521446994 |[0.27083528, 0.7570718, 0.10253626, 0.16226268, 0.39360076, 0.9196987, 0.8792927, 0.5965345, 0.10023767, 0.8628521, 0.081818104, 0.5385393, 0.87473357, 0.79791033, 0.55546606] |
| 8 |   70 |  0.45 | 5000 |      f5 |     375 |481.0694 |   477.0 |    0,85 |-0,0020 |1592521446994 |[0.27083528, 0.7570718, 0.10253626, 0.16226268, 0.39360076, 0.9196987, 0.8792927, 0.5965345, 0.10023767, 0.8628521, 0.081818104, 0.5385393, 0.87473357, 0.79791033, 0.55546606] |
| 8 |   70 |0.42857143 | 5000 |      f5 |     375 |481.0694 |   477.0 |    0,85 |-0,0020 |1592521446994 |[0.27083528, 0.7570718, 0.10253626, 0.16226268, 0.39360076, 0.9196987, 0.8792927, 0.5965345, 0.10023767, 0.8628521, 0.081818104, 0.5385393, 0.87473357, 0.79791033, 0.55546606] |
| 8 |   70 |0.32857144 | 5000 |      f5 |     375 |481.0694 |   477.0 |    0,85 |-0,0020 |1592521446994 |[0.27083528, 0.7570718, 0.10253626, 0.16226268, 0.39360076, 0.9196987, 0.8792927, 0.5965345, 0.10023767, 0.8628521, 0.081818104, 0.5385393, 0.87473357, 0.79791033, 0.55546606] |
| 8 |   75 |   0.3 | 5000 |      f5 |     375 |481.0694 |   477.0 |    0,85 |-0,0020 |1592521446994 |[0.27083528, 0.7570718, 0.10253626, 0.16226268, 0.39360076, 0.9196987, 0.8792927, 0.5965345, 0.10023767, 0.8628521, 0.081818104, 0.5385393, 0.87473357, 0.79791033, 0.55546606] |
| 8 |   75 |  0.45 | 5000 |      f5 |     375 |481.0694 |   477.0 |    0,85 |-0,0020 |1592521446994 |[0.27083528, 0.7570718, 0.10253626, 0.16226268, 0.39360076, 0.9196987, 0.8792927, 0.5965345, 0.10023767, 0.8628521, 0.081818104, 0.5385393, 0.87473357, 0.79791033, 0.55546606] |
| 8 |   75 |  0.45 | 5000 |      f5 |     375 |481.0694 |   477.0 |    0,85 |  6,2 |1592521446994 |[0.27083528, 0.7570718, 0.10253626, 0.16226268, 0.39360076, 0.9196987, 0.8792927, 0.5965345, 0.10023767, 0.8628521, 0.081818104, 0.5385393, 0.87473357, 0.79791033, 0.55546606] |
| 9 |   50 |  0.25 | 5000 |      f5 |     375 |481.0694 |   477.0 |    0,85 |-0,0050 |1592521453196 |[0.87902266, 0.13380814, 0.88481617, 0.88893694, 0.6256062, 0.41596204, 0.07277191, 0.67036796, 0.34599626, 0.9628014, 0.501901, 0.93141663, 0.3023064, 0.8087968, 0.808454] |
| 9 |   50 |  0.28 | 5000 |      f5 |     375 |481.0694 |   477.0 |    0,85 |-0,0050 |1592521453196 |[0.87902266, 0.13380814, 0.88481617, 0.88893694, 0.6256062, 0.41596204, 0.07277191, 0.67036796, 0.34599626, 0.9628014, 0.501901, 0.93141663, 0.3023064, 0.8087968, 0.808454] |
| 9 |   50 |  0.34 | 5000 |      f5 |     375 |481.0694 |   477.0 |    0,85 |-0,0050 |1592521453196 |[0.87902266, 0.13380814, 0.88481617, 0.88893694, 0.6256062, 0.41596204, 0.07277191, 0.67036796, 0.34599626, 0.9628014, 0.501901, 0.93141663, 0.3023064, 0.8087968, 0.808454] |
| 9 |   55 |  0.42 | 5000 |      f5 |     375 |481.0694 |   477.0 |    0,85 |-0,0050 |1592521453196 |[0.87902266, 0.13380814, 0.88481617, 0.88893694, 0.6256062, 0.41596204, 0.07277191, 0.67036796, 0.34599626, 0.9628014, 0.501901, 0.93141663, 0.3023064, 0.8087968, 0.808454] |
| 9 |   55 |  0.45 | 5000 |      f5 |     375 |481.0694 |   477.0 |    0,85 |-0,0050 |1592521453196 |[0.87902266, 0.13380814, 0.88481617, 0.88893694, 0.6256062, 0.41596204, 0.07277191, 0.67036796, 0.34599626, 0.9628014, 0.501901, 0.93141663, 0.3023064, 0.8087968, 0.808454] |
| 9 |   55 |   0.4 | 5000 |      f5 |     375 |481.0694 |   477.0 |    0,85 |-0,0050 |1592521453196 |[0.87902266, 0.13380814, 0.88481617, 0.88893694, 0.6256062, 0.41596204, 0.07277191, 0.67036796, 0.34599626, 0.9628014, 0.501901, 0.93141663, 0.3023064, 0.8087968, 0.808454] |
| 9 |   55 |0.38181818 | 5000 |      f5 |     375 |481.0694 |   477.0 |    0,85 |-0,0050 |1592521453196 |[0.87902266, 0.13380814, 0.88481617, 0.88893694, 0.6256062, 0.41596204, 0.07277191, 0.67036796, 0.34599626, 0.9628014, 0.501901, 0.93141663, 0.3023064, 0.8087968, 0.808454] |
| 9 |   60 |0.3272727 | 5000 |      f5 |     375 |481.0694 |   477.0 |    0,85 |-0,0050 |1592521453196 |[0.87902266, 0.13380814, 0.88481617, 0.88893694, 0.6256062, 0.41596204, 0.07277191, 0.67036796, 0.34599626, 0.9628014, 0.501901, 0.93141663, 0.3023064, 0.8087968, 0.808454] |
| 9 |   60 |  0.45 | 5000 |      f5 |     375 |481.0694 |   477.0 |    0,85 |-0,0050 |1592521453196 |[0.09446806, 0.019262612, 0.6616352, 0.56645983, 0.69446534, 0.49704057, 0.53274137, 0.7911523, 0.18247259, 0.3843156, 0.1861772, 0.11620051, 0.94346976, 0.534936, 0.7594157] |
| 9 |   60 |0.36666667 | 5000 |      f5 |     375 |481.0694 |   477.0 |    0,85 |-0,0050 |1592521453196 |[0.8978064, 0.23078132, 0.1254533, 0.34234107, 0.29695052, 0.7209341, 0.39281285, 0.23523355, 0.35863292, 0.78385025, 0.3809209, 0.63533133, 0.9107604, 0.33632153, 0.06233889] |
| 9 |   60 |0.36666667 | 5000 |      f5 |     375 |481.0694 |   477.0 |    0,85 |-0,0050 |1592521453196 |[0.8978064, 0.23078132, 0.1254533, 0.34234107, 0.29695052, 0.7209341, 0.39281285, 0.23523355, 0.35863292, 0.78385025, 0.3809209, 0.63533133, 0.9107604, 0.33632153, 0.06233889] |
| 9 |   65 |0.38333333 | 5000 |      f5 |     375 |481.0694 |   477.0 |    0,85 |-0,0050 |1592521453196 |[0.8978064, 0.23078132, 0.1254533, 0.34234107, 0.29695052, 0.7209341, 0.39281285, 0.23523355, 0.35863292, 0.78385025, 0.3809209, 0.63533133, 0.9107604, 0.33632153, 0.06233889] |
| 9 |   65 |  0.45 | 5000 |      f5 |     375 |481.0694 |   477.0 |    0,85 |-0,0050 |1592521453196 |[0.8978064, 0.23078132, 0.1254533, 0.34234107, 0.29695052, 0.7209341, 0.39281285, 0.23523355, 0.35863292, 0.78385025, 0.3809209, 0.63533133, 0.9107604, 0.33632153, 0.06233889] |
| 9 |   65 |0.35384616 | 5000 |      f5 |     375 |481.0694 |   477.0 |    0,85 |-0,0050 |1592521453196 |[0.8978064, 0.23078132, 0.1254533, 0.34234107, 0.29695052, 0.7209341, 0.39281285, 0.23523355, 0.35863292, 0.78385025, 0.3809209, 0.63533133, 0.9107604, 0.33632153, 0.06233889] |
| 9 |   65 |0.3846154 | 5000 |      f5 |     375 |481.0694 |   477.0 |    0,85 |-0,0050 |1592521453196 |[0.8978064, 0.23078132, 0.1254533, 0.34234107, 0.29695052, 0.7209341, 0.39281285, 0.23523355, 0.35863292, 0.78385025, 0.3809209, 0.63533133, 0.9107604, 0.33632153, 0.06233889] |
| 9 |   70 |0.33846155 | 5000 |      f5 |     375 |481.0694 |   477.0 |    0,85 |-0,0050 |1592521453196 |[0.8978064, 0.23078132, 0.1254533, 0.34234107, 0.29695052, 0.7209341, 0.39281285, 0.23523355, 0.35863292, 0.78385025, 0.3809209, 0.63533133, 0.9107604, 0.33632153, 0.06233889] |
| 9 |   70 |  0.45 | 5000 |      f5 |     375 |481.0694 |   477.0 |    0,85 |-0,0050 |1592521453196 |[0.8978064, 0.23078132, 0.1254533, 0.34234107, 0.29695052, 0.7209341, 0.39281285, 0.23523355, 0.35863292, 0.78385025, 0.3809209, 0.63533133, 0.9107604, 0.33632153, 0.06233889] |
| 9 |   70 |0.41428572 | 5000 |      f5 |     375 |481.0694 |   477.0 |    0,85 |-0,0050 |1592521453196 |[0.8978064, 0.23078132, 0.1254533, 0.34234107, 0.29695052, 0.7209341, 0.39281285, 0.23523355, 0.35863292, 0.78385025, 0.3809209, 0.63533133, 0.9107604, 0.33632153, 0.06233889] |
| 9 |   70 |0.32857144 | 5000 |      f5 |     375 |481.0694 |   477.0 |    0,85 |-0,0050 |1592521453196 |[0.8978064, 0.23078132, 0.1254533, 0.34234107, 0.29695052, 0.7209341, 0.39281285, 0.23523355, 0.35863292, 0.78385025, 0.3809209, 0.63533133, 0.9107604, 0.33632153, 0.06233889] |
| 9 |   75 |0.37142858 | 5000 |      f5 |     375 |481.0694 |   477.0 |    0,85 |-0,0050 |1592521453196 |[0.8978064, 0.23078132, 0.1254533, 0.34234107, 0.29695052, 0.7209341, 0.39281285, 0.23523355, 0.35863292, 0.78385025, 0.3809209, 0.63533133, 0.9107604, 0.33632153, 0.06233889] |
| 9 |   75 |  0.45 | 5000 |      f5 |     375 |481.0694 |   477.0 |    0,85 |-0,0050 |1592521453196 |[0.8978064, 0.23078132, 0.1254533, 0.34234107, 0.29695052, 0.7209341, 0.39281285, 0.23523355, 0.35863292, 0.78385025, 0.3809209, 0.63533133, 0.9107604, 0.33632153, 0.06233889] |
| 9 |   75 |  0.45 | 5000 |      f5 |     375 |481.0694 |   477.0 |    0,85 |  6,2 |1592521453196 |[0.8978064, 0.23078132, 0.1254533, 0.34234107, 0.29695052, 0.7209341, 0.39281285, 0.23523355, 0.35863292, 0.78385025, 0.3809209, 0.63533133, 0.9107604, 0.33632153, 0.06233889] |
|10 |   50 |  0.25 | 5000 |      f5 |     375 |481.0694 |   477.0 |    0,85 |-0,0050 |1592521459416 |[0.9468091, 0.26938552, 0.32716668, 0.26056826, 0.90148604, 0.12159634, 0.30087823, 0.15493649, 0.16055816, 0.30936134, 0.7183657, 0.48225397, 0.5498617, 0.02571255, 0.6943801] |
|10 |   50 |  0.34 | 5000 |      f5 |     375 |481.0694 |   477.0 |    0,85 |-0,0050 |1592521459416 |[0.9468091, 0.26938552, 0.32716668, 0.26056826, 0.90148604, 0.12159634, 0.30087823, 0.15493649, 0.16055816, 0.30936134, 0.7183657, 0.48225397, 0.5498617, 0.02571255, 0.6943801] |
|10 |   50 |   0.3 | 5000 |      f5 |     375 |481.0694 |   477.0 |    0,85 |-0,0050 |1592521459416 |[0.9468091, 0.26938552, 0.32716668, 0.26056826, 0.90148604, 0.12159634, 0.30087823, 0.15493649, 0.16055816, 0.30936134, 0.7183657, 0.48225397, 0.5498617, 0.02571255, 0.6943801] |
|10 |   55 |  0.28 | 5000 |      f5 |     375 |481.0694 |   477.0 |    0,85 |-0,0050 |1592521459416 |[0.9468091, 0.26938552, 0.32716668, 0.26056826, 0.90148604, 0.12159634, 0.30087823, 0.15493649, 0.16055816, 0.30936134, 0.7183657, 0.48225397, 0.5498617, 0.02571255, 0.6943801] |
|10 |   55 |  0.45 | 5000 |      f5 |     375 |481.0694 |   477.0 |    0,85 |-0,0050 |1592521459416 |[0.9468091, 0.26938552, 0.32716668, 0.26056826, 0.90148604, 0.12159634, 0.30087823, 0.15493649, 0.16055816, 0.30936134, 0.7183657, 0.48225397, 0.5498617, 0.02571255, 0.6943801] |
|10 |   55 |0.4181818 | 5000 |      f5 |     375 |481.0694 |   477.0 |    0,85 |-0,0050 |1592521459416 |[0.9468091, 0.26938552, 0.32716668, 0.26056826, 0.90148604, 0.12159634, 0.30087823, 0.15493649, 0.16055816, 0.30936134, 0.7183657, 0.48225397, 0.5498617, 0.02571255, 0.6943801] |
|10 |   55 |0.38181818 | 5000 |      f5 |     375 |481.0694 |   477.0 |    0,85 |-0,0050 |1592521459416 |[0.9468091, 0.26938552, 0.32716668, 0.26056826, 0.90148604, 0.12159634, 0.30087823, 0.15493649, 0.16055816, 0.30936134, 0.7183657, 0.48225397, 0.5498617, 0.02571255, 0.6943801] |
|10 |   60 |0.36363637 | 5000 |      f5 |     375 |481.0694 |   477.0 |    0,85 |-0,0050 |1592521459416 |[0.9468091, 0.26938552, 0.32716668, 0.26056826, 0.90148604, 0.12159634, 0.30087823, 0.15493649, 0.16055816, 0.30936134, 0.7183657, 0.48225397, 0.5498617, 0.02571255, 0.6943801] |
|10 |   60 |  0.45 | 5000 |      f5 |     375 |481.0694 |   477.0 |    0,85 |-0,0050 |1592521459416 |[0.9468091, 0.26938552, 0.32716668, 0.26056826, 0.90148604, 0.12159634, 0.30087823, 0.15493649, 0.16055816, 0.30936134, 0.7183657, 0.48225397, 0.5498617, 0.02571255, 0.6943801] |
|10 |   60 |0.38333333 | 5000 |      f5 |     375 |481.0694 |   477.0 |    0,85 |-0,0050 |1592521459416 |[0.9468091, 0.26938552, 0.32716668, 0.26056826, 0.90148604, 0.12159634, 0.30087823, 0.15493649, 0.16055816, 0.30936134, 0.7183657, 0.48225397, 0.5498617, 0.02571255, 0.6943801] |
|10 |   60 |0.31666666 | 5000 |      f5 |     375 |481.0694 |   477.0 |    0,85 |-0,0050 |1592521459416 |[0.9468091, 0.26938552, 0.32716668, 0.26056826, 0.90148604, 0.12159634, 0.30087823, 0.15493649, 0.16055816, 0.30936134, 0.7183657, 0.48225397, 0.5498617, 0.02571255, 0.6943801] |
|10 |   65 |0.26666668 | 5000 |      f5 |     375 |481.0694 |   477.0 |    0,85 |-0,0050 |1592521459416 |[0.9468091, 0.26938552, 0.32716668, 0.26056826, 0.90148604, 0.12159634, 0.30087823, 0.15493649, 0.16055816, 0.30936134, 0.7183657, 0.48225397, 0.5498617, 0.02571255, 0.6943801] |
|10 |   65 |  0.45 | 5000 |      f5 |     375 |481.0694 |   477.0 |    0,85 |-0,0050 |1592521459416 |[0.9468091, 0.26938552, 0.32716668, 0.26056826, 0.90148604, 0.12159634, 0.30087823, 0.15493649, 0.16055816, 0.30936134, 0.7183657, 0.48225397, 0.5498617, 0.02571255, 0.6943801] |
|10 |   65 |0.26153848 | 5000 |      f5 |     375 |481.0694 |   477.0 |    0,85 |-0,0050 |1592521459416 |[0.9468091, 0.26938552, 0.32716668, 0.26056826, 0.90148604, 0.12159634, 0.30087823, 0.15493649, 0.16055816, 0.30936134, 0.7183657, 0.48225397, 0.5498617, 0.02571255, 0.6943801] |
|10 |   65 |0.32307693 | 5000 |      f5 |     375 |481.0694 |   477.0 |    0,85 |-0,0050 |1592521459416 |[0.9468091, 0.26938552, 0.32716668, 0.26056826, 0.90148604, 0.12159634, 0.30087823, 0.15493649, 0.16055816, 0.30936134, 0.7183657, 0.48225397, 0.5498617, 0.02571255, 0.6943801] |
|10 |   70 |0.36923078 | 5000 |      f5 |     375 |481.0694 |   477.0 |    0,85 |-0,0050 |1592521459416 |[0.9468091, 0.26938552, 0.32716668, 0.26056826, 0.90148604, 0.12159634, 0.30087823, 0.15493649, 0.16055816, 0.30936134, 0.7183657, 0.48225397, 0.5498617, 0.02571255, 0.6943801] |
|10 |   70 |  0.45 | 5000 |      f5 |     375 |481.0694 |   477.0 |    0,85 |-0,0050 |1592521459416 |[0.9468091, 0.26938552, 0.32716668, 0.26056826, 0.90148604, 0.12159634, 0.30087823, 0.15493649, 0.16055816, 0.30936134, 0.7183657, 0.48225397, 0.5498617, 0.02571255, 0.6943801] |
|10 |   70 |0.42857143 | 5000 |      f5 |     375 |481.0694 |   477.0 |    0,85 |-0,0050 |1592521459416 |[0.9468091, 0.26938552, 0.32716668, 0.26056826, 0.90148604, 0.12159634, 0.30087823, 0.15493649, 0.16055816, 0.30936134, 0.7183657, 0.48225397, 0.5498617, 0.02571255, 0.6943801] |
|10 |   70 |0.37142858 | 5000 |      f5 |     375 |481.0694 |   477.0 |    0,85 |-0,0050 |1592521459416 |[0.9468091, 0.26938552, 0.32716668, 0.26056826, 0.90148604, 0.12159634, 0.30087823, 0.15493649, 0.16055816, 0.30936134, 0.7183657, 0.48225397, 0.5498617, 0.02571255, 0.6943801] |
|10 |   75 |   0.4 | 5000 |      f5 |     375 |481.0694 |   477.0 |    0,85 |-0,0050 |1592521459416 |[0.9468091, 0.26938552, 0.32716668, 0.26056826, 0.90148604, 0.12159634, 0.30087823, 0.15493649, 0.16055816, 0.30936134, 0.7183657, 0.48225397, 0.5498617, 0.02571255, 0.6943801] |
|10 |   75 |  0.45 | 5000 |      f5 |     375 |481.0694 |   477.0 |    0,85 |-0,0050 |1592521459416 |[0.9468091, 0.26938552, 0.32716668, 0.26056826, 0.90148604, 0.12159634, 0.30087823, 0.15493649, 0.16055816, 0.30936134, 0.7183657, 0.48225397, 0.5498617, 0.02571255, 0.6943801] |
|10 |   75 |  0.45 | 5000 |      f5 |     375 |481.0694 |   477.0 |    0,85 |  6,2 |1592521459416 |[0.9468091, 0.26938552, 0.32716668, 0.26056826, 0.90148604, 0.12159634, 0.30087823, 0.15493649, 0.16055816, 0.30936134, 0.7183657, 0.48225397, 0.5498617, 0.02571255, 0.6943801] |
|11 |   50 |  0.25 | 5000 |      f5 |     375 |481.0694 |   477.0 |    0,85 |-0,0020 |1592521465580 |[0.7108816, 0.33962274, 0.689262, 0.7032213, 0.53232926, 0.82733715, 0.58492815, 0.31782395, 0.53174525, 0.51594937, 0.7715651, 0.42147595, 0.8756096, 0.1445865, 0.17392999] |
|11 |   50 |  0.36 | 5000 |      f5 |     375 |481.0694 |   477.0 |    0,85 |-0,0020 |1592521465580 |[0.7108816, 0.33962274, 0.689262, 0.7032213, 0.53232926, 0.82733715, 0.58492815, 0.31782395, 0.53174525, 0.51594937, 0.7715651, 0.42147595, 0.8756096, 0.1445865, 0.17392999] |
|11 |   50 |  0.34 | 5000 |      f5 |     375 |481.0694 |   477.0 |    0,85 |-0,0020 |1592521465580 |[0.7108816, 0.33962274, 0.689262, 0.7032213, 0.53232926, 0.82733715, 0.58492815, 0.31782395, 0.53174525, 0.51594937, 0.7715651, 0.42147595, 0.8756096, 0.1445865, 0.17392999] |
|11 |   55 |   0.3 | 5000 |      f5 |     375 |481.0694 |   477.0 |    0,85 |-0,0020 |1592521465580 |[0.7108816, 0.33962274, 0.689262, 0.7032213, 0.53232926, 0.82733715, 0.58492815, 0.31782395, 0.53174525, 0.51594937, 0.7715651, 0.42147595, 0.8756096, 0.1445865, 0.17392999] |
|11 |   55 |  0.45 | 5000 |      f5 |     375 |481.0694 |   477.0 |    0,85 |-0,0020 |1592521465580 |[0.7108816, 0.33962274, 0.689262, 0.7032213, 0.53232926, 0.82733715, 0.58492815, 0.31782395, 0.53174525, 0.51594937, 0.7715651, 0.42147595, 0.8756096, 0.1445865, 0.17392999] |
|11 |   55 |0.4181818 | 5000 |      f5 |     375 |481.0694 |   477.0 |    0,85 |-0,0020 |1592521465580 |[0.7108816, 0.33962274, 0.689262, 0.7032213, 0.53232926, 0.82733715, 0.58492815, 0.31782395, 0.53174525, 0.51594937, 0.7715651, 0.42147595, 0.8756096, 0.1445865, 0.17392999] |
|11 |   55 |0.38181818 | 5000 |      f5 |     375 |481.0694 |   477.0 |    0,85 |-0,0020 |1592521465580 |[0.7108816, 0.33962274, 0.689262, 0.7032213, 0.53232926, 0.82733715, 0.58492815, 0.31782395, 0.53174525, 0.51594937, 0.7715651, 0.42147595, 0.8756096, 0.1445865, 0.17392999] |
|11 |   60 |0.27272728 | 5000 |      f5 |     375 |481.0694 |   477.0 |    0,85 |-0,0020 |1592521465580 |[0.7108816, 0.33962274, 0.689262, 0.7032213, 0.53232926, 0.82733715, 0.58492815, 0.31782395, 0.53174525, 0.51594937, 0.7715651, 0.42147595, 0.8756096, 0.1445865, 0.17392999] |
|11 |   60 |  0.45 | 5000 |      f5 |     375 |481.0694 |   477.0 |    0,85 |-0,0020 |1592521465580 |[0.7108816, 0.33962274, 0.689262, 0.7032213, 0.53232926, 0.82733715, 0.58492815, 0.31782395, 0.53174525, 0.51594937, 0.7715651, 0.42147595, 0.8756096, 0.1445865, 0.17392999] |
|11 |   60 |   0.4 | 5000 |      f5 |     375 |481.0694 |   477.0 |    0,85 |-0,0020 |1592521465580 |[0.7108816, 0.33962274, 0.689262, 0.7032213, 0.53232926, 0.82733715, 0.58492815, 0.31782395, 0.53174525, 0.51594937, 0.7715651, 0.42147595, 0.8756096, 0.1445865, 0.17392999] |
|11 |   60 |   0.4 | 5000 |      f5 |     375 |481.0694 |   477.0 |    0,85 |-0,0020 |1592521465580 |[0.7108816, 0.33962274, 0.689262, 0.7032213, 0.53232926, 0.82733715, 0.58492815, 0.31782395, 0.53174525, 0.51594937, 0.7715651, 0.42147595, 0.8756096, 0.1445865, 0.17392999] |
|11 |   65 |   0.4 | 5000 |      f5 |     375 |481.0694 |   477.0 |    0,85 |-0,0020 |1592521465580 |[0.7108816, 0.33962274, 0.689262, 0.7032213, 0.53232926, 0.82733715, 0.58492815, 0.31782395, 0.53174525, 0.51594937, 0.7715651, 0.42147595, 0.8756096, 0.1445865, 0.17392999] |
|11 |   65 |  0.45 | 5000 |      f5 |     375 |481.0694 |   477.0 |    0,85 |-0,0020 |1592521465580 |[0.7108816, 0.33962274, 0.689262, 0.7032213, 0.53232926, 0.82733715, 0.58492815, 0.31782395, 0.53174525, 0.51594937, 0.7715651, 0.42147595, 0.8756096, 0.1445865, 0.17392999] |
|11 |   65 |0.36923078 | 5000 |      f5 |     375 |481.0694 |   477.0 |    0,85 |-0,0020 |1592521465580 |[0.7108816, 0.33962274, 0.689262, 0.7032213, 0.53232926, 0.82733715, 0.58492815, 0.31782395, 0.53174525, 0.51594937, 0.7715651, 0.42147595, 0.8756096, 0.1445865, 0.17392999] |
|11 |   65 |0.35384616 | 5000 |      f5 |     375 |481.0694 |   477.0 |    0,85 |-0,0020 |1592521465580 |[0.7108816, 0.33962274, 0.689262, 0.7032213, 0.53232926, 0.82733715, 0.58492815, 0.31782395, 0.53174525, 0.51594937, 0.7715651, 0.42147595, 0.8756096, 0.1445865, 0.17392999] |
|11 |   70 |0.3846154 | 5000 |      f5 |     375 |481.0694 |   477.0 |    0,85 |-0,0020 |1592521465580 |[0.7108816, 0.33962274, 0.689262, 0.7032213, 0.53232926, 0.82733715, 0.58492815, 0.31782395, 0.53174525, 0.51594937, 0.7715651, 0.42147595, 0.8756096, 0.1445865, 0.17392999] |
|11 |   70 |  0.45 | 5000 |      f5 |     375 |481.0694 |   477.0 |    0,85 |-0,0020 |1592521465580 |[0.7108816, 0.33962274, 0.689262, 0.7032213, 0.53232926, 0.82733715, 0.58492815, 0.31782395, 0.53174525, 0.51594937, 0.7715651, 0.42147595, 0.8756096, 0.1445865, 0.17392999] |
|11 |   70 |0.44285715 | 5000 |      f5 |     375 |481.0694 |   477.0 |    0,85 |-0,0020 |1592521465580 |[0.7108816, 0.33962274, 0.689262, 0.7032213, 0.53232926, 0.82733715, 0.58492815, 0.31782395, 0.53174525, 0.51594937, 0.7715651, 0.42147595, 0.8756096, 0.1445865, 0.17392999] |
|11 |   70 |   0.4 | 5000 |      f5 |     375 |481.0694 |   477.0 |    0,85 |-0,0020 |1592521465580 |[0.7108816, 0.33962274, 0.689262, 0.7032213, 0.53232926, 0.82733715, 0.58492815, 0.31782395, 0.53174525, 0.51594937, 0.7715651, 0.42147595, 0.8756096, 0.1445865, 0.17392999] |
|11 |   75 |0.44285715 | 5000 |      f5 |     375 |481.0694 |   477.0 |    0,85 |-0,0020 |1592521465580 |[0.7108816, 0.33962274, 0.689262, 0.7032213, 0.53232926, 0.82733715, 0.58492815, 0.31782395, 0.53174525, 0.51594937, 0.7715651, 0.42147595, 0.8756096, 0.1445865, 0.17392999] |
|11 |   75 |  0.45 | 5000 |      f5 |     375 |481.0694 |   477.0 |    0,85 |-0,0020 |1592521465580 |[0.7108816, 0.33962274, 0.689262, 0.7032213, 0.53232926, 0.82733715, 0.58492815, 0.31782395, 0.53174525, 0.51594937, 0.7715651, 0.42147595, 0.8756096, 0.1445865, 0.17392999] |
|11 |   75 |  0.45 | 5000 |      f5 |     375 |481.0694 |   477.0 |    0,85 |  6,4 |1592521465580 |[0.7108816, 0.33962274, 0.689262, 0.7032213, 0.53232926, 0.82733715, 0.58492815, 0.31782395, 0.53174525, 0.51594937, 0.7715651, 0.42147595, 0.8756096, 0.1445865, 0.17392999] |
|12 |   50 |  0.25 | 5000 |      f5 |     375 |481.0694 |   477.0 |    0,85 |-0,0060 |1592521471948 |[0.25847352, 0.58129334, 0.4075191, 0.972687, 0.67224294, 0.16691405, 0.6259445, 0.36965984, 0.51607585, 0.3188218, 0.8137346, 0.2551809, 0.60186285, 0.09040499, 0.6841921] |
|12 |   50 |  0.28 | 5000 |      f5 |     375 |481.0694 |   477.0 |    0,85 |-0,0060 |1592521471948 |[0.25847352, 0.58129334, 0.4075191, 0.972687, 0.67224294, 0.16691405, 0.6259445, 0.36965984, 0.51607585, 0.3188218, 0.8137346, 0.2551809, 0.60186285, 0.09040499, 0.6841921] |
|12 |   50 |  0.26 | 5000 |      f5 |     375 |481.0694 |   477.0 |    0,85 |-0,0060 |1592521471948 |[0.25847352, 0.58129334, 0.4075191, 0.972687, 0.67224294, 0.16691405, 0.6259445, 0.36965984, 0.51607585, 0.3188218, 0.8137346, 0.2551809, 0.60186285, 0.09040499, 0.6841921] |
|12 |   55 |  0.32 | 5000 |      f5 |     375 |481.0694 |   477.0 |    0,85 |-0,0060 |1592521471948 |[0.25847352, 0.58129334, 0.4075191, 0.972687, 0.67224294, 0.16691405, 0.6259445, 0.36965984, 0.51607585, 0.3188218, 0.8137346, 0.2551809, 0.60186285, 0.09040499, 0.6841921] |
|12 |   55 |  0.45 | 5000 |      f5 |     375 |481.0694 |   477.0 |    0,85 |-0,0060 |1592521471948 |[0.25847352, 0.58129334, 0.4075191, 0.972687, 0.67224294, 0.16691405, 0.6259445, 0.36965984, 0.51607585, 0.3188218, 0.8137346, 0.2551809, 0.60186285, 0.09040499, 0.6841921] |
|12 |   55 |0.4181818 | 5000 |      f5 |     375 |481.0694 |   477.0 |    0,85 |-0,0060 |1592521471948 |[0.25847352, 0.58129334, 0.4075191, 0.972687, 0.67224294, 0.16691405, 0.6259445, 0.36965984, 0.51607585, 0.3188218, 0.8137346, 0.2551809, 0.60186285, 0.09040499, 0.6841921] |
|12 |   55 |0.29090908 | 5000 |      f5 |     375 |481.0694 |   477.0 |    0,85 |-0,0060 |1592521471948 |[0.25847352, 0.58129334, 0.4075191, 0.972687, 0.67224294, 0.16691405, 0.6259445, 0.36965984, 0.51607585, 0.3188218, 0.8137346, 0.2551809, 0.60186285, 0.09040499, 0.6841921] |
|12 |   60 |0.3090909 | 5000 |      f5 |     375 |481.0694 |   477.0 |    0,85 |-0,0060 |1592521471948 |[0.25847352, 0.58129334, 0.4075191, 0.972687, 0.67224294, 0.16691405, 0.6259445, 0.36965984, 0.51607585, 0.3188218, 0.8137346, 0.2551809, 0.60186285, 0.09040499, 0.6841921] |
|12 |   60 |  0.45 | 5000 |      f5 |     375 |481.0694 |   477.0 |    0,85 |-0,0060 |1592521471948 |[0.25847352, 0.58129334, 0.4075191, 0.972687, 0.67224294, 0.16691405, 0.6259445, 0.36965984, 0.51607585, 0.3188218, 0.8137346, 0.2551809, 0.60186285, 0.09040499, 0.6841921] |
|12 |   60 |   0.4 | 5000 |      f5 |     375 |481.0694 |   477.0 |    0,85 |-0,0060 |1592521471948 |[0.25847352, 0.58129334, 0.4075191, 0.972687, 0.67224294, 0.16691405, 0.6259445, 0.36965984, 0.51607585, 0.3188218, 0.8137346, 0.2551809, 0.60186285, 0.09040499, 0.6841921] |
|12 |   60 |0.33333334 | 5000 |      f5 |     375 |481.0694 |   477.0 |    0,85 |-0,0060 |1592521471948 |[0.25847352, 0.58129334, 0.4075191, 0.972687, 0.67224294, 0.16691405, 0.6259445, 0.36965984, 0.51607585, 0.3188218, 0.8137346, 0.2551809, 0.60186285, 0.09040499, 0.6841921] |
|12 |   65 |0.23333333 | 5000 |      f5 |     375 |481.0694 |   477.0 |    0,85 |-0,0060 |1592521471948 |[0.25847352, 0.58129334, 0.4075191, 0.972687, 0.67224294, 0.16691405, 0.6259445, 0.36965984, 0.51607585, 0.3188218, 0.8137346, 0.2551809, 0.60186285, 0.09040499, 0.6841921] |
|12 |   65 |  0.45 | 5000 |      f5 |     375 |481.0694 |   477.0 |    0,85 |-0,0060 |1592521471948 |[0.25847352, 0.58129334, 0.4075191, 0.972687, 0.67224294, 0.16691405, 0.6259445, 0.36965984, 0.51607585, 0.3188218, 0.8137346, 0.2551809, 0.60186285, 0.09040499, 0.6841921] |
|12 |   65 |0.3846154 | 5000 |      f5 |     375 |481.0694 |   477.0 |    0,85 |-0,0060 |1592521471948 |[0.25847352, 0.58129334, 0.4075191, 0.972687, 0.67224294, 0.16691405, 0.6259445, 0.36965984, 0.51607585, 0.3188218, 0.8137346, 0.2551809, 0.60186285, 0.09040499, 0.6841921] |
|12 |   65 |0.35384616 | 5000 |      f5 |     375 |481.0694 |   477.0 |    0,85 |-0,0060 |1592521471948 |[0.25847352, 0.58129334, 0.4075191, 0.972687, 0.67224294, 0.16691405, 0.6259445, 0.36965984, 0.51607585, 0.3188218, 0.8137346, 0.2551809, 0.60186285, 0.09040499, 0.6841921] |
|12 |   70 |0.3846154 | 5000 |      f5 |     375 |481.0694 |   477.0 |    0,85 |-0,0060 |1592521471948 |[0.25847352, 0.58129334, 0.4075191, 0.972687, 0.67224294, 0.16691405, 0.6259445, 0.36965984, 0.51607585, 0.3188218, 0.8137346, 0.2551809, 0.60186285, 0.09040499, 0.6841921] |
|12 |   70 |  0.45 | 5000 |      f5 |     375 |481.0694 |   477.0 |    0,85 |-0,0060 |1592521471948 |[0.25847352, 0.58129334, 0.4075191, 0.972687, 0.67224294, 0.16691405, 0.6259445, 0.36965984, 0.51607585, 0.3188218, 0.8137346, 0.2551809, 0.60186285, 0.09040499, 0.6841921] |
|12 |   70 |0.3857143 | 5000 |      f5 |     375 |481.0694 |   477.0 |    0,85 |-0,0060 |1592521471948 |[0.25847352, 0.58129334, 0.4075191, 0.972687, 0.67224294, 0.16691405, 0.6259445, 0.36965984, 0.51607585, 0.3188218, 0.8137346, 0.2551809, 0.60186285, 0.09040499, 0.6841921] |
|12 |   70 |0.37142858 | 5000 |      f5 |     375 |481.0694 |   477.0 |    0,85 |-0,0060 |1592521471948 |[0.25847352, 0.58129334, 0.4075191, 0.972687, 0.67224294, 0.16691405, 0.6259445, 0.36965984, 0.51607585, 0.3188218, 0.8137346, 0.2551809, 0.60186285, 0.09040499, 0.6841921] |
|12 |   75 |0.41428572 | 5000 |      f5 |     375 |481.0694 |   477.0 |    0,85 |-0,0060 |1592521471948 |[0.25847352, 0.58129334, 0.4075191, 0.972687, 0.67224294, 0.16691405, 0.6259445, 0.36965984, 0.51607585, 0.3188218, 0.8137346, 0.2551809, 0.60186285, 0.09040499, 0.6841921] |
|12 |   75 |  0.45 | 5000 |      f5 |     375 |481.0694 |   477.0 |    0,85 |-0,0060 |1592521471948 |[0.25847352, 0.58129334, 0.4075191, 0.972687, 0.67224294, 0.16691405, 0.6259445, 0.36965984, 0.51607585, 0.3188218, 0.8137346, 0.2551809, 0.60186285, 0.09040499, 0.6841921] |
|12 |   75 |  0.45 | 5000 |      f5 |     375 |481.0694 |   477.0 |    0,85 |  6,1 |1592521471948 |[0.25847352, 0.58129334, 0.4075191, 0.972687, 0.67224294, 0.16691405, 0.6259445, 0.36965984, 0.51607585, 0.3188218, 0.8137346, 0.2551809, 0.60186285, 0.09040499, 0.6841921] |
|13 |   50 |  0.25 | 5000 |      f5 |     375 |481.0694 |   477.0 |    0,85 |  0,0 |1592521478045 |[0.4268157, 0.40543073, 0.2695768, 0.34086752, 0.7887134, 0.1653316, 0.4246757, 0.7241126, 0.03710699, 0.8273759, 0.8664931, 0.3563251, 0.71730506, 0.9425074, 0.4283821] |
|13 |   50 |  0.34 | 5000 |      f5 |     375 |481.0694 |   477.0 |    0,85 |  0,0 |1592521478045 |[0.4268157, 0.40543073, 0.2695768, 0.34086752, 0.7887134, 0.1653316, 0.4246757, 0.7241126, 0.03710699, 0.8273759, 0.8664931, 0.3563251, 0.71730506, 0.9425074, 0.4283821] |
|13 |   50 |  0.42 | 5000 |      f5 |     375 |481.0694 |   477.0 |    0,85 |  0,0 |1592521478045 |[0.4268157, 0.40543073, 0.2695768, 0.34086752, 0.7887134, 0.1653316, 0.4246757, 0.7241126, 0.03710699, 0.8273759, 0.8664931, 0.3563251, 0.71730506, 0.9425074, 0.4283821] |
|13 |   55 |  0.32 | 5000 |      f5 |     375 |481.0694 |   477.0 |    0,85 |  0,0 |1592521478045 |[0.4268157, 0.40543073, 0.2695768, 0.34086752, 0.7887134, 0.1653316, 0.4246757, 0.7241126, 0.03710699, 0.8273759, 0.8664931, 0.3563251, 0.71730506, 0.9425074, 0.4283821] |
|13 |   55 |  0.45 | 5000 |      f5 |     375 |481.0694 |   477.0 |    0,85 |  0,0 |1592521478045 |[0.4268157, 0.40543073, 0.2695768, 0.34086752, 0.7887134, 0.1653316, 0.4246757, 0.7241126, 0.03710699, 0.8273759, 0.8664931, 0.3563251, 0.71730506, 0.9425074, 0.4283821] |
|13 |   55 |0.29090908 | 5000 |      f5 |     375 |481.0694 |   477.0 |    0,85 |  0,0 |1592521478045 |[0.4268157, 0.40543073, 0.2695768, 0.34086752, 0.7887134, 0.1653316, 0.4246757, 0.7241126, 0.03710699, 0.8273759, 0.8664931, 0.3563251, 0.71730506, 0.9425074, 0.4283821] |
|13 |   55 |0.34545454 | 5000 |      f5 |     375 |481.0694 |   477.0 |    0,85 |  0,0 |1592521478045 |[0.4268157, 0.40543073, 0.2695768, 0.34086752, 0.7887134, 0.1653316, 0.4246757, 0.7241126, 0.03710699, 0.8273759, 0.8664931, 0.3563251, 0.71730506, 0.9425074, 0.4283821] |
|13 |   60 |   0.4 | 5000 |      f5 |     375 |481.0694 |   477.0 |    0,85 |  0,0 |1592521478045 |[0.4268157, 0.40543073, 0.2695768, 0.34086752, 0.7887134, 0.1653316, 0.4246757, 0.7241126, 0.03710699, 0.8273759, 0.8664931, 0.3563251, 0.71730506, 0.9425074, 0.4283821] |
|13 |   60 |  0.45 | 5000 |      f5 |     375 |481.0694 |   477.0 |    0,85 |  0,0 |1592521478045 |[0.4268157, 0.40543073, 0.2695768, 0.34086752, 0.7887134, 0.1653316, 0.4246757, 0.7241126, 0.03710699, 0.8273759, 0.8664931, 0.3563251, 0.71730506, 0.9425074, 0.4283821] |
|13 |   60 |0.38333333 | 5000 |      f5 |     375 |481.0694 |   477.0 |    0,85 |  0,0 |1592521478045 |[0.4268157, 0.40543073, 0.2695768, 0.34086752, 0.7887134, 0.1653316, 0.4246757, 0.7241126, 0.03710699, 0.8273759, 0.8664931, 0.3563251, 0.71730506, 0.9425074, 0.4283821] |
|13 |   60 |0.31666666 | 5000 |      f5 |     375 |481.0694 |   477.0 |    0,85 |  0,0 |1592521478045 |[0.4268157, 0.40543073, 0.2695768, 0.34086752, 0.7887134, 0.1653316, 0.4246757, 0.7241126, 0.03710699, 0.8273759, 0.8664931, 0.3563251, 0.71730506, 0.9425074, 0.4283821] |
|13 |   65 |   0.3 | 5000 |      f5 |     375 |481.0694 |   477.0 |    0,85 |  0,0 |1592521478045 |[0.4268157, 0.40543073, 0.2695768, 0.34086752, 0.7887134, 0.1653316, 0.4246757, 0.7241126, 0.03710699, 0.8273759, 0.8664931, 0.3563251, 0.71730506, 0.9425074, 0.4283821] |
|13 |   65 |  0.45 | 5000 |      f5 |     375 |481.0694 |   477.0 |    0,85 |  0,0 |1592521478045 |[0.4268157, 0.40543073, 0.2695768, 0.34086752, 0.7887134, 0.1653316, 0.4246757, 0.7241126, 0.03710699, 0.8273759, 0.8664931, 0.3563251, 0.71730506, 0.9425074, 0.4283821] |
|13 |   65 |0.36923078 | 5000 |      f5 |     375 |481.0694 |   477.0 |    0,85 |  0,0 |1592521478045 |[0.4268157, 0.40543073, 0.2695768, 0.34086752, 0.7887134, 0.1653316, 0.4246757, 0.7241126, 0.03710699, 0.8273759, 0.8664931, 0.3563251, 0.71730506, 0.9425074, 0.4283821] |
|13 |   65 |0.32307693 | 5000 |      f5 |     375 |481.0694 |   477.0 |    0,85 |  0,0 |1592521478045 |[0.4268157, 0.40543073, 0.2695768, 0.34086752, 0.7887134, 0.1653316, 0.4246757, 0.7241126, 0.03710699, 0.8273759, 0.8664931, 0.3563251, 0.71730506, 0.9425074, 0.4283821] |
|13 |   70 |0.35384616 | 5000 |      f5 |     375 |481.0694 |   477.0 |    0,85 |  0,0 |1592521478045 |[0.4268157, 0.40543073, 0.2695768, 0.34086752, 0.7887134, 0.1653316, 0.4246757, 0.7241126, 0.03710699, 0.8273759, 0.8664931, 0.3563251, 0.71730506, 0.9425074, 0.4283821] |
|13 |   70 |0.44285715 | 5000 |      f5 |     375 |481.0694 |   477.0 |    0,85 |  0,0 |1592521478045 |[0.4268157, 0.40543073, 0.2695768, 0.34086752, 0.7887134, 0.1653316, 0.4246757, 0.7241126, 0.03710699, 0.8273759, 0.8664931, 0.3563251, 0.71730506, 0.9425074, 0.4283821] |
|13 |   70 |   0.4 | 5000 |      f5 |     375 |481.0694 |   477.0 |    0,85 |  0,0 |1592521478045 |[0.4268157, 0.40543073, 0.2695768, 0.34086752, 0.7887134, 0.1653316, 0.4246757, 0.7241126, 0.03710699, 0.8273759, 0.8664931, 0.3563251, 0.71730506, 0.9425074, 0.4283821] |
|13 |   70 |0.37142858 | 5000 |      f5 |     375 |481.0694 |   477.0 |    0,85 |  0,0 |1592521478045 |[0.4268157, 0.40543073, 0.2695768, 0.34086752, 0.7887134, 0.1653316, 0.4246757, 0.7241126, 0.03710699, 0.8273759, 0.8664931, 0.3563251, 0.71730506, 0.9425074, 0.4283821] |
|13 |   75 |0.37142858 | 5000 |      f5 |     375 |481.0694 |   477.0 |    0,85 |  0,0 |1592521478045 |[0.4268157, 0.40543073, 0.2695768, 0.34086752, 0.7887134, 0.1653316, 0.4246757, 0.7241126, 0.03710699, 0.8273759, 0.8664931, 0.3563251, 0.71730506, 0.9425074, 0.4283821] |
|13 |   75 |0.41333333 | 5000 |      f5 |     375 |481.0694 |   477.0 |    0,85 |  0,0 |1592521478045 |[0.4268157, 0.40543073, 0.2695768, 0.34086752, 0.7887134, 0.1653316, 0.4246757, 0.7241126, 0.03710699, 0.8273759, 0.8664931, 0.3563251, 0.71730506, 0.9425074, 0.4283821] |
|13 |   75 |0.41333333 | 5000 |      f5 |     375 |481.0694 |   477.0 |    0,85 |  6,2 |1592521478045 |[0.4268157, 0.40543073, 0.2695768, 0.34086752, 0.7887134, 0.1653316, 0.4246757, 0.7241126, 0.03710699, 0.8273759, 0.8664931, 0.3563251, 0.71730506, 0.9425074, 0.4283821] |
|14 |   50 |  0.25 | 5000 |      f5 |     375 |481.0694 |   477.0 |    0,85 |-0,0060 |1592521484275 |[0.94456977, 0.90595174, 0.92397255, 0.027042389, 0.14132714, 0.4349125, 0.50033927, 0.7814597, 0.75729585, 0.2789687, 0.5098155, 0.024369776, 0.4433306, 0.43935555, 0.5301329] |
|14 |   50 |  0.32 | 5000 |      f5 |     375 |481.0694 |   477.0 |    0,85 |-0,0060 |1592521484275 |[0.53629965, 0.5735097, 0.74408203, 0.7017015, 0.38091612, 0.27351815, 0.61804473, 0.532916, 0.10715324, 0.50268835, 0.9857833, 0.86044717, 0.50570935, 0.5516895, 0.6645928] |
|14 |   50 |  0.32 | 5000 |      f5 |     375 |481.0694 |   477.0 |    0,85 |-0,0060 |1592521484275 |[0.53629965, 0.5735097, 0.74408203, 0.7017015, 0.38091612, 0.27351815, 0.61804473, 0.532916, 0.10715324, 0.50268835, 0.9857833, 0.86044717, 0.50570935, 0.5516895, 0.6645928] |
|14 |   55 |  0.38 | 5000 |      f5 |     375 |481.0694 |   477.0 |    0,85 |-0,0060 |1592521484275 |[0.53629965, 0.5735097, 0.74408203, 0.7017015, 0.38091612, 0.27351815, 0.61804473, 0.532916, 0.10715324, 0.50268835, 0.9857833, 0.86044717, 0.50570935, 0.5516895, 0.6645928] |
|14 |   55 |  0.45 | 5000 |      f5 |     375 |481.0694 |   477.0 |    0,85 |-0,0060 |1592521484275 |[0.53629965, 0.5735097, 0.74408203, 0.7017015, 0.38091612, 0.27351815, 0.61804473, 0.532916, 0.10715324, 0.50268835, 0.9857833, 0.86044717, 0.50570935, 0.5516895, 0.6645928] |
|14 |   55 |0.38181818 | 5000 |      f5 |     375 |481.0694 |   477.0 |    0,85 |-0,0060 |1592521484275 |[0.53629965, 0.5735097, 0.74408203, 0.7017015, 0.38091612, 0.27351815, 0.61804473, 0.532916, 0.10715324, 0.50268835, 0.9857833, 0.86044717, 0.50570935, 0.5516895, 0.6645928] |
|14 |   55 |   0.4 | 5000 |      f5 |     375 |481.0694 |   477.0 |    0,85 |-0,0060 |1592521484275 |[0.53629965, 0.5735097, 0.74408203, 0.7017015, 0.38091612, 0.27351815, 0.61804473, 0.532916, 0.10715324, 0.50268835, 0.9857833, 0.86044717, 0.50570935, 0.5516895, 0.6645928] |
|14 |   60 |0.4181818 | 5000 |      f5 |     375 |481.0694 |   477.0 |    0,85 |-0,0060 |1592521484275 |[0.53629965, 0.5735097, 0.74408203, 0.7017015, 0.38091612, 0.27351815, 0.61804473, 0.532916, 0.10715324, 0.50268835, 0.9857833, 0.86044717, 0.50570935, 0.5516895, 0.6645928] |
|14 |   60 |  0.45 | 5000 |      f5 |     375 |481.0694 |   477.0 |    0,85 |-0,0060 |1592521484275 |[0.53629965, 0.5735097, 0.74408203, 0.7017015, 0.38091612, 0.27351815, 0.61804473, 0.532916, 0.10715324, 0.50268835, 0.9857833, 0.86044717, 0.50570935, 0.5516895, 0.6645928] |
|14 |   60 |  0.45 | 5000 |      f5 |     375 |481.0694 |   477.0 |    0,85 |-0,0060 |1592521484275 |[0.53629965, 0.5735097, 0.74408203, 0.7017015, 0.38091612, 0.27351815, 0.61804473, 0.532916, 0.10715324, 0.50268835, 0.9857833, 0.86044717, 0.50570935, 0.5516895, 0.6645928] |
|14 |   60 |  0.45 | 5000 |      f5 |     375 |481.0694 |   477.0 |    0,85 |-0,0060 |1592521484275 |[0.53629965, 0.5735097, 0.74408203, 0.7017015, 0.38091612, 0.27351815, 0.61804473, 0.532916, 0.10715324, 0.50268835, 0.9857833, 0.86044717, 0.50570935, 0.5516895, 0.6645928] |
|14 |   65 |  0.45 | 5000 |      f5 |     375 |481.0694 |   477.0 |    0,85 |-0,0060 |1592521484275 |[0.53629965, 0.5735097, 0.74408203, 0.7017015, 0.38091612, 0.27351815, 0.61804473, 0.532916, 0.10715324, 0.50268835, 0.9857833, 0.86044717, 0.50570935, 0.5516895, 0.6645928] |
|14 |   65 |  0.45 | 5000 |      f5 |     375 |481.0694 |   477.0 |    0,85 |-0,0060 |1592521484275 |[0.53629965, 0.5735097, 0.74408203, 0.7017015, 0.38091612, 0.27351815, 0.61804473, 0.532916, 0.10715324, 0.50268835, 0.9857833, 0.86044717, 0.50570935, 0.5516895, 0.6645928] |
|14 |   65 |0.36923078 | 5000 |      f5 |     375 |481.0694 |   477.0 |    0,85 |-0,0060 |1592521484275 |[0.53629965, 0.5735097, 0.74408203, 0.7017015, 0.38091612, 0.27351815, 0.61804473, 0.532916, 0.10715324, 0.50268835, 0.9857833, 0.86044717, 0.50570935, 0.5516895, 0.6645928] |
|14 |   65 |0.3846154 | 5000 |      f5 |     375 |481.0694 |   477.0 |    0,85 |-0,0060 |1592521484275 |[0.53629965, 0.5735097, 0.74408203, 0.7017015, 0.38091612, 0.27351815, 0.61804473, 0.532916, 0.10715324, 0.50268835, 0.9857833, 0.86044717, 0.50570935, 0.5516895, 0.6645928] |
|14 |   70 |0.41538462 | 5000 |      f5 |     375 |481.0694 |   477.0 |    0,85 |-0,0060 |1592521484275 |[0.53629965, 0.5735097, 0.74408203, 0.7017015, 0.38091612, 0.27351815, 0.61804473, 0.532916, 0.10715324, 0.50268835, 0.9857833, 0.86044717, 0.50570935, 0.5516895, 0.6645928] |
|14 |   70 |  0.45 | 5000 |      f5 |     375 |481.0694 |   477.0 |    0,85 |-0,0060 |1592521484275 |[0.53629965, 0.5735097, 0.74408203, 0.7017015, 0.38091612, 0.27351815, 0.61804473, 0.532916, 0.10715324, 0.50268835, 0.9857833, 0.86044717, 0.50570935, 0.5516895, 0.6645928] |
|14 |   70 |0.35714287 | 5000 |      f5 |     375 |481.0694 |   477.0 |    0,85 |-0,0060 |1592521484275 |[0.53629965, 0.5735097, 0.74408203, 0.7017015, 0.38091612, 0.27351815, 0.61804473, 0.532916, 0.10715324, 0.50268835, 0.9857833, 0.86044717, 0.50570935, 0.5516895, 0.6645928] |
|14 |   70 |0.35714287 | 5000 |      f5 |     375 |481.0694 |   477.0 |    0,85 |-0,0060 |1592521484275 |[0.53629965, 0.5735097, 0.74408203, 0.7017015, 0.38091612, 0.27351815, 0.61804473, 0.532916, 0.10715324, 0.50268835, 0.9857833, 0.86044717, 0.50570935, 0.5516895, 0.6645928] |
|14 |   75 |   0.4 | 5000 |      f5 |     375 |481.0694 |   477.0 |    0,85 |-0,0060 |1592521484275 |[0.53629965, 0.5735097, 0.74408203, 0.7017015, 0.38091612, 0.27351815, 0.61804473, 0.532916, 0.10715324, 0.50268835, 0.9857833, 0.86044717, 0.50570935, 0.5516895, 0.6645928] |
|14 |   75 |  0.45 | 5000 |      f5 |     375 |481.0694 |   477.0 |    0,85 |-0,0060 |1592521484275 |[0.53629965, 0.5735097, 0.74408203, 0.7017015, 0.38091612, 0.27351815, 0.61804473, 0.532916, 0.10715324, 0.50268835, 0.9857833, 0.86044717, 0.50570935, 0.5516895, 0.6645928] |
|14 |   75 |  0.45 | 5000 |      f5 |     375 |481.0694 |   477.0 |    0,85 |  6,2 |1592521484275 |[0.53629965, 0.5735097, 0.74408203, 0.7017015, 0.38091612, 0.27351815, 0.61804473, 0.532916, 0.10715324, 0.50268835, 0.9857833, 0.86044717, 0.50570935, 0.5516895, 0.6645928] |
|15 |   50 |  0.25 | 5000 |      f5 |     375 |481.0694 |   477.0 |    0,85 |-0,0050 |1592521490500 |[0.78926116, 0.48596174, 0.6872238, 0.5940935, 0.71483177, 0.98074985, 0.7242645, 0.0024442673, 0.07730019, 0.6393969, 0.76130456, 0.7960693, 0.8250732, 0.57925946, 0.6356344] |
|15 |   50 |  0.34 | 5000 |      f5 |     375 |481.0694 |   477.0 |    0,85 |-0,0050 |1592521490500 |[0.78926116, 0.48596174, 0.6872238, 0.5940935, 0.71483177, 0.98074985, 0.7242645, 0.0024442673, 0.07730019, 0.6393969, 0.76130456, 0.7960693, 0.8250732, 0.57925946, 0.6356344] |
|15 |   50 |  0.24 | 5000 |      f5 |     375 |481.0694 |   477.0 |    0,85 |-0,0050 |1592521490500 |[0.78926116, 0.48596174, 0.6872238, 0.5940935, 0.71483177, 0.98074985, 0.7242645, 0.0024442673, 0.07730019, 0.6393969, 0.76130456, 0.7960693, 0.8250732, 0.57925946, 0.6356344] |
|15 |   55 |  0.42 | 5000 |      f5 |     375 |481.0694 |   477.0 |    0,85 |-0,0050 |1592521490500 |[0.78926116, 0.48596174, 0.6872238, 0.5940935, 0.71483177, 0.98074985, 0.7242645, 0.0024442673, 0.07730019, 0.6393969, 0.76130456, 0.7960693, 0.8250732, 0.57925946, 0.6356344] |
|15 |   55 |  0.45 | 5000 |      f5 |     375 |481.0694 |   477.0 |    0,85 |-0,0050 |1592521490500 |[0.78926116, 0.48596174, 0.6872238, 0.5940935, 0.71483177, 0.98074985, 0.7242645, 0.0024442673, 0.07730019, 0.6393969, 0.76130456, 0.7960693, 0.8250732, 0.57925946, 0.6356344] |
|15 |   55 |  0.45 | 5000 |      f5 |     375 |481.0694 |   477.0 |    0,85 |-0,0050 |1592521490500 |[0.78926116, 0.48596174, 0.6872238, 0.5940935, 0.71483177, 0.98074985, 0.7242645, 0.0024442673, 0.07730019, 0.6393969, 0.76130456, 0.7960693, 0.8250732, 0.57925946, 0.6356344] |
|15 |   55 |   0.4 | 5000 |      f5 |     375 |481.0694 |   477.0 |    0,85 |-0,0050 |1592521490500 |[0.78926116, 0.48596174, 0.6872238, 0.5940935, 0.71483177, 0.98074985, 0.7242645, 0.0024442673, 0.07730019, 0.6393969, 0.76130456, 0.7960693, 0.8250732, 0.57925946, 0.6356344] |
|15 |   60 |0.3272727 | 5000 |      f5 |     375 |481.0694 |   477.0 |    0,85 |-0,0050 |1592521490500 |[0.78926116, 0.48596174, 0.6872238, 0.5940935, 0.71483177, 0.98074985, 0.7242645, 0.0024442673, 0.07730019, 0.6393969, 0.76130456, 0.7960693, 0.8250732, 0.57925946, 0.6356344] |
|15 |   60 |  0.45 | 5000 |      f5 |     375 |481.0694 |   477.0 |    0,85 |-0,0050 |1592521490500 |[0.78926116, 0.48596174, 0.6872238, 0.5940935, 0.71483177, 0.98074985, 0.7242645, 0.0024442673, 0.07730019, 0.6393969, 0.76130456, 0.7960693, 0.8250732, 0.57925946, 0.6356344] |
|15 |   60 |0.38333333 | 5000 |      f5 |     375 |481.0694 |   477.0 |    0,85 |-0,0050 |1592521490500 |[0.78926116, 0.48596174, 0.6872238, 0.5940935, 0.71483177, 0.98074985, 0.7242645, 0.0024442673, 0.07730019, 0.6393969, 0.76130456, 0.7960693, 0.8250732, 0.57925946, 0.6356344] |
|15 |   60 |0.33333334 | 5000 |      f5 |     375 |481.0694 |   477.0 |    0,85 |-0,0050 |1592521490500 |[0.78926116, 0.48596174, 0.6872238, 0.5940935, 0.71483177, 0.98074985, 0.7242645, 0.0024442673, 0.07730019, 0.6393969, 0.76130456, 0.7960693, 0.8250732, 0.57925946, 0.6356344] |
|15 |   65 |0.43333334 | 5000 |      f5 |     375 |481.0694 |   477.0 |    0,85 |-0,0050 |1592521490500 |[0.78926116, 0.48596174, 0.6872238, 0.5940935, 0.71483177, 0.98074985, 0.7242645, 0.0024442673, 0.07730019, 0.6393969, 0.76130456, 0.7960693, 0.8250732, 0.57925946, 0.6356344] |
|15 |   65 |  0.45 | 5000 |      f5 |     375 |481.0694 |   477.0 |    0,85 |-0,0050 |1592521490500 |[0.78926116, 0.48596174, 0.6872238, 0.5940935, 0.71483177, 0.98074985, 0.7242645, 0.0024442673, 0.07730019, 0.6393969, 0.76130456, 0.7960693, 0.8250732, 0.57925946, 0.6356344] |
|15 |   65 |  0.45 | 5000 |      f5 |     375 |481.0694 |   477.0 |    0,85 |-0,0050 |1592521490500 |[0.78926116, 0.48596174, 0.6872238, 0.5940935, 0.71483177, 0.98074985, 0.7242645, 0.0024442673, 0.07730019, 0.6393969, 0.76130456, 0.7960693, 0.8250732, 0.57925946, 0.6356344] |
|15 |   65 |0.3846154 | 5000 |      f5 |     375 |481.0694 |   477.0 |    0,85 |-0,0050 |1592521490500 |[0.78926116, 0.48596174, 0.6872238, 0.5940935, 0.71483177, 0.98074985, 0.7242645, 0.0024442673, 0.07730019, 0.6393969, 0.76130456, 0.7960693, 0.8250732, 0.57925946, 0.6356344] |
|15 |   70 |   0.4 | 5000 |      f5 |     375 |481.0694 |   477.0 |    0,85 |-0,0050 |1592521490500 |[0.78926116, 0.48596174, 0.6872238, 0.5940935, 0.71483177, 0.98074985, 0.7242645, 0.0024442673, 0.07730019, 0.6393969, 0.76130456, 0.7960693, 0.8250732, 0.57925946, 0.6356344] |
|15 |   70 |  0.45 | 5000 |      f5 |     375 |481.0694 |   477.0 |    0,85 |-0,0050 |1592521490500 |[0.78926116, 0.48596174, 0.6872238, 0.5940935, 0.71483177, 0.98074985, 0.7242645, 0.0024442673, 0.07730019, 0.6393969, 0.76130456, 0.7960693, 0.8250732, 0.57925946, 0.6356344] |
|15 |   70 |0.37142858 | 5000 |      f5 |     375 |481.0694 |   477.0 |    0,85 |-0,0050 |1592521490500 |[0.78926116, 0.48596174, 0.6872238, 0.5940935, 0.71483177, 0.98074985, 0.7242645, 0.0024442673, 0.07730019, 0.6393969, 0.76130456, 0.7960693, 0.8250732, 0.57925946, 0.6356344] |
|15 |   70 |0.3857143 | 5000 |      f5 |     375 |481.0694 |   477.0 |    0,85 |-0,0050 |1592521490500 |[0.78926116, 0.48596174, 0.6872238, 0.5940935, 0.71483177, 0.98074985, 0.7242645, 0.0024442673, 0.07730019, 0.6393969, 0.76130456, 0.7960693, 0.8250732, 0.57925946, 0.6356344] |
|15 |   75 |0.42857143 | 5000 |      f5 |     375 |481.0694 |   477.0 |    0,85 |-0,0050 |1592521490500 |[0.78926116, 0.48596174, 0.6872238, 0.5940935, 0.71483177, 0.98074985, 0.7242645, 0.0024442673, 0.07730019, 0.6393969, 0.76130456, 0.7960693, 0.8250732, 0.57925946, 0.6356344] |
|15 |   75 |  0.45 | 5000 |      f5 |     375 |481.0694 |   477.0 |    0,85 |-0,0050 |1592521490500 |[0.78926116, 0.48596174, 0.6872238, 0.5940935, 0.71483177, 0.98074985, 0.7242645, 0.0024442673, 0.07730019, 0.6393969, 0.76130456, 0.7960693, 0.8250732, 0.57925946, 0.6356344] |
|15 |   75 |  0.45 | 5000 |      f5 |     375 |481.0694 |   477.0 |    0,85 |  6,1 |1592521490500 |[0.78926116, 0.48596174, 0.6872238, 0.5940935, 0.71483177, 0.98074985, 0.7242645, 0.0024442673, 0.07730019, 0.6393969, 0.76130456, 0.7960693, 0.8250732, 0.57925946, 0.6356344] |
