| # | Nest | %Desc |#Iter |Instancia | CapMoch |ValOptmo | BestFit |     RDP | time |      semilla |VectorSolucion |
-------------------------------------------------------------------------------------------------
| 1 |   25 |  0.25 | 2500 |      f3 |      20 |    35.0 |    35.0 |    0,00 |-1,6e+09 |1592499263250 |[0.7701818, 0.432378, 0.9616054, 0.5199301] |
| 2 |   25 |  0.25 | 2500 |      f3 |      20 |    35.0 |    35.0 |    0,00 |-0,0020 |1592499263255 |[0.35125977, 0.054083288, 0.6271261, 0.4773872] |
| 3 |   25 |  0.25 | 2500 |      f3 |      20 |    35.0 |    35.0 |    0,00 |-0,0010 |1592499263257 |[0.96512544, 0.99766153, 0.29800177, 0.17786056] |
| 4 |   25 |  0.25 | 2500 |      f3 |      20 |    35.0 |    35.0 |    0,00 |-0,0010 |1592499263260 |[0.4914912, 0.46072924, 0.13026196, 0.5319724] |
| 5 |   25 |  0.25 | 2500 |      f3 |      20 |    35.0 |    35.0 |    0,00 |-0,0010 |1592499263262 |[0.95552176, 0.74413383, 0.4341603, 0.40477556] |
| 6 |   25 |  0.25 | 2500 |      f3 |      20 |    35.0 |    35.0 |    0,00 |-0,0010 |1592499263264 |[0.80605423, 0.49130416, 0.9205497, 0.3757434] |
| 7 |   25 |  0.25 | 2500 |      f3 |      20 |    35.0 |    35.0 |    0,00 |-0,0010 |1592499263266 |[0.25817692, 0.9625305, 0.13743037, 0.63559705] |
| 8 |   25 |  0.25 | 2500 |      f3 |      20 |    35.0 |    35.0 |    0,00 |-0,0010 |1592499263268 |[0.6701993, 0.036049187, 0.8729873, 0.17397082] |
| 9 |   25 |  0.25 | 2500 |      f3 |      20 |    35.0 |    35.0 |    0,00 |-0,0010 |1592499263270 |[0.5123297, 0.23517925, 0.8731571, 0.99914956] |
|10 |   25 |  0.25 | 2500 |      f3 |      20 |    35.0 |    35.0 |    0,00 |-0,0010 |1592499263272 |[0.63595957, 0.07181859, 0.9496613, 0.5159971] |
|11 |   25 |  0.25 | 2500 |      f3 |      20 |    35.0 |    35.0 |    0,00 |-0,0010 |1592499263273 |[0.35284048, 0.8636001, 0.6769348, 0.00640893] |
|12 |   25 |  0.25 | 2500 |      f3 |      20 |    35.0 |    35.0 |    0,00 |-0,0010 |1592499263275 |[0.2833227, 0.6786211, 0.6469349, 0.5553739] |
|13 |   25 |  0.25 | 2500 |      f3 |      20 |    35.0 |    35.0 |    0,00 |-0,0010 |1592499263277 |[0.92633843, 0.8180283, 0.6849027, 0.81685024] |
|14 |   25 |  0.25 | 2500 |      f3 |      20 |    35.0 |    35.0 |    0,00 |  0,0 |1592499263278 |[0.44052315, 0.81670517, 0.28703856, 0.8241046] |
|15 |   25 |  0.25 | 2500 |      f3 |      20 |    35.0 |    35.0 |    0,00 |-0,0010 |1592499263280 |[0.97502756, 0.54286945, 0.30705428, 0.92814946] |
