| # | Nest | %Desc |#Iter |Instancia | CapMoch |ValOptmo | BestFit |     RDP | time |      semilla |VectorSolucion |
-------------------------------------------------------------------------------------------------
| 1 |   50 |  0.25 | 5000 |      f3 |      20 |    35.0 |    35.0 |    0,00 |-1,6e+09 |1592532444376 |[0.88334054, 0.34460336, 0.632758, 0.39584023] |
| 1 |   50 |  0.25 | 5000 |      f3 |      20 |    35.0 |    35.0 |    0,00 |0,0010 |1592532444376 |[0.88334054, 0.34460336, 0.632758, 0.39584023] |
| 2 |   50 |  0.25 | 5000 |      f3 |      20 |    35.0 |    35.0 |    0,00 |  0,0 |1592532444377 |[0.45526993, 0.31590873, 0.8658663, 0.2376135] |
| 2 |   50 |  0.25 | 5000 |      f3 |      20 |    35.0 |    35.0 |    0,00 |0,0010 |1592532444377 |[0.45526993, 0.31590873, 0.8658663, 0.2376135] |
| 3 |   50 |  0.25 | 5000 |      f3 |      20 |    35.0 |    35.0 |    0,00 |-0,0010 |1592532444379 |[0.3581649, 0.7260647, 0.19481635, 0.6086725] |
| 3 |   50 |  0.25 | 5000 |      f3 |      20 |    35.0 |    35.0 |    0,00 |  0,0 |1592532444379 |[0.3581649, 0.7260647, 0.19481635, 0.6086725] |
| 4 |   50 |  0.25 | 5000 |      f3 |      20 |    35.0 |    35.0 |    0,00 |-0,0010 |1592532444380 |[0.23040932, 0.8371327, 0.093885064, 0.67131406] |
| 4 |   50 |  0.25 | 5000 |      f3 |      20 |    35.0 |    35.0 |    0,00 |0,0010 |1592532444380 |[0.23040932, 0.8371327, 0.093885064, 0.67131406] |
| 5 |   50 |  0.25 | 5000 |      f3 |      20 |    35.0 |    35.0 |    0,00 |  0,0 |1592532444381 |[0.46216947, 0.105757535, 0.8662363, 0.59009236] |
| 5 |   50 |  0.25 | 5000 |      f3 |      20 |    35.0 |    35.0 |    0,00 |0,0010 |1592532444381 |[0.46216947, 0.105757535, 0.8662363, 0.59009236] |
| 6 |   50 |  0.25 | 5000 |      f3 |      20 |    35.0 |    35.0 |    0,00 |  0,0 |1592532444382 |[0.25688988, 0.2601071, 0.23930264, 0.4203241] |
| 6 |   50 |  0.25 | 5000 |      f3 |      20 |    35.0 |    35.0 |    0,00 |0,0020 |1592532444382 |[0.25688988, 0.2601071, 0.23930264, 0.4203241] |
| 7 |   50 |  0.25 | 5000 |      f3 |      20 |    35.0 |    35.0 |    0,00 |  0,0 |1592532444384 |[0.9517142, 0.118286036, 1.0E-12, 1.0E-12] |
| 7 |   50 |  0.25 | 5000 |      f3 |      20 |    35.0 |    35.0 |    0,00 |0,0010 |1592532444384 |[0.9517142, 0.118286036, 1.0E-12, 1.0E-12] |
| 8 |   50 |  0.25 | 5000 |      f3 |      20 |    35.0 |    35.0 |    0,00 |  0,0 |1592532444385 |[0.41389728, 0.6745317, 0.95017695, 0.54463315] |
| 8 |   50 |  0.25 | 5000 |      f3 |      20 |    35.0 |    35.0 |    0,00 |0,0040 |1592532444385 |[0.41389728, 0.6745317, 0.95017695, 0.54463315] |
| 9 |   50 |  0.25 | 5000 |      f3 |      20 |    35.0 |    35.0 |    0,00 |  0,0 |1592532444389 |[0.65613097, 0.82725805, 0.9270193, 0.6490555] |
| 9 |   50 |  0.25 | 5000 |      f3 |      20 |    35.0 |    35.0 |    0,00 |0,0010 |1592532444389 |[0.65613097, 0.82725805, 0.9270193, 0.6490555] |
|10 |   50 |  0.25 | 5000 |      f3 |      20 |    35.0 |    35.0 |    0,00 |  0,0 |1592532444390 |[0.93089986, 0.20473105, 0.5911877, 0.31937152] |
|10 |   50 |  0.25 | 5000 |      f3 |      20 |    35.0 |    35.0 |    0,00 |0,0010 |1592532444390 |[0.93089986, 0.20473105, 0.5911877, 0.31937152] |
|11 |   50 |  0.25 | 5000 |      f3 |      20 |    35.0 |    35.0 |    0,00 |  0,0 |1592532444391 |[0.50808245, 0.4433347, 0.20431578, 0.32726634] |
|11 |   50 |  0.25 | 5000 |      f3 |      20 |    35.0 |    35.0 |    0,00 |0,0010 |1592532444391 |[0.50808245, 0.4433347, 0.20431578, 0.32726634] |
|12 |   50 |  0.25 | 5000 |      f3 |      20 |    35.0 |    35.0 |    0,00 |-0,0010 |1592532444393 |[0.47477716, 0.25110513, 0.07950288, 0.6144037] |
|12 |   50 |  0.25 | 5000 |      f3 |      20 |    35.0 |    35.0 |    0,00 |  0,0 |1592532444393 |[0.47477716, 0.25110513, 0.07950288, 0.6144037] |
|13 |   50 |  0.25 | 5000 |      f3 |      20 |    35.0 |    35.0 |    0,00 |-0,0010 |1592532444394 |[0.6839985, 0.38229418, 0.81799847, 0.59712553] |
|13 |   50 |  0.25 | 5000 |      f3 |      20 |    35.0 |    35.0 |    0,00 |  0,0 |1592532444394 |[0.6839985, 0.38229418, 0.81799847, 0.59712553] |
|14 |   50 |  0.25 | 5000 |      f3 |      20 |    35.0 |    35.0 |    0,00 |-0,0010 |1592532444395 |[0.56834733, 0.32051378, 0.21604079, 0.8345834] |
|14 |   50 |  0.25 | 5000 |      f3 |      20 |    35.0 |    35.0 |    0,00 |0,0010 |1592532444395 |[0.56834733, 0.32051378, 0.21604079, 0.8345834] |
|15 |   50 |  0.25 | 5000 |      f3 |      20 |    35.0 |    35.0 |    0,00 |  0,0 |1592532444396 |[0.06440549, 0.43207768, 0.3654104, 0.49960673] |
|15 |   50 |  0.25 | 5000 |      f3 |      20 |    35.0 |    35.0 |    0,00 |0,0010 |1592532444396 |[0.06440549, 0.43207768, 0.3654104, 0.49960673] |
