|Instancia |Ejecucion |Iteracion |Iter Max |Nidos |   %Pa |tipoDiscretizacion |tipoBinarizacion | CapMoch |   Optmo |OptimoObtenido |     RDP | time |      semilla |VectorSolucionReal |VectorSolucionBinario |
-------------------------------------------------------------------------------------------------
|      f5 | 1 |       1 |    5000 |   25 |  0.25 |standard | sshape3 |     375 |481.0694 |481.06937 |    0,00 |-1,6e+09 |1594062544950 |[0.7018014, 0.29344377, 0.82621014, 0.46856862, 1.0E-12, 0.26079518, 0.7559799, 0.6483469, 1.0E-12, 0.13960283, 0.73039204, 0.35261935, 0.6253222, 0.53297573, 0.90808195] |[0.0, 0.0, 1.0, 0.0, 1.0, 0.0, 1.0, 1.0, 0.0, 1.0, 1.0, 1.0, 0.0, 1.0, 1.0] |
|      f5 | 1 |     500 |    5000 |   25 |  0.32 |standard | sshape3 |     375 |481.0694 |481.06937 |    0,00 |-1,6e+09 |1594062544950 |[0.5106493, 0.040522337, 0.8271853, 0.68194884, 0.627494, 0.7863556, 0.14992528, 0.07128705, 0.5730084, 0.559952, 0.9583382, 0.68175226, 0.7962959, 0.38055894, 0.64182746] |[0.0, 1.0, 1.0, 0.0, 0.0, 0.0, 1.0, 1.0, 0.0, 0.0, 1.0, 1.0, 1.0, 1.0, 0.0] |
|      f5 | 1 |    1000 |    5000 |   25 |  0.16 |standard | sshape3 |     375 |481.0694 |481.06937 |    0,00 |-1,6e+09 |1594062544950 |[0.5106493, 0.040522337, 0.8271853, 0.68194884, 0.627494, 0.7863556, 0.14992528, 0.07128705, 0.5730084, 0.559952, 0.9583382, 0.68175226, 0.7962959, 0.38055894, 0.64182746] |[0.0, 0.0, 1.0, 1.0, 0.0, 0.0, 1.0, 1.0, 1.0, 0.0, 0.0, 1.0, 0.0, 1.0, 1.0] |
|      f5 | 1 |    1500 |    5000 |   30 |  0.32 |standard | sshape3 |     375 |481.0694 |481.06937 |    0,00 |-1,6e+09 |1594062544950 |[0.5106493, 0.040522337, 0.8271853, 0.68194884, 0.627494, 0.7863556, 0.14992528, 0.07128705, 0.5730084, 0.559952, 0.9583382, 0.68175226, 0.7962959, 0.38055894, 0.64182746] |[0.0, 0.0, 0.0, 0.0, 0.0, 0.0, 0.0, 0.0, 0.0, 0.0, 0.0, 0.0, 0.0, 0.0, 0.0] |
|      f5 | 1 |    2000 |    5000 |   30 |  0.45 |standard | sshape3 |     375 |481.0694 |481.06937 |    0,00 |-1,6e+09 |1594062544950 |[0.5106493, 0.040522337, 0.8271853, 0.68194884, 0.627494, 0.7863556, 0.14992528, 0.07128705, 0.5730084, 0.559952, 0.9583382, 0.68175226, 0.7962959, 0.38055894, 0.64182746] |[0.0, 0.0, 1.0, 1.0, 1.0, 0.0, 1.0, 1.0, 0.0, 0.0, 1.0, 1.0, 0.0, 0.0, 1.0] |
|      f5 | 1 |    2500 |    5000 |   30 |0.26666668 |standard | sshape3 |     375 |481.0694 |481.06937 |    0,00 |-1,6e+09 |1594062544950 |[0.5106493, 0.040522337, 0.8271853, 0.68194884, 0.627494, 0.7863556, 0.14992528, 0.07128705, 0.5730084, 0.559952, 0.9583382, 0.68175226, 0.7962959, 0.38055894, 0.64182746] |[0.0, 0.0, 1.0, 0.0, 1.0, 0.0, 1.0, 1.0, 0.0, 1.0, 1.0, 1.0, 0.0, 1.0, 1.0] |
|      f5 | 1 |    3000 |    5000 |   30 |0.33333334 |standard | sshape3 |     375 |481.0694 |481.06937 |    0,00 |-1,6e+09 |1594062544950 |[0.5106493, 0.040522337, 0.8271853, 0.68194884, 0.627494, 0.7863556, 0.14992528, 0.07128705, 0.5730084, 0.559952, 0.9583382, 0.68175226, 0.7962959, 0.38055894, 0.64182746] |[0.0, 0.0, 1.0, 0.0, 1.0, 1.0, 1.0, 1.0, 1.0, 0.0, 0.0, 1.0, 0.0, 1.0, 0.0] |
|      f5 | 1 |    3500 |    5000 |   35 |0.36666667 |standard | sshape3 |     375 |481.0694 |481.06937 |    0,00 |-1,6e+09 |1594062544950 |[0.5106493, 0.040522337, 0.8271853, 0.68194884, 0.627494, 0.7863556, 0.14992528, 0.07128705, 0.5730084, 0.559952, 0.9583382, 0.68175226, 0.7962959, 0.38055894, 0.64182746] |[0.0, 0.0, 0.0, 0.0, 0.0, 0.0, 0.0, 0.0, 0.0, 0.0, 0.0, 0.0, 0.0, 0.0, 0.0] |
|      f5 | 1 |    4000 |    5000 |   35 |   0.4 |standard | sshape3 |     375 |481.0694 |481.06937 |    0,00 |-1,6e+09 |1594062544950 |[0.5106493, 0.040522337, 0.8271853, 0.68194884, 0.627494, 0.7863556, 0.14992528, 0.07128705, 0.5730084, 0.559952, 0.9583382, 0.68175226, 0.7962959, 0.38055894, 0.64182746] |[0.0, 0.0, 1.0, 1.0, 1.0, 0.0, 1.0, 1.0, 1.0, 0.0, 0.0, 1.0, 0.0, 1.0, 0.0] |
|      f5 | 1 |    4500 |    5000 |   35 |0.37142858 |standard | sshape3 |     375 |481.0694 |481.06937 |    0,00 |-1,6e+09 |1594062544950 |[0.5106493, 0.040522337, 0.8271853, 0.68194884, 0.627494, 0.7863556, 0.14992528, 0.07128705, 0.5730084, 0.559952, 0.9583382, 0.68175226, 0.7962959, 0.38055894, 0.64182746] |[0.0, 0.0, 1.0, 0.0, 1.0, 1.0, 1.0, 1.0, 1.0, 1.0, 1.0, 1.0, 0.0, 0.0, 0.0] |
|      f5 | 1 |    5000 |    5000 |   35 |0.34285715 |standard | sshape3 |     375 |481.0694 |481.06937 |    0,00 |-1,6e+09 |1594062544950 |[0.5106493, 0.040522337, 0.8271853, 0.68194884, 0.627494, 0.7863556, 0.14992528, 0.07128705, 0.5730084, 0.559952, 0.9583382, 0.68175226, 0.7962959, 0.38055894, 0.64182746] |[1.0, 0.0, 1.0, 1.0, 0.0, 0.0, 1.0, 1.0, 0.0, 1.0, 1.0, 1.0, 1.0, 0.0, 0.0] |
|      f5 | 1 |    5001 |    5000 |   35 |0.34285715 |standard | sshape3 |     375 |481.0694 |481.06937 |    0,00 |  1,4 |1594062544950 |[0.5106493, 0.040522337, 0.8271853, 0.68194884, 0.627494, 0.7863556, 0.14992528, 0.07128705, 0.5730084, 0.559952, 0.9583382, 0.68175226, 0.7962959, 0.38055894, 0.64182746] |[1.0, 0.0, 1.0, 1.0, 0.0, 0.0, 1.0, 1.0, 0.0, 1.0, 1.0, 1.0, 1.0, 0.0, 0.0] |
|      f5 | 2 |       1 |    5000 |   25 |  0.25 |standard | sshape3 |     375 |481.0694 |481.06937 |    0,00 |-0,0010 |1594062546378 |[0.17110075, 0.16244785, 0.8069533, 0.6289648, 0.99559087, 0.7581205, 0.34633327, 0.22005795, 0.67997926, 0.43961886, 0.6757414, 0.87177116, 0.80597496, 0.29172722, 0.8263107] |[0.0, 0.0, 0.0, 1.0, 1.0, 0.0, 0.0, 1.0, 1.0, 1.0, 1.0, 1.0, 0.0, 0.0, 1.0] |
|      f5 | 2 |     500 |    5000 |   30 |  0.32 |standard | sshape3 |     375 |481.0694 |481.06937 |    0,00 |-0,0010 |1594062546378 |[0.0697326, 0.34440708, 0.45964822, 0.9982341, 0.83793074, 0.00331464, 1.0, 1.8282092E-4, 0.47603685, 0.058421876, 0.73044807, 0.41680595, 0.15485042, 0.8624247, 0.33713654] |[0.0, 0.0, 0.0, 0.0, 0.0, 0.0, 0.0, 0.0, 0.0, 0.0, 0.0, 0.0, 0.0, 0.0, 0.0] |
|      f5 | 2 |    1000 |    5000 |   30 |  0.45 |standard | sshape3 |     375 |481.0694 |481.06937 |    0,00 |-0,0010 |1594062546378 |[0.0697326, 0.34440708, 0.45964822, 0.9982341, 0.83793074, 0.00331464, 1.0, 1.8282092E-4, 0.47603685, 0.058421876, 0.73044807, 0.41680595, 0.15485042, 0.8624247, 0.33713654] |[0.0, 0.0, 1.0, 0.0, 1.0, 1.0, 0.0, 1.0, 0.0, 0.0, 1.0, 1.0, 0.0, 1.0, 1.0] |
|      f5 | 2 |    1500 |    5000 |   30 |0.26666668 |standard | sshape3 |     375 |481.0694 |481.06937 |    0,00 |-0,0010 |1594062546378 |[0.0697326, 0.34440708, 0.45964822, 0.9982341, 0.83793074, 0.00331464, 1.0, 1.8282092E-4, 0.47603685, 0.058421876, 0.73044807, 0.41680595, 0.15485042, 0.8624247, 0.33713654] |[1.0, 1.0, 0.0, 1.0, 1.0, 0.0, 0.0, 1.0, 0.0, 0.0, 0.0, 1.0, 1.0, 0.0, 0.0] |
|      f5 | 2 |    2000 |    5000 |   30 |0.23333333 |standard | sshape3 |     375 |481.0694 |481.06937 |    0,00 |-0,0010 |1594062546378 |[0.0697326, 0.34440708, 0.45964822, 0.9982341, 0.83793074, 0.00331464, 1.0, 1.8282092E-4, 0.47603685, 0.058421876, 0.73044807, 0.41680595, 0.15485042, 0.8624247, 0.33713654] |[0.0, 0.0, 1.0, 1.0, 1.0, 0.0, 0.0, 1.0, 0.0, 0.0, 0.0, 1.0, 0.0, 1.0, 1.0] |
|      f5 | 2 |    2500 |    5000 |   35 |0.36666667 |standard | sshape3 |     375 |481.0694 |481.06937 |    0,00 |-0,0010 |1594062546378 |[0.0697326, 0.34440708, 0.45964822, 0.9982341, 0.83793074, 0.00331464, 1.0, 1.8282092E-4, 0.47603685, 0.058421876, 0.73044807, 0.41680595, 0.15485042, 0.8624247, 0.33713654] |[0.0, 0.0, 0.0, 0.0, 0.0, 0.0, 0.0, 0.0, 0.0, 0.0, 0.0, 0.0, 0.0, 0.0, 0.0] |
|      f5 | 2 |    3000 |    5000 |   35 |  0.45 |standard | sshape3 |     375 |481.0694 |481.06937 |    0,00 |-0,0010 |1594062546378 |[0.0697326, 0.34440708, 0.45964822, 0.9982341, 0.83793074, 0.00331464, 1.0, 1.8282092E-4, 0.47603685, 0.058421876, 0.73044807, 0.41680595, 0.15485042, 0.8624247, 0.33713654] |[0.0, 1.0, 0.0, 1.0, 0.0, 0.0, 1.0, 1.0, 1.0, 0.0, 1.0, 1.0, 0.0, 0.0, 1.0] |
|      f5 | 2 |    3500 |    5000 |   35 |0.37142858 |standard | sshape3 |     375 |481.0694 |481.06937 |    0,00 |-0,0010 |1594062546378 |[0.0697326, 0.34440708, 0.45964822, 0.9982341, 0.83793074, 0.00331464, 1.0, 1.8282092E-4, 0.47603685, 0.058421876, 0.73044807, 0.41680595, 0.15485042, 0.8624247, 0.33713654] |[0.0, 0.0, 1.0, 0.0, 1.0, 1.0, 1.0, 1.0, 0.0, 0.0, 1.0, 1.0, 0.0, 1.0, 0.0] |
|      f5 | 2 |    4000 |    5000 |   35 |0.2857143 |standard | sshape3 |     375 |481.0694 |481.06937 |    0,00 |-0,0010 |1594062546378 |[0.0697326, 0.34440708, 0.45964822, 0.9982341, 0.83793074, 0.00331464, 1.0, 1.8282092E-4, 0.47603685, 0.058421876, 0.73044807, 0.41680595, 0.15485042, 0.8624247, 0.33713654] |[0.0, 0.0, 1.0, 1.0, 1.0, 0.0, 0.0, 1.0, 1.0, 0.0, 1.0, 1.0, 0.0, 0.0, 1.0] |
|      f5 | 2 |    4500 |    5000 |   40 |0.37142858 |standard | sshape3 |     375 |481.0694 |481.06937 |    0,00 |-0,0010 |1594062546378 |[0.0697326, 0.34440708, 0.45964822, 0.9982341, 0.83793074, 0.00331464, 1.0, 1.8282092E-4, 0.47603685, 0.058421876, 0.73044807, 0.41680595, 0.15485042, 0.8624247, 0.33713654] |[0.0, 0.0, 0.0, 0.0, 0.0, 0.0, 0.0, 0.0, 0.0, 0.0, 0.0, 0.0, 0.0, 0.0, 0.0] |
|      f5 | 2 |    5000 |    5000 |   40 | 0.425 |standard | sshape3 |     375 |481.0694 |481.06937 |    0,00 |-0,0010 |1594062546378 |[0.0697326, 0.34440708, 0.45964822, 0.9982341, 0.83793074, 0.00331464, 1.0, 1.8282092E-4, 0.47603685, 0.058421876, 0.73044807, 0.41680595, 0.15485042, 0.8624247, 0.33713654] |[0.0, 0.0, 1.0, 1.0, 0.0, 0.0, 0.0, 1.0, 1.0, 0.0, 1.0, 1.0, 0.0, 1.0, 1.0] |
|      f5 | 2 |    5001 |    5000 |   40 | 0.425 |standard | sshape3 |     375 |481.0694 |481.06937 |    0,00 |  1,2 |1594062546378 |[0.0697326, 0.34440708, 0.45964822, 0.9982341, 0.83793074, 0.00331464, 1.0, 1.8282092E-4, 0.47603685, 0.058421876, 0.73044807, 0.41680595, 0.15485042, 0.8624247, 0.33713654] |[0.0, 0.0, 1.0, 1.0, 0.0, 0.0, 0.0, 1.0, 1.0, 0.0, 1.0, 1.0, 0.0, 1.0, 1.0] |
|      f5 | 3 |       1 |    5000 |   25 |  0.25 |standard | sshape3 |     375 |481.0694 |481.06937 |    0,00 |-0,0010 |1594062547595 |[0.6578959, 0.9129406, 0.49277627, 0.87745714, 0.3725508, 0.90473646, 0.45638752, 0.30950361, 0.79969364, 0.41271746, 0.9270138, 0.2428053, 0.9841307, 0.6238748, 0.058210075] |[1.0, 0.0, 0.0, 0.0, 0.0, 1.0, 1.0, 1.0, 0.0, 1.0, 1.0, 1.0, 1.0, 1.0, 0.0] |
|      f5 | 3 |     500 |    5000 |   25 |  0.44 |standard | sshape3 |     375 |481.0694 |481.06937 |    0,00 |-0,0010 |1594062547595 |[0.25515682, 0.892157, 0.32699963, 0.53595424, 0.7203845, 0.15413325, 0.105463, 0.26121822, 0.78411806, 0.10444244, 0.703244, 0.27097592, 0.40630007, 0.7905542, 0.95813847] |[1.0, 0.0, 0.0, 0.0, 0.0, 1.0, 0.0, 1.0, 0.0, 1.0, 1.0, 1.0, 1.0, 1.0, 1.0] |
|      f5 | 3 |    1000 |    5000 |   25 |  0.24 |standard | sshape3 |     375 |481.0694 |481.06937 |    0,00 |-0,0010 |1594062547595 |[0.25515682, 0.892157, 0.32699963, 0.53595424, 0.7203845, 0.15413325, 0.105463, 0.26121822, 0.78411806, 0.10444244, 0.703244, 0.27097592, 0.40630007, 0.7905542, 0.95813847] |[0.0, 0.0, 1.0, 0.0, 1.0, 0.0, 1.0, 1.0, 0.0, 1.0, 1.0, 1.0, 0.0, 1.0, 1.0] |
|      f5 | 3 |    1500 |    5000 |   30 |   0.4 |standard | sshape3 |     375 |481.0694 |481.06937 |    0,00 |-0,0010 |1594062547595 |[0.25515682, 0.892157, 0.32699963, 0.53595424, 0.7203845, 0.15413325, 0.105463, 0.26121822, 0.78411806, 0.10444244, 0.703244, 0.27097592, 0.40630007, 0.7905542, 0.95813847] |[0.0, 0.0, 0.0, 0.0, 0.0, 0.0, 0.0, 0.0, 0.0, 0.0, 0.0, 0.0, 0.0, 0.0, 0.0] |
|      f5 | 3 |    2000 |    5000 |   30 |  0.45 |standard | sshape3 |     375 |481.0694 |481.06937 |    0,00 |-0,0010 |1594062547595 |[0.25515682, 0.892157, 0.32699963, 0.53595424, 0.7203845, 0.15413325, 0.105463, 0.26121822, 0.78411806, 0.10444244, 0.703244, 0.27097592, 0.40630007, 0.7905542, 0.95813847] |[0.0, 0.0, 1.0, 0.0, 1.0, 0.0, 1.0, 1.0, 0.0, 1.0, 1.0, 1.0, 0.0, 1.0, 1.0] |
|      f5 | 3 |    2500 |    5000 |   30 |0.36666667 |standard | sshape3 |     375 |481.0694 |481.06937 |    0,00 |-0,0010 |1594062547595 |[0.03519857, 0.3906188, 0.1021415, 0.38791627, 0.2893557, 0.31175506, 0.23723978, 0.37792617, 0.41590798, 0.7432008, 0.037914693, 0.86123633, 0.3241701, 0.0106553435, 0.22755605] |[0.0, 1.0, 0.0, 0.0, 1.0, 0.0, 0.0, 1.0, 1.0, 1.0, 1.0, 1.0, 0.0, 1.0, 1.0] |
|      f5 | 3 |    3000 |    5000 |   30 |0.36666667 |standard | sshape3 |     375 |481.0694 |481.06937 |    0,00 |-0,0010 |1594062547595 |[0.03519857, 0.3906188, 0.1021415, 0.38791627, 0.2893557, 0.31175506, 0.23723978, 0.37792617, 0.41590798, 0.7432008, 0.037914693, 0.86123633, 0.3241701, 0.0106553435, 0.22755605] |[0.0, 0.0, 1.0, 0.0, 0.0, 1.0, 1.0, 1.0, 1.0, 1.0, 0.0, 1.0, 1.0, 0.0, 1.0] |
|      f5 | 3 |    3500 |    5000 |   35 |0.33333334 |standard | sshape3 |     375 |481.0694 |481.06937 |    0,00 |-0,0010 |1594062547595 |[0.23692274, 0.55398697, 0.24583042, 0.7978936, 0.48032963, 0.65817577, 0.32174844, 0.54018885, 0.21468216, 0.041345417, 0.74623454, 0.071814, 0.80875444, 0.22125614, 0.74320203] |[0.0, 0.0, 0.0, 0.0, 0.0, 0.0, 0.0, 0.0, 0.0, 0.0, 0.0, 0.0, 0.0, 0.0, 0.0] |
|      f5 | 3 |    4000 |    5000 |   35 |  0.45 |standard | sshape3 |     375 |481.0694 |481.06937 |    0,00 |-0,0010 |1594062547595 |[0.23692274, 0.55398697, 0.24583042, 0.7978936, 0.48032963, 0.65817577, 0.32174844, 0.54018885, 0.21468216, 0.041345417, 0.74623454, 0.071814, 0.80875444, 0.22125614, 0.74320203] |[0.0, 0.0, 1.0, 1.0, 1.0, 0.0, 1.0, 1.0, 0.0, 0.0, 1.0, 1.0, 0.0, 0.0, 1.0] |
|      f5 | 3 |    4500 |    5000 |   35 |0.37142858 |standard | sshape3 |     375 |481.0694 |481.06937 |    0,00 |-0,0010 |1594062547595 |[0.23692274, 0.55398697, 0.24583042, 0.7978936, 0.48032963, 0.65817577, 0.32174844, 0.54018885, 0.21468216, 0.041345417, 0.74623454, 0.071814, 0.80875444, 0.22125614, 0.74320203] |[0.0, 1.0, 1.0, 1.0, 0.0, 0.0, 1.0, 1.0, 0.0, 0.0, 0.0, 1.0, 0.0, 0.0, 1.0] |
|      f5 | 3 |    5000 |    5000 |   35 |0.22857143 |standard | sshape3 |     375 |481.0694 |481.06937 |    0,00 |-0,0010 |1594062547595 |[0.23692274, 0.55398697, 0.24583042, 0.7978936, 0.48032963, 0.65817577, 0.32174844, 0.54018885, 0.21468216, 0.041345417, 0.74623454, 0.071814, 0.80875444, 0.22125614, 0.74320203] |[0.0, 1.0, 0.0, 1.0, 0.0, 0.0, 0.0, 1.0, 0.0, 1.0, 1.0, 1.0, 1.0, 1.0, 0.0] |
|      f5 | 3 |    5001 |    5000 |   35 |0.22857143 |standard | sshape3 |     375 |481.0694 |481.06937 |    0,00 |  1,1 |1594062547595 |[0.23692274, 0.55398697, 0.24583042, 0.7978936, 0.48032963, 0.65817577, 0.32174844, 0.54018885, 0.21468216, 0.041345417, 0.74623454, 0.071814, 0.80875444, 0.22125614, 0.74320203] |[0.0, 1.0, 0.0, 1.0, 0.0, 0.0, 0.0, 1.0, 0.0, 1.0, 1.0, 1.0, 1.0, 1.0, 0.0] |
|      f5 | 4 |       1 |    5000 |   25 |  0.25 |standard | sshape3 |     375 |481.0694 |481.06937 |    0,00 |-0,0020 |1594062548714 |[0.65225464, 0.72118944, 0.27048856, 0.52736425, 0.9005666, 0.14575869, 0.28421932, 0.4292102, 0.9087456, 0.35001302, 0.45272595, 0.4451278, 0.71376616, 0.7703071, 0.546691] |[0.0, 0.0, 1.0, 1.0, 0.0, 1.0, 0.0, 1.0, 0.0, 1.0, 1.0, 1.0, 0.0, 1.0, 0.0] |
|      f5 | 4 |     500 |    5000 |   30 |  0.24 |standard | sshape3 |     375 |481.0694 |481.06937 |    0,00 |-0,0020 |1594062548714 |[0.71338993, 0.19300376, 0.12934539, 0.94244087, 0.83887905, 0.6447735, 0.41286385, 0.7588476, 0.5857036, 0.451752, 0.6901274, 0.33517933, 0.81837475, 0.30830857, 0.8008147] |[0.0, 0.0, 0.0, 0.0, 0.0, 0.0, 0.0, 0.0, 0.0, 0.0, 0.0, 0.0, 0.0, 0.0, 0.0] |
|      f5 | 4 |    1000 |    5000 |   30 |  0.45 |standard | sshape3 |     375 |481.0694 |481.06937 |    0,00 |-0,0020 |1594062548714 |[0.71338993, 0.19300376, 0.12934539, 0.94244087, 0.83887905, 0.6447735, 0.41286385, 0.7588476, 0.5857036, 0.451752, 0.6901274, 0.33517933, 0.81837475, 0.30830857, 0.8008147] |[0.0, 0.0, 1.0, 1.0, 0.0, 0.0, 1.0, 1.0, 0.0, 0.0, 1.0, 1.0, 0.0, 1.0, 1.0] |
|      f5 | 4 |    1500 |    5000 |   30 |   0.3 |standard | sshape3 |     375 |481.0694 |481.06937 |    0,00 |-0,0020 |1594062548714 |[0.71338993, 0.19300376, 0.12934539, 0.94244087, 0.83887905, 0.6447735, 0.41286385, 0.7588476, 0.5857036, 0.451752, 0.6901274, 0.33517933, 0.81837475, 0.30830857, 0.8008147] |[0.0, 0.0, 0.0, 0.0, 1.0, 1.0, 1.0, 1.0, 0.0, 1.0, 1.0, 1.0, 1.0, 1.0, 0.0] |
|      f5 | 4 |    2000 |    5000 |   30 |0.36666667 |standard | sshape3 |     375 |481.0694 |481.06937 |    0,00 |-0,0020 |1594062548714 |[0.71338993, 0.19300376, 0.12934539, 0.94244087, 0.83887905, 0.6447735, 0.41286385, 0.7588476, 0.5857036, 0.451752, 0.6901274, 0.33517933, 0.81837475, 0.30830857, 0.8008147] |[0.0, 0.0, 1.0, 1.0, 1.0, 0.0, 0.0, 1.0, 1.0, 0.0, 1.0, 1.0, 0.0, 0.0, 1.0] |
|      f5 | 4 |    2500 |    5000 |   35 |0.26666668 |standard | sshape3 |     375 |481.0694 |481.06937 |    0,00 |-0,0020 |1594062548714 |[0.71338993, 0.19300376, 0.12934539, 0.94244087, 0.83887905, 0.6447735, 0.41286385, 0.7588476, 0.5857036, 0.451752, 0.6901274, 0.33517933, 0.81837475, 0.30830857, 0.8008147] |[0.0, 0.0, 0.0, 0.0, 0.0, 0.0, 0.0, 0.0, 0.0, 0.0, 0.0, 0.0, 0.0, 0.0, 0.0] |
|      f5 | 4 |    3000 |    5000 |   35 |  0.45 |standard | sshape3 |     375 |481.0694 |481.06937 |    0,00 |-0,0020 |1594062548714 |[0.71338993, 0.19300376, 0.12934539, 0.94244087, 0.83887905, 0.6447735, 0.41286385, 0.7588476, 0.5857036, 0.451752, 0.6901274, 0.33517933, 0.81837475, 0.30830857, 0.8008147] |[1.0, 0.0, 0.0, 0.0, 1.0, 1.0, 1.0, 1.0, 0.0, 1.0, 0.0, 1.0, 0.0, 0.0, 1.0] |
|      f5 | 4 |    3500 |    5000 |   35 |0.31428573 |standard | sshape3 |     375 |481.0694 |481.06937 |    0,00 |-0,0020 |1594062548714 |[0.71338993, 0.19300376, 0.12934539, 0.94244087, 0.83887905, 0.6447735, 0.41286385, 0.7588476, 0.5857036, 0.451752, 0.6901274, 0.33517933, 0.81837475, 0.30830857, 0.8008147] |[0.0, 0.0, 1.0, 0.0, 1.0, 0.0, 1.0, 1.0, 1.0, 0.0, 1.0, 1.0, 1.0, 1.0, 0.0] |
|      f5 | 4 |    4000 |    5000 |   35 |0.42857143 |standard | sshape3 |     375 |481.0694 |481.06937 |    0,00 |-0,0020 |1594062548714 |[0.71338993, 0.19300376, 0.12934539, 0.94244087, 0.83887905, 0.6447735, 0.41286385, 0.7588476, 0.5857036, 0.451752, 0.6901274, 0.33517933, 0.81837475, 0.30830857, 0.8008147] |[0.0, 0.0, 1.0, 0.0, 1.0, 0.0, 1.0, 1.0, 0.0, 1.0, 1.0, 1.0, 0.0, 1.0, 1.0] |
|      f5 | 4 |    4500 |    5000 |   40 |  0.45 |standard | sshape3 |     375 |481.0694 |481.06937 |    0,00 |-0,0020 |1594062548714 |[0.71338993, 0.19300376, 0.12934539, 0.94244087, 0.83887905, 0.6447735, 0.41286385, 0.7588476, 0.5857036, 0.451752, 0.6901274, 0.33517933, 0.81837475, 0.30830857, 0.8008147] |[0.0, 0.0, 0.0, 0.0, 0.0, 0.0, 0.0, 0.0, 0.0, 0.0, 0.0, 0.0, 0.0, 0.0, 0.0] |
|      f5 | 4 |    5000 |    5000 |   40 |  0.45 |standard | sshape3 |     375 |481.0694 |481.06937 |    0,00 |-0,0020 |1594062548714 |[0.71338993, 0.19300376, 0.12934539, 0.94244087, 0.83887905, 0.6447735, 0.41286385, 0.7588476, 0.5857036, 0.451752, 0.6901274, 0.33517933, 0.81837475, 0.30830857, 0.8008147] |[0.0, 0.0, 1.0, 1.0, 1.0, 0.0, 1.0, 1.0, 0.0, 0.0, 1.0, 1.0, 0.0, 1.0, 0.0] |
|      f5 | 4 |    5001 |    5000 |   40 |  0.45 |standard | sshape3 |     375 |481.0694 |481.06937 |    0,00 |  1,2 |1594062548714 |[0.71338993, 0.19300376, 0.12934539, 0.94244087, 0.83887905, 0.6447735, 0.41286385, 0.7588476, 0.5857036, 0.451752, 0.6901274, 0.33517933, 0.81837475, 0.30830857, 0.8008147] |[0.0, 0.0, 1.0, 1.0, 1.0, 0.0, 1.0, 1.0, 0.0, 0.0, 1.0, 1.0, 0.0, 1.0, 0.0] |
|      f5 | 5 |       1 |    5000 |   25 |  0.25 |standard | sshape3 |     375 |481.0694 |481.06937 |    0,00 |  0,0 |1594062549890 |[0.6056654, 0.53404325, 0.8771676, 0.4976465, 0.12356317, 0.23840237, 0.16162789, 0.7178594, 0.59093165, 0.7960896, 0.43444657, 0.075666785, 0.8004191, 0.61594313, 0.955933] |[1.0, 1.0, 1.0, 0.0, 0.0, 0.0, 0.0, 1.0, 1.0, 1.0, 1.0, 1.0, 0.0, 0.0, 1.0] |
|      f5 | 5 |     500 |    5000 |   25 |  0.24 |standard | sshape3 |     375 |481.0694 |481.06937 |    0,00 |  0,0 |1594062549890 |[0.6056654, 0.53404325, 0.8771676, 0.4976465, 0.12356317, 0.23840237, 0.16162789, 0.7178594, 0.59093165, 0.7960896, 0.43444657, 0.075666785, 0.8004191, 0.61594313, 0.955933] |[0.0, 0.0, 1.0, 0.0, 1.0, 0.0, 1.0, 1.0, 1.0, 0.0, 1.0, 1.0, 0.0, 1.0, 1.0] |
|      f5 | 5 |    1000 |    5000 |   25 |  0.28 |standard | sshape3 |     375 |481.0694 |481.06937 |    0,00 |  0,0 |1594062549890 |[0.6056654, 0.53404325, 0.8771676, 0.4976465, 0.12356317, 0.23840237, 0.16162789, 0.7178594, 0.59093165, 0.7960896, 0.43444657, 0.075666785, 0.8004191, 0.61594313, 0.955933] |[0.0, 0.0, 0.0, 1.0, 0.0, 1.0, 1.0, 1.0, 1.0, 0.0, 1.0, 1.0, 0.0, 1.0, 0.0] |
|      f5 | 5 |    1500 |    5000 |   30 |  0.36 |standard | sshape3 |     375 |481.0694 |481.06937 |    0,00 |  0,0 |1594062549890 |[0.6056654, 0.53404325, 0.8771676, 0.4976465, 0.12356317, 0.23840237, 0.16162789, 0.7178594, 0.59093165, 0.7960896, 0.43444657, 0.075666785, 0.8004191, 0.61594313, 0.955933] |[0.0, 0.0, 0.0, 0.0, 0.0, 0.0, 0.0, 0.0, 0.0, 0.0, 0.0, 0.0, 0.0, 0.0, 0.0] |
|      f5 | 5 |    2000 |    5000 |   30 |  0.45 |standard | sshape3 |     375 |481.0694 |481.06937 |    0,00 |  0,0 |1594062549890 |[0.6056654, 0.53404325, 0.8771676, 0.4976465, 0.12356317, 0.23840237, 0.16162789, 0.7178594, 0.59093165, 0.7960896, 0.43444657, 0.075666785, 0.8004191, 0.61594313, 0.955933] |[0.0, 0.0, 1.0, 0.0, 1.0, 0.0, 1.0, 1.0, 1.0, 1.0, 1.0, 1.0, 1.0, 1.0, 0.0] |
|      f5 | 5 |    2500 |    5000 |   30 |   0.4 |standard | sshape3 |     375 |481.0694 |481.06937 |    0,00 |  0,0 |1594062549890 |[0.6056654, 0.53404325, 0.8771676, 0.4976465, 0.12356317, 0.23840237, 0.16162789, 0.7178594, 0.59093165, 0.7960896, 0.43444657, 0.075666785, 0.8004191, 0.61594313, 0.955933] |[0.0, 1.0, 1.0, 0.0, 0.0, 0.0, 1.0, 1.0, 1.0, 1.0, 0.0, 1.0, 1.0, 0.0, 1.0] |
|      f5 | 5 |    3000 |    5000 |   30 |0.43333334 |standard | sshape3 |     375 |481.0694 |481.06937 |    0,00 |  0,0 |1594062549890 |[0.6056654, 0.53404325, 0.8771676, 0.4976465, 0.12356317, 0.23840237, 0.16162789, 0.7178594, 0.59093165, 0.7960896, 0.43444657, 0.075666785, 0.8004191, 0.61594313, 0.955933] |[0.0, 0.0, 0.0, 1.0, 1.0, 0.0, 1.0, 1.0, 0.0, 1.0, 1.0, 1.0, 0.0, 1.0, 0.0] |
|      f5 | 5 |    3500 |    5000 |   35 |0.23333333 |standard | sshape3 |     375 |481.0694 |481.06937 |    0,00 |  0,0 |1594062549890 |[0.6056654, 0.53404325, 0.8771676, 0.4976465, 0.12356317, 0.23840237, 0.16162789, 0.7178594, 0.59093165, 0.7960896, 0.43444657, 0.075666785, 0.8004191, 0.61594313, 0.955933] |[0.0, 0.0, 0.0, 0.0, 0.0, 0.0, 0.0, 0.0, 0.0, 0.0, 0.0, 0.0, 0.0, 0.0, 0.0] |
|      f5 | 5 |    4000 |    5000 |   35 |0.37142858 |standard | sshape3 |     375 |481.0694 |481.06937 |    0,00 |  0,0 |1594062549890 |[0.6056654, 0.53404325, 0.8771676, 0.4976465, 0.12356317, 0.23840237, 0.16162789, 0.7178594, 0.59093165, 0.7960896, 0.43444657, 0.075666785, 0.8004191, 0.61594313, 0.955933] |[1.0, 1.0, 1.0, 0.0, 0.0, 0.0, 0.0, 1.0, 1.0, 0.0, 1.0, 1.0, 0.0, 1.0, 0.0] |
|      f5 | 5 |    4500 |    5000 |   35 |0.42857143 |standard | sshape3 |     375 |481.0694 |481.06937 |    0,00 |  0,0 |1594062549890 |[0.6056654, 0.53404325, 0.8771676, 0.4976465, 0.12356317, 0.23840237, 0.16162789, 0.7178594, 0.59093165, 0.7960896, 0.43444657, 0.075666785, 0.8004191, 0.61594313, 0.955933] |[0.0, 1.0, 1.0, 0.0, 0.0, 0.0, 1.0, 1.0, 0.0, 1.0, 1.0, 1.0, 0.0, 1.0, 1.0] |
|      f5 | 5 |    5000 |    5000 |   35 |0.34285715 |standard | sshape3 |     375 |481.0694 |481.06937 |    0,00 |  0,0 |1594062549890 |[0.26321316, 0.2120713, 0.3488037, 0.94368017, 0.8339848, 0.20856243, 0.6918039, 0.49218333, 0.018300474, 0.75479853, 0.66937375, 0.7319635, 0.50179875, 0.71701723, 0.5895924] |[1.0, 1.0, 0.0, 0.0, 0.0, 0.0, 0.0, 1.0, 1.0, 1.0, 1.0, 1.0, 1.0, 1.0, 0.0] |
|      f5 | 5 |    5001 |    5000 |   35 |0.34285715 |standard | sshape3 |     375 |481.0694 |481.06937 |    0,00 |  1,0 |1594062549890 |[0.26321316, 0.2120713, 0.3488037, 0.94368017, 0.8339848, 0.20856243, 0.6918039, 0.49218333, 0.018300474, 0.75479853, 0.66937375, 0.7319635, 0.50179875, 0.71701723, 0.5895924] |[1.0, 1.0, 0.0, 0.0, 0.0, 0.0, 0.0, 1.0, 1.0, 1.0, 1.0, 1.0, 1.0, 1.0, 0.0] |
|      f5 | 6 |       1 |    5000 |   25 |  0.25 |standard | sshape3 |     375 |481.0694 |481.06937 |    0,00 |-0,0060 |1594062550938 |[0.3566035, 0.11067879, 0.183806, 0.19906121, 0.22547519, 0.6137028, 0.60164696, 0.5862709, 0.47814894, 0.011693537, 0.43569463, 0.03368038, 0.23226386, 0.6890726, 0.46048808] |[0.0, 0.0, 1.0, 0.0, 1.0, 0.0, 1.0, 1.0, 1.0, 0.0, 1.0, 1.0, 0.0, 1.0, 1.0] |
|      f5 | 6 |     500 |    5000 |   30 |  0.32 |standard | sshape3 |     375 |481.0694 |481.06937 |    0,00 |-0,0060 |1594062550938 |[0.2830768, 0.9868388, 0.21353754, 0.047715954, 0.12907681, 0.8254682, 0.6533419, 0.10635117, 0.2840933, 0.32425323, 0.37716672, 0.99018276, 0.8599631, 0.9599004, 0.53555596] |[0.0, 0.0, 0.0, 0.0, 0.0, 0.0, 0.0, 0.0, 0.0, 0.0, 0.0, 0.0, 0.0, 0.0, 0.0] |
|      f5 | 6 |    1000 |    5000 |   30 |   0.4 |standard | sshape3 |     375 |481.0694 |481.06937 |    0,00 |-0,0060 |1594062550938 |[0.2830768, 0.9868388, 0.21353754, 0.047715954, 0.12907681, 0.8254682, 0.6533419, 0.10635117, 0.2840933, 0.32425323, 0.37716672, 0.99018276, 0.8599631, 0.9599004, 0.53555596] |[0.0, 0.0, 1.0, 1.0, 0.0, 0.0, 1.0, 1.0, 1.0, 1.0, 1.0, 1.0, 0.0, 0.0, 1.0] |
|      f5 | 6 |    1500 |    5000 |   30 |0.43333334 |standard | sshape3 |     375 |481.0694 |481.06937 |    0,00 |-0,0060 |1594062550938 |[0.2830768, 0.9868388, 0.21353754, 0.047715954, 0.12907681, 0.8254682, 0.6533419, 0.10635117, 0.2840933, 0.32425323, 0.37716672, 0.99018276, 0.8599631, 0.9599004, 0.53555596] |[0.0, 0.0, 1.0, 1.0, 0.0, 1.0, 0.0, 1.0, 1.0, 1.0, 0.0, 1.0, 0.0, 1.0, 0.0] |
|      f5 | 6 |    2000 |    5000 |   30 |  0.45 |standard | sshape3 |     375 |481.0694 |481.06937 |    0,00 |-0,0060 |1594062550938 |[0.2830768, 0.9868388, 0.21353754, 0.047715954, 0.12907681, 0.8254682, 0.6533419, 0.10635117, 0.2840933, 0.32425323, 0.37716672, 0.99018276, 0.8599631, 0.9599004, 0.53555596] |[0.0, 1.0, 1.0, 0.0, 0.0, 1.0, 1.0, 1.0, 1.0, 0.0, 1.0, 1.0, 0.0, 0.0, 0.0] |
|      f5 | 6 |    2500 |    5000 |   35 |  0.45 |standard | sshape3 |     375 |481.0694 |481.06937 |    0,00 |-0,0060 |1594062550938 |[0.2830768, 0.9868388, 0.21353754, 0.047715954, 0.12907681, 0.8254682, 0.6533419, 0.10635117, 0.2840933, 0.32425323, 0.37716672, 0.99018276, 0.8599631, 0.9599004, 0.53555596] |[0.0, 0.0, 0.0, 0.0, 0.0, 0.0, 0.0, 0.0, 0.0, 0.0, 0.0, 0.0, 0.0, 0.0, 0.0] |
|      f5 | 6 |    3000 |    5000 |   35 |  0.45 |standard | sshape3 |     375 |481.0694 |481.06937 |    0,00 |-0,0060 |1594062550938 |[0.2830768, 0.9868388, 0.21353754, 0.047715954, 0.12907681, 0.8254682, 0.6533419, 0.10635117, 0.2840933, 0.32425323, 0.37716672, 0.99018276, 0.8599631, 0.9599004, 0.53555596] |[1.0, 1.0, 1.0, 0.0, 0.0, 1.0, 0.0, 1.0, 1.0, 1.0, 0.0, 1.0, 1.0, 0.0, 0.0] |
|      f5 | 6 |    3500 |    5000 |   35 |0.25714287 |standard | sshape3 |     375 |481.0694 |481.06937 |    0,00 |-0,0060 |1594062550938 |[0.2830768, 0.9868388, 0.21353754, 0.047715954, 0.12907681, 0.8254682, 0.6533419, 0.10635117, 0.2840933, 0.32425323, 0.37716672, 0.99018276, 0.8599631, 0.9599004, 0.53555596] |[0.0, 1.0, 1.0, 1.0, 0.0, 0.0, 1.0, 1.0, 1.0, 1.0, 1.0, 1.0, 0.0, 0.0, 0.0] |
|      f5 | 6 |    4000 |    5000 |   35 |0.2857143 |standard | sshape3 |     375 |481.0694 |481.06937 |    0,00 |-0,0060 |1594062550938 |[0.2830768, 0.9868388, 0.21353754, 0.047715954, 0.12907681, 0.8254682, 0.6533419, 0.10635117, 0.2840933, 0.32425323, 0.37716672, 0.99018276, 0.8599631, 0.9599004, 0.53555596] |[0.0, 0.0, 1.0, 0.0, 1.0, 0.0, 1.0, 1.0, 0.0, 1.0, 1.0, 1.0, 0.0, 1.0, 1.0] |
|      f5 | 6 |    4500 |    5000 |   40 |0.31428573 |standard | sshape3 |     375 |481.0694 |481.06937 |    0,00 |-0,0060 |1594062550938 |[0.2830768, 0.9868388, 0.21353754, 0.047715954, 0.12907681, 0.8254682, 0.6533419, 0.10635117, 0.2840933, 0.32425323, 0.37716672, 0.99018276, 0.8599631, 0.9599004, 0.53555596] |[0.0, 0.0, 0.0, 0.0, 0.0, 0.0, 0.0, 0.0, 0.0, 0.0, 0.0, 0.0, 0.0, 0.0, 0.0] |
|      f5 | 6 |    5000 |    5000 |   40 | 0.275 |standard | sshape3 |     375 |481.0694 |481.06937 |    0,00 |-0,0060 |1594062550938 |[0.2830768, 0.9868388, 0.21353754, 0.047715954, 0.12907681, 0.8254682, 0.6533419, 0.10635117, 0.2840933, 0.32425323, 0.37716672, 0.99018276, 0.8599631, 0.9599004, 0.53555596] |[0.0, 0.0, 1.0, 0.0, 1.0, 0.0, 0.0, 1.0, 1.0, 1.0, 1.0, 1.0, 0.0, 1.0, 1.0] |
|      f5 | 6 |    5001 |    5000 |   40 | 0.275 |standard | sshape3 |     375 |481.0694 |481.06937 |    0,00 |  1,1 |1594062550938 |[0.2830768, 0.9868388, 0.21353754, 0.047715954, 0.12907681, 0.8254682, 0.6533419, 0.10635117, 0.2840933, 0.32425323, 0.37716672, 0.99018276, 0.8599631, 0.9599004, 0.53555596] |[0.0, 0.0, 1.0, 0.0, 1.0, 0.0, 0.0, 1.0, 1.0, 1.0, 1.0, 1.0, 0.0, 1.0, 1.0] |
|      f5 | 7 |       1 |    5000 |   25 |  0.25 |standard | sshape3 |     375 |481.0694 |481.06937 |    0,00 |  0,0 |1594062552084 |[1.0E-12, 0.27475247, 0.86061245, 0.7045715, 0.30671272, 0.782118, 0.25746474, 0.9118216, 0.17243247, 0.7766732, 0.70015144, 0.54595155, 0.08943596, 0.089631714, 0.88884926] |[0.0, 0.0, 1.0, 0.0, 1.0, 0.0, 1.0, 1.0, 1.0, 0.0, 1.0, 1.0, 0.0, 1.0, 1.0] |
|      f5 | 7 |     500 |    5000 |   25 |  0.36 |standard | sshape3 |     375 |481.0694 |481.06937 |    0,00 |  0,0 |1594062552084 |[1.0E-12, 0.27475247, 0.86061245, 0.7045715, 0.30671272, 0.782118, 0.25746474, 0.9118216, 0.17243247, 0.7766732, 0.70015144, 0.54595155, 0.08943596, 0.089631714, 0.88884926] |[0.0, 1.0, 1.0, 0.0, 0.0, 1.0, 1.0, 1.0, 0.0, 1.0, 0.0, 1.0, 0.0, 1.0, 0.0] |
|      f5 | 7 |    1000 |    5000 |   25 |  0.32 |standard | sshape3 |     375 |481.0694 |481.06937 |    0,00 |  0,0 |1594062552084 |[1.0E-12, 0.27475247, 0.86061245, 0.7045715, 0.30671272, 0.782118, 0.25746474, 0.9118216, 0.17243247, 0.7766732, 0.70015144, 0.54595155, 0.08943596, 0.089631714, 0.88884926] |[0.0, 1.0, 1.0, 0.0, 0.0, 0.0, 1.0, 1.0, 1.0, 1.0, 0.0, 1.0, 0.0, 1.0, 1.0] |
|      f5 | 7 |    1500 |    5000 |   30 |  0.28 |standard | sshape3 |     375 |481.0694 |481.06937 |    0,00 |  0,0 |1594062552084 |[1.0E-12, 0.27475247, 0.86061245, 0.7045715, 0.30671272, 0.782118, 0.25746474, 0.9118216, 0.17243247, 0.7766732, 0.70015144, 0.54595155, 0.08943596, 0.089631714, 0.88884926] |[0.0, 0.0, 0.0, 0.0, 0.0, 0.0, 0.0, 0.0, 0.0, 0.0, 0.0, 0.0, 0.0, 0.0, 0.0] |
|      f5 | 7 |    2000 |    5000 |   30 |  0.45 |standard | sshape3 |     375 |481.0694 |481.06937 |    0,00 |  0,0 |1594062552084 |[1.0E-12, 0.27475247, 0.86061245, 0.7045715, 0.30671272, 0.782118, 0.25746474, 0.9118216, 0.17243247, 0.7766732, 0.70015144, 0.54595155, 0.08943596, 0.089631714, 0.88884926] |[0.0, 0.0, 0.0, 1.0, 0.0, 0.0, 1.0, 1.0, 1.0, 0.0, 1.0, 1.0, 0.0, 1.0, 1.0] |
|      f5 | 7 |    2500 |    5000 |   30 |   0.2 |standard | sshape3 |     375 |481.0694 |481.06937 |    0,00 |  0,0 |1594062552084 |[1.0E-12, 0.27475247, 0.86061245, 0.7045715, 0.30671272, 0.782118, 0.25746474, 0.9118216, 0.17243247, 0.7766732, 0.70015144, 0.54595155, 0.08943596, 0.089631714, 0.88884926] |[0.0, 1.0, 0.0, 0.0, 0.0, 0.0, 1.0, 1.0, 0.0, 1.0, 1.0, 1.0, 1.0, 1.0, 1.0] |
|      f5 | 7 |    3000 |    5000 |   30 |   0.3 |standard | sshape3 |     375 |481.0694 |481.06937 |    0,00 |  0,0 |1594062552084 |[1.0E-12, 0.27475247, 0.86061245, 0.7045715, 0.30671272, 0.782118, 0.25746474, 0.9118216, 0.17243247, 0.7766732, 0.70015144, 0.54595155, 0.08943596, 0.089631714, 0.88884926] |[0.0, 0.0, 1.0, 0.0, 1.0, 0.0, 1.0, 1.0, 0.0, 1.0, 1.0, 1.0, 0.0, 1.0, 1.0] |
|      f5 | 7 |    3500 |    5000 |   35 |0.13333334 |standard | sshape3 |     375 |481.0694 |481.06937 |    0,00 |  0,0 |1594062552084 |[1.0E-12, 0.27475247, 0.86061245, 0.7045715, 0.30671272, 0.782118, 0.25746474, 0.9118216, 0.17243247, 0.7766732, 0.70015144, 0.54595155, 0.08943596, 0.089631714, 0.88884926] |[0.0, 0.0, 0.0, 0.0, 0.0, 0.0, 0.0, 0.0, 0.0, 0.0, 0.0, 0.0, 0.0, 0.0, 0.0] |
|      f5 | 7 |    4000 |    5000 |   35 |0.2857143 |standard | sshape3 |     375 |481.0694 |481.06937 |    0,00 |  0,0 |1594062552084 |[1.0E-12, 0.27475247, 0.86061245, 0.7045715, 0.30671272, 0.782118, 0.25746474, 0.9118216, 0.17243247, 0.7766732, 0.70015144, 0.54595155, 0.08943596, 0.089631714, 0.88884926] |[0.0, 0.0, 1.0, 0.0, 1.0, 0.0, 1.0, 1.0, 0.0, 1.0, 1.0, 1.0, 0.0, 1.0, 1.0] |
|      f5 | 7 |    4500 |    5000 |   35 |0.2857143 |standard | sshape3 |     375 |481.0694 |481.06937 |    0,00 |  0,0 |1594062552084 |[1.0E-12, 0.27475247, 0.86061245, 0.7045715, 0.30671272, 0.782118, 0.25746474, 0.9118216, 0.17243247, 0.7766732, 0.70015144, 0.54595155, 0.08943596, 0.089631714, 0.88884926] |[0.0, 0.0, 1.0, 0.0, 1.0, 0.0, 1.0, 1.0, 0.0, 1.0, 1.0, 1.0, 0.0, 1.0, 1.0] |
|      f5 | 7 |    5000 |    5000 |   35 |0.2857143 |standard | sshape3 |     375 |481.0694 |481.06937 |    0,00 |  0,0 |1594062552084 |[1.0E-12, 0.27475247, 0.86061245, 0.7045715, 0.30671272, 0.782118, 0.25746474, 0.9118216, 0.17243247, 0.7766732, 0.70015144, 0.54595155, 0.08943596, 0.089631714, 0.88884926] |[0.0, 1.0, 1.0, 1.0, 0.0, 1.0, 0.0, 1.0, 0.0, 0.0, 1.0, 1.0, 0.0, 0.0, 0.0] |
|      f5 | 7 |    5001 |    5000 |   35 |0.2857143 |standard | sshape3 |     375 |481.0694 |481.06937 |    0,00 |  1,1 |1594062552084 |[1.0E-12, 0.27475247, 0.86061245, 0.7045715, 0.30671272, 0.782118, 0.25746474, 0.9118216, 0.17243247, 0.7766732, 0.70015144, 0.54595155, 0.08943596, 0.089631714, 0.88884926] |[0.0, 1.0, 1.0, 1.0, 0.0, 1.0, 0.0, 1.0, 0.0, 0.0, 1.0, 1.0, 0.0, 0.0, 0.0] |
|      f5 | 8 |       1 |    5000 |   25 |  0.25 |standard | sshape3 |     375 |481.0694 |481.06937 |    0,00 |-0,0010 |1594062553164 |[0.7521503, 0.96423835, 0.68419534, 0.33431628, 0.6769124, 1.0, 0.9650566, 0.68451226, 0.67984116, 0.31813335, 0.80083907, 0.6688957, 0.32954848, 1.0, 0.68717194] |[0.0, 0.0, 1.0, 0.0, 1.0, 0.0, 1.0, 1.0, 0.0, 1.0, 1.0, 1.0, 0.0, 1.0, 1.0] |
|      f5 | 8 |     500 |    5000 |   30 |  0.28 |standard | sshape3 |     375 |481.0694 |481.06937 |    0,00 |-0,0010 |1594062553164 |[0.8488399, 0.19462043, 0.83013576, 0.7888872, 0.30854344, 0.1632275, 0.18148613, 0.8949794, 0.8813643, 0.83276814, 0.35125464, 0.6165336, 0.7890536, 0.8840777, 0.79027075] |[0.0, 0.0, 0.0, 0.0, 0.0, 0.0, 0.0, 0.0, 0.0, 0.0, 0.0, 0.0, 0.0, 0.0, 0.0] |
|      f5 | 8 |    1000 |    5000 |   30 |  0.45 |standard | sshape3 |     375 |481.0694 |481.06937 |    0,00 |-0,0010 |1594062553164 |[0.8488399, 0.19462043, 0.83013576, 0.7888872, 0.30854344, 0.1632275, 0.18148613, 0.8949794, 0.8813643, 0.83276814, 0.35125464, 0.6165336, 0.7890536, 0.8840777, 0.79027075] |[0.0, 1.0, 1.0, 1.0, 0.0, 0.0, 0.0, 1.0, 1.0, 0.0, 1.0, 1.0, 0.0, 1.0, 0.0] |
|      f5 | 8 |    1500 |    5000 |   30 |0.33333334 |standard | sshape3 |     375 |481.0694 |481.06937 |    0,00 |-0,0010 |1594062553164 |[0.8488399, 0.19462043, 0.83013576, 0.7888872, 0.30854344, 0.1632275, 0.18148613, 0.8949794, 0.8813643, 0.83276814, 0.35125464, 0.6165336, 0.7890536, 0.8840777, 0.79027075] |[0.0, 0.0, 1.0, 0.0, 0.0, 1.0, 0.0, 1.0, 1.0, 1.0, 1.0, 1.0, 1.0, 0.0, 1.0] |
|      f5 | 8 |    2000 |    5000 |   30 |0.43333334 |standard | sshape3 |     375 |481.0694 |481.06937 |    0,00 |-0,0010 |1594062553164 |[0.8488399, 0.19462043, 0.83013576, 0.7888872, 0.30854344, 0.1632275, 0.18148613, 0.8949794, 0.8813643, 0.83276814, 0.35125464, 0.6165336, 0.7890536, 0.8840777, 0.79027075] |[0.0, 1.0, 0.0, 0.0, 0.0, 1.0, 1.0, 1.0, 1.0, 0.0, 1.0, 1.0, 0.0, 0.0, 1.0] |
|      f5 | 8 |    2500 |    5000 |   35 |   0.3 |standard | sshape3 |     375 |481.0694 |481.06937 |    0,00 |-0,0010 |1594062553164 |[0.8488399, 0.19462043, 0.83013576, 0.7888872, 0.30854344, 0.1632275, 0.18148613, 0.8949794, 0.8813643, 0.83276814, 0.35125464, 0.6165336, 0.7890536, 0.8840777, 0.79027075] |[0.0, 0.0, 0.0, 0.0, 0.0, 0.0, 0.0, 0.0, 0.0, 0.0, 0.0, 0.0, 0.0, 0.0, 0.0] |
|      f5 | 8 |    3000 |    5000 |   35 |  0.45 |standard | sshape3 |     375 |481.0694 |481.06937 |    0,00 |-0,0010 |1594062553164 |[0.8488399, 0.19462043, 0.83013576, 0.7888872, 0.30854344, 0.1632275, 0.18148613, 0.8949794, 0.8813643, 0.83276814, 0.35125464, 0.6165336, 0.7890536, 0.8840777, 0.79027075] |[0.0, 0.0, 0.0, 1.0, 1.0, 0.0, 0.0, 1.0, 1.0, 1.0, 0.0, 1.0, 0.0, 1.0, 1.0] |
|      f5 | 8 |    3500 |    5000 |   35 |0.34285715 |standard | sshape3 |     375 |481.0694 |481.06937 |    0,00 |-0,0010 |1594062553164 |[0.8488399, 0.19462043, 0.83013576, 0.7888872, 0.30854344, 0.1632275, 0.18148613, 0.8949794, 0.8813643, 0.83276814, 0.35125464, 0.6165336, 0.7890536, 0.8840777, 0.79027075] |[0.0, 1.0, 0.0, 1.0, 0.0, 0.0, 1.0, 1.0, 1.0, 1.0, 0.0, 1.0, 0.0, 1.0, 0.0] |
|      f5 | 8 |    4000 |    5000 |   35 |0.37142858 |standard | sshape3 |     375 |481.0694 |481.06937 |    0,00 |-0,0010 |1594062553164 |[0.8488399, 0.19462043, 0.83013576, 0.7888872, 0.30854344, 0.1632275, 0.18148613, 0.8949794, 0.8813643, 0.83276814, 0.35125464, 0.6165336, 0.7890536, 0.8840777, 0.79027075] |[0.0, 0.0, 1.0, 1.0, 0.0, 0.0, 1.0, 1.0, 0.0, 1.0, 1.0, 1.0, 0.0, 1.0, 1.0] |
|      f5 | 8 |    4500 |    5000 |   40 |0.31428573 |standard | sshape3 |     375 |481.0694 |481.06937 |    0,00 |-0,0010 |1594062553164 |[0.8488399, 0.19462043, 0.83013576, 0.7888872, 0.30854344, 0.1632275, 0.18148613, 0.8949794, 0.8813643, 0.83276814, 0.35125464, 0.6165336, 0.7890536, 0.8840777, 0.79027075] |[0.0, 0.0, 0.0, 0.0, 0.0, 0.0, 0.0, 0.0, 0.0, 0.0, 0.0, 0.0, 0.0, 0.0, 0.0] |
|      f5 | 8 |    5000 |    5000 |   40 |  0.45 |standard | sshape3 |     375 |481.0694 |481.06937 |    0,00 |-0,0010 |1594062553164 |[0.8488399, 0.19462043, 0.83013576, 0.7888872, 0.30854344, 0.1632275, 0.18148613, 0.8949794, 0.8813643, 0.83276814, 0.35125464, 0.6165336, 0.7890536, 0.8840777, 0.79027075] |[0.0, 0.0, 0.0, 0.0, 0.0, 1.0, 1.0, 1.0, 1.0, 0.0, 1.0, 1.0, 0.0, 1.0, 1.0] |
|      f5 | 8 |    5001 |    5000 |   40 |  0.45 |standard | sshape3 |     375 |481.0694 |481.06937 |    0,00 |  1,1 |1594062553164 |[0.8488399, 0.19462043, 0.83013576, 0.7888872, 0.30854344, 0.1632275, 0.18148613, 0.8949794, 0.8813643, 0.83276814, 0.35125464, 0.6165336, 0.7890536, 0.8840777, 0.79027075] |[0.0, 0.0, 0.0, 0.0, 0.0, 1.0, 1.0, 1.0, 1.0, 0.0, 1.0, 1.0, 0.0, 1.0, 1.0] |
|      f5 | 9 |       1 |    5000 |   25 |  0.25 |standard | sshape3 |     375 |481.0694 |481.06937 |    0,00 |  0,0 |1594062554309 |[0.6360203, 0.41170597, 0.6512545, 0.32822767, 0.67706233, 0.23134759, 0.7803003, 0.41333866, 0.19899264, 0.5404018, 0.2445164, 0.97521114, 0.43837476, 0.6340361, 1.0] |[0.0, 0.0, 1.0, 0.0, 1.0, 0.0, 1.0, 1.0, 0.0, 1.0, 1.0, 1.0, 0.0, 1.0, 1.0] |
|      f5 | 9 |     500 |    5000 |   25 |  0.28 |standard | sshape3 |     375 |481.0694 |481.06937 |    0,00 |  0,0 |1594062554309 |[0.19429122, 0.6851911, 0.99274796, 0.4985176, 0.8439582, 0.87391454, 0.9206553, 0.41673774, 0.7929738, 0.41722468, 3.2543272E-4, 0.81594765, 0.79789907, 0.34830365, 0.90832514] |[0.0, 1.0, 0.0, 1.0, 1.0, 0.0, 1.0, 1.0, 0.0, 1.0, 1.0, 1.0, 0.0, 0.0, 0.0] |
|      f5 | 9 |    1000 |    5000 |   25 |  0.28 |standard | sshape3 |     375 |481.0694 |481.06937 |    0,00 |  0,0 |1594062554309 |[0.19429122, 0.6851911, 0.99274796, 0.4985176, 0.8439582, 0.87391454, 0.9206553, 0.41673774, 0.7929738, 0.41722468, 3.2543272E-4, 0.81594765, 0.79789907, 0.34830365, 0.90832514] |[0.0, 1.0, 1.0, 0.0, 0.0, 1.0, 1.0, 1.0, 1.0, 1.0, 0.0, 1.0, 1.0, 0.0, 0.0] |
|      f5 | 9 |    1500 |    5000 |   30 |  0.32 |standard | sshape3 |     375 |481.0694 |481.06937 |    0,00 |  0,0 |1594062554309 |[0.19429122, 0.6851911, 0.99274796, 0.4985176, 0.8439582, 0.87391454, 0.9206553, 0.41673774, 0.7929738, 0.41722468, 3.2543272E-4, 0.81594765, 0.79789907, 0.34830365, 0.90832514] |[0.0, 0.0, 0.0, 0.0, 0.0, 0.0, 0.0, 0.0, 0.0, 0.0, 0.0, 0.0, 0.0, 0.0, 0.0] |
|      f5 | 9 |    2000 |    5000 |   30 |0.43333334 |standard | sshape3 |     375 |481.0694 |481.06937 |    0,00 |  0,0 |1594062554309 |[0.19429122, 0.6851911, 0.99274796, 0.4985176, 0.8439582, 0.87391454, 0.9206553, 0.41673774, 0.7929738, 0.41722468, 3.2543272E-4, 0.81594765, 0.79789907, 0.34830365, 0.90832514] |[0.0, 0.0, 0.0, 1.0, 1.0, 0.0, 1.0, 1.0, 1.0, 1.0, 0.0, 1.0, 0.0, 0.0, 1.0] |
|      f5 | 9 |    2500 |    5000 |   30 |0.33333334 |standard | sshape3 |     375 |481.0694 |481.06937 |    0,00 |  0,0 |1594062554309 |[0.19429122, 0.6851911, 0.99274796, 0.4985176, 0.8439582, 0.87391454, 0.9206553, 0.41673774, 0.7929738, 0.41722468, 3.2543272E-4, 0.81594765, 0.79789907, 0.34830365, 0.90832514] |[0.0, 0.0, 0.0, 1.0, 1.0, 0.0, 1.0, 1.0, 1.0, 0.0, 1.0, 1.0, 0.0, 0.0, 1.0] |
|      f5 | 9 |    3000 |    5000 |   30 |0.36666667 |standard | sshape3 |     375 |481.0694 |481.06937 |    0,00 |  0,0 |1594062554309 |[0.19429122, 0.6851911, 0.99274796, 0.4985176, 0.8439582, 0.87391454, 0.9206553, 0.41673774, 0.7929738, 0.41722468, 3.2543272E-4, 0.81594765, 0.79789907, 0.34830365, 0.90832514] |[0.0, 1.0, 0.0, 1.0, 0.0, 0.0, 1.0, 1.0, 0.0, 0.0, 0.0, 1.0, 0.0, 1.0, 1.0] |
|      f5 | 9 |    3500 |    5000 |   35 |   0.2 |standard | sshape3 |     375 |481.0694 |481.06937 |    0,00 |  0,0 |1594062554309 |[0.19429122, 0.6851911, 0.99274796, 0.4985176, 0.8439582, 0.87391454, 0.9206553, 0.41673774, 0.7929738, 0.41722468, 3.2543272E-4, 0.81594765, 0.79789907, 0.34830365, 0.90832514] |[0.0, 0.0, 0.0, 0.0, 0.0, 0.0, 0.0, 0.0, 0.0, 0.0, 0.0, 0.0, 0.0, 0.0, 0.0] |
|      f5 | 9 |    4000 |    5000 |   35 |  0.45 |standard | sshape3 |     375 |481.0694 |481.06937 |    0,00 |  0,0 |1594062554309 |[0.19429122, 0.6851911, 0.99274796, 0.4985176, 0.8439582, 0.87391454, 0.9206553, 0.41673774, 0.7929738, 0.41722468, 3.2543272E-4, 0.81594765, 0.79789907, 0.34830365, 0.90832514] |[0.0, 0.0, 1.0, 0.0, 1.0, 0.0, 1.0, 1.0, 0.0, 1.0, 1.0, 1.0, 0.0, 1.0, 1.0] |
|      f5 | 9 |    4500 |    5000 |   35 |0.37142858 |standard | sshape3 |     375 |481.0694 |481.06937 |    0,00 |  0,0 |1594062554309 |[0.19429122, 0.6851911, 0.99274796, 0.4985176, 0.8439582, 0.87391454, 0.9206553, 0.41673774, 0.7929738, 0.41722468, 3.2543272E-4, 0.81594765, 0.79789907, 0.34830365, 0.90832514] |[0.0, 0.0, 1.0, 1.0, 0.0, 0.0, 1.0, 1.0, 0.0, 1.0, 1.0, 1.0, 1.0, 0.0, 1.0] |
|      f5 | 9 |    5000 |    5000 |   35 |0.31428573 |standard | sshape3 |     375 |481.0694 |481.06937 |    0,00 |  0,0 |1594062554309 |[0.19429122, 0.6851911, 0.99274796, 0.4985176, 0.8439582, 0.87391454, 0.9206553, 0.41673774, 0.7929738, 0.41722468, 3.2543272E-4, 0.81594765, 0.79789907, 0.34830365, 0.90832514] |[0.0, 1.0, 0.0, 1.0, 1.0, 0.0, 1.0, 1.0, 1.0, 0.0, 0.0, 1.0, 1.0, 0.0, 0.0] |
|      f5 | 9 |    5001 |    5000 |   35 |0.31428573 |standard | sshape3 |     375 |481.0694 |481.06937 |    0,00 |  1,0 |1594062554309 |[0.19429122, 0.6851911, 0.99274796, 0.4985176, 0.8439582, 0.87391454, 0.9206553, 0.41673774, 0.7929738, 0.41722468, 3.2543272E-4, 0.81594765, 0.79789907, 0.34830365, 0.90832514] |[0.0, 1.0, 0.0, 1.0, 1.0, 0.0, 1.0, 1.0, 1.0, 0.0, 0.0, 1.0, 1.0, 0.0, 0.0] |
|      f5 |10 |       1 |    5000 |   25 |  0.25 |standard | sshape3 |     375 |481.0694 |481.06937 |    0,00 |-0,0060 |1594062555353 |[0.7280487, 0.6884026, 0.841397, 0.069422066, 0.80791277, 0.6600021, 0.31668735, 0.25214756, 0.28991276, 0.7651017, 0.8587497, 0.93163574, 0.97478133, 0.15073228, 0.82175875] |[0.0, 1.0, 0.0, 0.0, 1.0, 1.0, 0.0, 1.0, 0.0, 0.0, 1.0, 1.0, 0.0, 1.0, 0.0] |
|      f5 |10 |     500 |    5000 |   30 |  0.32 |standard | sshape3 |     375 |481.0694 |481.06937 |    0,00 |-0,0060 |1594062555353 |[0.7280487, 0.6884026, 0.841397, 0.069422066, 0.80791277, 0.6600021, 0.31668735, 0.25214756, 0.28991276, 0.7651017, 0.8587497, 0.93163574, 0.97478133, 0.15073228, 0.82175875] |[0.0, 0.0, 0.0, 0.0, 0.0, 0.0, 0.0, 0.0, 0.0, 0.0, 0.0, 0.0, 0.0, 0.0, 0.0] |
|      f5 |10 |    1000 |    5000 |   30 |  0.45 |standard | sshape3 |     375 |481.0694 |481.06937 |    0,00 |-0,0060 |1594062555353 |[0.7280487, 0.6884026, 0.841397, 0.069422066, 0.80791277, 0.6600021, 0.31668735, 0.25214756, 0.28991276, 0.7651017, 0.8587497, 0.93163574, 0.97478133, 0.15073228, 0.82175875] |[0.0, 0.0, 0.0, 0.0, 1.0, 1.0, 1.0, 1.0, 0.0, 0.0, 1.0, 1.0, 1.0, 0.0, 1.0] |
|      f5 |10 |    1500 |    5000 |   30 |0.36666667 |standard | sshape3 |     375 |481.0694 |481.06937 |    0,00 |-0,0060 |1594062555353 |[0.7280487, 0.6884026, 0.841397, 0.069422066, 0.80791277, 0.6600021, 0.31668735, 0.25214756, 0.28991276, 0.7651017, 0.8587497, 0.93163574, 0.97478133, 0.15073228, 0.82175875] |[0.0, 0.0, 1.0, 1.0, 1.0, 1.0, 0.0, 1.0, 1.0, 0.0, 0.0, 1.0, 0.0, 0.0, 0.0] |
|      f5 |10 |    2000 |    5000 |   30 |0.33333334 |standard | sshape3 |     375 |481.0694 |481.06937 |    0,00 |-0,0060 |1594062555353 |[0.7280487, 0.6884026, 0.841397, 0.069422066, 0.80791277, 0.6600021, 0.31668735, 0.25214756, 0.28991276, 0.7651017, 0.8587497, 0.93163574, 0.97478133, 0.15073228, 0.82175875] |[1.0, 0.0, 1.0, 0.0, 1.0, 0.0, 1.0, 1.0, 0.0, 0.0, 0.0, 1.0, 1.0, 0.0, 1.0] |
|      f5 |10 |    2500 |    5000 |   35 |0.33333334 |standard | sshape3 |     375 |481.0694 |481.06937 |    0,00 |-0,0060 |1594062555353 |[0.7280487, 0.6884026, 0.841397, 0.069422066, 0.80791277, 0.6600021, 0.31668735, 0.25214756, 0.28991276, 0.7651017, 0.8587497, 0.93163574, 0.97478133, 0.15073228, 0.82175875] |[0.0, 0.0, 0.0, 0.0, 0.0, 0.0, 0.0, 0.0, 0.0, 0.0, 0.0, 0.0, 0.0, 0.0, 0.0] |
|      f5 |10 |    3000 |    5000 |   35 |0.34285715 |standard | sshape3 |     375 |481.0694 |481.06937 |    0,00 |-0,0060 |1594062555353 |[0.7280487, 0.6884026, 0.841397, 0.069422066, 0.80791277, 0.6600021, 0.31668735, 0.25214756, 0.28991276, 0.7651017, 0.8587497, 0.93163574, 0.97478133, 0.15073228, 0.82175875] |[0.0, 1.0, 1.0, 0.0, 0.0, 1.0, 0.0, 1.0, 0.0, 1.0, 0.0, 1.0, 0.0, 1.0, 1.0] |
|      f5 |10 |    3500 |    5000 |   35 |0.34285715 |standard | sshape3 |     375 |481.0694 |481.06937 |    0,00 |-0,0060 |1594062555353 |[0.7280487, 0.6884026, 0.841397, 0.069422066, 0.80791277, 0.6600021, 0.31668735, 0.25214756, 0.28991276, 0.7651017, 0.8587497, 0.93163574, 0.97478133, 0.15073228, 0.82175875] |[0.0, 0.0, 1.0, 1.0, 0.0, 1.0, 1.0, 1.0, 0.0, 1.0, 1.0, 1.0, 0.0, 0.0, 0.0] |
|      f5 |10 |    4000 |    5000 |   35 |0.2857143 |standard | sshape3 |     375 |481.0694 |481.06937 |    0,00 |-0,0060 |1594062555353 |[0.7280487, 0.6884026, 0.841397, 0.069422066, 0.80791277, 0.6600021, 0.31668735, 0.25214756, 0.28991276, 0.7651017, 0.8587497, 0.93163574, 0.97478133, 0.15073228, 0.82175875] |[1.0, 1.0, 0.0, 0.0, 0.0, 1.0, 0.0, 1.0, 0.0, 0.0, 1.0, 1.0, 0.0, 0.0, 1.0] |
|      f5 |10 |    4500 |    5000 |   40 |0.31428573 |standard | sshape3 |     375 |481.0694 |481.06937 |    0,00 |-0,0060 |1594062555353 |[0.7280487, 0.6884026, 0.841397, 0.069422066, 0.80791277, 0.6600021, 0.31668735, 0.25214756, 0.28991276, 0.7651017, 0.8587497, 0.93163574, 0.97478133, 0.15073228, 0.82175875] |[0.0, 0.0, 0.0, 0.0, 0.0, 0.0, 0.0, 0.0, 0.0, 0.0, 0.0, 0.0, 0.0, 0.0, 0.0] |
|      f5 |10 |    5000 |    5000 |   40 |  0.45 |standard | sshape3 |     375 |481.0694 |481.06937 |    0,00 |-0,0060 |1594062555353 |[0.7280487, 0.6884026, 0.841397, 0.069422066, 0.80791277, 0.6600021, 0.31668735, 0.25214756, 0.28991276, 0.7651017, 0.8587497, 0.93163574, 0.97478133, 0.15073228, 0.82175875] |[0.0, 0.0, 0.0, 1.0, 1.0, 0.0, 1.0, 1.0, 0.0, 1.0, 0.0, 1.0, 0.0, 1.0, 1.0] |
|      f5 |10 |    5001 |    5000 |   40 |  0.45 |standard | sshape3 |     375 |481.0694 |481.06937 |    0,00 |  1,1 |1594062555353 |[0.7280487, 0.6884026, 0.841397, 0.069422066, 0.80791277, 0.6600021, 0.31668735, 0.25214756, 0.28991276, 0.7651017, 0.8587497, 0.93163574, 0.97478133, 0.15073228, 0.82175875] |[0.0, 0.0, 0.0, 1.0, 1.0, 0.0, 1.0, 1.0, 0.0, 1.0, 0.0, 1.0, 0.0, 1.0, 1.0] |
|      f5 |11 |       1 |    5000 |   25 |  0.25 |standard | sshape3 |     375 |481.0694 |481.06937 |    0,00 |-0,0020 |1594062556487 |[0.04538107, 0.49800393, 0.8706462, 0.33933726, 1.0, 0.44488174, 0.4356444, 1.0, 0.27023876, 0.07806094, 0.4162688, 0.7114646, 0.13550594, 0.69055384, 0.9353886] |[0.0, 0.0, 1.0, 0.0, 1.0, 0.0, 1.0, 1.0, 0.0, 1.0, 1.0, 1.0, 0.0, 1.0, 1.0] |
|      f5 |11 |     500 |    5000 |   25 |  0.28 |standard | sshape3 |     375 |481.0694 |481.06937 |    0,00 |-0,0020 |1594062556487 |[0.04538107, 0.49800393, 0.8706462, 0.33933726, 1.0, 0.44488174, 0.4356444, 1.0, 0.27023876, 0.07806094, 0.4162688, 0.7114646, 0.13550594, 0.69055384, 0.9353886] |[0.0, 0.0, 0.0, 1.0, 1.0, 0.0, 0.0, 1.0, 0.0, 1.0, 1.0, 1.0, 0.0, 1.0, 1.0] |
|      f5 |11 |    1000 |    5000 |   25 |  0.24 |standard | sshape3 |     375 |481.0694 |481.06937 |    0,00 |-0,0020 |1594062556487 |[0.04538107, 0.49800393, 0.8706462, 0.33933726, 1.0, 0.44488174, 0.4356444, 1.0, 0.27023876, 0.07806094, 0.4162688, 0.7114646, 0.13550594, 0.69055384, 0.9353886] |[0.0, 0.0, 0.0, 1.0, 1.0, 0.0, 0.0, 1.0, 0.0, 1.0, 1.0, 1.0, 0.0, 1.0, 1.0] |
|      f5 |11 |    1500 |    5000 |   30 |   0.4 |standard | sshape3 |     375 |481.0694 |481.06937 |    0,00 |-0,0020 |1594062556487 |[0.76081187, 0.6945163, 0.4346733, 0.951636, 0.25506204, 0.3214007, 0.36290193, 0.02825141, 0.47788906, 0.9392896, 0.63668543, 0.43331546, 0.5647365, 0.7447603, 0.52607703] |[0.0, 0.0, 0.0, 0.0, 0.0, 0.0, 0.0, 0.0, 0.0, 0.0, 0.0, 0.0, 0.0, 0.0, 0.0] |
|      f5 |11 |    2000 |    5000 |   30 |  0.45 |standard | sshape3 |     375 |481.0694 |481.06937 |    0,00 |-0,0020 |1594062556487 |[0.76081187, 0.6945163, 0.4346733, 0.951636, 0.25506204, 0.3214007, 0.36290193, 0.02825141, 0.47788906, 0.9392896, 0.63668543, 0.43331546, 0.5647365, 0.7447603, 0.52607703] |[0.0, 1.0, 1.0, 1.0, 0.0, 0.0, 1.0, 1.0, 1.0, 1.0, 1.0, 1.0, 0.0, 0.0, 0.0] |
|      f5 |11 |    2500 |    5000 |   30 |0.43333334 |standard | sshape3 |     375 |481.0694 |481.06937 |    0,00 |-0,0020 |1594062556487 |[0.76081187, 0.6945163, 0.4346733, 0.951636, 0.25506204, 0.3214007, 0.36290193, 0.02825141, 0.47788906, 0.9392896, 0.63668543, 0.43331546, 0.5647365, 0.7447603, 0.52607703] |[0.0, 0.0, 1.0, 1.0, 1.0, 0.0, 1.0, 1.0, 0.0, 1.0, 1.0, 1.0, 0.0, 0.0, 0.0] |
|      f5 |11 |    3000 |    5000 |   30 |0.26666668 |standard | sshape3 |     375 |481.0694 |481.06937 |    0,00 |-0,0020 |1594062556487 |[0.76081187, 0.6945163, 0.4346733, 0.951636, 0.25506204, 0.3214007, 0.36290193, 0.02825141, 0.47788906, 0.9392896, 0.63668543, 0.43331546, 0.5647365, 0.7447603, 0.52607703] |[0.0, 0.0, 1.0, 1.0, 1.0, 0.0, 0.0, 1.0, 1.0, 0.0, 1.0, 1.0, 0.0, 0.0, 1.0] |
|      f5 |11 |    3500 |    5000 |   35 |   0.2 |standard | sshape3 |     375 |481.0694 |481.06937 |    0,00 |-0,0020 |1594062556487 |[0.76081187, 0.6945163, 0.4346733, 0.951636, 0.25506204, 0.3214007, 0.36290193, 0.02825141, 0.47788906, 0.9392896, 0.63668543, 0.43331546, 0.5647365, 0.7447603, 0.52607703] |[0.0, 0.0, 0.0, 0.0, 0.0, 0.0, 0.0, 0.0, 0.0, 0.0, 0.0, 0.0, 0.0, 0.0, 0.0] |
|      f5 |11 |    4000 |    5000 |   35 |  0.45 |standard | sshape3 |     375 |481.0694 |481.06937 |    0,00 |-0,0020 |1594062556487 |[0.76081187, 0.6945163, 0.4346733, 0.951636, 0.25506204, 0.3214007, 0.36290193, 0.02825141, 0.47788906, 0.9392896, 0.63668543, 0.43331546, 0.5647365, 0.7447603, 0.52607703] |[0.0, 0.0, 1.0, 0.0, 1.0, 0.0, 1.0, 1.0, 0.0, 1.0, 1.0, 1.0, 0.0, 1.0, 1.0] |
|      f5 |11 |    4500 |    5000 |   35 |0.2857143 |standard | sshape3 |     375 |481.0694 |481.06937 |    0,00 |-0,0020 |1594062556487 |[0.76081187, 0.6945163, 0.4346733, 0.951636, 0.25506204, 0.3214007, 0.36290193, 0.02825141, 0.47788906, 0.9392896, 0.63668543, 0.43331546, 0.5647365, 0.7447603, 0.52607703] |[1.0, 1.0, 0.0, 0.0, 0.0, 1.0, 1.0, 1.0, 0.0, 0.0, 0.0, 1.0, 0.0, 0.0, 1.0] |
|      f5 |11 |    5000 |    5000 |   35 |0.34285715 |standard | sshape3 |     375 |481.0694 |481.06937 |    0,00 |-0,0020 |1594062556487 |[0.76081187, 0.6945163, 0.4346733, 0.951636, 0.25506204, 0.3214007, 0.36290193, 0.02825141, 0.47788906, 0.9392896, 0.63668543, 0.43331546, 0.5647365, 0.7447603, 0.52607703] |[1.0, 0.0, 1.0, 0.0, 1.0, 0.0, 1.0, 1.0, 0.0, 1.0, 1.0, 1.0, 0.0, 1.0, 0.0] |
|      f5 |11 |    5001 |    5000 |   35 |0.34285715 |standard | sshape3 |     375 |481.0694 |481.06937 |    0,00 |  1,0 |1594062556487 |[0.76081187, 0.6945163, 0.4346733, 0.951636, 0.25506204, 0.3214007, 0.36290193, 0.02825141, 0.47788906, 0.9392896, 0.63668543, 0.43331546, 0.5647365, 0.7447603, 0.52607703] |[1.0, 0.0, 1.0, 0.0, 1.0, 0.0, 1.0, 1.0, 0.0, 1.0, 1.0, 1.0, 0.0, 1.0, 0.0] |
|      f5 |12 |       1 |    5000 |   25 |  0.25 |standard | sshape3 |     375 |481.0694 |481.06937 |    0,00 |-0,0050 |1594062557536 |[0.10471247, 0.058007225, 0.18623145, 0.24608742, 0.7778609, 0.29758453, 0.028358214, 0.8748019, 0.7510589, 0.05791991, 0.470957, 0.3200687, 0.2117377, 0.44187772, 0.990534] |[1.0, 0.0, 1.0, 0.0, 1.0, 0.0, 1.0, 1.0, 1.0, 0.0, 1.0, 1.0, 1.0, 0.0, 0.0] |
|      f5 |12 |     500 |    5000 |   30 |  0.44 |standard | sshape3 |     375 |481.0694 |481.06937 |    0,00 |-0,0050 |1594062557536 |[0.10471247, 0.058007225, 0.18623145, 0.24608742, 0.7778609, 0.29758453, 0.028358214, 0.8748019, 0.7510589, 0.05791991, 0.470957, 0.3200687, 0.2117377, 0.44187772, 0.990534] |[0.0, 0.0, 0.0, 0.0, 0.0, 0.0, 0.0, 0.0, 0.0, 0.0, 0.0, 0.0, 0.0, 0.0, 0.0] |
|      f5 |12 |    1000 |    5000 |   30 |  0.45 |standard | sshape3 |     375 |481.0694 |481.06937 |    0,00 |-0,0050 |1594062557536 |[0.10471247, 0.058007225, 0.18623145, 0.24608742, 0.7778609, 0.29758453, 0.028358214, 0.8748019, 0.7510589, 0.05791991, 0.470957, 0.3200687, 0.2117377, 0.44187772, 0.990534] |[0.0, 0.0, 0.0, 0.0, 1.0, 0.0, 1.0, 1.0, 1.0, 1.0, 1.0, 1.0, 0.0, 1.0, 1.0] |
|      f5 |12 |    1500 |    5000 |   30 |0.33333334 |standard | sshape3 |     375 |481.0694 |481.06937 |    0,00 |-0,0050 |1594062557536 |[0.10471247, 0.058007225, 0.18623145, 0.24608742, 0.7778609, 0.29758453, 0.028358214, 0.8748019, 0.7510589, 0.05791991, 0.470957, 0.3200687, 0.2117377, 0.44187772, 0.990534] |[0.0, 1.0, 1.0, 0.0, 1.0, 0.0, 1.0, 1.0, 0.0, 1.0, 1.0, 1.0, 0.0, 0.0, 0.0] |
|      f5 |12 |    2000 |    5000 |   30 |   0.4 |standard | sshape3 |     375 |481.0694 |481.06937 |    0,00 |-0,0050 |1594062557536 |[0.10471247, 0.058007225, 0.18623145, 0.24608742, 0.7778609, 0.29758453, 0.028358214, 0.8748019, 0.7510589, 0.05791991, 0.470957, 0.3200687, 0.2117377, 0.44187772, 0.990534] |[0.0, 0.0, 1.0, 0.0, 1.0, 0.0, 0.0, 1.0, 1.0, 1.0, 1.0, 1.0, 0.0, 1.0, 1.0] |
|      f5 |12 |    2500 |    5000 |   35 |   0.4 |standard | sshape3 |     375 |481.0694 |481.06937 |    0,00 |-0,0050 |1594062557536 |[0.10471247, 0.058007225, 0.18623145, 0.24608742, 0.7778609, 0.29758453, 0.028358214, 0.8748019, 0.7510589, 0.05791991, 0.470957, 0.3200687, 0.2117377, 0.44187772, 0.990534] |[0.0, 0.0, 0.0, 0.0, 0.0, 0.0, 0.0, 0.0, 0.0, 0.0, 0.0, 0.0, 0.0, 0.0, 0.0] |
|      f5 |12 |    3000 |    5000 |   35 |  0.45 |standard | sshape3 |     375 |481.0694 |481.06937 |    0,00 |-0,0050 |1594062557536 |[0.10471247, 0.058007225, 0.18623145, 0.24608742, 0.7778609, 0.29758453, 0.028358214, 0.8748019, 0.7510589, 0.05791991, 0.470957, 0.3200687, 0.2117377, 0.44187772, 0.990534] |[0.0, 0.0, 1.0, 0.0, 0.0, 1.0, 1.0, 1.0, 0.0, 1.0, 1.0, 1.0, 0.0, 1.0, 1.0] |
|      f5 |12 |    3500 |    5000 |   35 |0.34285715 |standard | sshape3 |     375 |481.0694 |481.06937 |    0,00 |-0,0050 |1594062557536 |[0.10471247, 0.058007225, 0.18623145, 0.24608742, 0.7778609, 0.29758453, 0.028358214, 0.8748019, 0.7510589, 0.05791991, 0.470957, 0.3200687, 0.2117377, 0.44187772, 0.990534] |[0.0, 1.0, 1.0, 0.0, 1.0, 0.0, 0.0, 1.0, 1.0, 0.0, 0.0, 1.0, 0.0, 1.0, 1.0] |
|      f5 |12 |    4000 |    5000 |   35 |0.42857143 |standard | sshape3 |     375 |481.0694 |481.06937 |    0,00 |-0,0050 |1594062557536 |[0.10471247, 0.058007225, 0.18623145, 0.24608742, 0.7778609, 0.29758453, 0.028358214, 0.8748019, 0.7510589, 0.05791991, 0.470957, 0.3200687, 0.2117377, 0.44187772, 0.990534] |[0.0, 1.0, 0.0, 0.0, 1.0, 1.0, 0.0, 1.0, 0.0, 0.0, 1.0, 1.0, 0.0, 1.0, 0.0] |
|      f5 |12 |    4500 |    5000 |   40 |0.34285715 |standard | sshape3 |     375 |481.0694 |481.06937 |    0,00 |-0,0050 |1594062557536 |[0.10471247, 0.058007225, 0.18623145, 0.24608742, 0.7778609, 0.29758453, 0.028358214, 0.8748019, 0.7510589, 0.05791991, 0.470957, 0.3200687, 0.2117377, 0.44187772, 0.990534] |[0.0, 0.0, 0.0, 0.0, 0.0, 0.0, 0.0, 0.0, 0.0, 0.0, 0.0, 0.0, 0.0, 0.0, 0.0] |
|      f5 |12 |    5000 |    5000 |   40 |  0.45 |standard | sshape3 |     375 |481.0694 |481.06937 |    0,00 |-0,0050 |1594062557536 |[0.10471247, 0.058007225, 0.18623145, 0.24608742, 0.7778609, 0.29758453, 0.028358214, 0.8748019, 0.7510589, 0.05791991, 0.470957, 0.3200687, 0.2117377, 0.44187772, 0.990534] |[0.0, 0.0, 0.0, 1.0, 1.0, 0.0, 1.0, 1.0, 0.0, 1.0, 1.0, 1.0, 0.0, 0.0, 1.0] |
|      f5 |12 |    5001 |    5000 |   40 |  0.45 |standard | sshape3 |     375 |481.0694 |481.06937 |    0,00 |  1,1 |1594062557536 |[0.10471247, 0.058007225, 0.18623145, 0.24608742, 0.7778609, 0.29758453, 0.028358214, 0.8748019, 0.7510589, 0.05791991, 0.470957, 0.3200687, 0.2117377, 0.44187772, 0.990534] |[0.0, 0.0, 0.0, 1.0, 1.0, 0.0, 1.0, 1.0, 0.0, 1.0, 1.0, 1.0, 0.0, 0.0, 1.0] |
|      f5 |13 |       1 |    5000 |   25 |  0.25 |standard | sshape3 |     375 |481.0694 |481.06937 |    0,00 |  0,0 |1594062558673 |[0.9057484, 0.43389714, 0.3254555, 0.8975079, 0.5189519, 0.9781959, 0.43071246, 0.8461741, 0.65928286, 0.84200567, 0.3694268, 0.53066087, 0.83877075, 0.0037510395, 0.25171196] |[0.0, 0.0, 1.0, 1.0, 1.0, 0.0, 0.0, 1.0, 0.0, 1.0, 0.0, 1.0, 0.0, 1.0, 1.0] |
|      f5 |13 |     500 |    5000 |   25 |   0.4 |standard | sshape3 |     375 |481.0694 |481.06937 |    0,00 |  0,0 |1594062558673 |[0.07266539, 0.23698178, 0.4952553, 0.75566, 0.47551227, 1.0E-12, 0.15700997, 1.0, 0.90873927, 0.22323497, 0.85813016, 1.0, 0.591597, 0.857499, 0.389126] |[0.0, 0.0, 1.0, 0.0, 1.0, 0.0, 0.0, 1.0, 1.0, 1.0, 1.0, 1.0, 0.0, 1.0, 1.0] |
|      f5 |13 |    1000 |    5000 |   25 |  0.45 |standard | sshape3 |     375 |481.0694 |481.06937 |    0,00 |  0,0 |1594062558673 |[0.07266539, 0.23698178, 0.4952553, 0.75566, 0.47551227, 1.0E-12, 0.15700997, 1.0, 0.90873927, 0.22323497, 0.85813016, 1.0, 0.591597, 0.857499, 0.389126] |[0.0, 1.0, 0.0, 1.0, 1.0, 0.0, 0.0, 1.0, 0.0, 1.0, 0.0, 1.0, 1.0, 0.0, 1.0] |
|      f5 |13 |    1500 |    5000 |   30 |  0.45 |standard | sshape3 |     375 |481.0694 |481.06937 |    0,00 |  0,0 |1594062558673 |[0.07266539, 0.23698178, 0.4952553, 0.75566, 0.47551227, 1.0E-12, 0.15700997, 1.0, 0.90873927, 0.22323497, 0.85813016, 1.0, 0.591597, 0.857499, 0.389126] |[0.0, 0.0, 0.0, 0.0, 0.0, 0.0, 0.0, 0.0, 0.0, 0.0, 0.0, 0.0, 0.0, 0.0, 0.0] |
|      f5 |13 |    2000 |    5000 |   30 |  0.45 |standard | sshape3 |     375 |481.0694 |481.06937 |    0,00 |  0,0 |1594062558673 |[0.07266539, 0.23698178, 0.4952553, 0.75566, 0.47551227, 1.0E-12, 0.15700997, 1.0, 0.90873927, 0.22323497, 0.85813016, 1.0, 0.591597, 0.857499, 0.389126] |[1.0, 0.0, 0.0, 1.0, 0.0, 0.0, 1.0, 1.0, 1.0, 0.0, 0.0, 1.0, 1.0, 1.0, 0.0] |
|      f5 |13 |    2500 |    5000 |   30 |0.33333334 |standard | sshape3 |     375 |481.0694 |481.06937 |    0,00 |  0,0 |1594062558673 |[0.07266539, 0.23698178, 0.4952553, 0.75566, 0.47551227, 1.0E-12, 0.15700997, 1.0, 0.90873927, 0.22323497, 0.85813016, 1.0, 0.591597, 0.857499, 0.389126] |[0.0, 0.0, 1.0, 0.0, 1.0, 0.0, 1.0, 1.0, 0.0, 1.0, 1.0, 1.0, 0.0, 1.0, 1.0] |
|      f5 |13 |    3000 |    5000 |   30 |   0.4 |standard | sshape3 |     375 |481.0694 |481.06937 |    0,00 |  0,0 |1594062558673 |[0.07266539, 0.23698178, 0.4952553, 0.75566, 0.47551227, 1.0E-12, 0.15700997, 1.0, 0.90873927, 0.22323497, 0.85813016, 1.0, 0.591597, 0.857499, 0.389126] |[1.0, 0.0, 1.0, 0.0, 1.0, 0.0, 1.0, 1.0, 1.0, 0.0, 1.0, 1.0, 0.0, 0.0, 1.0] |
|      f5 |13 |    3500 |    5000 |   35 |   0.3 |standard | sshape3 |     375 |481.0694 |481.06937 |    0,00 |  0,0 |1594062558673 |[0.07266539, 0.23698178, 0.4952553, 0.75566, 0.47551227, 1.0E-12, 0.15700997, 1.0, 0.90873927, 0.22323497, 0.85813016, 1.0, 0.591597, 0.857499, 0.389126] |[0.0, 0.0, 0.0, 0.0, 0.0, 0.0, 0.0, 0.0, 0.0, 0.0, 0.0, 0.0, 0.0, 0.0, 0.0] |
|      f5 |13 |    4000 |    5000 |   35 |  0.45 |standard | sshape3 |     375 |481.0694 |481.06937 |    0,00 |  0,0 |1594062558673 |[0.07266539, 0.23698178, 0.4952553, 0.75566, 0.47551227, 1.0E-12, 0.15700997, 1.0, 0.90873927, 0.22323497, 0.85813016, 1.0, 0.591597, 0.857499, 0.389126] |[0.0, 1.0, 1.0, 0.0, 0.0, 1.0, 0.0, 1.0, 0.0, 0.0, 0.0, 1.0, 0.0, 1.0, 1.0] |
|      f5 |13 |    4500 |    5000 |   35 |0.34285715 |standard | sshape3 |     375 |481.0694 |481.06937 |    0,00 |  0,0 |1594062558673 |[0.07266539, 0.23698178, 0.4952553, 0.75566, 0.47551227, 1.0E-12, 0.15700997, 1.0, 0.90873927, 0.22323497, 0.85813016, 1.0, 0.591597, 0.857499, 0.389126] |[0.0, 1.0, 1.0, 0.0, 1.0, 1.0, 0.0, 1.0, 1.0, 0.0, 0.0, 1.0, 1.0, 0.0, 0.0] |
|      f5 |13 |    5000 |    5000 |   35 |   0.4 |standard | sshape3 |     375 |481.0694 |481.06937 |    0,00 |  0,0 |1594062558673 |[0.07266539, 0.23698178, 0.4952553, 0.75566, 0.47551227, 1.0E-12, 0.15700997, 1.0, 0.90873927, 0.22323497, 0.85813016, 1.0, 0.591597, 0.857499, 0.389126] |[0.0, 0.0, 1.0, 0.0, 1.0, 0.0, 1.0, 1.0, 0.0, 1.0, 1.0, 1.0, 0.0, 1.0, 1.0] |
|      f5 |13 |    5001 |    5000 |   35 |   0.4 |standard | sshape3 |     375 |481.0694 |481.06937 |    0,00 |  1,0 |1594062558673 |[0.07266539, 0.23698178, 0.4952553, 0.75566, 0.47551227, 1.0E-12, 0.15700997, 1.0, 0.90873927, 0.22323497, 0.85813016, 1.0, 0.591597, 0.857499, 0.389126] |[0.0, 0.0, 1.0, 0.0, 1.0, 0.0, 1.0, 1.0, 0.0, 1.0, 1.0, 1.0, 0.0, 1.0, 1.0] |
|      f5 |14 |       1 |    5000 |   25 |  0.25 |standard | sshape3 |     375 |481.0694 |481.06937 |    0,00 |  0,0 |1594062559708 |[0.13945764, 0.38408118, 0.26845133, 0.64824224, 0.8379114, 0.7621566, 0.67160904, 0.9665468, 0.44285202, 0.39017552, 0.392038, 0.7795195, 0.14298737, 0.42601502, 0.11437434] |[0.0, 0.0, 1.0, 0.0, 1.0, 0.0, 1.0, 1.0, 0.0, 1.0, 1.0, 1.0, 0.0, 1.0, 1.0] |
|      f5 |14 |     500 |    5000 |   30 |   0.4 |standard | sshape3 |     375 |481.0694 |481.06937 |    0,00 |  0,0 |1594062559708 |[0.98210907, 0.50998163, 1.0, 0.7094904, 0.2627849, 1.0, 0.005182244, 1.0E-12, 0.8801202, 0.4390053, 0.0014178406, 0.8483864, 0.10728091, 0.13122508, 0.39864022] |[0.0, 0.0, 0.0, 0.0, 0.0, 0.0, 0.0, 0.0, 0.0, 0.0, 0.0, 0.0, 0.0, 0.0, 0.0] |
|      f5 |14 |    1000 |    5000 |   30 |  0.45 |standard | sshape3 |     375 |481.0694 |481.06937 |    0,00 |  0,0 |1594062559708 |[0.98210907, 0.50998163, 1.0, 0.7094904, 0.2627849, 1.0, 0.005182244, 1.0E-12, 0.8801202, 0.4390053, 0.0014178406, 0.8483864, 0.10728091, 0.13122508, 0.39864022] |[0.0, 1.0, 1.0, 0.0, 0.0, 0.0, 1.0, 1.0, 1.0, 1.0, 1.0, 1.0, 0.0, 0.0, 1.0] |
|      f5 |14 |    1500 |    5000 |   30 |0.33333334 |standard | sshape3 |     375 |481.0694 |481.06937 |    0,00 |  0,0 |1594062559708 |[0.98210907, 0.50998163, 1.0, 0.7094904, 0.2627849, 1.0, 0.005182244, 1.0E-12, 0.8801202, 0.4390053, 0.0014178406, 0.8483864, 0.10728091, 0.13122508, 0.39864022] |[0.0, 1.0, 1.0, 0.0, 0.0, 0.0, 1.0, 1.0, 1.0, 1.0, 1.0, 1.0, 0.0, 0.0, 1.0] |
|      f5 |14 |    2000 |    5000 |   30 |0.36666667 |standard | sshape3 |     375 |481.0694 |481.06937 |    0,00 |  0,0 |1594062559708 |[0.98210907, 0.50998163, 1.0, 0.7094904, 0.2627849, 1.0, 0.005182244, 1.0E-12, 0.8801202, 0.4390053, 0.0014178406, 0.8483864, 0.10728091, 0.13122508, 0.39864022] |[0.0, 1.0, 1.0, 1.0, 0.0, 0.0, 1.0, 1.0, 1.0, 0.0, 1.0, 1.0, 0.0, 0.0, 0.0] |
|      f5 |14 |    2500 |    5000 |   35 |  0.45 |standard | sshape3 |     375 |481.0694 |481.06937 |    0,00 |  0,0 |1594062559708 |[0.98210907, 0.50998163, 1.0, 0.7094904, 0.2627849, 1.0, 0.005182244, 1.0E-12, 0.8801202, 0.4390053, 0.0014178406, 0.8483864, 0.10728091, 0.13122508, 0.39864022] |[0.0, 0.0, 0.0, 0.0, 0.0, 0.0, 0.0, 0.0, 0.0, 0.0, 0.0, 0.0, 0.0, 0.0, 0.0] |
|      f5 |14 |    3000 |    5000 |   35 |   0.4 |standard | sshape3 |     375 |481.0694 |481.06937 |    0,00 |  0,0 |1594062559708 |[0.98210907, 0.50998163, 1.0, 0.7094904, 0.2627849, 1.0, 0.005182244, 1.0E-12, 0.8801202, 0.4390053, 0.0014178406, 0.8483864, 0.10728091, 0.13122508, 0.39864022] |[0.0, 1.0, 1.0, 0.0, 0.0, 1.0, 1.0, 1.0, 0.0, 0.0, 1.0, 1.0, 1.0, 0.0, 0.0] |
|      f5 |14 |    3500 |    5000 |   35 |0.37142858 |standard | sshape3 |     375 |481.0694 |481.06937 |    0,00 |  0,0 |1594062559708 |[0.98210907, 0.50998163, 1.0, 0.7094904, 0.2627849, 1.0, 0.005182244, 1.0E-12, 0.8801202, 0.4390053, 0.0014178406, 0.8483864, 0.10728091, 0.13122508, 0.39864022] |[0.0, 0.0, 0.0, 1.0, 0.0, 1.0, 1.0, 1.0, 1.0, 0.0, 1.0, 1.0, 1.0, 0.0, 0.0] |
|      f5 |14 |    4000 |    5000 |   35 |   0.4 |standard | sshape3 |     375 |481.0694 |481.06937 |    0,00 |  0,0 |1594062559708 |[0.98210907, 0.50998163, 1.0, 0.7094904, 0.2627849, 1.0, 0.005182244, 1.0E-12, 0.8801202, 0.4390053, 0.0014178406, 0.8483864, 0.10728091, 0.13122508, 0.39864022] |[0.0, 1.0, 1.0, 1.0, 0.0, 1.0, 0.0, 1.0, 0.0, 0.0, 0.0, 1.0, 0.0, 0.0, 1.0] |
|      f5 |14 |    4500 |    5000 |   40 |0.31428573 |standard | sshape3 |     375 |481.0694 |481.06937 |    0,00 |  0,0 |1594062559708 |[0.98210907, 0.50998163, 1.0, 0.7094904, 0.2627849, 1.0, 0.005182244, 1.0E-12, 0.8801202, 0.4390053, 0.0014178406, 0.8483864, 0.10728091, 0.13122508, 0.39864022] |[0.0, 0.0, 0.0, 0.0, 0.0, 0.0, 0.0, 0.0, 0.0, 0.0, 0.0, 0.0, 0.0, 0.0, 0.0] |
|      f5 |14 |    5000 |    5000 |   40 |  0.35 |standard | sshape3 |     375 |481.0694 |481.06937 |    0,00 |  0,0 |1594062559708 |[0.98210907, 0.50998163, 1.0, 0.7094904, 0.2627849, 1.0, 0.005182244, 1.0E-12, 0.8801202, 0.4390053, 0.0014178406, 0.8483864, 0.10728091, 0.13122508, 0.39864022] |[0.0, 1.0, 0.0, 0.0, 0.0, 1.0, 1.0, 1.0, 0.0, 1.0, 1.0, 1.0, 0.0, 0.0, 1.0] |
|      f5 |14 |    5001 |    5000 |   40 |  0.35 |standard | sshape3 |     375 |481.0694 |481.06937 |    0,00 |  1,1 |1594062559708 |[0.98210907, 0.50998163, 1.0, 0.7094904, 0.2627849, 1.0, 0.005182244, 1.0E-12, 0.8801202, 0.4390053, 0.0014178406, 0.8483864, 0.10728091, 0.13122508, 0.39864022] |[0.0, 1.0, 0.0, 0.0, 0.0, 1.0, 1.0, 1.0, 0.0, 1.0, 1.0, 1.0, 0.0, 0.0, 1.0] |
|      f5 |15 |       1 |    5000 |   25 |  0.25 |standard | sshape3 |     375 |481.0694 |481.06937 |    0,00 |-0,0060 |1594062560839 |[0.1791445, 0.77225405, 0.18465889, 0.879533, 0.23261309, 0.7571813, 0.57965463, 0.6781609, 0.29003394, 0.029125094, 0.83471113, 0.8949309, 0.4060539, 0.562543, 0.52740896] |[0.0, 1.0, 0.0, 1.0, 0.0, 1.0, 1.0, 1.0, 0.0, 0.0, 1.0, 1.0, 0.0, 0.0, 0.0] |
|      f5 |15 |     500 |    5000 |   25 |  0.36 |standard | sshape3 |     375 |481.0694 |481.06937 |    0,00 |-0,0060 |1594062560839 |[0.709941, 0.9521709, 0.23097895, 0.5867011, 0.45799154, 0.33993998, 0.6732147, 0.8541706, 0.99554163, 0.5579333, 0.98286265, 0.36329734, 1.0E-12, 0.6908672, 0.31485575] |[1.0, 0.0, 0.0, 0.0, 1.0, 1.0, 1.0, 1.0, 1.0, 1.0, 1.0, 1.0, 0.0, 0.0, 0.0] |
|      f5 |15 |    1000 |    5000 |   25 |  0.28 |standard | sshape3 |     375 |481.0694 |481.06937 |    0,00 |-0,0060 |1594062560839 |[0.709941, 0.9521709, 0.23097895, 0.5867011, 0.45799154, 0.33993998, 0.6732147, 0.8541706, 0.99554163, 0.5579333, 0.98286265, 0.36329734, 1.0E-12, 0.6908672, 0.31485575] |[0.0, 0.0, 0.0, 1.0, 0.0, 0.0, 1.0, 1.0, 1.0, 0.0, 1.0, 1.0, 0.0, 1.0, 1.0] |
|      f5 |15 |    1500 |    5000 |   30 |  0.28 |standard | sshape3 |     375 |481.0694 |481.06937 |    0,00 |-0,0060 |1594062560839 |[0.709941, 0.9521709, 0.23097895, 0.5867011, 0.45799154, 0.33993998, 0.6732147, 0.8541706, 0.99554163, 0.5579333, 0.98286265, 0.36329734, 1.0E-12, 0.6908672, 0.31485575] |[0.0, 0.0, 0.0, 0.0, 0.0, 0.0, 0.0, 0.0, 0.0, 0.0, 0.0, 0.0, 0.0, 0.0, 0.0] |
|      f5 |15 |    2000 |    5000 |   30 |  0.45 |standard | sshape3 |     375 |481.0694 |481.06937 |    0,00 |-0,0060 |1594062560839 |[0.709941, 0.9521709, 0.23097895, 0.5867011, 0.45799154, 0.33993998, 0.6732147, 0.8541706, 0.99554163, 0.5579333, 0.98286265, 0.36329734, 1.0E-12, 0.6908672, 0.31485575] |[0.0, 0.0, 1.0, 1.0, 0.0, 1.0, 1.0, 1.0, 1.0, 1.0, 1.0, 1.0, 0.0, 0.0, 0.0] |
|      f5 |15 |    2500 |    5000 |   30 |0.33333334 |standard | sshape3 |     375 |481.0694 |481.06937 |    0,00 |-0,0060 |1594062560839 |[0.709941, 0.9521709, 0.23097895, 0.5867011, 0.45799154, 0.33993998, 0.6732147, 0.8541706, 0.99554163, 0.5579333, 0.98286265, 0.36329734, 1.0E-12, 0.6908672, 0.31485575] |[1.0, 0.0, 1.0, 1.0, 1.0, 0.0, 1.0, 1.0, 0.0, 0.0, 1.0, 1.0, 0.0, 0.0, 0.0] |
|      f5 |15 |    3000 |    5000 |   30 |0.26666668 |standard | sshape3 |     375 |481.0694 |481.06937 |    0,00 |-0,0060 |1594062560839 |[0.709941, 0.9521709, 0.23097895, 0.5867011, 0.45799154, 0.33993998, 0.6732147, 0.8541706, 0.99554163, 0.5579333, 0.98286265, 0.36329734, 1.0E-12, 0.6908672, 0.31485575] |[0.0, 1.0, 0.0, 1.0, 0.0, 0.0, 0.0, 1.0, 0.0, 0.0, 1.0, 1.0, 0.0, 1.0, 1.0] |
|      f5 |15 |    3500 |    5000 |   35 |  0.45 |standard | sshape3 |     375 |481.0694 |481.06937 |    0,00 |-0,0060 |1594062560839 |[0.709941, 0.9521709, 0.23097895, 0.5867011, 0.45799154, 0.33993998, 0.6732147, 0.8541706, 0.99554163, 0.5579333, 0.98286265, 0.36329734, 1.0E-12, 0.6908672, 0.31485575] |[0.0, 0.0, 0.0, 0.0, 0.0, 0.0, 0.0, 0.0, 0.0, 0.0, 0.0, 0.0, 0.0, 0.0, 0.0] |
|      f5 |15 |    4000 |    5000 |   35 |  0.45 |standard | sshape3 |     375 |481.0694 |481.06937 |    0,00 |-0,0060 |1594062560839 |[0.709941, 0.9521709, 0.23097895, 0.5867011, 0.45799154, 0.33993998, 0.6732147, 0.8541706, 0.99554163, 0.5579333, 0.98286265, 0.36329734, 1.0E-12, 0.6908672, 0.31485575] |[1.0, 1.0, 0.0, 0.0, 1.0, 0.0, 1.0, 1.0, 0.0, 0.0, 1.0, 1.0, 0.0, 0.0, 1.0] |
|      f5 |15 |    4500 |    5000 |   35 |0.37142858 |standard | sshape3 |     375 |481.0694 |481.06937 |    0,00 |-0,0060 |1594062560839 |[0.709941, 0.9521709, 0.23097895, 0.5867011, 0.45799154, 0.33993998, 0.6732147, 0.8541706, 0.99554163, 0.5579333, 0.98286265, 0.36329734, 1.0E-12, 0.6908672, 0.31485575] |[0.0, 0.0, 1.0, 1.0, 0.0, 0.0, 1.0, 1.0, 0.0, 1.0, 1.0, 1.0, 0.0, 1.0, 1.0] |
|      f5 |15 |    5000 |    5000 |   35 |   0.4 |standard | sshape3 |     375 |481.0694 |481.06937 |    0,00 |-0,0060 |1594062560839 |[0.709941, 0.9521709, 0.23097895, 0.5867011, 0.45799154, 0.33993998, 0.6732147, 0.8541706, 0.99554163, 0.5579333, 0.98286265, 0.36329734, 1.0E-12, 0.6908672, 0.31485575] |[0.0, 0.0, 1.0, 1.0, 1.0, 0.0, 0.0, 1.0, 1.0, 1.0, 1.0, 1.0, 0.0, 1.0, 0.0] |
|      f5 |15 |    5001 |    5000 |   35 |   0.4 |standard | sshape3 |     375 |481.0694 |481.06937 |    0,00 |  1,0 |1594062560839 |[0.709941, 0.9521709, 0.23097895, 0.5867011, 0.45799154, 0.33993998, 0.6732147, 0.8541706, 0.99554163, 0.5579333, 0.98286265, 0.36329734, 1.0E-12, 0.6908672, 0.31485575] |[0.0, 0.0, 1.0, 1.0, 1.0, 0.0, 0.0, 1.0, 1.0, 1.0, 1.0, 1.0, 0.0, 1.0, 0.0] |
