| # | Nest | %Desc |#Iter |Instancia | CapMoch |ValOptmo | BestFit |     RDP | time |      semilla |VectorSolucion |
-------------------------------------------------------------------------------------------------
| 1 |   30 |  0.32 | 2500 |     f10 |     879 |  1025.0 |  1019.0 |    0,59 |-1,6e+09 |1592510645713 |[0.3753398, 0.34523082, 0.20040756, 0.35112804, 0.0116817355, 0.073382735, 0.8884464, 0.18515277, 0.22122687, 0.6204348, 0.09548473, 0.36314535, 0.1849826, 0.6334292, 0.65733325, 0.7815524, 0.17891484, 0.6410596, 0.46370274, 0.06606805] |
| 1 |   30 |  0.45 | 2500 |     f10 |     879 |  1025.0 |  1019.0 |    0,59 |-1,6e+09 |1592510645713 |[0.3753398, 0.34523082, 0.20040756, 0.35112804, 0.0116817355, 0.073382735, 0.8884464, 0.18515277, 0.22122687, 0.6204348, 0.09548473, 0.36314535, 0.1849826, 0.6334292, 0.65733325, 0.7815524, 0.17891484, 0.6410596, 0.46370274, 0.06606805] |
| 1 |   30 |  0.45 | 2500 |     f10 |     879 |  1025.0 |  1019.0 |    0,59 |-1,6e+09 |1592510645713 |[0.28084594, 0.52000284, 0.0707916, 0.42291623, 0.78155655, 0.6435606, 0.29354262, 0.027152896, 0.04270345, 0.3846333, 0.519731, 0.6889931, 0.8082807, 0.85404956, 0.88094544, 0.27411973, 0.46158522, 0.66483593, 0.56225514, 0.26091897] |
| 1 |   30 |0.43333334 | 2500 |     f10 |     879 |  1025.0 |  1019.0 |    0,59 |-1,6e+09 |1592510645713 |[0.28084594, 0.52000284, 0.0707916, 0.42291623, 0.78155655, 0.6435606, 0.29354262, 0.027152896, 0.04270345, 0.3846333, 0.519731, 0.6889931, 0.8082807, 0.85404956, 0.88094544, 0.27411973, 0.46158522, 0.66483593, 0.56225514, 0.26091897] |
| 2 |   30 |  0.24 | 2500 |     f10 |     879 |  1025.0 |  1019.0 |    0,59 |  0,0 |1592510648573 |[0.72904646, 0.007830381, 0.13066828, 0.12602895, 0.1419729, 0.05833274, 0.963913, 0.33531123, 0.22456825, 0.05525124, 0.88915807, 0.3276927, 0.040769458, 0.019874811, 0.30123407, 0.6083681, 0.8454816, 0.052697003, 0.8643963, 0.801294] |
| 2 |   30 |  0.45 | 2500 |     f10 |     879 |  1025.0 |  1019.0 |    0,59 |  0,0 |1592510648573 |[0.72904646, 0.007830381, 0.13066828, 0.12602895, 0.1419729, 0.05833274, 0.963913, 0.33531123, 0.22456825, 0.05525124, 0.88915807, 0.3276927, 0.040769458, 0.019874811, 0.30123407, 0.6083681, 0.8454816, 0.052697003, 0.8643963, 0.801294] |
| 2 |   30 |   0.4 | 2500 |     f10 |     879 |  1025.0 |  1019.0 |    0,59 |  0,0 |1592510648573 |[0.72904646, 0.007830381, 0.13066828, 0.12602895, 0.1419729, 0.05833274, 0.963913, 0.33531123, 0.22456825, 0.05525124, 0.88915807, 0.3276927, 0.040769458, 0.019874811, 0.30123407, 0.6083681, 0.8454816, 0.052697003, 0.8643963, 0.801294] |
| 2 |   30 |0.33333334 | 2500 |     f10 |     879 |  1025.0 |  1019.0 |    0,59 |  0,0 |1592510648573 |[0.72904646, 0.007830381, 0.13066828, 0.12602895, 0.1419729, 0.05833274, 0.963913, 0.33531123, 0.22456825, 0.05525124, 0.88915807, 0.3276927, 0.040769458, 0.019874811, 0.30123407, 0.6083681, 0.8454816, 0.052697003, 0.8643963, 0.801294] |
| 3 |   30 |  0.36 | 2500 |     f10 |     879 |  1025.0 |  1019.0 |    0,59 |  0,0 |1592510651431 |[0.046230555, 0.22115946, 0.4094059, 0.58634144, 0.49598855, 0.84015065, 0.7651457, 0.59984475, 0.6687674, 0.3423373, 0.4158486, 0.47124368, 0.07726395, 0.5706451, 0.21771646, 0.9740912, 0.13513243, 0.79012454, 0.035794735, 0.76342016] |
| 3 |   30 |  0.45 | 2500 |     f10 |     879 |  1025.0 |  1019.0 |    0,59 |  0,0 |1592510651431 |[0.046230555, 0.22115946, 0.4094059, 0.58634144, 0.49598855, 0.84015065, 0.7651457, 0.59984475, 0.6687674, 0.3423373, 0.4158486, 0.47124368, 0.07726395, 0.5706451, 0.21771646, 0.9740912, 0.13513243, 0.79012454, 0.035794735, 0.76342016] |
| 3 |   30 |0.36666667 | 2500 |     f10 |     879 |  1025.0 |  1019.0 |    0,59 |  0,0 |1592510651431 |[0.046230555, 0.22115946, 0.4094059, 0.58634144, 0.49598855, 0.84015065, 0.7651457, 0.59984475, 0.6687674, 0.3423373, 0.4158486, 0.47124368, 0.07726395, 0.5706451, 0.21771646, 0.9740912, 0.13513243, 0.79012454, 0.035794735, 0.76342016] |
| 3 |   30 |   0.3 | 2500 |     f10 |     879 |  1025.0 |  1019.0 |    0,59 |  0,0 |1592510651431 |[0.046230555, 0.22115946, 0.4094059, 0.58634144, 0.49598855, 0.84015065, 0.7651457, 0.59984475, 0.6687674, 0.3423373, 0.4158486, 0.47124368, 0.07726395, 0.5706451, 0.21771646, 0.9740912, 0.13513243, 0.79012454, 0.035794735, 0.76342016] |
| 4 |   30 |   0.4 | 2500 |     f10 |     879 |  1025.0 |  1019.0 |    0,59 |  0,0 |1592510654267 |[0.35151732, 0.50571555, 0.08280712, 0.8196303, 0.5727639, 0.7912795, 0.14711839, 0.30698955, 0.40078527, 0.34322584, 0.9236459, 0.53871834, 0.15875173, 0.17720127, 0.8824093, 0.4226542, 0.5780982, 0.68415576, 0.27592748, 0.44992912] |
| 4 |   30 |  0.45 | 2500 |     f10 |     879 |  1025.0 |  1019.0 |    0,59 |  0,0 |1592510654267 |[0.35151732, 0.50571555, 0.08280712, 0.8196303, 0.5727639, 0.7912795, 0.14711839, 0.30698955, 0.40078527, 0.34322584, 0.9236459, 0.53871834, 0.15875173, 0.17720127, 0.8824093, 0.4226542, 0.5780982, 0.68415576, 0.27592748, 0.44992912] |
| 4 |   30 |0.36666667 | 2500 |     f10 |     879 |  1025.0 |  1019.0 |    0,59 |  0,0 |1592510654267 |[0.35151732, 0.50571555, 0.08280712, 0.8196303, 0.5727639, 0.7912795, 0.14711839, 0.30698955, 0.40078527, 0.34322584, 0.9236459, 0.53871834, 0.15875173, 0.17720127, 0.8824093, 0.4226542, 0.5780982, 0.68415576, 0.27592748, 0.44992912] |
| 4 |   30 |   0.4 | 2500 |     f10 |     879 |  1025.0 |  1019.0 |    0,59 |  0,0 |1592510654267 |[0.35151732, 0.50571555, 0.08280712, 0.8196303, 0.5727639, 0.7912795, 0.14711839, 0.30698955, 0.40078527, 0.34322584, 0.9236459, 0.53871834, 0.15875173, 0.17720127, 0.8824093, 0.4226542, 0.5780982, 0.68415576, 0.27592748, 0.44992912] |
| 5 |   30 |  0.32 | 2500 |     f10 |     879 |  1025.0 |  1019.0 |    0,59 |  0,0 |1592510657193 |[0.6792433, 0.27426165, 0.6596157, 0.8167433, 0.946195, 0.18265027, 0.6882766, 0.65954334, 0.31431192, 0.3861438, 0.59756595, 0.3950774, 0.83154714, 0.6328591, 0.85332197, 0.73335487, 0.36889112, 0.36701506, 0.5709233, 0.5785976] |
| 5 |   30 |  0.45 | 2500 |     f10 |     879 |  1025.0 |  1019.0 |    0,59 |  0,0 |1592510657193 |[0.6792433, 0.27426165, 0.6596157, 0.8167433, 0.946195, 0.18265027, 0.6882766, 0.65954334, 0.31431192, 0.3861438, 0.59756595, 0.3950774, 0.83154714, 0.6328591, 0.85332197, 0.73335487, 0.36889112, 0.36701506, 0.5709233, 0.5785976] |
| 5 |   30 |   0.4 | 2500 |     f10 |     879 |  1025.0 |  1019.0 |    0,59 |  0,0 |1592510657193 |[0.6792433, 0.27426165, 0.6596157, 0.8167433, 0.946195, 0.18265027, 0.6882766, 0.65954334, 0.31431192, 0.3861438, 0.59756595, 0.3950774, 0.83154714, 0.6328591, 0.85332197, 0.73335487, 0.36889112, 0.36701506, 0.5709233, 0.5785976] |
| 5 |   30 |0.36666667 | 2500 |     f10 |     879 |  1025.0 |  1019.0 |    0,59 |  0,0 |1592510657193 |[0.6792433, 0.27426165, 0.6596157, 0.8167433, 0.946195, 0.18265027, 0.6882766, 0.65954334, 0.31431192, 0.3861438, 0.59756595, 0.3950774, 0.83154714, 0.6328591, 0.85332197, 0.73335487, 0.36889112, 0.36701506, 0.5709233, 0.5785976] |
| 6 |   30 |  0.24 | 2500 |     f10 |     879 |  1025.0 |  1019.0 |    0,59 |  0,0 |1592510660061 |[0.6630542, 0.46931767, 0.64511824, 0.5184728, 0.93378747, 0.89600366, 0.7235008, 0.91784996, 0.72094434, 0.8377714, 0.7761852, 0.7752416, 0.9949525, 0.689757, 0.47479433, 0.058470428, 0.71909046, 0.4346661, 0.3607852, 0.6951418] |
| 6 |   30 |  0.45 | 2500 |     f10 |     879 |  1025.0 |  1019.0 |    0,59 |  0,0 |1592510660061 |[0.6630542, 0.46931767, 0.64511824, 0.5184728, 0.93378747, 0.89600366, 0.7235008, 0.91784996, 0.72094434, 0.8377714, 0.7761852, 0.7752416, 0.9949525, 0.689757, 0.47479433, 0.058470428, 0.71909046, 0.4346661, 0.3607852, 0.6951418] |
| 6 |   30 |0.43333334 | 2500 |     f10 |     879 |  1025.0 |  1019.0 |    0,59 |  0,0 |1592510660061 |[0.6630542, 0.46931767, 0.64511824, 0.5184728, 0.93378747, 0.89600366, 0.7235008, 0.91784996, 0.72094434, 0.8377714, 0.7761852, 0.7752416, 0.9949525, 0.689757, 0.47479433, 0.058470428, 0.71909046, 0.4346661, 0.3607852, 0.6951418] |
| 6 |   30 |0.33333334 | 2500 |     f10 |     879 |  1025.0 |  1019.0 |    0,59 |  0,0 |1592510660061 |[0.6630542, 0.46931767, 0.64511824, 0.5184728, 0.93378747, 0.89600366, 0.7235008, 0.91784996, 0.72094434, 0.8377714, 0.7761852, 0.7752416, 0.9949525, 0.689757, 0.47479433, 0.058470428, 0.71909046, 0.4346661, 0.3607852, 0.6951418] |
| 7 |   30 |  0.28 | 2500 |     f10 |     879 |  1025.0 |  1019.0 |    0,59 |  0,0 |1592510663082 |[0.83671033, 0.15396088, 0.56744957, 0.5348864, 0.41070688, 0.57863986, 0.3167336, 0.50737983, 0.3831436, 0.1916148, 0.21555954, 0.2962339, 0.831724, 0.61492205, 0.58894897, 0.7966114, 0.39981478, 0.049743354, 0.46884888, 0.7400202] |
| 7 |   30 |  0.45 | 2500 |     f10 |     879 |  1025.0 |  1019.0 |    0,59 |  0,0 |1592510663082 |[0.83671033, 0.15396088, 0.56744957, 0.5348864, 0.41070688, 0.57863986, 0.3167336, 0.50737983, 0.3831436, 0.1916148, 0.21555954, 0.2962339, 0.831724, 0.61492205, 0.58894897, 0.7966114, 0.39981478, 0.049743354, 0.46884888, 0.7400202] |
| 7 |   30 |0.26666668 | 2500 |     f10 |     879 |  1025.0 |  1019.0 |    0,59 |  0,0 |1592510663082 |[0.83671033, 0.15396088, 0.56744957, 0.5348864, 0.41070688, 0.57863986, 0.3167336, 0.50737983, 0.3831436, 0.1916148, 0.21555954, 0.2962339, 0.831724, 0.61492205, 0.58894897, 0.7966114, 0.39981478, 0.049743354, 0.46884888, 0.7400202] |
| 7 |   30 |0.23333333 | 2500 |     f10 |     879 |  1025.0 |  1019.0 |    0,59 |  0,0 |1592510663082 |[0.83671033, 0.15396088, 0.56744957, 0.5348864, 0.41070688, 0.57863986, 0.3167336, 0.50737983, 0.3831436, 0.1916148, 0.21555954, 0.2962339, 0.831724, 0.61492205, 0.58894897, 0.7966114, 0.39981478, 0.049743354, 0.46884888, 0.7400202] |
| 8 |   30 |  0.36 | 2500 |     f10 |     879 |  1025.0 |  1019.0 |    0,59 |  0,0 |1592510665975 |[0.20675862, 0.788309, 0.15290958, 0.4878012, 0.46904272, 0.86621356, 0.1365369, 0.44067538, 0.19679523, 0.15501744, 0.95167756, 0.6135068, 0.47422063, 0.7521209, 0.9487256, 0.16826618, 0.7450811, 0.7105254, 0.35217297, 0.65153944] |
| 8 |   30 |  0.45 | 2500 |     f10 |     879 |  1025.0 |  1019.0 |    0,59 |  0,0 |1592510665975 |[0.20675862, 0.788309, 0.15290958, 0.4878012, 0.46904272, 0.86621356, 0.1365369, 0.44067538, 0.19679523, 0.15501744, 0.95167756, 0.6135068, 0.47422063, 0.7521209, 0.9487256, 0.16826618, 0.7450811, 0.7105254, 0.35217297, 0.65153944] |
| 8 |   30 |   0.4 | 2500 |     f10 |     879 |  1025.0 |  1019.0 |    0,59 |  0,0 |1592510665975 |[0.20675862, 0.788309, 0.15290958, 0.4878012, 0.46904272, 0.86621356, 0.1365369, 0.44067538, 0.19679523, 0.15501744, 0.95167756, 0.6135068, 0.47422063, 0.7521209, 0.9487256, 0.16826618, 0.7450811, 0.7105254, 0.35217297, 0.65153944] |
| 8 |   30 |  0.45 | 2500 |     f10 |     879 |  1025.0 |  1019.0 |    0,59 |  0,0 |1592510665975 |[0.20675862, 0.788309, 0.15290958, 0.4878012, 0.46904272, 0.86621356, 0.1365369, 0.44067538, 0.19679523, 0.15501744, 0.95167756, 0.6135068, 0.47422063, 0.7521209, 0.9487256, 0.16826618, 0.7450811, 0.7105254, 0.35217297, 0.65153944] |
| 9 |   30 |   0.4 | 2500 |     f10 |     879 |  1025.0 |  1019.0 |    0,59 |-0,0010 |1592510668853 |[0.7726691, 0.42756116, 0.34321344, 0.5823199, 0.64105344, 0.5669034, 0.67659444, 0.38705462, 0.664906, 0.96615577, 0.6907514, 0.78659004, 0.8571384, 0.2991379, 0.1597082, 0.6678659, 0.182154, 0.4685384, 0.3440711, 0.07367557] |
| 9 |   30 |  0.45 | 2500 |     f10 |     879 |  1025.0 |  1019.0 |    0,59 |-0,0010 |1592510668853 |[0.7726691, 0.42756116, 0.34321344, 0.5823199, 0.64105344, 0.5669034, 0.67659444, 0.38705462, 0.664906, 0.96615577, 0.6907514, 0.78659004, 0.8571384, 0.2991379, 0.1597082, 0.6678659, 0.182154, 0.4685384, 0.3440711, 0.07367557] |
| 9 |   30 |0.26666668 | 2500 |     f10 |     879 |  1025.0 |  1019.0 |    0,59 |-0,0010 |1592510668853 |[0.7726691, 0.42756116, 0.34321344, 0.5823199, 0.64105344, 0.5669034, 0.67659444, 0.38705462, 0.664906, 0.96615577, 0.6907514, 0.78659004, 0.8571384, 0.2991379, 0.1597082, 0.6678659, 0.182154, 0.4685384, 0.3440711, 0.07367557] |
| 9 |   30 |  0.45 | 2500 |     f10 |     879 |  1025.0 |  1019.0 |    0,59 |-0,0010 |1592510668853 |[0.7726691, 0.42756116, 0.34321344, 0.5823199, 0.64105344, 0.5669034, 0.67659444, 0.38705462, 0.664906, 0.96615577, 0.6907514, 0.78659004, 0.8571384, 0.2991379, 0.1597082, 0.6678659, 0.182154, 0.4685384, 0.3440711, 0.07367557] |
|10 |   30 |   0.4 | 2500 |     f10 |     879 |  1025.0 |  1019.0 |    0,59 |-0,0010 |1592510671751 |[0.6656063, 0.7671434, 0.31030214, 0.023948312, 0.41269308, 0.8735078, 0.50188714, 0.8581065, 0.7720236, 0.9363798, 0.28258687, 0.86592805, 0.66449857, 0.0133218765, 0.20606673, 0.7310353, 0.40580207, 0.9716784, 0.010862172, 0.58572614] |
|10 |   30 |  0.45 | 2500 |     f10 |     879 |  1025.0 |  1019.0 |    0,59 |-0,0010 |1592510671751 |[0.6656063, 0.7671434, 0.31030214, 0.023948312, 0.41269308, 0.8735078, 0.50188714, 0.8581065, 0.7720236, 0.9363798, 0.28258687, 0.86592805, 0.66449857, 0.0133218765, 0.20606673, 0.7310353, 0.40580207, 0.9716784, 0.010862172, 0.58572614] |
|10 |   30 |0.36666667 | 2500 |     f10 |     879 |  1025.0 |  1019.0 |    0,59 |-0,0010 |1592510671751 |[0.6656063, 0.7671434, 0.31030214, 0.023948312, 0.41269308, 0.8735078, 0.50188714, 0.8581065, 0.7720236, 0.9363798, 0.28258687, 0.86592805, 0.66449857, 0.0133218765, 0.20606673, 0.7310353, 0.40580207, 0.9716784, 0.010862172, 0.58572614] |
|10 |   30 |0.33333334 | 2500 |     f10 |     879 |  1025.0 |  1019.0 |    0,59 |-0,0010 |1592510671751 |[0.6656063, 0.7671434, 0.31030214, 0.023948312, 0.41269308, 0.8735078, 0.50188714, 0.8581065, 0.7720236, 0.9363798, 0.28258687, 0.86592805, 0.66449857, 0.0133218765, 0.20606673, 0.7310353, 0.40580207, 0.9716784, 0.010862172, 0.58572614] |
|11 |   30 |  0.24 | 2500 |     f10 |     879 |  1025.0 |  1019.0 |    0,59 |  0,0 |1592510674623 |[0.40327787, 0.13645464, 0.112769365, 0.77284473, 0.10591632, 0.6756656, 0.15092665, 0.38601077, 0.9732108, 0.7656168, 0.6807053, 0.6285038, 0.055688083, 0.57492965, 0.22274554, 0.3477739, 0.91763824, 0.6937117, 0.25426853, 0.18071896] |
|11 |   30 |  0.45 | 2500 |     f10 |     879 |  1025.0 |  1019.0 |    0,59 |  0,0 |1592510674623 |[0.40327787, 0.13645464, 0.112769365, 0.77284473, 0.10591632, 0.6756656, 0.15092665, 0.38601077, 0.9732108, 0.7656168, 0.6807053, 0.6285038, 0.055688083, 0.57492965, 0.22274554, 0.3477739, 0.91763824, 0.6937117, 0.25426853, 0.18071896] |
|11 |   30 |0.36666667 | 2500 |     f10 |     879 |  1025.0 |  1019.0 |    0,59 |  0,0 |1592510674623 |[0.40327787, 0.13645464, 0.112769365, 0.77284473, 0.10591632, 0.6756656, 0.15092665, 0.38601077, 0.9732108, 0.7656168, 0.6807053, 0.6285038, 0.055688083, 0.57492965, 0.22274554, 0.3477739, 0.91763824, 0.6937117, 0.25426853, 0.18071896] |
|11 |   30 |   0.4 | 2500 |     f10 |     879 |  1025.0 |  1019.0 |    0,59 |  0,0 |1592510674623 |[0.40327787, 0.13645464, 0.112769365, 0.77284473, 0.10591632, 0.6756656, 0.15092665, 0.38601077, 0.9732108, 0.7656168, 0.6807053, 0.6285038, 0.055688083, 0.57492965, 0.22274554, 0.3477739, 0.91763824, 0.6937117, 0.25426853, 0.18071896] |
|12 |   30 |  0.24 | 2500 |     f10 |     879 |  1025.0 |  1019.0 |    0,59 |  0,0 |1592510677508 |[0.27645183, 0.10260862, 0.50229526, 0.26947123, 0.5882845, 0.7215293, 0.37228936, 0.42944717, 0.39019614, 0.7535554, 0.5610396, 0.7799149, 0.19495088, 0.39752477, 0.05235398, 0.25779676, 0.22665548, 0.78259194, 0.96663934, 0.19101852] |
|12 |   30 |  0.45 | 2500 |     f10 |     879 |  1025.0 |  1019.0 |    0,59 |  0,0 |1592510677508 |[0.27645183, 0.10260862, 0.50229526, 0.26947123, 0.5882845, 0.7215293, 0.37228936, 0.42944717, 0.39019614, 0.7535554, 0.5610396, 0.7799149, 0.19495088, 0.39752477, 0.05235398, 0.25779676, 0.22665548, 0.78259194, 0.96663934, 0.19101852] |
|12 |   30 |0.36666667 | 2500 |     f10 |     879 |  1025.0 |  1019.0 |    0,59 |  0,0 |1592510677508 |[0.27645183, 0.10260862, 0.50229526, 0.26947123, 0.5882845, 0.7215293, 0.37228936, 0.42944717, 0.39019614, 0.7535554, 0.5610396, 0.7799149, 0.19495088, 0.39752477, 0.05235398, 0.25779676, 0.22665548, 0.78259194, 0.96663934, 0.19101852] |
|12 |   30 |   0.3 | 2500 |     f10 |     879 |  1025.0 |  1019.0 |    0,59 |  0,0 |1592510677508 |[0.27645183, 0.10260862, 0.50229526, 0.26947123, 0.5882845, 0.7215293, 0.37228936, 0.42944717, 0.39019614, 0.7535554, 0.5610396, 0.7799149, 0.19495088, 0.39752477, 0.05235398, 0.25779676, 0.22665548, 0.78259194, 0.96663934, 0.19101852] |
|13 |   30 |  0.32 | 2500 |     f10 |     879 |  1025.0 |  1019.0 |    0,59 |-0,0010 |1592510680409 |[0.32973784, 0.08089489, 0.8435716, 0.7978118, 0.43881273, 0.9280429, 0.83202046, 0.6983969, 0.41556412, 0.12634939, 0.299236, 0.81869406, 0.52604103, 0.8719595, 0.81414807, 0.8552728, 0.5175361, 0.4985959, 0.9012266, 0.25746602] |
|13 |   30 |  0.45 | 2500 |     f10 |     879 |  1025.0 |  1019.0 |    0,59 |-0,0010 |1592510680409 |[0.32973784, 0.08089489, 0.8435716, 0.7978118, 0.43881273, 0.9280429, 0.83202046, 0.6983969, 0.41556412, 0.12634939, 0.299236, 0.81869406, 0.52604103, 0.8719595, 0.81414807, 0.8552728, 0.5175361, 0.4985959, 0.9012266, 0.25746602] |
|13 |   30 |0.36666667 | 2500 |     f10 |     879 |  1025.0 |  1019.0 |    0,59 |-0,0010 |1592510680409 |[0.32973784, 0.08089489, 0.8435716, 0.7978118, 0.43881273, 0.9280429, 0.83202046, 0.6983969, 0.41556412, 0.12634939, 0.299236, 0.81869406, 0.52604103, 0.8719595, 0.81414807, 0.8552728, 0.5175361, 0.4985959, 0.9012266, 0.25746602] |
|13 |   30 |0.26666668 | 2500 |     f10 |     879 |  1025.0 |  1019.0 |    0,59 |-0,0010 |1592510680409 |[0.32973784, 0.08089489, 0.8435716, 0.7978118, 0.43881273, 0.9280429, 0.83202046, 0.6983969, 0.41556412, 0.12634939, 0.299236, 0.81869406, 0.52604103, 0.8719595, 0.81414807, 0.8552728, 0.5175361, 0.4985959, 0.9012266, 0.25746602] |
|14 |   30 |  0.36 | 2500 |     f10 |     879 |  1025.0 |  1019.0 |    0,59 |-0,0010 |1592510683293 |[0.01571548, 0.11588001, 0.67777777, 0.09105408, 0.22104436, 0.12224364, 0.9491601, 0.004065156, 0.76392347, 0.5763124, 0.35930765, 0.5308496, 0.3271352, 0.43949372, 0.7182004, 0.05752176, 0.6123158, 0.5487739, 0.39469546, 0.65965235] |
|14 |   30 |  0.45 | 2500 |     f10 |     879 |  1025.0 |  1019.0 |    0,59 |-0,0010 |1592510683293 |[0.01571548, 0.11588001, 0.67777777, 0.09105408, 0.22104436, 0.12224364, 0.9491601, 0.004065156, 0.76392347, 0.5763124, 0.35930765, 0.5308496, 0.3271352, 0.43949372, 0.7182004, 0.05752176, 0.6123158, 0.5487739, 0.39469546, 0.65965235] |
|14 |   30 |0.23333333 | 2500 |     f10 |     879 |  1025.0 |  1019.0 |    0,59 |-0,0010 |1592510683293 |[0.01571548, 0.11588001, 0.67777777, 0.09105408, 0.22104436, 0.12224364, 0.9491601, 0.004065156, 0.76392347, 0.5763124, 0.35930765, 0.5308496, 0.3271352, 0.43949372, 0.7182004, 0.05752176, 0.6123158, 0.5487739, 0.39469546, 0.65965235] |
|14 |   30 |   0.4 | 2500 |     f10 |     879 |  1025.0 |  1019.0 |    0,59 |-0,0010 |1592510683293 |[0.01571548, 0.11588001, 0.67777777, 0.09105408, 0.22104436, 0.12224364, 0.9491601, 0.004065156, 0.76392347, 0.5763124, 0.35930765, 0.5308496, 0.3271352, 0.43949372, 0.7182004, 0.05752176, 0.6123158, 0.5487739, 0.39469546, 0.65965235] |
|15 |   30 |  0.24 | 2500 |     f10 |     879 |  1025.0 |  1019.0 |    0,59 |  0,0 |1592510686170 |[0.37307644, 0.25421798, 0.3355745, 0.113279045, 0.30382466, 0.9148763, 0.5431509, 0.5188523, 0.50871426, 0.46876055, 0.9877679, 0.697612, 0.32512397, 0.302961, 0.22920537, 0.93528634, 0.87330997, 0.8580677, 0.33379942, 0.20618737] |
|15 |   30 |  0.45 | 2500 |     f10 |     879 |  1025.0 |  1019.0 |    0,59 |  0,0 |1592510686170 |[0.37307644, 0.25421798, 0.3355745, 0.113279045, 0.30382466, 0.9148763, 0.5431509, 0.5188523, 0.50871426, 0.46876055, 0.9877679, 0.697612, 0.32512397, 0.302961, 0.22920537, 0.93528634, 0.87330997, 0.8580677, 0.33379942, 0.20618737] |
|15 |   30 |   0.2 | 2500 |     f10 |     879 |  1025.0 |  1019.0 |    0,59 |  0,0 |1592510686170 |[0.37307644, 0.25421798, 0.3355745, 0.113279045, 0.30382466, 0.9148763, 0.5431509, 0.5188523, 0.50871426, 0.46876055, 0.9877679, 0.697612, 0.32512397, 0.302961, 0.22920537, 0.93528634, 0.87330997, 0.8580677, 0.33379942, 0.20618737] |
|15 |   30 |   0.3 | 2500 |     f10 |     879 |  1025.0 |  1019.0 |    0,59 |  0,0 |1592510686170 |[0.37307644, 0.25421798, 0.3355745, 0.113279045, 0.30382466, 0.9148763, 0.5431509, 0.5188523, 0.50871426, 0.46876055, 0.9877679, 0.697612, 0.32512397, 0.302961, 0.22920537, 0.93528634, 0.87330997, 0.8580677, 0.33379942, 0.20618737] |
