| # | Nest | %Desc |#Iter |Instancia | CapMoch |ValOptmo | BestFit |     RDP | time |      semilla |VectorSolucion |
-------------------------------------------------------------------------------------------------
| 1 |   30 |  0.36 | 2500 |      f4 |      11 |    23.0 |    16.0 |   30,43 |-1,6e+09 |1592510559456 |[0.91433525, 0.47531348, 0.9856503, 0.03977263] |
| 1 |   30 |  0.45 | 2500 |      f4 |      11 |    23.0 |    16.0 |   30,43 |-1,6e+09 |1592510559456 |[0.91433525, 0.47531348, 0.9856503, 0.03977263] |
| 1 |   30 |0.33333334 | 2500 |      f4 |      11 |    23.0 |    16.0 |   30,43 |-1,6e+09 |1592510559456 |[0.91433525, 0.47531348, 0.9856503, 0.03977263] |
| 1 |   30 |0.36666667 | 2500 |      f4 |      11 |    23.0 |    16.0 |   30,43 |-1,6e+09 |1592510559456 |[0.91433525, 0.47531348, 0.9856503, 0.03977263] |
| 2 |   30 |   0.2 | 2500 |      f4 |      11 |    23.0 |    16.0 |   30,43 |-0,0010 |1592510559801 |[0.07177025, 0.06277311, 0.3313604, 0.95653397] |
| 2 |   30 |  0.45 | 2500 |      f4 |      11 |    23.0 |    16.0 |   30,43 |-0,0010 |1592510559801 |[0.07177025, 0.06277311, 0.3313604, 0.95653397] |
| 2 |   30 |0.26666668 | 2500 |      f4 |      11 |    23.0 |    16.0 |   30,43 |-0,0010 |1592510559801 |[0.07177025, 0.06277311, 0.3313604, 0.95653397] |
| 2 |   30 |  0.45 | 2500 |      f4 |      11 |    23.0 |    16.0 |   30,43 |-0,0010 |1592510559801 |[0.07177025, 0.06277311, 0.3313604, 0.95653397] |
| 3 |   30 |  0.32 | 2500 |      f4 |      11 |    23.0 |    16.0 |   30,43 |-0,0010 |1592510560148 |[0.9996752, 0.9572197, 0.8504655, 0.577488] |
| 3 |   30 |0.33333334 | 2500 |      f4 |      11 |    23.0 |    16.0 |   30,43 |-0,0010 |1592510560148 |[0.9996752, 0.9572197, 0.8504655, 0.577488] |
| 3 |   30 |0.43333334 | 2500 |      f4 |      11 |    23.0 |    16.0 |   30,43 |-0,0010 |1592510560148 |[0.9996752, 0.9572197, 0.8504655, 0.577488] |
| 3 |   30 |  0.45 | 2500 |      f4 |      11 |    23.0 |    16.0 |   30,43 |-0,0010 |1592510560148 |[0.9996752, 0.9572197, 0.8504655, 0.577488] |
| 4 |   30 |  0.32 | 2500 |      f4 |      11 |    23.0 |    16.0 |   30,43 |  0,0 |1592510560492 |[0.23464733, 0.6948449, 0.6370283, 0.77113473] |
| 4 |   30 |  0.45 | 2500 |      f4 |      11 |    23.0 |    16.0 |   30,43 |  0,0 |1592510560492 |[0.23464733, 0.6948449, 0.6370283, 0.77113473] |
| 4 |   30 |0.36666667 | 2500 |      f4 |      11 |    23.0 |    16.0 |   30,43 |  0,0 |1592510560492 |[0.23464733, 0.6948449, 0.6370283, 0.77113473] |
| 4 |   30 |   0.4 | 2500 |      f4 |      11 |    23.0 |    16.0 |   30,43 |  0,0 |1592510560492 |[0.23464733, 0.6948449, 0.6370283, 0.77113473] |
| 5 |   30 |  0.32 | 2500 |      f4 |      11 |    23.0 |    16.0 |   30,43 |-0,0010 |1592510560836 |[0.22400618, 0.8219384, 0.012586772, 0.39331436] |
| 5 |   30 |0.43333334 | 2500 |      f4 |      11 |    23.0 |    16.0 |   30,43 |-0,0010 |1592510560836 |[0.22400618, 0.8219384, 0.012586772, 0.39331436] |
| 5 |   30 |0.26666668 | 2500 |      f4 |      11 |    23.0 |    16.0 |   30,43 |-0,0010 |1592510560836 |[0.63453037, 0.68646944, 0.27584195, 0.71290237] |
| 5 |   30 |0.26666668 | 2500 |      f4 |      11 |    23.0 |    16.0 |   30,43 |-0,0010 |1592510560836 |[0.63453037, 0.68646944, 0.27584195, 0.71290237] |
| 6 |   30 |  0.45 | 2500 |      f4 |      11 |    23.0 |    16.0 |   30,43 |-0,0010 |1592510561186 |[0.99318874, 0.5475423, 0.80540997, 0.2172035] |
| 6 |   30 |  0.45 | 2500 |      f4 |      11 |    23.0 |    16.0 |   30,43 |-0,0010 |1592510561186 |[0.99318874, 0.5475423, 0.80540997, 0.2172035] |
| 6 |   30 |0.36666667 | 2500 |      f4 |      11 |    23.0 |    16.0 |   30,43 |-0,0010 |1592510561186 |[0.99318874, 0.5475423, 0.80540997, 0.2172035] |
| 6 |   30 |0.23333333 | 2500 |      f4 |      11 |    23.0 |    16.0 |   30,43 |-0,0010 |1592510561186 |[0.99318874, 0.5475423, 0.80540997, 0.2172035] |
| 7 |   30 |   0.2 | 2500 |      f4 |      11 |    23.0 |    16.0 |   30,43 |-0,0010 |1592510561530 |[0.27036488, 0.5397228, 0.89098763, 0.86151844] |
| 7 |   30 |  0.45 | 2500 |      f4 |      11 |    23.0 |    16.0 |   30,43 |-0,0010 |1592510561530 |[0.27036488, 0.5397228, 0.89098763, 0.86151844] |
| 7 |   30 |0.36666667 | 2500 |      f4 |      11 |    23.0 |    16.0 |   30,43 |-0,0010 |1592510561530 |[0.27036488, 0.5397228, 0.89098763, 0.86151844] |
| 7 |   30 |0.33333334 | 2500 |      f4 |      11 |    23.0 |    16.0 |   30,43 |-0,0010 |1592510561530 |[0.27036488, 0.5397228, 0.89098763, 0.86151844] |
| 8 |   30 |  0.24 | 2500 |      f4 |      11 |    23.0 |    16.0 |   30,43 |  0,0 |1592510561873 |[0.6181528, 0.7564778, 0.898358, 0.89955723] |
| 8 |   30 |  0.45 | 2500 |      f4 |      11 |    23.0 |    16.0 |   30,43 |  0,0 |1592510561873 |[0.6181528, 0.7564778, 0.898358, 0.89955723] |
| 8 |   30 |   0.3 | 2500 |      f4 |      11 |    23.0 |    16.0 |   30,43 |  0,0 |1592510561873 |[0.6181528, 0.7564778, 0.898358, 0.89955723] |
| 8 |   30 |0.26666668 | 2500 |      f4 |      11 |    23.0 |    16.0 |   30,43 |  0,0 |1592510561873 |[0.6181528, 0.7564778, 0.898358, 0.89955723] |
| 9 |   30 |  0.32 | 2500 |      f4 |      11 |    23.0 |    16.0 |   30,43 |-0,0010 |1592510562217 |[0.56336695, 0.5821707, 0.076111495, 0.012807965] |
| 9 |   30 |0.43333334 | 2500 |      f4 |      11 |    23.0 |    16.0 |   30,43 |-0,0010 |1592510562217 |[0.56336695, 0.5821707, 0.076111495, 0.012807965] |
| 9 |   30 |  0.45 | 2500 |      f4 |      11 |    23.0 |    16.0 |   30,43 |-0,0010 |1592510562217 |[0.4904781, 0.9807116, 0.9359861, 0.15674722] |
| 9 |   30 |0.36666667 | 2500 |      f4 |      11 |    23.0 |    16.0 |   30,43 |-0,0010 |1592510562217 |[0.46293956, 0.2107321, 0.3762303, 0.64928776] |
|10 |   30 |  0.32 | 2500 |      f4 |      11 |    23.0 |    16.0 |   30,43 |  0,0 |1592510562558 |[0.77548593, 0.43278623, 0.6803374, 0.08640599] |
|10 |   30 |  0.45 | 2500 |      f4 |      11 |    23.0 |    16.0 |   30,43 |  0,0 |1592510562558 |[0.77548593, 0.43278623, 0.6803374, 0.08640599] |
|10 |   30 |   0.4 | 2500 |      f4 |      11 |    23.0 |    16.0 |   30,43 |  0,0 |1592510562558 |[0.77548593, 0.43278623, 0.6803374, 0.08640599] |
|10 |   30 |0.33333334 | 2500 |      f4 |      11 |    23.0 |    16.0 |   30,43 |  0,0 |1592510562558 |[0.77548593, 0.43278623, 0.6803374, 0.08640599] |
|11 |   30 |  0.36 | 2500 |      f4 |      11 |    23.0 |    16.0 |   30,43 |  0,0 |1592510562905 |[0.9071283, 0.45379126, 0.67589486, 0.4871502] |
|11 |   30 |0.43333334 | 2500 |      f4 |      11 |    23.0 |    16.0 |   30,43 |  0,0 |1592510562905 |[0.9071283, 0.45379126, 0.67589486, 0.4871502] |
|11 |   30 |  0.45 | 2500 |      f4 |      11 |    23.0 |    16.0 |   30,43 |  0,0 |1592510562905 |[0.9071283, 0.45379126, 0.67589486, 0.4871502] |
|11 |   30 |   0.4 | 2500 |      f4 |      11 |    23.0 |    16.0 |   30,43 |  0,0 |1592510562905 |[0.9071283, 0.45379126, 0.67589486, 0.4871502] |
|12 |   30 |   0.4 | 2500 |      f4 |      11 |    23.0 |    16.0 |   30,43 |  0,0 |1592510563256 |[0.9750154, 0.07176185, 0.29073626, 0.0018840432] |
|12 |   30 |  0.45 | 2500 |      f4 |      11 |    23.0 |    16.0 |   30,43 |  0,0 |1592510563256 |[0.9750154, 0.07176185, 0.29073626, 0.0018840432] |
|12 |   30 |   0.3 | 2500 |      f4 |      11 |    23.0 |    16.0 |   30,43 |  0,0 |1592510563256 |[0.9750154, 0.07176185, 0.29073626, 0.0018840432] |
|12 |   30 |0.36666667 | 2500 |      f4 |      11 |    23.0 |    16.0 |   30,43 |  0,0 |1592510563256 |[0.9750154, 0.07176185, 0.29073626, 0.0018840432] |
|13 |   30 |   0.2 | 2500 |      f4 |      11 |    23.0 |    16.0 |   30,43 |  0,0 |1592510563597 |[0.2365765, 0.56815845, 0.2863286, 0.36228424] |
|13 |   30 |  0.45 | 2500 |      f4 |      11 |    23.0 |    16.0 |   30,43 |  0,0 |1592510563597 |[0.2365765, 0.56815845, 0.2863286, 0.36228424] |
|13 |   30 |0.43333334 | 2500 |      f4 |      11 |    23.0 |    16.0 |   30,43 |  0,0 |1592510563597 |[0.2365765, 0.56815845, 0.2863286, 0.36228424] |
|13 |   30 |   0.3 | 2500 |      f4 |      11 |    23.0 |    16.0 |   30,43 |  0,0 |1592510563597 |[0.8416022, 0.7022122, 0.76516795, 0.03962952] |
|14 |   30 |  0.12 | 2500 |      f4 |      11 |    23.0 |    16.0 |   30,43 |  0,0 |1592510563948 |[0.74391353, 0.46562845, 0.5961098, 0.36293554] |
|14 |   30 |  0.45 | 2500 |      f4 |      11 |    23.0 |    16.0 |   30,43 |  0,0 |1592510563948 |[0.74391353, 0.46562845, 0.5961098, 0.36293554] |
|14 |   30 |0.16666667 | 2500 |      f4 |      11 |    23.0 |    16.0 |   30,43 |  0,0 |1592510563948 |[0.74391353, 0.46562845, 0.5961098, 0.36293554] |
|14 |   30 |   0.2 | 2500 |      f4 |      11 |    23.0 |    16.0 |   30,43 |  0,0 |1592510563948 |[0.74391353, 0.46562845, 0.5961098, 0.36293554] |
|15 |   30 |  0.28 | 2500 |      f4 |      11 |    23.0 |    16.0 |   30,43 |  0,0 |1592510564291 |[0.39083624, 0.18360907, 0.6828069, 0.19652009] |
|15 |   30 |  0.45 | 2500 |      f4 |      11 |    23.0 |    16.0 |   30,43 |  0,0 |1592510564291 |[0.39083624, 0.18360907, 0.6828069, 0.19652009] |
|15 |   30 |  0.45 | 2500 |      f4 |      11 |    23.0 |    16.0 |   30,43 |  0,0 |1592510564291 |[0.39083624, 0.18360907, 0.6828069, 0.19652009] |
|15 |   30 |0.36666667 | 2500 |      f4 |      11 |    23.0 |    16.0 |   30,43 |  0,0 |1592510564291 |[0.39083624, 0.18360907, 0.6828069, 0.19652009] |
