| # | Nest | %Desc |#Iter |Instancia | CapMoch |ValOptmo | BestFit |     RDP | time |      semilla |VectorSolucion |
-------------------------------------------------------------------------------------------------
| 1 |   25 |  0.25 | 2500 |     f10 |     879 |  1025.0 |  1019.0 |    0,59 |-1,6e+09 |1592510645713 |[0.3753398, 0.34523082, 0.20040756, 0.35112804, 0.0116817355, 0.073382735, 0.8884464, 0.18515277, 0.22122687, 0.6204348, 0.09548473, 0.36314535, 0.1849826, 0.6334292, 0.65733325, 0.7815524, 0.17891484, 0.6410596, 0.46370274, 0.06606805] |
| 1 |   40 |  0.45 | 2500 |     f10 |     879 |  1025.0 |  1019.0 |    0,59 |  2,9 |1592510645713 |[0.28084594, 0.52000284, 0.0707916, 0.42291623, 0.78155655, 0.6435606, 0.29354262, 0.027152896, 0.04270345, 0.3846333, 0.519731, 0.6889931, 0.8082807, 0.85404956, 0.88094544, 0.27411973, 0.46158522, 0.66483593, 0.56225514, 0.26091897] |
| 2 |   25 |  0.25 | 2500 |     f10 |     879 |  1025.0 |  1019.0 |    0,59 |  0,0 |1592510648573 |[0.72904646, 0.007830381, 0.13066828, 0.12602895, 0.1419729, 0.05833274, 0.963913, 0.33531123, 0.22456825, 0.05525124, 0.88915807, 0.3276927, 0.040769458, 0.019874811, 0.30123407, 0.6083681, 0.8454816, 0.052697003, 0.8643963, 0.801294] |
| 2 |   40 |  0.45 | 2500 |     f10 |     879 |  1025.0 |  1019.0 |    0,59 |  2,9 |1592510648573 |[0.72904646, 0.007830381, 0.13066828, 0.12602895, 0.1419729, 0.05833274, 0.963913, 0.33531123, 0.22456825, 0.05525124, 0.88915807, 0.3276927, 0.040769458, 0.019874811, 0.30123407, 0.6083681, 0.8454816, 0.052697003, 0.8643963, 0.801294] |
| 3 |   25 |  0.25 | 2500 |     f10 |     879 |  1025.0 |  1019.0 |    0,59 |  0,0 |1592510651431 |[0.046230555, 0.22115946, 0.4094059, 0.58634144, 0.49598855, 0.84015065, 0.7651457, 0.59984475, 0.6687674, 0.3423373, 0.4158486, 0.47124368, 0.07726395, 0.5706451, 0.21771646, 0.9740912, 0.13513243, 0.79012454, 0.035794735, 0.76342016] |
| 3 |   40 |  0.45 | 2500 |     f10 |     879 |  1025.0 |  1019.0 |    0,59 |  2,8 |1592510651431 |[0.046230555, 0.22115946, 0.4094059, 0.58634144, 0.49598855, 0.84015065, 0.7651457, 0.59984475, 0.6687674, 0.3423373, 0.4158486, 0.47124368, 0.07726395, 0.5706451, 0.21771646, 0.9740912, 0.13513243, 0.79012454, 0.035794735, 0.76342016] |
| 4 |   25 |  0.25 | 2500 |     f10 |     879 |  1025.0 |  1019.0 |    0,59 |  0,0 |1592510654267 |[0.35151732, 0.50571555, 0.08280712, 0.8196303, 0.5727639, 0.7912795, 0.14711839, 0.30698955, 0.40078527, 0.34322584, 0.9236459, 0.53871834, 0.15875173, 0.17720127, 0.8824093, 0.4226542, 0.5780982, 0.68415576, 0.27592748, 0.44992912] |
| 4 |   40 |  0.45 | 2500 |     f10 |     879 |  1025.0 |  1019.0 |    0,59 |  2,9 |1592510654267 |[0.35151732, 0.50571555, 0.08280712, 0.8196303, 0.5727639, 0.7912795, 0.14711839, 0.30698955, 0.40078527, 0.34322584, 0.9236459, 0.53871834, 0.15875173, 0.17720127, 0.8824093, 0.4226542, 0.5780982, 0.68415576, 0.27592748, 0.44992912] |
| 5 |   25 |  0.25 | 2500 |     f10 |     879 |  1025.0 |  1019.0 |    0,59 |  0,0 |1592510657193 |[0.85904515, 0.069236934, 0.8389386, 0.39426678, 0.9374579, 0.24350601, 0.35666972, 0.3232212, 0.019319296, 0.9422174, 0.352179, 0.4335264, 0.8709327, 0.10241431, 0.8875424, 0.99463797, 0.19961321, 0.9870779, 0.38924676, 0.65087825] |
| 5 |   40 |  0.45 | 2500 |     f10 |     879 |  1025.0 |  1019.0 |    0,59 |  2,9 |1592510657193 |[0.6792433, 0.27426165, 0.6596157, 0.8167433, 0.946195, 0.18265027, 0.6882766, 0.65954334, 0.31431192, 0.3861438, 0.59756595, 0.3950774, 0.83154714, 0.6328591, 0.85332197, 0.73335487, 0.36889112, 0.36701506, 0.5709233, 0.5785976] |
| 6 |   25 |  0.25 | 2500 |     f10 |     879 |  1025.0 |  1019.0 |    0,59 |  0,0 |1592510660061 |[0.6630542, 0.46931767, 0.64511824, 0.5184728, 0.93378747, 0.89600366, 0.7235008, 0.91784996, 0.72094434, 0.8377714, 0.7761852, 0.7752416, 0.9949525, 0.689757, 0.47479433, 0.058470428, 0.71909046, 0.4346661, 0.3607852, 0.6951418] |
| 6 |   40 |  0.45 | 2500 |     f10 |     879 |  1025.0 |  1019.0 |    0,59 |  3,0 |1592510660061 |[0.6630542, 0.46931767, 0.64511824, 0.5184728, 0.93378747, 0.89600366, 0.7235008, 0.91784996, 0.72094434, 0.8377714, 0.7761852, 0.7752416, 0.9949525, 0.689757, 0.47479433, 0.058470428, 0.71909046, 0.4346661, 0.3607852, 0.6951418] |
| 7 |   25 |  0.25 | 2500 |     f10 |     879 |  1025.0 |  1019.0 |    0,59 |  0,0 |1592510663082 |[0.8869741, 0.16357613, 0.5705027, 0.87145144, 0.04204917, 0.7606667, 0.4921453, 0.391643, 0.6707581, 0.66702694, 0.57138336, 0.5687227, 0.057024002, 0.9669514, 0.5783766, 0.958948, 0.8366999, 0.09641093, 0.07783115, 0.08008683] |
| 7 |   40 |  0.45 | 2500 |     f10 |     879 |  1025.0 |  1019.0 |    0,59 |  2,9 |1592510663082 |[0.83671033, 0.15396088, 0.56744957, 0.5348864, 0.41070688, 0.57863986, 0.3167336, 0.50737983, 0.3831436, 0.1916148, 0.21555954, 0.2962339, 0.831724, 0.61492205, 0.58894897, 0.7966114, 0.39981478, 0.049743354, 0.46884888, 0.7400202] |
| 8 |   25 |  0.25 | 2500 |     f10 |     879 |  1025.0 |  1019.0 |    0,59 |  0,0 |1592510665975 |[0.20675862, 0.788309, 0.15290958, 0.4878012, 0.46904272, 0.86621356, 0.1365369, 0.44067538, 0.19679523, 0.15501744, 0.95167756, 0.6135068, 0.47422063, 0.7521209, 0.9487256, 0.16826618, 0.7450811, 0.7105254, 0.35217297, 0.65153944] |
| 8 |   40 |  0.45 | 2500 |     f10 |     879 |  1025.0 |  1019.0 |    0,59 |  2,9 |1592510665975 |[0.20675862, 0.788309, 0.15290958, 0.4878012, 0.46904272, 0.86621356, 0.1365369, 0.44067538, 0.19679523, 0.15501744, 0.95167756, 0.6135068, 0.47422063, 0.7521209, 0.9487256, 0.16826618, 0.7450811, 0.7105254, 0.35217297, 0.65153944] |
| 9 |   25 |  0.25 | 2500 |     f10 |     879 |  1025.0 |  1019.0 |    0,59 |-0,0010 |1592510668853 |[0.9778293, 0.76167727, 0.6907933, 0.36085445, 0.4193511, 0.110122085, 0.94195694, 0.9228858, 0.057996094, 0.28958791, 0.9190097, 0.21981019, 0.8475515, 0.43945098, 0.85177225, 0.5904387, 0.35761034, 0.88238484, 0.63760114, 0.663121] |
| 9 |   40 |  0.45 | 2500 |     f10 |     879 |  1025.0 |  1019.0 |    0,59 |  2,9 |1592510668853 |[0.7726691, 0.42756116, 0.34321344, 0.5823199, 0.64105344, 0.5669034, 0.67659444, 0.38705462, 0.664906, 0.96615577, 0.6907514, 0.78659004, 0.8571384, 0.2991379, 0.1597082, 0.6678659, 0.182154, 0.4685384, 0.3440711, 0.07367557] |
|10 |   25 |  0.25 | 2500 |     f10 |     879 |  1025.0 |  1019.0 |    0,59 |-0,0010 |1592510671751 |[0.6656063, 0.7671434, 0.31030214, 0.023948312, 0.41269308, 0.8735078, 0.50188714, 0.8581065, 0.7720236, 0.9363798, 0.28258687, 0.86592805, 0.66449857, 0.0133218765, 0.20606673, 0.7310353, 0.40580207, 0.9716784, 0.010862172, 0.58572614] |
|10 |   40 |  0.45 | 2500 |     f10 |     879 |  1025.0 |  1019.0 |    0,59 |  2,9 |1592510671751 |[0.6656063, 0.7671434, 0.31030214, 0.023948312, 0.41269308, 0.8735078, 0.50188714, 0.8581065, 0.7720236, 0.9363798, 0.28258687, 0.86592805, 0.66449857, 0.0133218765, 0.20606673, 0.7310353, 0.40580207, 0.9716784, 0.010862172, 0.58572614] |
|11 |   25 |  0.25 | 2500 |     f10 |     879 |  1025.0 |  1019.0 |    0,59 |  0,0 |1592510674623 |[0.40327787, 0.13645464, 0.112769365, 0.77284473, 0.10591632, 0.6756656, 0.15092665, 0.38601077, 0.9732108, 0.7656168, 0.6807053, 0.6285038, 0.055688083, 0.57492965, 0.22274554, 0.3477739, 0.91763824, 0.6937117, 0.25426853, 0.18071896] |
|11 |   40 |  0.45 | 2500 |     f10 |     879 |  1025.0 |  1019.0 |    0,59 |  2,9 |1592510674623 |[0.23136014, 0.6708785, 0.8276559, 0.61941594, 0.14338315, 0.046601713, 0.4211322, 0.62171537, 0.48833168, 0.48215598, 0.98431724, 0.8938741, 0.92816365, 0.3345657, 0.9933295, 0.021330476, 0.43047136, 0.28325772, 0.23905742, 0.6631383] |
|12 |   25 |  0.25 | 2500 |     f10 |     879 |  1025.0 |  1019.0 |    0,59 |  0,0 |1592510677508 |[0.9605007, 0.96616274, 0.08080757, 0.73509115, 0.82291263, 0.37493593, 0.59539926, 0.8974941, 0.62830406, 0.8059333, 0.9347878, 0.4854666, 0.60889554, 0.28223974, 0.69769967, 0.7955303, 0.8390268, 0.6738113, 0.57134914, 0.985029] |
|12 |   40 |  0.45 | 2500 |     f10 |     879 |  1025.0 |  1019.0 |    0,59 |  2,9 |1592510677508 |[0.26135206, 0.19871199, 0.84977454, 0.50965714, 0.7207076, 0.18692005, 0.92245585, 0.3005967, 0.33717692, 0.24462199, 0.5167165, 0.7709197, 0.8406627, 0.33939576, 0.37767524, 0.3230284, 0.6494074, 0.6891721, 0.2535404, 0.16724342] |
|13 |   25 |  0.25 | 2500 |     f10 |     879 |  1025.0 |  1019.0 |    0,59 |-0,0010 |1592510680409 |[0.32973784, 0.08089489, 0.8435716, 0.7978118, 0.43881273, 0.9280429, 0.83202046, 0.6983969, 0.41556412, 0.12634939, 0.299236, 0.81869406, 0.52604103, 0.8719595, 0.81414807, 0.8552728, 0.5175361, 0.4985959, 0.9012266, 0.25746602] |
|13 |   40 |  0.45 | 2500 |     f10 |     879 |  1025.0 |  1019.0 |    0,59 |  2,9 |1592510680409 |[0.5033406, 0.19085062, 0.61270225, 0.26867878, 0.4728191, 0.08345306, 0.6465712, 0.05918598, 0.8025077, 0.92099494, 0.6978594, 0.5648753, 0.9707431, 0.81372094, 0.11248082, 0.1559509, 0.33448768, 0.9800928, 0.26438296, 0.44124138] |
|14 |   25 |  0.25 | 2500 |     f10 |     879 |  1025.0 |  1019.0 |    0,59 |-0,0010 |1592510683293 |[0.01571548, 0.11588001, 0.67777777, 0.09105408, 0.22104436, 0.12224364, 0.9491601, 0.004065156, 0.76392347, 0.5763124, 0.35930765, 0.5308496, 0.3271352, 0.43949372, 0.7182004, 0.05752176, 0.6123158, 0.5487739, 0.39469546, 0.65965235] |
|14 |   40 |  0.45 | 2500 |     f10 |     879 |  1025.0 |  1019.0 |    0,59 |  2,9 |1592510683293 |[0.01571548, 0.11588001, 0.67777777, 0.09105408, 0.22104436, 0.12224364, 0.9491601, 0.004065156, 0.76392347, 0.5763124, 0.35930765, 0.5308496, 0.3271352, 0.43949372, 0.7182004, 0.05752176, 0.6123158, 0.5487739, 0.39469546, 0.65965235] |
|15 |   25 |  0.25 | 2500 |     f10 |     879 |  1025.0 |  1019.0 |    0,59 |  0,0 |1592510686170 |[0.9099962, 0.9123067, 0.82099026, 0.4337654, 0.15921009, 0.839438, 0.9522464, 0.7990996, 0.6228103, 0.3524657, 0.2030465, 0.0337075, 0.59888905, 0.28829432, 0.14329964, 0.25935507, 0.13342434, 0.6754804, 0.8972995, 0.63983107] |
|15 |   40 |  0.45 | 2500 |     f10 |     879 |  1025.0 |  1019.0 |    0,59 |  2,9 |1592510686170 |[0.021848202, 0.78677136, 0.13535923, 0.84222394, 0.41602606, 0.06885463, 0.7301751, 0.4054948, 0.8040796, 0.8592596, 0.46748215, 0.041896045, 0.19179803, 0.971998, 0.07146317, 0.5955679, 0.9940855, 0.677585, 0.6136009, 0.6622173] |
