| # | Nest | %Desc |#Iter |Instancia | CapMoch |ValOptmo | BestFit |     RDP | time |      semilla |VectorSolucion |
-------------------------------------------------------------------------------------------------
| 1 |   50 |  0.28 | 5000 |      f1 |     269 |   295.0 |   290.0 |    1,69 |-1,6e+09 |1592512548349 |[0.59790015, 0.86456215, 0.20103931, 0.21162122, 0.11756194, 0.07918656, 0.19228154, 0.37179142, 0.84505916, 0.110774636] |
| 1 |   50 |  0.24 | 5000 |      f1 |     269 |   295.0 |   290.0 |    1,69 |-1,6e+09 |1592512548349 |[0.59790015, 0.86456215, 0.20103931, 0.21162122, 0.11756194, 0.07918656, 0.19228154, 0.37179142, 0.84505916, 0.110774636] |
| 2 |   50 |  0.42 | 5000 |      f1 |     269 |   295.0 |   290.0 |    1,69 |  0,0 |1592512552056 |[0.5996608, 0.57353216, 0.19724452, 0.66046035, 0.77653915, 0.3676489, 0.8381489, 0.59101045, 0.02142924, 0.2736367] |
| 2 |   50 |   0.3 | 5000 |      f1 |     269 |   295.0 |   290.0 |    1,69 |  0,0 |1592512552056 |[0.5996608, 0.57353216, 0.19724452, 0.66046035, 0.77653915, 0.3676489, 0.8381489, 0.59101045, 0.02142924, 0.2736367] |
| 3 |   50 |  0.26 | 5000 |      f1 |     269 |   295.0 |   290.0 |    1,69 |-0,0010 |1592512555709 |[0.27653825, 0.57928246, 0.67869145, 0.28421503, 0.6315846, 0.74634695, 0.3650118, 0.9117756, 0.5552999, 0.7126709] |
| 3 |   50 |  0.34 | 5000 |      f1 |     269 |   295.0 |   290.0 |    1,69 |-0,0010 |1592512555709 |[0.27653825, 0.57928246, 0.67869145, 0.28421503, 0.6315846, 0.74634695, 0.3650118, 0.9117756, 0.5552999, 0.7126709] |
| 4 |   50 |  0.42 | 5000 |      f1 |     269 |   295.0 |   290.0 |    1,69 |  0,0 |1592512559354 |[0.46525908, 0.6249944, 0.12253463, 0.64816797, 0.32341206, 0.21931183, 0.42171967, 0.5941695, 0.6326345, 0.9049408] |
| 4 |   50 |  0.34 | 5000 |      f1 |     269 |   295.0 |   290.0 |    1,69 |  0,0 |1592512559354 |[0.46525908, 0.6249944, 0.12253463, 0.64816797, 0.32341206, 0.21931183, 0.42171967, 0.5941695, 0.6326345, 0.9049408] |
| 5 |   50 |  0.34 | 5000 |      f1 |     269 |   295.0 |   290.0 |    1,69 |-0,0010 |1592512562890 |[0.21606958, 0.8013008, 0.6220029, 0.24393815, 0.6875369, 0.8598657, 0.5373914, 0.3603257, 0.8342141, 0.64909023] |
| 5 |   50 |  0.38 | 5000 |      f1 |     269 |   295.0 |   290.0 |    1,69 |-0,0010 |1592512562890 |[0.21606958, 0.8013008, 0.6220029, 0.24393815, 0.6875369, 0.8598657, 0.5373914, 0.3603257, 0.8342141, 0.64909023] |
| 6 |   50 |  0.44 | 5000 |      f1 |     269 |   295.0 |   290.0 |    1,69 |  0,0 |1592512566437 |[0.28078032, 0.96764475, 0.106102705, 0.788361, 0.44517678, 0.9697078, 0.07226914, 0.580188, 0.5498237, 0.36275357] |
| 6 |   50 |   0.3 | 5000 |      f1 |     269 |   295.0 |   290.0 |    1,69 |  0,0 |1592512566437 |[0.7292937, 0.4509483, 0.43094683, 0.40096605, 0.10895574, 0.48169196, 0.53742164, 0.36691236, 0.41924864, 0.49071312] |
| 7 |   50 |  0.36 | 5000 |      f1 |     269 |   295.0 |   290.0 |    1,69 |-0,0010 |1592512569969 |[0.39503074, 0.3082205, 0.3855865, 0.769244, 0.9848821, 0.2115553, 0.83510625, 0.64585936, 0.5077587, 0.2875514] |
| 7 |   50 |  0.24 | 5000 |      f1 |     269 |   295.0 |   290.0 |    1,69 |-0,0010 |1592512569969 |[0.39503074, 0.3082205, 0.3855865, 0.769244, 0.9848821, 0.2115553, 0.83510625, 0.64585936, 0.5077587, 0.2875514] |
| 8 |   50 |  0.32 | 5000 |      f1 |     269 |   295.0 |   290.0 |    1,69 |-0,0010 |1592512573522 |[0.19115645, 0.29220903, 0.34532058, 0.57231563, 0.6054019, 0.7051604, 0.46783823, 0.32357848, 0.64365965, 0.32297295] |
| 8 |   50 |   0.4 | 5000 |      f1 |     269 |   295.0 |   290.0 |    1,69 |-0,0010 |1592512573522 |[0.19115645, 0.29220903, 0.34532058, 0.57231563, 0.6054019, 0.7051604, 0.46783823, 0.32357848, 0.64365965, 0.32297295] |
| 9 |   50 |  0.36 | 5000 |      f1 |     269 |   295.0 |   290.0 |    1,69 |  0,0 |1592512577044 |[0.5179107, 0.70138496, 0.20561534, 0.21957314, 0.6982357, 0.08296549, 0.9728103, 0.6798051, 0.26865965, 0.26773733] |
| 9 |   50 |   0.3 | 5000 |      f1 |     269 |   295.0 |   290.0 |    1,69 |  0,0 |1592512577044 |[0.5179107, 0.70138496, 0.20561534, 0.21957314, 0.6982357, 0.08296549, 0.9728103, 0.6798051, 0.26865965, 0.26773733] |
|10 |   50 |  0.32 | 5000 |      f1 |     269 |   295.0 |   290.0 |    1,69 |-0,0010 |1592512580557 |[0.9435152, 0.109675705, 0.3630637, 0.6691994, 0.959441, 0.73143387, 0.6399176, 0.14615756, 0.9089313, 0.26484102] |
|10 |   50 |  0.38 | 5000 |      f1 |     269 |   295.0 |   290.0 |    1,69 |-0,0010 |1592512580557 |[0.9435152, 0.109675705, 0.3630637, 0.6691994, 0.959441, 0.73143387, 0.6399176, 0.14615756, 0.9089313, 0.26484102] |
|11 |   50 |  0.32 | 5000 |      f1 |     269 |   295.0 |   290.0 |    1,69 |  0,0 |1592512584093 |[0.79621804, 0.20037168, 0.22660208, 0.24077171, 0.253098, 0.4936092, 0.6216399, 0.9374075, 0.7555512, 0.8136231] |
|11 |   50 |  0.26 | 5000 |      f1 |     269 |   295.0 |   290.0 |    1,69 |  0,0 |1592512584093 |[0.79621804, 0.20037168, 0.22660208, 0.24077171, 0.253098, 0.4936092, 0.6216399, 0.9374075, 0.7555512, 0.8136231] |
|12 |   50 |  0.32 | 5000 |      f1 |     269 |   295.0 |   290.0 |    1,69 |  0,0 |1592512587636 |[0.045470536, 0.59014857, 0.6593139, 0.0135166645, 0.32396466, 0.38337976, 0.7493295, 0.3503291, 0.6764149, 0.550369] |
|12 |   50 |  0.44 | 5000 |      f1 |     269 |   295.0 |   290.0 |    1,69 |  0,0 |1592512587636 |[0.045470536, 0.59014857, 0.6593139, 0.0135166645, 0.32396466, 0.38337976, 0.7493295, 0.3503291, 0.6764149, 0.550369] |
|13 |   50 |  0.45 | 5000 |      f1 |     269 |   295.0 |   290.0 |    1,69 |  0,0 |1592512591194 |[0.9984689, 0.92784685, 0.6582808, 0.6118594, 0.14306873, 0.9351879, 0.94974995, 0.2555086, 0.16864353, 0.017721593] |
|13 |   50 |  0.28 | 5000 |      f1 |     269 |   295.0 |   290.0 |    1,69 |  0,0 |1592512591194 |[0.9984689, 0.92784685, 0.6582808, 0.6118594, 0.14306873, 0.9351879, 0.94974995, 0.2555086, 0.16864353, 0.017721593] |
|14 |   50 |  0.38 | 5000 |      f1 |     269 |   295.0 |   290.0 |    1,69 |  0,0 |1592512594746 |[0.5073165, 0.6008943, 0.82862365, 0.20049268, 0.88204026, 0.5191194, 0.66651636, 0.42868054, 0.5583825, 0.08191174] |
|14 |   50 |  0.26 | 5000 |      f1 |     269 |   295.0 |   290.0 |    1,69 |  0,0 |1592512594746 |[0.5073165, 0.6008943, 0.82862365, 0.20049268, 0.88204026, 0.5191194, 0.66651636, 0.42868054, 0.5583825, 0.08191174] |
|15 |   50 |  0.42 | 5000 |      f1 |     269 |   295.0 |   290.0 |    1,69 |  0,0 |1592512598299 |[0.5028531, 0.4374544, 0.50300103, 0.94025683, 0.061419368, 0.89525634, 0.8799895, 0.7606371, 0.81233585, 0.406779] |
|15 |   50 |  0.36 | 5000 |      f1 |     269 |   295.0 |   290.0 |    1,69 |  0,0 |1592512598299 |[0.19771826, 0.04971391, 0.94709533, 0.4842075, 0.073556006, 0.77342266, 0.34331125, 0.25487912, 0.16674209, 0.8616277] |
