| # | Nest | %Desc |#Iter |Instancia | CapMoch |ValOptmo | BestFit |     RDP | time |      semilla |VectorSolucion |
-------------------------------------------------------------------------------------------------
| 1 |   25 |  0.25 | 2500 |      f3 |      20 |    35.0 |    35.0 |    0,00 |-1,6e+09 |1592499537361 |[0.19615537, 0.575752, 0.20585257, 0.47061694] |
| 2 |   25 |  0.25 | 2500 |      f3 |      20 |    35.0 |    35.0 |    0,00 |-0,0020 |1592499537364 |[0.9975399, 0.0043669343, 0.96049166, 0.8729231] |
| 3 |   25 |  0.25 | 2500 |      f3 |      20 |    35.0 |    35.0 |    0,00 |-0,0010 |1592499537369 |[0.69690746, 0.51152706, 0.46290308, 0.8403653] |
| 4 |   25 |  0.25 | 2500 |      f3 |      20 |    35.0 |    35.0 |    0,00 |-0,0020 |1592499537372 |[0.30536187, 0.4008844, 0.6093571, 0.9611388] |
| 5 |   25 |  0.25 | 2500 |      f3 |      20 |    35.0 |    35.0 |    0,00 |-0,0010 |1592499537374 |[0.7358377, 0.61186826, 0.7622192, 0.80651104] |
| 6 |   25 |  0.25 | 2500 |      f3 |      20 |    35.0 |    35.0 |    0,00 |-0,0010 |1592499537377 |[0.6597226, 0.63022006, 0.667301, 0.4771403] |
| 7 |   25 |  0.25 | 2500 |      f3 |      20 |    35.0 |    35.0 |    0,00 |  0,0 |1592499537378 |[0.81680274, 0.3139962, 0.20083082, 0.83108383] |
| 8 |   25 |  0.25 | 2500 |      f3 |      20 |    35.0 |    35.0 |    0,00 |-0,0010 |1592499537380 |[0.64399374, 0.55166525, 0.80335975, 0.69465727] |
| 9 |   25 |  0.25 | 2500 |      f3 |      20 |    35.0 |    35.0 |    0,00 |-0,0010 |1592499537383 |[0.09046763, 0.38290346, 0.5936685, 0.8290121] |
|10 |   25 |  0.25 | 2500 |      f3 |      20 |    35.0 |    35.0 |    0,00 |-0,0010 |1592499537385 |[0.21253854, 0.1617909, 0.08340657, 0.047725677] |
|11 |   25 |  0.25 | 2500 |      f3 |      20 |    35.0 |    35.0 |    0,00 |-0,0010 |1592499537387 |[0.48269212, 0.13162994, 0.6245466, 0.8618059] |
|12 |   25 |  0.25 | 2500 |      f3 |      20 |    35.0 |    35.0 |    0,00 |-0,0010 |1592499537389 |[0.7877852, 0.13288397, 0.6398235, 0.3494295] |
|13 |   25 |  0.25 | 2500 |      f3 |      20 |    35.0 |    35.0 |    0,00 |  0,0 |1592499537390 |[0.4033854, 0.3895052, 0.93428093, 0.12703681] |
|14 |   25 |  0.25 | 2500 |      f3 |      20 |    35.0 |    35.0 |    0,00 |  0,0 |1592499537391 |[0.29449624, 0.101795435, 0.9592952, 0.6790303] |
|15 |   25 |  0.25 | 2500 |      f3 |      20 |    35.0 |    35.0 |    0,00 |-0,0010 |1592499537393 |[0.54933167, 0.51804173, 0.14907622, 0.1478017] |
