|Instancia |Ejecucion |Iteracion |Iter Max |Nidos |   %Pa |tipoDiscretizacion |tipoBinarizacion | CapMoch |   Optmo |OptimoObtenido |     RDP | time |      semilla |VectorSolucionReal |VectorSolucionBinario |
-------------------------------------------------------------------------------------------------
|     f10 | 1 |       1 |    5000 |   50 |  0.25 |standard | sshape3 |     879 |  1025.0 |  1019.0 |    0,59 |-1,6e+09 |1592654872123 |[0.53312755, 0.15656972, 0.2780048, 0.8038721, 0.24015392, 0.078161515, 0.4176316, 0.55840385, 0.18779276, 0.31962606, 0.78755903, 0.46705982, 0.8341143, 0.37119707, 0.64794, 0.99418926, 0.9181891, 0.8983925, 0.6672999, 0.69730484] |[1.0, 1.0, 1.0, 1.0, 1.0, 1.0, 1.0, 1.0, 1.0, 1.0, 1.0, 1.0, 1.0, 1.0, 0.0, 1.0, 0.0, 1.0, 1.0, 0.0] |
|     f10 | 1 |       3 |    5000 |   50 |  0.25 |standard | sshape3 |     879 |  1025.0 |  1025.0 |    0,00 |0,0020 |1592654872123 |[0.05967981, 0.2730116, 0.65462303, 0.13244425, 0.04203942, 0.20944695, 0.321691, 0.4014796, 0.641566, 0.9754756, 0.22316134, 0.24615303, 0.27009356, 0.41506454, 0.2493789, 0.7219474, 0.2023822, 0.2791236, 0.34448346, 0.64613026] |[1.0, 1.0, 1.0, 1.0, 1.0, 1.0, 1.0, 1.0, 1.0, 0.0, 1.0, 1.0, 1.0, 1.0, 0.0, 1.0, 0.0, 1.0, 1.0, 1.0] |
|     f10 | 2 |       1 |    5000 |   50 |  0.25 |standard | sshape3 |     879 |  1025.0 |  1025.0 |    0,00 |  0,0 |1592654872125 |[0.106634974, 0.9507897, 0.7193788, 0.41275924, 5.5760145E-4, 0.6693349, 0.76071566, 0.9989121, 0.107372105, 0.9859692, 0.584164, 0.47017252, 0.52918756, 0.87971616, 0.046999753, 0.13771951, 0.66391635, 0.1957196, 0.7865864, 0.38419026] |[1.0, 1.0, 1.0, 1.0, 1.0, 1.0, 1.0, 1.0, 1.0, 0.0, 1.0, 1.0, 1.0, 1.0, 1.0, 1.0, 1.0, 1.0, 0.0, 0.0] |
|     f10 | 2 |       2 |    5000 |   50 |  0.25 |standard | sshape3 |     879 |  1025.0 |  1025.0 |    0,00 |0,0010 |1592654872125 |[0.106634974, 0.9507897, 0.7193788, 0.41275924, 5.5760145E-4, 0.6693349, 0.76071566, 0.9989121, 0.107372105, 0.9859692, 0.584164, 0.47017252, 0.52918756, 0.87971616, 0.046999753, 0.13771951, 0.66391635, 0.1957196, 0.7865864, 0.38419026] |[1.0, 1.0, 1.0, 1.0, 1.0, 1.0, 1.0, 1.0, 1.0, 0.0, 1.0, 1.0, 1.0, 1.0, 1.0, 1.0, 1.0, 1.0, 0.0, 0.0] |
|     f10 | 3 |       1 |    5000 |   50 |  0.25 |standard | sshape3 |     879 |  1025.0 |  1025.0 |    0,00 |  0,0 |1592654872126 |[0.16762048, 0.9812091, 0.8689653, 0.16945541, 0.9176495, 0.20920467, 0.8726918, 0.46712756, 0.38838995, 0.35342336, 0.52341795, 0.43698645, 0.17299783, 0.5046634, 0.13195336, 0.4335795, 0.21903789, 0.9049711, 0.1700517, 0.66004676] |[1.0, 1.0, 1.0, 1.0, 1.0, 1.0, 0.0, 1.0, 1.0, 0.0, 1.0, 1.0, 1.0, 1.0, 1.0, 1.0, 1.0, 1.0, 0.0, 1.0] |
|     f10 | 3 |       2 |    5000 |   50 |  0.25 |standard | sshape3 |     879 |  1025.0 |  1025.0 |    0,00 |0,0010 |1592654872126 |[0.16762048, 0.9812091, 0.8689653, 0.16945541, 0.9176495, 0.20920467, 0.8726918, 0.46712756, 0.38838995, 0.35342336, 0.52341795, 0.43698645, 0.17299783, 0.5046634, 0.13195336, 0.4335795, 0.21903789, 0.9049711, 0.1700517, 0.66004676] |[1.0, 1.0, 1.0, 1.0, 1.0, 1.0, 0.0, 1.0, 1.0, 0.0, 1.0, 1.0, 1.0, 1.0, 1.0, 1.0, 1.0, 1.0, 0.0, 1.0] |
|     f10 | 4 |       1 |    5000 |   50 |  0.25 |standard | sshape3 |     879 |  1025.0 |  1025.0 |    0,00 |  0,0 |1592654872127 |[0.97516423, 0.24458253, 0.93295646, 0.5174428, 0.76523846, 0.9986627, 0.499027, 0.16161674, 0.8568205, 0.6903733, 0.22037333, 0.0410105, 0.03930992, 0.22065848, 0.54649985, 0.14160979, 0.5918313, 0.29833502, 0.87089396, 0.28154743] |[1.0, 1.0, 1.0, 1.0, 1.0, 1.0, 1.0, 1.0, 1.0, 1.0, 1.0, 1.0, 1.0, 1.0, 1.0, 1.0, 0.0, 1.0, 0.0, 0.0] |
|     f10 | 4 |       2 |    5000 |   50 |  0.25 |standard | sshape3 |     879 |  1025.0 |  1025.0 |    0,00 |0,0010 |1592654872127 |[0.97516423, 0.24458253, 0.93295646, 0.5174428, 0.76523846, 0.9986627, 0.499027, 0.16161674, 0.8568205, 0.6903733, 0.22037333, 0.0410105, 0.03930992, 0.22065848, 0.54649985, 0.14160979, 0.5918313, 0.29833502, 0.87089396, 0.28154743] |[1.0, 1.0, 1.0, 1.0, 1.0, 1.0, 1.0, 1.0, 1.0, 1.0, 1.0, 1.0, 1.0, 1.0, 1.0, 1.0, 0.0, 1.0, 0.0, 0.0] |
|     f10 | 5 |       1 |    5000 |   50 |  0.25 |standard | sshape3 |     879 |  1025.0 |  1025.0 |    0,00 |-0,0010 |1592654872129 |[0.44594997, 0.8791616, 0.61248785, 0.7989479, 0.66801864, 0.08124843, 0.4719106, 0.49351567, 0.4232022, 0.027453782, 0.89268374, 0.9073109, 0.7665745, 0.049831674, 0.020051816, 0.30499798, 0.856234, 0.80312794, 0.9219473, 0.7577251] |[1.0, 1.0, 1.0, 1.0, 1.0, 1.0, 0.0, 1.0, 1.0, 0.0, 1.0, 1.0, 1.0, 1.0, 1.0, 1.0, 0.0, 1.0, 1.0, 1.0] |
|     f10 | 5 |       2 |    5000 |   50 |  0.25 |standard | sshape3 |     879 |  1025.0 |  1025.0 |    0,00 |0,0010 |1592654872129 |[0.44594997, 0.8791616, 0.61248785, 0.7989479, 0.66801864, 0.08124843, 0.4719106, 0.49351567, 0.4232022, 0.027453782, 0.89268374, 0.9073109, 0.7665745, 0.049831674, 0.020051816, 0.30499798, 0.856234, 0.80312794, 0.9219473, 0.7577251] |[1.0, 1.0, 1.0, 1.0, 1.0, 1.0, 0.0, 1.0, 1.0, 0.0, 1.0, 1.0, 1.0, 1.0, 1.0, 1.0, 0.0, 1.0, 1.0, 1.0] |
|     f10 | 6 |       1 |    5000 |   50 |  0.25 |standard | sshape3 |     879 |  1025.0 |  1025.0 |    0,00 |  0,0 |1592654872130 |[0.86794037, 0.720418, 0.439278, 0.39199185, 0.11799443, 0.2325896, 0.7039742, 0.7239239, 0.0950582, 0.10466063, 0.513425, 0.23073894, 0.911894, 0.78929716, 0.020429075, 0.250148, 0.8111628, 0.66409177, 0.9609287, 0.31006145] |[0.0, 0.0, 1.0, 1.0, 1.0, 1.0, 1.0, 1.0, 1.0, 0.0, 1.0, 1.0, 1.0, 1.0, 1.0, 1.0, 1.0, 1.0, 1.0, 1.0] |
|     f10 | 6 |       2 |    5000 |   50 |  0.25 |standard | sshape3 |     879 |  1025.0 |  1025.0 |    0,00 |0,0010 |1592654872130 |[0.86794037, 0.720418, 0.439278, 0.39199185, 0.11799443, 0.2325896, 0.7039742, 0.7239239, 0.0950582, 0.10466063, 0.513425, 0.23073894, 0.911894, 0.78929716, 0.020429075, 0.250148, 0.8111628, 0.66409177, 0.9609287, 0.31006145] |[0.0, 0.0, 1.0, 1.0, 1.0, 1.0, 1.0, 1.0, 1.0, 0.0, 1.0, 1.0, 1.0, 1.0, 1.0, 1.0, 1.0, 1.0, 1.0, 1.0] |
|     f10 | 7 |       1 |    5000 |   50 |  0.25 |standard | sshape3 |     879 |  1025.0 |  1025.0 |    0,00 |  0,0 |1592654872131 |[0.6923323, 0.34581837, 0.099478796, 0.66489893, 0.71343684, 0.52757925, 0.82265466, 0.46447602, 0.44131637, 0.83037966, 0.6106026, 0.55443746, 0.9780541, 0.9501408, 0.17927243, 0.94142, 0.6053019, 0.19728161, 0.9287602, 0.50554454] |[0.0, 1.0, 1.0, 1.0, 1.0, 1.0, 1.0, 1.0, 1.0, 1.0, 1.0, 1.0, 1.0, 1.0, 1.0, 1.0, 1.0, 1.0, 0.0, 0.0] |
|     f10 | 7 |       2 |    5000 |   50 |  0.25 |standard | sshape3 |     879 |  1025.0 |  1025.0 |    0,00 |0,0010 |1592654872131 |[0.6923323, 0.34581837, 0.099478796, 0.66489893, 0.71343684, 0.52757925, 0.82265466, 0.46447602, 0.44131637, 0.83037966, 0.6106026, 0.55443746, 0.9780541, 0.9501408, 0.17927243, 0.94142, 0.6053019, 0.19728161, 0.9287602, 0.50554454] |[0.0, 1.0, 1.0, 1.0, 1.0, 1.0, 1.0, 1.0, 1.0, 1.0, 1.0, 1.0, 1.0, 1.0, 1.0, 1.0, 1.0, 1.0, 0.0, 0.0] |
|     f10 | 8 |       1 |    5000 |   50 |  0.25 |standard | sshape3 |     879 |  1025.0 |  1025.0 |    0,00 |  0,0 |1592654872132 |[0.048741493, 1.0E-12, 0.1364594, 0.28200445, 0.72919047, 0.061393563, 0.44397527, 0.104832225, 0.4157139, 0.89975744, 0.97350365, 0.61945987, 0.06038763, 0.89273876, 0.5029944, 0.49470228, 0.30262324, 0.013634197, 0.30370727, 0.49043828] |[1.0, 1.0, 1.0, 1.0, 1.0, 1.0, 1.0, 1.0, 1.0, 0.0, 1.0, 1.0, 1.0, 1.0, 0.0, 1.0, 0.0, 1.0, 1.0, 1.0] |
|     f10 | 8 |       2 |    5000 |   50 |  0.25 |standard | sshape3 |     879 |  1025.0 |  1025.0 |    0,00 |0,0010 |1592654872132 |[0.048741493, 1.0E-12, 0.1364594, 0.28200445, 0.72919047, 0.061393563, 0.44397527, 0.104832225, 0.4157139, 0.89975744, 0.97350365, 0.61945987, 0.06038763, 0.89273876, 0.5029944, 0.49470228, 0.30262324, 0.013634197, 0.30370727, 0.49043828] |[1.0, 1.0, 1.0, 1.0, 1.0, 1.0, 1.0, 1.0, 1.0, 0.0, 1.0, 1.0, 1.0, 1.0, 0.0, 1.0, 0.0, 1.0, 1.0, 1.0] |
|     f10 | 9 |       1 |    5000 |   50 |  0.25 |standard | sshape3 |     879 |  1025.0 |  1025.0 |    0,00 |  0,0 |1592654872133 |[0.8084883, 0.9978011, 0.85349524, 0.11626337, 0.71274525, 0.28583878, 0.67401016, 0.388911, 0.27823377, 0.03319992, 0.31495008, 0.11375321, 0.8141446, 0.63229376, 0.088276565, 0.9733261, 0.25762475, 0.1866229, 0.0069892, 0.3020721] |[1.0, 1.0, 1.0, 1.0, 1.0, 1.0, 0.0, 1.0, 1.0, 1.0, 1.0, 1.0, 0.0, 1.0, 1.0, 1.0, 1.0, 1.0, 1.0, 0.0] |
|     f10 | 9 |       2 |    5000 |   50 |  0.25 |standard | sshape3 |     879 |  1025.0 |  1025.0 |    0,00 |0,0010 |1592654872133 |[0.8084883, 0.9978011, 0.85349524, 0.11626337, 0.71274525, 0.28583878, 0.67401016, 0.388911, 0.27823377, 0.03319992, 0.31495008, 0.11375321, 0.8141446, 0.63229376, 0.088276565, 0.9733261, 0.25762475, 0.1866229, 0.0069892, 0.3020721] |[1.0, 1.0, 1.0, 1.0, 1.0, 1.0, 0.0, 1.0, 1.0, 1.0, 1.0, 1.0, 0.0, 1.0, 1.0, 1.0, 1.0, 1.0, 1.0, 0.0] |
|     f10 |10 |       1 |    5000 |   50 |  0.25 |standard | sshape3 |     879 |  1025.0 |  1025.0 |    0,00 |  0,0 |1592654872134 |[0.1879606, 0.24871911, 0.078305945, 0.21585959, 0.60104597, 0.45480365, 0.62870514, 0.535015, 0.75952435, 0.6565654, 0.4783464, 0.4392448, 0.6910515, 0.56980634, 0.7038839, 0.21156433, 0.9967558, 0.97177947, 0.112507254, 0.47123748] |[1.0, 1.0, 1.0, 1.0, 1.0, 1.0, 1.0, 1.0, 1.0, 1.0, 1.0, 1.0, 1.0, 1.0, 0.0, 1.0, 0.0, 1.0, 1.0, 0.0] |
|     f10 |10 |       2 |    5000 |   50 |  0.25 |standard | sshape3 |     879 |  1025.0 |  1025.0 |    0,00 |0,0010 |1592654872134 |[0.1879606, 0.24871911, 0.078305945, 0.21585959, 0.60104597, 0.45480365, 0.62870514, 0.535015, 0.75952435, 0.6565654, 0.4783464, 0.4392448, 0.6910515, 0.56980634, 0.7038839, 0.21156433, 0.9967558, 0.97177947, 0.112507254, 0.47123748] |[1.0, 1.0, 1.0, 1.0, 1.0, 1.0, 1.0, 1.0, 1.0, 1.0, 1.0, 1.0, 1.0, 1.0, 0.0, 1.0, 0.0, 1.0, 1.0, 0.0] |
|     f10 |11 |       1 |    5000 |   50 |  0.25 |standard | sshape3 |     879 |  1025.0 |  1025.0 |    0,00 |  0,0 |1592654872135 |[0.19098079, 0.5255688, 0.75161713, 0.7790177, 0.7692818, 0.15878427, 0.8397804, 0.4792952, 0.50051177, 0.7554659, 0.43592286, 0.9382339, 0.5431933, 0.2030257, 0.39503533, 0.4443329, 0.61477244, 0.6042671, 0.13108653, 0.4946339] |[1.0, 1.0, 1.0, 1.0, 1.0, 1.0, 1.0, 1.0, 1.0, 0.0, 1.0, 1.0, 1.0, 1.0, 0.0, 1.0, 0.0, 1.0, 1.0, 1.0] |
|     f10 |11 |       2 |    5000 |   50 |  0.25 |standard | sshape3 |     879 |  1025.0 |  1025.0 |    0,00 |0,0010 |1592654872135 |[0.19098079, 0.5255688, 0.75161713, 0.7790177, 0.7692818, 0.15878427, 0.8397804, 0.4792952, 0.50051177, 0.7554659, 0.43592286, 0.9382339, 0.5431933, 0.2030257, 0.39503533, 0.4443329, 0.61477244, 0.6042671, 0.13108653, 0.4946339] |[1.0, 1.0, 1.0, 1.0, 1.0, 1.0, 1.0, 1.0, 1.0, 0.0, 1.0, 1.0, 1.0, 1.0, 0.0, 1.0, 0.0, 1.0, 1.0, 1.0] |
|     f10 |12 |       1 |    5000 |   50 |  0.25 |standard | sshape3 |     879 |  1025.0 |  1025.0 |    0,00 |  0,0 |1592654872136 |[0.68183696, 0.7720936, 0.3592359, 0.51500344, 0.93656534, 0.8267011, 0.19884934, 0.984342, 0.83003306, 0.8938151, 0.33330712, 0.5832868, 0.90168583, 0.7445424, 0.26625174, 0.08634472, 0.3580572, 0.8624078, 0.5059067, 0.11698547] |[1.0, 1.0, 1.0, 1.0, 1.0, 1.0, 0.0, 1.0, 1.0, 1.0, 1.0, 1.0, 1.0, 1.0, 1.0, 1.0, 1.0, 1.0, 0.0, 0.0] |
|     f10 |12 |       2 |    5000 |   50 |  0.25 |standard | sshape3 |     879 |  1025.0 |  1025.0 |    0,00 |0,0010 |1592654872136 |[0.68183696, 0.7720936, 0.3592359, 0.51500344, 0.93656534, 0.8267011, 0.19884934, 0.984342, 0.83003306, 0.8938151, 0.33330712, 0.5832868, 0.90168583, 0.7445424, 0.26625174, 0.08634472, 0.3580572, 0.8624078, 0.5059067, 0.11698547] |[1.0, 1.0, 1.0, 1.0, 1.0, 1.0, 0.0, 1.0, 1.0, 1.0, 1.0, 1.0, 1.0, 1.0, 1.0, 1.0, 1.0, 1.0, 0.0, 0.0] |
|     f10 |13 |       1 |    5000 |   50 |  0.25 |standard | sshape3 |     879 |  1025.0 |  1025.0 |    0,00 |-0,0010 |1592654872138 |[0.7730354, 0.41040954, 1.0E-12, 0.94478285, 0.6296885, 1.0E-12, 0.24897538, 1.0, 0.4403877, 0.14132819, 0.52789056, 1.0E-12, 0.753872, 0.4583601, 1.0, 0.6359227, 0.70227945, 1.0, 0.6300717, 0.6274389] |[1.0, 1.0, 1.0, 1.0, 1.0, 1.0, 1.0, 1.0, 1.0, 0.0, 1.0, 1.0, 1.0, 1.0, 0.0, 1.0, 0.0, 1.0, 1.0, 1.0] |
|     f10 |13 |       2 |    5000 |   50 |  0.25 |standard | sshape3 |     879 |  1025.0 |  1025.0 |    0,00 |0,0010 |1592654872138 |[0.7730354, 0.41040954, 1.0E-12, 0.94478285, 0.6296885, 1.0E-12, 0.24897538, 1.0, 0.4403877, 0.14132819, 0.52789056, 1.0E-12, 0.753872, 0.4583601, 1.0, 0.6359227, 0.70227945, 1.0, 0.6300717, 0.6274389] |[1.0, 1.0, 1.0, 1.0, 1.0, 1.0, 1.0, 1.0, 1.0, 0.0, 1.0, 1.0, 1.0, 1.0, 0.0, 1.0, 0.0, 1.0, 1.0, 1.0] |
|     f10 |14 |       1 |    5000 |   50 |  0.25 |standard | sshape3 |     879 |  1025.0 |  1025.0 |    0,00 |  0,0 |1592654872139 |[0.4588117, 0.22434188, 0.24657065, 0.8693123, 0.29973018, 0.6850483, 0.73414713, 0.86486167, 0.8782211, 0.877745, 0.94272345, 0.5055628, 0.35933244, 0.69884163, 0.42754492, 0.61279124, 0.07829151, 0.5103491, 0.831939, 0.80358577] |[1.0, 1.0, 1.0, 1.0, 1.0, 1.0, 0.0, 1.0, 1.0, 1.0, 1.0, 1.0, 1.0, 1.0, 1.0, 1.0, 1.0, 1.0, 0.0, 0.0] |
|     f10 |14 |       2 |    5000 |   50 |  0.25 |standard | sshape3 |     879 |  1025.0 |  1025.0 |    0,00 |0,0010 |1592654872139 |[0.4588117, 0.22434188, 0.24657065, 0.8693123, 0.29973018, 0.6850483, 0.73414713, 0.86486167, 0.8782211, 0.877745, 0.94272345, 0.5055628, 0.35933244, 0.69884163, 0.42754492, 0.61279124, 0.07829151, 0.5103491, 0.831939, 0.80358577] |[1.0, 1.0, 1.0, 1.0, 1.0, 1.0, 0.0, 1.0, 1.0, 1.0, 1.0, 1.0, 1.0, 1.0, 1.0, 1.0, 1.0, 1.0, 0.0, 0.0] |
|     f10 |15 |       1 |    5000 |   50 |  0.25 |standard | sshape3 |     879 |  1025.0 |  1025.0 |    0,00 |  0,0 |1592654872140 |[0.6832191, 0.046298146, 0.91824895, 0.31302613, 0.89153314, 0.16012092, 0.41792494, 1.0E-12, 0.6322628, 0.16093192, 0.085644156, 1.0E-12, 1.0E-12, 0.39828953, 0.15499824, 0.5005262, 0.5821014, 0.3101242, 0.42472968, 1.0E-12] |[1.0, 1.0, 1.0, 1.0, 1.0, 1.0, 1.0, 1.0, 1.0, 0.0, 1.0, 1.0, 1.0, 1.0, 0.0, 1.0, 0.0, 1.0, 1.0, 1.0] |
|     f10 |15 |       2 |    5000 |   50 |  0.25 |standard | sshape3 |     879 |  1025.0 |  1025.0 |    0,00 |0,0010 |1592654872140 |[0.6832191, 0.046298146, 0.91824895, 0.31302613, 0.89153314, 0.16012092, 0.41792494, 1.0E-12, 0.6322628, 0.16093192, 0.085644156, 1.0E-12, 1.0E-12, 0.39828953, 0.15499824, 0.5005262, 0.5821014, 0.3101242, 0.42472968, 1.0E-12] |[1.0, 1.0, 1.0, 1.0, 1.0, 1.0, 1.0, 1.0, 1.0, 0.0, 1.0, 1.0, 1.0, 1.0, 0.0, 1.0, 0.0, 1.0, 1.0, 1.0] |
|     f10 |16 |       1 |    5000 |   50 |  0.25 |standard | sshape3 |     879 |  1025.0 |  1025.0 |    0,00 |  0,0 |1592654872141 |[0.5329683, 0.77451676, 0.5532822, 0.73151326, 0.73064154, 0.26509428, 0.036886692, 0.66448325, 0.38509405, 0.7810847, 0.06278783, 0.29617584, 0.4810319, 0.30954754, 0.17028129, 0.6547655, 0.58879685, 0.77874297, 0.23471755, 0.33814067] |[1.0, 1.0, 1.0, 1.0, 1.0, 1.0, 0.0, 1.0, 1.0, 0.0, 1.0, 1.0, 1.0, 1.0, 1.0, 1.0, 1.0, 1.0, 1.0, 0.0] |
|     f10 |16 |       2 |    5000 |   50 |  0.25 |standard | sshape3 |     879 |  1025.0 |  1025.0 |    0,00 |0,0010 |1592654872141 |[0.5329683, 0.77451676, 0.5532822, 0.73151326, 0.73064154, 0.26509428, 0.036886692, 0.66448325, 0.38509405, 0.7810847, 0.06278783, 0.29617584, 0.4810319, 0.30954754, 0.17028129, 0.6547655, 0.58879685, 0.77874297, 0.23471755, 0.33814067] |[1.0, 1.0, 1.0, 1.0, 1.0, 1.0, 0.0, 1.0, 1.0, 0.0, 1.0, 1.0, 1.0, 1.0, 1.0, 1.0, 1.0, 1.0, 1.0, 0.0] |
|     f10 |17 |       1 |    5000 |   50 |  0.25 |standard | sshape3 |     879 |  1025.0 |  1025.0 |    0,00 |-0,0010 |1592654872143 |[0.7725612, 0.69259286, 0.5543027, 1.0, 0.31977725, 0.37903476, 0.13999443, 0.6048839, 0.7539531, 0.4464654, 0.026946798, 0.40587384, 1.0E-12, 0.40293008, 0.26237717, 0.45784998, 1.0, 0.38866994, 0.93803066, 1.0E-12] |[1.0, 1.0, 1.0, 1.0, 1.0, 1.0, 1.0, 1.0, 1.0, 0.0, 1.0, 1.0, 1.0, 1.0, 0.0, 1.0, 0.0, 1.0, 1.0, 1.0] |
|     f10 |17 |       2 |    5000 |   50 |  0.25 |standard | sshape3 |     879 |  1025.0 |  1025.0 |    0,00 |0,0010 |1592654872143 |[0.7725612, 0.69259286, 0.5543027, 1.0, 0.31977725, 0.37903476, 0.13999443, 0.6048839, 0.7539531, 0.4464654, 0.026946798, 0.40587384, 1.0E-12, 0.40293008, 0.26237717, 0.45784998, 1.0, 0.38866994, 0.93803066, 1.0E-12] |[1.0, 1.0, 1.0, 1.0, 1.0, 1.0, 1.0, 1.0, 1.0, 0.0, 1.0, 1.0, 1.0, 1.0, 0.0, 1.0, 0.0, 1.0, 1.0, 1.0] |
|     f10 |18 |       1 |    5000 |   50 |  0.25 |standard | sshape3 |     879 |  1025.0 |  1025.0 |    0,00 |  0,0 |1592654872144 |[0.7483728, 0.1915769, 0.86424613, 0.8461174, 0.42515063, 0.87580186, 0.20567316, 0.4787777, 0.4020939, 0.6741223, 0.3087865, 0.69118077, 0.23474032, 0.20437437, 0.13057756, 0.5278186, 0.8258759, 0.22666693, 0.19240808, 0.16798818] |[1.0, 1.0, 1.0, 1.0, 1.0, 1.0, 1.0, 1.0, 1.0, 1.0, 1.0, 1.0, 1.0, 1.0, 1.0, 1.0, 0.0, 1.0, 0.0, 0.0] |
|     f10 |18 |       2 |    5000 |   50 |  0.25 |standard | sshape3 |     879 |  1025.0 |  1025.0 |    0,00 |0,0010 |1592654872144 |[0.7483728, 0.1915769, 0.86424613, 0.8461174, 0.42515063, 0.87580186, 0.20567316, 0.4787777, 0.4020939, 0.6741223, 0.3087865, 0.69118077, 0.23474032, 0.20437437, 0.13057756, 0.5278186, 0.8258759, 0.22666693, 0.19240808, 0.16798818] |[1.0, 1.0, 1.0, 1.0, 1.0, 1.0, 1.0, 1.0, 1.0, 1.0, 1.0, 1.0, 1.0, 1.0, 1.0, 1.0, 0.0, 1.0, 0.0, 0.0] |
|     f10 |19 |       1 |    5000 |   50 |  0.25 |standard | sshape3 |     879 |  1025.0 |  1025.0 |    0,00 |  0,0 |1592654872145 |[0.30372816, 0.8202639, 0.76234514, 0.47109807, 0.35420555, 0.64747167, 0.5362907, 0.5397671, 0.70954907, 0.16387159, 0.23878598, 0.37787747, 0.27296704, 0.5638636, 0.20856422, 0.9169322, 0.36773574, 0.40795946, 0.021366179, 0.16159666] |[1.0, 1.0, 1.0, 1.0, 1.0, 1.0, 1.0, 1.0, 1.0, 0.0, 1.0, 1.0, 1.0, 1.0, 1.0, 1.0, 0.0, 1.0, 0.0, 1.0] |
|     f10 |19 |       2 |    5000 |   50 |  0.25 |standard | sshape3 |     879 |  1025.0 |  1025.0 |    0,00 |0,0010 |1592654872145 |[0.30372816, 0.8202639, 0.76234514, 0.47109807, 0.35420555, 0.64747167, 0.5362907, 0.5397671, 0.70954907, 0.16387159, 0.23878598, 0.37787747, 0.27296704, 0.5638636, 0.20856422, 0.9169322, 0.36773574, 0.40795946, 0.021366179, 0.16159666] |[1.0, 1.0, 1.0, 1.0, 1.0, 1.0, 1.0, 1.0, 1.0, 0.0, 1.0, 1.0, 1.0, 1.0, 1.0, 1.0, 0.0, 1.0, 0.0, 1.0] |
|     f10 |20 |       1 |    5000 |   50 |  0.25 |standard | sshape3 |     879 |  1025.0 |  1025.0 |    0,00 |  0,0 |1592654872146 |[0.545309, 0.14102307, 0.49658918, 0.33802155, 0.20160586, 0.57505065, 0.64384466, 0.7137536, 0.4183685, 0.68778974, 0.032889247, 0.2869327, 0.38325635, 0.59450346, 0.9591678, 0.32882762, 0.6738341, 0.46211907, 1.0, 1.0] |[1.0, 1.0, 1.0, 1.0, 1.0, 1.0, 1.0, 1.0, 1.0, 0.0, 1.0, 1.0, 1.0, 1.0, 0.0, 1.0, 0.0, 1.0, 1.0, 1.0] |
|     f10 |20 |       2 |    5000 |   50 |  0.25 |standard | sshape3 |     879 |  1025.0 |  1025.0 |    0,00 |0,0010 |1592654872146 |[0.545309, 0.14102307, 0.49658918, 0.33802155, 0.20160586, 0.57505065, 0.64384466, 0.7137536, 0.4183685, 0.68778974, 0.032889247, 0.2869327, 0.38325635, 0.59450346, 0.9591678, 0.32882762, 0.6738341, 0.46211907, 1.0, 1.0] |[1.0, 1.0, 1.0, 1.0, 1.0, 1.0, 1.0, 1.0, 1.0, 0.0, 1.0, 1.0, 1.0, 1.0, 0.0, 1.0, 0.0, 1.0, 1.0, 1.0] |
|     f10 |21 |       1 |    5000 |   50 |  0.25 |standard | sshape3 |     879 |  1025.0 |  1025.0 |    0,00 |-0,0010 |1592654872148 |[0.68533486, 0.38149363, 0.58887774, 0.85935515, 0.21970755, 0.79780823, 0.90150875, 0.98345906, 0.21913236, 0.5886765, 0.34324098, 0.20173901, 0.1429615, 0.1319207, 0.5721072, 0.9593175, 0.21931338, 0.7974524, 0.2567572, 0.25855786] |[1.0, 1.0, 1.0, 1.0, 1.0, 1.0, 1.0, 1.0, 1.0, 0.0, 1.0, 1.0, 1.0, 1.0, 1.0, 1.0, 0.0, 1.0, 1.0, 0.0] |
|     f10 |21 |       2 |    5000 |   50 |  0.25 |standard | sshape3 |     879 |  1025.0 |  1025.0 |    0,00 |0,0010 |1592654872148 |[0.68533486, 0.38149363, 0.58887774, 0.85935515, 0.21970755, 0.79780823, 0.90150875, 0.98345906, 0.21913236, 0.5886765, 0.34324098, 0.20173901, 0.1429615, 0.1319207, 0.5721072, 0.9593175, 0.21931338, 0.7974524, 0.2567572, 0.25855786] |[1.0, 1.0, 1.0, 1.0, 1.0, 1.0, 1.0, 1.0, 1.0, 0.0, 1.0, 1.0, 1.0, 1.0, 1.0, 1.0, 0.0, 1.0, 1.0, 0.0] |
|     f10 |22 |       1 |    5000 |   50 |  0.25 |standard | sshape3 |     879 |  1025.0 |  1025.0 |    0,00 |  0,0 |1592654872149 |[0.8141455, 0.04694897, 0.17495269, 0.72047126, 0.20727038, 0.7090977, 0.85976565, 0.44800752, 0.8262451, 0.007340908, 0.96512586, 0.20447814, 0.57562524, 0.380117, 0.88738686, 0.56665486, 0.0012903214, 0.81339496, 0.81673294, 0.8719416] |[1.0, 1.0, 1.0, 1.0, 1.0, 1.0, 0.0, 1.0, 1.0, 1.0, 1.0, 1.0, 1.0, 1.0, 1.0, 1.0, 0.0, 1.0, 1.0, 0.0] |
|     f10 |22 |       2 |    5000 |   50 |  0.25 |standard | sshape3 |     879 |  1025.0 |  1025.0 |    0,00 |0,0010 |1592654872149 |[0.8141455, 0.04694897, 0.17495269, 0.72047126, 0.20727038, 0.7090977, 0.85976565, 0.44800752, 0.8262451, 0.007340908, 0.96512586, 0.20447814, 0.57562524, 0.380117, 0.88738686, 0.56665486, 0.0012903214, 0.81339496, 0.81673294, 0.8719416] |[1.0, 1.0, 1.0, 1.0, 1.0, 1.0, 0.0, 1.0, 1.0, 1.0, 1.0, 1.0, 1.0, 1.0, 1.0, 1.0, 0.0, 1.0, 1.0, 0.0] |
|     f10 |23 |       1 |    5000 |   50 |  0.25 |standard | sshape3 |     879 |  1025.0 |  1019.0 |    0,59 |-0,0010 |1592654872151 |[0.89039403, 0.9620674, 0.2504453, 0.75769645, 0.4168635, 0.6672679, 0.5730048, 0.8386321, 0.4616459, 0.36384362, 0.09772563, 0.7343538, 0.98112565, 0.5277957, 0.9147479, 0.4864995, 0.6367116, 0.96861863, 0.19796628, 0.37780935] |[1.0, 1.0, 1.0, 1.0, 1.0, 1.0, 1.0, 1.0, 1.0, 0.0, 1.0, 1.0, 1.0, 1.0, 1.0, 1.0, 0.0, 1.0, 1.0, 0.0] |
|     f10 |23 |       3 |    5000 |   50 |  0.25 |standard | sshape3 |     879 |  1025.0 |  1025.0 |    0,00 |0,0020 |1592654872151 |[0.58439195, 0.14163277, 0.29672188, 0.085243545, 0.2655795, 0.08494318, 0.037678767, 0.9211213, 0.9013812, 0.50096905, 0.17607543, 0.72013086, 0.43737766, 0.29550126, 0.39589563, 0.8773297, 0.5631069, 0.22612597, 0.42503697, 0.7003896] |[1.0, 1.0, 1.0, 1.0, 1.0, 1.0, 0.0, 1.0, 1.0, 1.0, 1.0, 1.0, 1.0, 1.0, 1.0, 1.0, 0.0, 1.0, 1.0, 0.0] |
|     f10 |24 |       1 |    5000 |   50 |  0.25 |standard | sshape3 |     879 |  1025.0 |  1025.0 |    0,00 |  0,0 |1592654872153 |[0.71095574, 0.66407484, 0.2696674, 0.5871697, 0.53180754, 0.49687135, 0.3554995, 0.09241778, 0.6448436, 0.12555379, 0.4606641, 0.7678622, 0.91142064, 0.9111004, 0.22577786, 0.59371126, 0.947681, 0.51825154, 0.92515844, 0.33565181] |[1.0, 1.0, 1.0, 1.0, 1.0, 1.0, 1.0, 1.0, 1.0, 0.0, 1.0, 1.0, 1.0, 1.0, 0.0, 1.0, 0.0, 1.0, 1.0, 1.0] |
|     f10 |24 |       2 |    5000 |   50 |  0.25 |standard | sshape3 |     879 |  1025.0 |  1025.0 |    0,00 |0,0010 |1592654872153 |[0.71095574, 0.66407484, 0.2696674, 0.5871697, 0.53180754, 0.49687135, 0.3554995, 0.09241778, 0.6448436, 0.12555379, 0.4606641, 0.7678622, 0.91142064, 0.9111004, 0.22577786, 0.59371126, 0.947681, 0.51825154, 0.92515844, 0.33565181] |[1.0, 1.0, 1.0, 1.0, 1.0, 1.0, 1.0, 1.0, 1.0, 0.0, 1.0, 1.0, 1.0, 1.0, 0.0, 1.0, 0.0, 1.0, 1.0, 1.0] |
|     f10 |25 |       1 |    5000 |   50 |  0.25 |standard | sshape3 |     879 |  1025.0 |  1025.0 |    0,00 |-0,0010 |1592654872155 |[0.301775, 1.0, 0.11230684, 0.57804734, 0.16201843, 0.11922769, 0.044814568, 1.0E-12, 0.11782667, 0.23851417, 0.76032865, 1.0, 0.40551186, 0.63802767, 1.0, 0.10358778, 0.11927031, 0.46707726, 1.0, 0.39677975] |[1.0, 1.0, 1.0, 1.0, 1.0, 1.0, 1.0, 1.0, 1.0, 0.0, 1.0, 1.0, 1.0, 1.0, 0.0, 1.0, 0.0, 1.0, 1.0, 1.0] |
|     f10 |25 |       2 |    5000 |   50 |  0.25 |standard | sshape3 |     879 |  1025.0 |  1025.0 |    0,00 |0,0010 |1592654872155 |[0.301775, 1.0, 0.11230684, 0.57804734, 0.16201843, 0.11922769, 0.044814568, 1.0E-12, 0.11782667, 0.23851417, 0.76032865, 1.0, 0.40551186, 0.63802767, 1.0, 0.10358778, 0.11927031, 0.46707726, 1.0, 0.39677975] |[1.0, 1.0, 1.0, 1.0, 1.0, 1.0, 1.0, 1.0, 1.0, 0.0, 1.0, 1.0, 1.0, 1.0, 0.0, 1.0, 0.0, 1.0, 1.0, 1.0] |
|     f10 |26 |       1 |    5000 |   50 |  0.25 |standard | sshape3 |     879 |  1025.0 |  1025.0 |    0,00 |-0,0010 |1592654872157 |[0.8272505, 0.19522673, 0.027152829, 1.0, 0.27080935, 0.70251423, 0.72064686, 1.0E-12, 0.092610955, 0.5988609, 1.0E-12, 0.24444556, 1.0E-12, 1.0, 0.8117893, 0.4053223, 0.2067473, 0.47172183, 0.8036613, 1.0] |[1.0, 1.0, 1.0, 1.0, 1.0, 1.0, 1.0, 1.0, 1.0, 0.0, 1.0, 1.0, 1.0, 1.0, 0.0, 1.0, 0.0, 1.0, 1.0, 1.0] |
|     f10 |26 |       2 |    5000 |   50 |  0.25 |standard | sshape3 |     879 |  1025.0 |  1025.0 |    0,00 |0,0010 |1592654872157 |[0.8272505, 0.19522673, 0.027152829, 1.0, 0.27080935, 0.70251423, 0.72064686, 1.0E-12, 0.092610955, 0.5988609, 1.0E-12, 0.24444556, 1.0E-12, 1.0, 0.8117893, 0.4053223, 0.2067473, 0.47172183, 0.8036613, 1.0] |[1.0, 1.0, 1.0, 1.0, 1.0, 1.0, 1.0, 1.0, 1.0, 0.0, 1.0, 1.0, 1.0, 1.0, 0.0, 1.0, 0.0, 1.0, 1.0, 1.0] |
|     f10 |27 |       1 |    5000 |   50 |  0.25 |standard | sshape3 |     879 |  1025.0 |  1025.0 |    0,00 |  0,0 |1592654872158 |[0.00725168, 0.84986496, 0.76301014, 0.21221083, 0.07551223, 0.38390988, 0.81237966, 0.64535797, 0.84399104, 0.64168, 0.671468, 0.84449756, 0.31316954, 0.5603025, 0.43579257, 0.9674808, 0.89859664, 0.24856198, 0.3689068, 0.12533706] |[1.0, 1.0, 1.0, 1.0, 1.0, 1.0, 1.0, 1.0, 1.0, 1.0, 1.0, 1.0, 1.0, 1.0, 0.0, 0.0, 1.0, 1.0, 0.0, 0.0] |
|     f10 |27 |       2 |    5000 |   50 |  0.25 |standard | sshape3 |     879 |  1025.0 |  1025.0 |    0,00 |0,0010 |1592654872158 |[0.00725168, 0.84986496, 0.76301014, 0.21221083, 0.07551223, 0.38390988, 0.81237966, 0.64535797, 0.84399104, 0.64168, 0.671468, 0.84449756, 0.31316954, 0.5603025, 0.43579257, 0.9674808, 0.89859664, 0.24856198, 0.3689068, 0.12533706] |[1.0, 1.0, 1.0, 1.0, 1.0, 1.0, 1.0, 1.0, 1.0, 1.0, 1.0, 1.0, 1.0, 1.0, 0.0, 0.0, 1.0, 1.0, 0.0, 0.0] |
|     f10 |28 |       1 |    5000 |   50 |  0.25 |standard | sshape3 |     879 |  1025.0 |  1019.0 |    0,59 |-0,0010 |1592654872160 |[0.09309171, 0.33371034, 0.10063238, 0.6366133, 0.4489315, 0.7561624, 0.33097428, 0.0077650556, 0.3828652, 0.14609857, 0.56126314, 0.9734763, 0.81829524, 0.46279377, 0.9449163, 0.45603552, 0.057451595, 0.6564274, 0.61116713, 0.24914932] |[1.0, 1.0, 1.0, 1.0, 1.0, 1.0, 1.0, 1.0, 1.0, 1.0, 1.0, 1.0, 1.0, 1.0, 1.0, 1.0, 0.0, 1.0, 0.0, 0.0] |
|     f10 |28 |       3 |    5000 |   50 |  0.25 |standard | sshape3 |     879 |  1025.0 |  1025.0 |    0,00 |0,0010 |1592654872160 |[0.6210603, 0.90468085, 0.87918276, 0.61953247, 0.28029507, 0.5494346, 1.0, 1.0E-12, 0.672449, 0.5666474, 1.0, 0.42648402, 0.7286152, 1.0E-12, 0.72073483, 0.3641017, 0.21211028, 0.43497416, 1.0, 1.0E-12] |[1.0, 1.0, 1.0, 1.0, 1.0, 1.0, 1.0, 1.0, 1.0, 0.0, 1.0, 1.0, 1.0, 1.0, 0.0, 1.0, 0.0, 1.0, 1.0, 1.0] |
|     f10 |29 |       1 |    5000 |   50 |  0.25 |standard | sshape3 |     879 |  1025.0 |  1025.0 |    0,00 |-0,0010 |1592654872162 |[0.10339746, 1.0E-12, 0.59874874, 1.0E-12, 0.2505058, 0.049483556, 0.53179604, 1.0E-12, 0.68681026, 0.295622, 0.4642712, 0.32174003, 0.9150553, 0.10704826, 0.6088637, 0.094687395, 0.40534678, 0.6736686, 0.725085, 0.51652914] |[1.0, 1.0, 1.0, 1.0, 1.0, 1.0, 1.0, 1.0, 1.0, 0.0, 1.0, 1.0, 1.0, 1.0, 0.0, 1.0, 0.0, 1.0, 1.0, 1.0] |
|     f10 |29 |       2 |    5000 |   50 |  0.25 |standard | sshape3 |     879 |  1025.0 |  1025.0 |    0,00 |0,0010 |1592654872162 |[0.10339746, 1.0E-12, 0.59874874, 1.0E-12, 0.2505058, 0.049483556, 0.53179604, 1.0E-12, 0.68681026, 0.295622, 0.4642712, 0.32174003, 0.9150553, 0.10704826, 0.6088637, 0.094687395, 0.40534678, 0.6736686, 0.725085, 0.51652914] |[1.0, 1.0, 1.0, 1.0, 1.0, 1.0, 1.0, 1.0, 1.0, 0.0, 1.0, 1.0, 1.0, 1.0, 0.0, 1.0, 0.0, 1.0, 1.0, 1.0] |
|     f10 |30 |       1 |    5000 |   50 |  0.25 |standard | sshape3 |     879 |  1025.0 |  1025.0 |    0,00 |  0,0 |1592654872163 |[0.36085373, 0.2409203, 0.49774462, 0.13300073, 0.7638988, 0.29536724, 0.39728874, 0.018697858, 0.7575525, 0.654157, 0.5050293, 0.90878403, 0.072342634, 0.30951917, 0.5086374, 0.33040392, 0.25490576, 0.21228999, 0.8721953, 0.08491999] |[1.0, 0.0, 1.0, 1.0, 1.0, 1.0, 1.0, 1.0, 1.0, 0.0, 1.0, 1.0, 1.0, 1.0, 1.0, 1.0, 1.0, 1.0, 1.0, 0.0] |
|     f10 |30 |       2 |    5000 |   50 |  0.25 |standard | sshape3 |     879 |  1025.0 |  1025.0 |    0,00 |0,0010 |1592654872163 |[0.36085373, 0.2409203, 0.49774462, 0.13300073, 0.7638988, 0.29536724, 0.39728874, 0.018697858, 0.7575525, 0.654157, 0.5050293, 0.90878403, 0.072342634, 0.30951917, 0.5086374, 0.33040392, 0.25490576, 0.21228999, 0.8721953, 0.08491999] |[1.0, 0.0, 1.0, 1.0, 1.0, 1.0, 1.0, 1.0, 1.0, 0.0, 1.0, 1.0, 1.0, 1.0, 1.0, 1.0, 1.0, 1.0, 1.0, 0.0] |
|     f10 |31 |       1 |    5000 |   50 |  0.25 |standard | sshape3 |     879 |  1025.0 |  1025.0 |    0,00 |  0,0 |1592654872164 |[0.32523233, 0.9149026, 0.90665144, 0.55033743, 0.9324462, 0.15613037, 0.61925715, 0.19984931, 0.40947807, 0.046431363, 0.7327495, 0.24322617, 0.35912287, 0.98152125, 0.19861037, 0.3328085, 0.092763305, 0.24210364, 0.4365797, 0.3543731] |[1.0, 1.0, 1.0, 1.0, 1.0, 1.0, 1.0, 1.0, 1.0, 0.0, 1.0, 1.0, 1.0, 1.0, 1.0, 0.0, 1.0, 1.0, 0.0, 1.0] |
|     f10 |31 |       2 |    5000 |   50 |  0.25 |standard | sshape3 |     879 |  1025.0 |  1025.0 |    0,00 |0,0020 |1592654872164 |[0.32523233, 0.9149026, 0.90665144, 0.55033743, 0.9324462, 0.15613037, 0.61925715, 0.19984931, 0.40947807, 0.046431363, 0.7327495, 0.24322617, 0.35912287, 0.98152125, 0.19861037, 0.3328085, 0.092763305, 0.24210364, 0.4365797, 0.3543731] |[1.0, 1.0, 1.0, 1.0, 1.0, 1.0, 1.0, 1.0, 1.0, 0.0, 1.0, 1.0, 1.0, 1.0, 1.0, 0.0, 1.0, 1.0, 0.0, 1.0] |
