| # | Nest | %Desc |#Iter |Instancia | CapMoch |ValOptmo | BestFit |     RDP | time |      semilla |VectorSolucion |
-------------------------------------------------------------------------------------------------
| 1 |   50 |  0.25 | 5000 |      f1 |     269 |   295.0 |   290.0 |    1,69 |-1,6e+09 |1592512806842 |[0.80256605, 0.15250146, 0.9340872, 0.2936952, 0.8083328, 0.7583571, 0.83687145, 0.8655127, 0.44355512, 0.3535061] |
| 1 |   50 |  0.36 | 5000 |      f1 |     269 |   295.0 |   290.0 |    1,69 |-1,6e+09 |1592512806842 |[0.8203079, 0.84396, 0.21875453, 0.8580175, 0.45214456, 0.06791896, 0.6002715, 0.93559873, 0.08292353, 0.33963424] |
| 1 |   50 |   0.4 | 5000 |      f1 |     269 |   295.0 |   290.0 |    1,69 |-1,6e+09 |1592512806842 |[0.7595877, 0.13284284, 0.74716085, 0.39044118, 0.5366677, 0.1650523, 0.6497046, 0.023062706, 0.7822485, 0.6142795] |
| 1 |   55 |  0.44 | 5000 |      f1 |     269 |   295.0 |   290.0 |    1,69 |-1,6e+09 |1592512806842 |[0.7595877, 0.13284284, 0.74716085, 0.39044118, 0.5366677, 0.1650523, 0.6497046, 0.023062706, 0.7822485, 0.6142795] |
| 1 |   55 |  0.45 | 5000 |      f1 |     269 |   295.0 |   290.0 |    1,69 |-1,6e+09 |1592512806842 |[0.7595877, 0.13284284, 0.74716085, 0.39044118, 0.5366677, 0.1650523, 0.6497046, 0.023062706, 0.7822485, 0.6142795] |
| 1 |   55 |0.43636364 | 5000 |      f1 |     269 |   295.0 |   290.0 |    1,69 |-1,6e+09 |1592512806842 |[0.7595877, 0.13284284, 0.74716085, 0.39044118, 0.5366677, 0.1650523, 0.6497046, 0.023062706, 0.7822485, 0.6142795] |
| 1 |   55 |0.23636363 | 5000 |      f1 |     269 |   295.0 |   290.0 |    1,69 |-1,6e+09 |1592512806842 |[0.7595877, 0.13284284, 0.74716085, 0.39044118, 0.5366677, 0.1650523, 0.6497046, 0.023062706, 0.7822485, 0.6142795] |
| 1 |   60 |0.29090908 | 5000 |      f1 |     269 |   295.0 |   290.0 |    1,69 |-1,6e+09 |1592512806842 |[0.37846458, 0.86252743, 0.6277248, 0.5030414, 0.92745656, 0.4866892, 0.33393598, 0.14157069, 0.85866535, 0.9825056] |
| 1 |   60 |  0.45 | 5000 |      f1 |     269 |   295.0 |   290.0 |    1,69 |-1,6e+09 |1592512806842 |[0.37846458, 0.86252743, 0.6277248, 0.5030414, 0.92745656, 0.4866892, 0.33393598, 0.14157069, 0.85866535, 0.9825056] |
| 1 |   60 |0.38333333 | 5000 |      f1 |     269 |   295.0 |   290.0 |    1,69 |-1,6e+09 |1592512806842 |[0.37846458, 0.86252743, 0.6277248, 0.5030414, 0.92745656, 0.4866892, 0.33393598, 0.14157069, 0.85866535, 0.9825056] |
| 1 |   60 |   0.3 | 5000 |      f1 |     269 |   295.0 |   290.0 |    1,69 |-1,6e+09 |1592512806842 |[0.37846458, 0.86252743, 0.6277248, 0.5030414, 0.92745656, 0.4866892, 0.33393598, 0.14157069, 0.85866535, 0.9825056] |
| 1 |   65 |   0.3 | 5000 |      f1 |     269 |   295.0 |   290.0 |    1,69 |-1,6e+09 |1592512806842 |[0.37846458, 0.86252743, 0.6277248, 0.5030414, 0.92745656, 0.4866892, 0.33393598, 0.14157069, 0.85866535, 0.9825056] |
| 1 |   65 |  0.45 | 5000 |      f1 |     269 |   295.0 |   290.0 |    1,69 |-1,6e+09 |1592512806842 |[0.37846458, 0.86252743, 0.6277248, 0.5030414, 0.92745656, 0.4866892, 0.33393598, 0.14157069, 0.85866535, 0.9825056] |
| 1 |   65 |0.33846155 | 5000 |      f1 |     269 |   295.0 |   290.0 |    1,69 |-1,6e+09 |1592512806842 |[0.37846458, 0.86252743, 0.6277248, 0.5030414, 0.92745656, 0.4866892, 0.33393598, 0.14157069, 0.85866535, 0.9825056] |
| 1 |   65 |   0.4 | 5000 |      f1 |     269 |   295.0 |   290.0 |    1,69 |-1,6e+09 |1592512806842 |[0.37846458, 0.86252743, 0.6277248, 0.5030414, 0.92745656, 0.4866892, 0.33393598, 0.14157069, 0.85866535, 0.9825056] |
| 1 |   70 |0.32307693 | 5000 |      f1 |     269 |   295.0 |   290.0 |    1,69 |-1,6e+09 |1592512806842 |[0.37846458, 0.86252743, 0.6277248, 0.5030414, 0.92745656, 0.4866892, 0.33393598, 0.14157069, 0.85866535, 0.9825056] |
| 1 |   70 |  0.45 | 5000 |      f1 |     269 |   295.0 |   290.0 |    1,69 |-1,6e+09 |1592512806842 |[0.37846458, 0.86252743, 0.6277248, 0.5030414, 0.92745656, 0.4866892, 0.33393598, 0.14157069, 0.85866535, 0.9825056] |
| 1 |   70 |   0.4 | 5000 |      f1 |     269 |   295.0 |   290.0 |    1,69 |-1,6e+09 |1592512806842 |[0.37846458, 0.86252743, 0.6277248, 0.5030414, 0.92745656, 0.4866892, 0.33393598, 0.14157069, 0.85866535, 0.9825056] |
| 1 |   70 |0.2857143 | 5000 |      f1 |     269 |   295.0 |   290.0 |    1,69 |-1,6e+09 |1592512806842 |[0.37846458, 0.86252743, 0.6277248, 0.5030414, 0.92745656, 0.4866892, 0.33393598, 0.14157069, 0.85866535, 0.9825056] |
| 1 |   75 |   0.3 | 5000 |      f1 |     269 |   295.0 |   290.0 |    1,69 |-1,6e+09 |1592512806842 |[0.37846458, 0.86252743, 0.6277248, 0.5030414, 0.92745656, 0.4866892, 0.33393598, 0.14157069, 0.85866535, 0.9825056] |
| 1 |   75 |   0.4 | 5000 |      f1 |     269 |   295.0 |   290.0 |    1,69 |-1,6e+09 |1592512806842 |[0.37846458, 0.86252743, 0.6277248, 0.5030414, 0.92745656, 0.4866892, 0.33393598, 0.14157069, 0.85866535, 0.9825056] |
| 1 |   75 |   0.4 | 5000 |      f1 |     269 |   295.0 |   290.0 |    1,69 |  3,7 |1592512806842 |[0.37846458, 0.86252743, 0.6277248, 0.5030414, 0.92745656, 0.4866892, 0.33393598, 0.14157069, 0.85866535, 0.9825056] |
| 2 |   50 |  0.25 | 5000 |      f1 |     269 |   295.0 |   290.0 |    1,69 |-0,0060 |1592512810581 |[0.91817623, 0.5977474, 0.6161002, 0.20128465, 0.71056294, 0.76573616, 0.730864, 0.93284595, 0.69824773, 0.68759453] |
| 2 |   50 |  0.34 | 5000 |      f1 |     269 |   295.0 |   290.0 |    1,69 |-0,0060 |1592512810581 |[0.91817623, 0.5977474, 0.6161002, 0.20128465, 0.71056294, 0.76573616, 0.730864, 0.93284595, 0.69824773, 0.68759453] |
| 2 |   50 |  0.42 | 5000 |      f1 |     269 |   295.0 |   290.0 |    1,69 |-0,0060 |1592512810581 |[0.91817623, 0.5977474, 0.6161002, 0.20128465, 0.71056294, 0.76573616, 0.730864, 0.93284595, 0.69824773, 0.68759453] |
| 2 |   55 |  0.34 | 5000 |      f1 |     269 |   295.0 |   290.0 |    1,69 |-0,0060 |1592512810581 |[0.91817623, 0.5977474, 0.6161002, 0.20128465, 0.71056294, 0.76573616, 0.730864, 0.93284595, 0.69824773, 0.68759453] |
| 2 |   55 |  0.45 | 5000 |      f1 |     269 |   295.0 |   290.0 |    1,69 |-0,0060 |1592512810581 |[0.91817623, 0.5977474, 0.6161002, 0.20128465, 0.71056294, 0.76573616, 0.730864, 0.93284595, 0.69824773, 0.68759453] |
| 2 |   55 |0.36363637 | 5000 |      f1 |     269 |   295.0 |   290.0 |    1,69 |-0,0060 |1592512810581 |[0.6539472, 0.52112144, 0.39451265, 0.7495329, 0.5922853, 0.6642284, 0.97571236, 0.55251366, 0.06280184, 0.31152743] |
| 2 |   55 |0.38181818 | 5000 |      f1 |     269 |   295.0 |   290.0 |    1,69 |-0,0060 |1592512810581 |[0.6539472, 0.52112144, 0.39451265, 0.7495329, 0.5922853, 0.6642284, 0.97571236, 0.55251366, 0.06280184, 0.31152743] |
| 2 |   60 |0.4181818 | 5000 |      f1 |     269 |   295.0 |   290.0 |    1,69 |-0,0060 |1592512810581 |[0.6539472, 0.52112144, 0.39451265, 0.7495329, 0.5922853, 0.6642284, 0.97571236, 0.55251366, 0.06280184, 0.31152743] |
| 2 |   60 |  0.45 | 5000 |      f1 |     269 |   295.0 |   290.0 |    1,69 |-0,0060 |1592512810581 |[0.6539472, 0.52112144, 0.39451265, 0.7495329, 0.5922853, 0.6642284, 0.97571236, 0.55251366, 0.06280184, 0.31152743] |
| 2 |   60 |0.31666666 | 5000 |      f1 |     269 |   295.0 |   290.0 |    1,69 |-0,0060 |1592512810581 |[0.6539472, 0.52112144, 0.39451265, 0.7495329, 0.5922853, 0.6642284, 0.97571236, 0.55251366, 0.06280184, 0.31152743] |
| 2 |   60 |   0.3 | 5000 |      f1 |     269 |   295.0 |   290.0 |    1,69 |-0,0060 |1592512810581 |[0.6539472, 0.52112144, 0.39451265, 0.7495329, 0.5922853, 0.6642284, 0.97571236, 0.55251366, 0.06280184, 0.31152743] |
| 2 |   65 |0.38333333 | 5000 |      f1 |     269 |   295.0 |   290.0 |    1,69 |-0,0060 |1592512810581 |[0.6539472, 0.52112144, 0.39451265, 0.7495329, 0.5922853, 0.6642284, 0.97571236, 0.55251366, 0.06280184, 0.31152743] |
| 2 |   65 |  0.45 | 5000 |      f1 |     269 |   295.0 |   290.0 |    1,69 |-0,0060 |1592512810581 |[0.6539472, 0.52112144, 0.39451265, 0.7495329, 0.5922853, 0.6642284, 0.97571236, 0.55251366, 0.06280184, 0.31152743] |
| 2 |   65 |   0.4 | 5000 |      f1 |     269 |   295.0 |   290.0 |    1,69 |-0,0060 |1592512810581 |[0.6539472, 0.52112144, 0.39451265, 0.7495329, 0.5922853, 0.6642284, 0.97571236, 0.55251366, 0.06280184, 0.31152743] |
| 2 |   65 |0.41538462 | 5000 |      f1 |     269 |   295.0 |   290.0 |    1,69 |-0,0060 |1592512810581 |[0.6539472, 0.52112144, 0.39451265, 0.7495329, 0.5922853, 0.6642284, 0.97571236, 0.55251366, 0.06280184, 0.31152743] |
| 2 |   70 |0.35384616 | 5000 |      f1 |     269 |   295.0 |   290.0 |    1,69 |-0,0060 |1592512810581 |[0.6539472, 0.52112144, 0.39451265, 0.7495329, 0.5922853, 0.6642284, 0.97571236, 0.55251366, 0.06280184, 0.31152743] |
| 2 |   70 |  0.45 | 5000 |      f1 |     269 |   295.0 |   290.0 |    1,69 |-0,0060 |1592512810581 |[0.6539472, 0.52112144, 0.39451265, 0.7495329, 0.5922853, 0.6642284, 0.97571236, 0.55251366, 0.06280184, 0.31152743] |
| 2 |   70 |  0.45 | 5000 |      f1 |     269 |   295.0 |   290.0 |    1,69 |-0,0060 |1592512810581 |[0.6539472, 0.52112144, 0.39451265, 0.7495329, 0.5922853, 0.6642284, 0.97571236, 0.55251366, 0.06280184, 0.31152743] |
| 2 |   70 |0.37142858 | 5000 |      f1 |     269 |   295.0 |   290.0 |    1,69 |-0,0060 |1592512810581 |[0.6539472, 0.52112144, 0.39451265, 0.7495329, 0.5922853, 0.6642284, 0.97571236, 0.55251366, 0.06280184, 0.31152743] |
| 2 |   75 |0.42857143 | 5000 |      f1 |     269 |   295.0 |   290.0 |    1,69 |-0,0060 |1592512810581 |[0.6539472, 0.52112144, 0.39451265, 0.7495329, 0.5922853, 0.6642284, 0.97571236, 0.55251366, 0.06280184, 0.31152743] |
| 2 |   75 |   0.4 | 5000 |      f1 |     269 |   295.0 |   290.0 |    1,69 |-0,0060 |1592512810581 |[0.6539472, 0.52112144, 0.39451265, 0.7495329, 0.5922853, 0.6642284, 0.97571236, 0.55251366, 0.06280184, 0.31152743] |
| 2 |   75 |   0.4 | 5000 |      f1 |     269 |   295.0 |   290.0 |    1,69 |  3,6 |1592512810581 |[0.6539472, 0.52112144, 0.39451265, 0.7495329, 0.5922853, 0.6642284, 0.97571236, 0.55251366, 0.06280184, 0.31152743] |
| 3 |   50 |  0.25 | 5000 |      f1 |     269 |   295.0 |   290.0 |    1,69 |-0,0050 |1592512814187 |[0.836748, 0.35413957, 0.36815774, 0.89738727, 0.7712495, 0.8831823, 0.9175063, 0.74862456, 0.35454684, 0.78027266] |
| 3 |   50 |  0.32 | 5000 |      f1 |     269 |   295.0 |   290.0 |    1,69 |-0,0050 |1592512814187 |[0.836748, 0.35413957, 0.36815774, 0.89738727, 0.7712495, 0.8831823, 0.9175063, 0.74862456, 0.35454684, 0.78027266] |
| 3 |   50 |  0.44 | 5000 |      f1 |     269 |   295.0 |   290.0 |    1,69 |-0,0050 |1592512814187 |[0.836748, 0.35413957, 0.36815774, 0.89738727, 0.7712495, 0.8831823, 0.9175063, 0.74862456, 0.35454684, 0.78027266] |
| 3 |   55 |   0.4 | 5000 |      f1 |     269 |   295.0 |   290.0 |    1,69 |-0,0050 |1592512814187 |[0.836748, 0.35413957, 0.36815774, 0.89738727, 0.7712495, 0.8831823, 0.9175063, 0.74862456, 0.35454684, 0.78027266] |
| 3 |   55 |  0.45 | 5000 |      f1 |     269 |   295.0 |   290.0 |    1,69 |-0,0050 |1592512814187 |[0.836748, 0.35413957, 0.36815774, 0.89738727, 0.7712495, 0.8831823, 0.9175063, 0.74862456, 0.35454684, 0.78027266] |
| 3 |   55 |  0.45 | 5000 |      f1 |     269 |   295.0 |   290.0 |    1,69 |-0,0050 |1592512814187 |[0.836748, 0.35413957, 0.36815774, 0.89738727, 0.7712495, 0.8831823, 0.9175063, 0.74862456, 0.35454684, 0.78027266] |
| 3 |   55 |0.36363637 | 5000 |      f1 |     269 |   295.0 |   290.0 |    1,69 |-0,0050 |1592512814187 |[0.836748, 0.35413957, 0.36815774, 0.89738727, 0.7712495, 0.8831823, 0.9175063, 0.74862456, 0.35454684, 0.78027266] |
| 3 |   60 |0.3090909 | 5000 |      f1 |     269 |   295.0 |   290.0 |    1,69 |-0,0050 |1592512814187 |[0.836748, 0.35413957, 0.36815774, 0.89738727, 0.7712495, 0.8831823, 0.9175063, 0.74862456, 0.35454684, 0.78027266] |
| 3 |   60 |  0.45 | 5000 |      f1 |     269 |   295.0 |   290.0 |    1,69 |-0,0050 |1592512814187 |[0.836748, 0.35413957, 0.36815774, 0.89738727, 0.7712495, 0.8831823, 0.9175063, 0.74862456, 0.35454684, 0.78027266] |
| 3 |   60 |  0.45 | 5000 |      f1 |     269 |   295.0 |   290.0 |    1,69 |-0,0050 |1592512814187 |[0.836748, 0.35413957, 0.36815774, 0.89738727, 0.7712495, 0.8831823, 0.9175063, 0.74862456, 0.35454684, 0.78027266] |
| 3 |   60 |  0.25 | 5000 |      f1 |     269 |   295.0 |   290.0 |    1,69 |-0,0050 |1592512814187 |[0.836748, 0.35413957, 0.36815774, 0.89738727, 0.7712495, 0.8831823, 0.9175063, 0.74862456, 0.35454684, 0.78027266] |
| 3 |   65 |  0.35 | 5000 |      f1 |     269 |   295.0 |   290.0 |    1,69 |-0,0050 |1592512814187 |[0.836748, 0.35413957, 0.36815774, 0.89738727, 0.7712495, 0.8831823, 0.9175063, 0.74862456, 0.35454684, 0.78027266] |
| 3 |   65 |  0.45 | 5000 |      f1 |     269 |   295.0 |   290.0 |    1,69 |-0,0050 |1592512814187 |[0.64211667, 0.29607832, 0.007911801, 0.5082359, 0.50662374, 0.12862432, 0.92706865, 0.3927619, 0.05446458, 0.7719281] |
| 3 |   65 |0.2923077 | 5000 |      f1 |     269 |   295.0 |   290.0 |    1,69 |-0,0050 |1592512814187 |[0.64211667, 0.29607832, 0.007911801, 0.5082359, 0.50662374, 0.12862432, 0.92706865, 0.3927619, 0.05446458, 0.7719281] |
| 3 |   65 |0.30769232 | 5000 |      f1 |     269 |   295.0 |   290.0 |    1,69 |-0,0050 |1592512814187 |[0.64211667, 0.29607832, 0.007911801, 0.5082359, 0.50662374, 0.12862432, 0.92706865, 0.3927619, 0.05446458, 0.7719281] |
| 3 |   70 |0.36923078 | 5000 |      f1 |     269 |   295.0 |   290.0 |    1,69 |-0,0050 |1592512814187 |[0.9890551, 0.47054332, 0.13402551, 0.04560864, 0.32804382, 0.058060467, 0.13526243, 0.89927524, 0.7658298, 0.41666657] |
| 3 |   70 |  0.45 | 5000 |      f1 |     269 |   295.0 |   290.0 |    1,69 |-0,0050 |1592512814187 |[0.9890551, 0.47054332, 0.13402551, 0.04560864, 0.32804382, 0.058060467, 0.13526243, 0.89927524, 0.7658298, 0.41666657] |
| 3 |   70 |0.32857144 | 5000 |      f1 |     269 |   295.0 |   290.0 |    1,69 |-0,0050 |1592512814187 |[0.9890551, 0.47054332, 0.13402551, 0.04560864, 0.32804382, 0.058060467, 0.13526243, 0.89927524, 0.7658298, 0.41666657] |
| 3 |   70 |0.31428573 | 5000 |      f1 |     269 |   295.0 |   290.0 |    1,69 |-0,0050 |1592512814187 |[0.9890551, 0.47054332, 0.13402551, 0.04560864, 0.32804382, 0.058060467, 0.13526243, 0.89927524, 0.7658298, 0.41666657] |
| 3 |   75 |0.34285715 | 5000 |      f1 |     269 |   295.0 |   290.0 |    1,69 |-0,0050 |1592512814187 |[0.9890551, 0.47054332, 0.13402551, 0.04560864, 0.32804382, 0.058060467, 0.13526243, 0.89927524, 0.7658298, 0.41666657] |
| 3 |   75 |  0.45 | 5000 |      f1 |     269 |   295.0 |   290.0 |    1,69 |-0,0050 |1592512814187 |[0.9890551, 0.47054332, 0.13402551, 0.04560864, 0.32804382, 0.058060467, 0.13526243, 0.89927524, 0.7658298, 0.41666657] |
| 3 |   75 |  0.45 | 5000 |      f1 |     269 |   295.0 |   290.0 |    1,69 |  3,6 |1592512814187 |[0.9890551, 0.47054332, 0.13402551, 0.04560864, 0.32804382, 0.058060467, 0.13526243, 0.89927524, 0.7658298, 0.41666657] |
| 4 |   50 |  0.25 | 5000 |      f1 |     269 |   295.0 |   290.0 |    1,69 |  0,0 |1592512817764 |[0.93561816, 0.8712102, 0.48360312, 0.23619688, 0.10801625, 0.46459717, 0.79023874, 0.11554241, 0.3842857, 0.54238373] |
| 4 |   50 |   0.3 | 5000 |      f1 |     269 |   295.0 |   290.0 |    1,69 |  0,0 |1592512817764 |[0.93561816, 0.8712102, 0.48360312, 0.23619688, 0.10801625, 0.46459717, 0.79023874, 0.11554241, 0.3842857, 0.54238373] |
| 4 |   50 |  0.36 | 5000 |      f1 |     269 |   295.0 |   290.0 |    1,69 |  0,0 |1592512817764 |[0.93561816, 0.8712102, 0.48360312, 0.23619688, 0.10801625, 0.46459717, 0.79023874, 0.11554241, 0.3842857, 0.54238373] |
| 4 |   55 |   0.4 | 5000 |      f1 |     269 |   295.0 |   290.0 |    1,69 |  0,0 |1592512817764 |[0.93561816, 0.8712102, 0.48360312, 0.23619688, 0.10801625, 0.46459717, 0.79023874, 0.11554241, 0.3842857, 0.54238373] |
| 4 |   55 |  0.45 | 5000 |      f1 |     269 |   295.0 |   290.0 |    1,69 |  0,0 |1592512817764 |[0.93561816, 0.8712102, 0.48360312, 0.23619688, 0.10801625, 0.46459717, 0.79023874, 0.11554241, 0.3842857, 0.54238373] |
| 4 |   55 |0.29090908 | 5000 |      f1 |     269 |   295.0 |   290.0 |    1,69 |  0,0 |1592512817764 |[0.93561816, 0.8712102, 0.48360312, 0.23619688, 0.10801625, 0.46459717, 0.79023874, 0.11554241, 0.3842857, 0.54238373] |
| 4 |   55 |0.3090909 | 5000 |      f1 |     269 |   295.0 |   290.0 |    1,69 |  0,0 |1592512817764 |[0.93561816, 0.8712102, 0.48360312, 0.23619688, 0.10801625, 0.46459717, 0.79023874, 0.11554241, 0.3842857, 0.54238373] |
| 4 |   60 |0.3090909 | 5000 |      f1 |     269 |   295.0 |   290.0 |    1,69 |  0,0 |1592512817764 |[0.93561816, 0.8712102, 0.48360312, 0.23619688, 0.10801625, 0.46459717, 0.79023874, 0.11554241, 0.3842857, 0.54238373] |
| 4 |   60 |  0.45 | 5000 |      f1 |     269 |   295.0 |   290.0 |    1,69 |  0,0 |1592512817764 |[0.93561816, 0.8712102, 0.48360312, 0.23619688, 0.10801625, 0.46459717, 0.79023874, 0.11554241, 0.3842857, 0.54238373] |
| 4 |   60 |0.28333333 | 5000 |      f1 |     269 |   295.0 |   290.0 |    1,69 |  0,0 |1592512817764 |[0.93561816, 0.8712102, 0.48360312, 0.23619688, 0.10801625, 0.46459717, 0.79023874, 0.11554241, 0.3842857, 0.54238373] |
| 4 |   60 |0.41666666 | 5000 |      f1 |     269 |   295.0 |   290.0 |    1,69 |  0,0 |1592512817764 |[0.93561816, 0.8712102, 0.48360312, 0.23619688, 0.10801625, 0.46459717, 0.79023874, 0.11554241, 0.3842857, 0.54238373] |
| 4 |   65 |0.41666666 | 5000 |      f1 |     269 |   295.0 |   290.0 |    1,69 |  0,0 |1592512817764 |[0.93561816, 0.8712102, 0.48360312, 0.23619688, 0.10801625, 0.46459717, 0.79023874, 0.11554241, 0.3842857, 0.54238373] |
| 4 |   65 |  0.45 | 5000 |      f1 |     269 |   295.0 |   290.0 |    1,69 |  0,0 |1592512817764 |[0.93561816, 0.8712102, 0.48360312, 0.23619688, 0.10801625, 0.46459717, 0.79023874, 0.11554241, 0.3842857, 0.54238373] |
| 4 |   65 |   0.4 | 5000 |      f1 |     269 |   295.0 |   290.0 |    1,69 |  0,0 |1592512817764 |[0.93561816, 0.8712102, 0.48360312, 0.23619688, 0.10801625, 0.46459717, 0.79023874, 0.11554241, 0.3842857, 0.54238373] |
| 4 |   65 |0.32307693 | 5000 |      f1 |     269 |   295.0 |   290.0 |    1,69 |  0,0 |1592512817764 |[0.93561816, 0.8712102, 0.48360312, 0.23619688, 0.10801625, 0.46459717, 0.79023874, 0.11554241, 0.3842857, 0.54238373] |
| 4 |   70 |0.33846155 | 5000 |      f1 |     269 |   295.0 |   290.0 |    1,69 |  0,0 |1592512817764 |[0.93561816, 0.8712102, 0.48360312, 0.23619688, 0.10801625, 0.46459717, 0.79023874, 0.11554241, 0.3842857, 0.54238373] |
| 4 |   70 |  0.45 | 5000 |      f1 |     269 |   295.0 |   290.0 |    1,69 |  0,0 |1592512817764 |[0.93561816, 0.8712102, 0.48360312, 0.23619688, 0.10801625, 0.46459717, 0.79023874, 0.11554241, 0.3842857, 0.54238373] |
| 4 |   70 |   0.4 | 5000 |      f1 |     269 |   295.0 |   290.0 |    1,69 |  0,0 |1592512817764 |[0.93561816, 0.8712102, 0.48360312, 0.23619688, 0.10801625, 0.46459717, 0.79023874, 0.11554241, 0.3842857, 0.54238373] |
| 4 |   70 |0.31428573 | 5000 |      f1 |     269 |   295.0 |   290.0 |    1,69 |  0,0 |1592512817764 |[0.93561816, 0.8712102, 0.48360312, 0.23619688, 0.10801625, 0.46459717, 0.79023874, 0.11554241, 0.3842857, 0.54238373] |
| 4 |   75 |0.32857144 | 5000 |      f1 |     269 |   295.0 |   290.0 |    1,69 |  0,0 |1592512817764 |[0.93561816, 0.8712102, 0.48360312, 0.23619688, 0.10801625, 0.46459717, 0.79023874, 0.11554241, 0.3842857, 0.54238373] |
| 4 |   75 |  0.45 | 5000 |      f1 |     269 |   295.0 |   290.0 |    1,69 |  0,0 |1592512817764 |[0.93561816, 0.8712102, 0.48360312, 0.23619688, 0.10801625, 0.46459717, 0.79023874, 0.11554241, 0.3842857, 0.54238373] |
| 4 |   75 |  0.45 | 5000 |      f1 |     269 |   295.0 |   290.0 |    1,69 |  3,5 |1592512817764 |[0.93561816, 0.8712102, 0.48360312, 0.23619688, 0.10801625, 0.46459717, 0.79023874, 0.11554241, 0.3842857, 0.54238373] |
| 5 |   50 |  0.25 | 5000 |      f1 |     269 |   295.0 |   290.0 |    1,69 |-0,0060 |1592512821280 |[0.0916121, 0.6533551, 0.9050598, 0.8429781, 0.8988556, 0.70915794, 0.8178335, 0.010874569, 0.029024959, 0.48858875] |
| 5 |   50 |  0.32 | 5000 |      f1 |     269 |   295.0 |   290.0 |    1,69 |-0,0060 |1592512821280 |[0.74332714, 0.48052812, 0.81983244, 0.8929773, 0.19428802, 0.8133047, 0.7184, 0.7468102, 0.22331059, 0.38763803] |
| 5 |   50 |   0.3 | 5000 |      f1 |     269 |   295.0 |   290.0 |    1,69 |-0,0060 |1592512821280 |[0.74332714, 0.48052812, 0.81983244, 0.8929773, 0.19428802, 0.8133047, 0.7184, 0.7468102, 0.22331059, 0.38763803] |
| 5 |   55 |  0.32 | 5000 |      f1 |     269 |   295.0 |   290.0 |    1,69 |-0,0060 |1592512821280 |[0.74332714, 0.48052812, 0.81983244, 0.8929773, 0.19428802, 0.8133047, 0.7184, 0.7468102, 0.22331059, 0.38763803] |
| 5 |   55 |  0.45 | 5000 |      f1 |     269 |   295.0 |   290.0 |    1,69 |-0,0060 |1592512821280 |[0.74332714, 0.48052812, 0.81983244, 0.8929773, 0.19428802, 0.8133047, 0.7184, 0.7468102, 0.22331059, 0.38763803] |
| 5 |   55 |   0.4 | 5000 |      f1 |     269 |   295.0 |   290.0 |    1,69 |-0,0060 |1592512821280 |[0.54016554, 0.52108365, 0.6111877, 0.9718628, 0.7594646, 0.07651657, 0.8299809, 0.043602705, 0.020765066, 0.045470297] |
| 5 |   55 |   0.4 | 5000 |      f1 |     269 |   295.0 |   290.0 |    1,69 |-0,0060 |1592512821280 |[0.54016554, 0.52108365, 0.6111877, 0.9718628, 0.7594646, 0.07651657, 0.8299809, 0.043602705, 0.020765066, 0.045470297] |
| 5 |   60 |0.3272727 | 5000 |      f1 |     269 |   295.0 |   290.0 |    1,69 |-0,0060 |1592512821280 |[0.54016554, 0.52108365, 0.6111877, 0.9718628, 0.7594646, 0.07651657, 0.8299809, 0.043602705, 0.020765066, 0.045470297] |
| 5 |   60 |  0.45 | 5000 |      f1 |     269 |   295.0 |   290.0 |    1,69 |-0,0060 |1592512821280 |[0.54016554, 0.52108365, 0.6111877, 0.9718628, 0.7594646, 0.07651657, 0.8299809, 0.043602705, 0.020765066, 0.045470297] |
| 5 |   60 |  0.45 | 5000 |      f1 |     269 |   295.0 |   290.0 |    1,69 |-0,0060 |1592512821280 |[0.54016554, 0.52108365, 0.6111877, 0.9718628, 0.7594646, 0.07651657, 0.8299809, 0.043602705, 0.020765066, 0.045470297] |
| 5 |   60 |0.36666667 | 5000 |      f1 |     269 |   295.0 |   290.0 |    1,69 |-0,0060 |1592512821280 |[0.54016554, 0.52108365, 0.6111877, 0.9718628, 0.7594646, 0.07651657, 0.8299809, 0.043602705, 0.020765066, 0.045470297] |
| 5 |   65 |  0.35 | 5000 |      f1 |     269 |   295.0 |   290.0 |    1,69 |-0,0060 |1592512821280 |[0.54016554, 0.52108365, 0.6111877, 0.9718628, 0.7594646, 0.07651657, 0.8299809, 0.043602705, 0.020765066, 0.045470297] |
| 5 |   65 |  0.45 | 5000 |      f1 |     269 |   295.0 |   290.0 |    1,69 |-0,0060 |1592512821280 |[0.54016554, 0.52108365, 0.6111877, 0.9718628, 0.7594646, 0.07651657, 0.8299809, 0.043602705, 0.020765066, 0.045470297] |
| 5 |   65 |   0.4 | 5000 |      f1 |     269 |   295.0 |   290.0 |    1,69 |-0,0060 |1592512821280 |[0.54016554, 0.52108365, 0.6111877, 0.9718628, 0.7594646, 0.07651657, 0.8299809, 0.043602705, 0.020765066, 0.045470297] |
| 5 |   65 |0.32307693 | 5000 |      f1 |     269 |   295.0 |   290.0 |    1,69 |-0,0060 |1592512821280 |[0.54016554, 0.52108365, 0.6111877, 0.9718628, 0.7594646, 0.07651657, 0.8299809, 0.043602705, 0.020765066, 0.045470297] |
| 5 |   70 |0.32307693 | 5000 |      f1 |     269 |   295.0 |   290.0 |    1,69 |-0,0060 |1592512821280 |[0.54016554, 0.52108365, 0.6111877, 0.9718628, 0.7594646, 0.07651657, 0.8299809, 0.043602705, 0.020765066, 0.045470297] |
| 5 |   70 |  0.45 | 5000 |      f1 |     269 |   295.0 |   290.0 |    1,69 |-0,0060 |1592512821280 |[0.54016554, 0.52108365, 0.6111877, 0.9718628, 0.7594646, 0.07651657, 0.8299809, 0.043602705, 0.020765066, 0.045470297] |
| 5 |   70 |   0.3 | 5000 |      f1 |     269 |   295.0 |   290.0 |    1,69 |-0,0060 |1592512821280 |[0.54016554, 0.52108365, 0.6111877, 0.9718628, 0.7594646, 0.07651657, 0.8299809, 0.043602705, 0.020765066, 0.045470297] |
| 5 |   70 |0.41428572 | 5000 |      f1 |     269 |   295.0 |   290.0 |    1,69 |-0,0060 |1592512821280 |[0.54016554, 0.52108365, 0.6111877, 0.9718628, 0.7594646, 0.07651657, 0.8299809, 0.043602705, 0.020765066, 0.045470297] |
| 5 |   75 |   0.3 | 5000 |      f1 |     269 |   295.0 |   290.0 |    1,69 |-0,0060 |1592512821280 |[0.54016554, 0.52108365, 0.6111877, 0.9718628, 0.7594646, 0.07651657, 0.8299809, 0.043602705, 0.020765066, 0.045470297] |
| 5 |   75 |  0.45 | 5000 |      f1 |     269 |   295.0 |   290.0 |    1,69 |-0,0060 |1592512821280 |[0.54016554, 0.52108365, 0.6111877, 0.9718628, 0.7594646, 0.07651657, 0.8299809, 0.043602705, 0.020765066, 0.045470297] |
| 5 |   75 |  0.45 | 5000 |      f1 |     269 |   295.0 |   290.0 |    1,69 |  3,5 |1592512821280 |[0.54016554, 0.52108365, 0.6111877, 0.9718628, 0.7594646, 0.07651657, 0.8299809, 0.043602705, 0.020765066, 0.045470297] |
| 6 |   50 |  0.25 | 5000 |      f1 |     269 |   295.0 |   290.0 |    1,69 |-0,0060 |1592512824794 |[0.19118482, 0.78235525, 0.7661545, 0.20567828, 0.32748127, 0.6235865, 0.48956305, 0.6417465, 0.48122734, 0.34340835] |
| 6 |   50 |  0.38 | 5000 |      f1 |     269 |   295.0 |   290.0 |    1,69 |-0,0060 |1592512824794 |[0.19118482, 0.78235525, 0.7661545, 0.20567828, 0.32748127, 0.6235865, 0.48956305, 0.6417465, 0.48122734, 0.34340835] |
| 6 |   50 |   0.4 | 5000 |      f1 |     269 |   295.0 |   290.0 |    1,69 |-0,0060 |1592512824794 |[0.19118482, 0.78235525, 0.7661545, 0.20567828, 0.32748127, 0.6235865, 0.48956305, 0.6417465, 0.48122734, 0.34340835] |
| 6 |   55 |  0.38 | 5000 |      f1 |     269 |   295.0 |   290.0 |    1,69 |-0,0060 |1592512824794 |[0.19118482, 0.78235525, 0.7661545, 0.20567828, 0.32748127, 0.6235865, 0.48956305, 0.6417465, 0.48122734, 0.34340835] |
| 6 |   55 |  0.45 | 5000 |      f1 |     269 |   295.0 |   290.0 |    1,69 |-0,0060 |1592512824794 |[0.19118482, 0.78235525, 0.7661545, 0.20567828, 0.32748127, 0.6235865, 0.48956305, 0.6417465, 0.48122734, 0.34340835] |
| 6 |   55 |  0.45 | 5000 |      f1 |     269 |   295.0 |   290.0 |    1,69 |-0,0060 |1592512824794 |[0.19118482, 0.78235525, 0.7661545, 0.20567828, 0.32748127, 0.6235865, 0.48956305, 0.6417465, 0.48122734, 0.34340835] |
| 6 |   55 |0.27272728 | 5000 |      f1 |     269 |   295.0 |   290.0 |    1,69 |-0,0060 |1592512824794 |[0.19118482, 0.78235525, 0.7661545, 0.20567828, 0.32748127, 0.6235865, 0.48956305, 0.6417465, 0.48122734, 0.34340835] |
| 6 |   60 |0.23636363 | 5000 |      f1 |     269 |   295.0 |   290.0 |    1,69 |-0,0060 |1592512824794 |[0.19118482, 0.78235525, 0.7661545, 0.20567828, 0.32748127, 0.6235865, 0.48956305, 0.6417465, 0.48122734, 0.34340835] |
| 6 |   60 |  0.45 | 5000 |      f1 |     269 |   295.0 |   290.0 |    1,69 |-0,0060 |1592512824794 |[0.19118482, 0.78235525, 0.7661545, 0.20567828, 0.32748127, 0.6235865, 0.48956305, 0.6417465, 0.48122734, 0.34340835] |
| 6 |   60 |0.26666668 | 5000 |      f1 |     269 |   295.0 |   290.0 |    1,69 |-0,0060 |1592512824794 |[0.19118482, 0.78235525, 0.7661545, 0.20567828, 0.32748127, 0.6235865, 0.48956305, 0.6417465, 0.48122734, 0.34340835] |
| 6 |   60 |   0.3 | 5000 |      f1 |     269 |   295.0 |   290.0 |    1,69 |-0,0060 |1592512824794 |[0.19118482, 0.78235525, 0.7661545, 0.20567828, 0.32748127, 0.6235865, 0.48956305, 0.6417465, 0.48122734, 0.34340835] |
| 6 |   65 |0.28333333 | 5000 |      f1 |     269 |   295.0 |   290.0 |    1,69 |-0,0060 |1592512824794 |[0.19118482, 0.78235525, 0.7661545, 0.20567828, 0.32748127, 0.6235865, 0.48956305, 0.6417465, 0.48122734, 0.34340835] |
| 6 |   65 |  0.45 | 5000 |      f1 |     269 |   295.0 |   290.0 |    1,69 |-0,0060 |1592512824794 |[0.19118482, 0.78235525, 0.7661545, 0.20567828, 0.32748127, 0.6235865, 0.48956305, 0.6417465, 0.48122734, 0.34340835] |
| 6 |   65 |0.30769232 | 5000 |      f1 |     269 |   295.0 |   290.0 |    1,69 |-0,0060 |1592512824794 |[0.19118482, 0.78235525, 0.7661545, 0.20567828, 0.32748127, 0.6235865, 0.48956305, 0.6417465, 0.48122734, 0.34340835] |
| 6 |   65 |0.2923077 | 5000 |      f1 |     269 |   295.0 |   290.0 |    1,69 |-0,0060 |1592512824794 |[0.19118482, 0.78235525, 0.7661545, 0.20567828, 0.32748127, 0.6235865, 0.48956305, 0.6417465, 0.48122734, 0.34340835] |
| 6 |   70 |0.35384616 | 5000 |      f1 |     269 |   295.0 |   290.0 |    1,69 |-0,0060 |1592512824794 |[0.19118482, 0.78235525, 0.7661545, 0.20567828, 0.32748127, 0.6235865, 0.48956305, 0.6417465, 0.48122734, 0.34340835] |
| 6 |   70 |  0.45 | 5000 |      f1 |     269 |   295.0 |   290.0 |    1,69 |-0,0060 |1592512824794 |[0.19118482, 0.78235525, 0.7661545, 0.20567828, 0.32748127, 0.6235865, 0.48956305, 0.6417465, 0.48122734, 0.34340835] |
| 6 |   70 |   0.4 | 5000 |      f1 |     269 |   295.0 |   290.0 |    1,69 |-0,0060 |1592512824794 |[0.19118482, 0.78235525, 0.7661545, 0.20567828, 0.32748127, 0.6235865, 0.48956305, 0.6417465, 0.48122734, 0.34340835] |
| 6 |   70 |0.34285715 | 5000 |      f1 |     269 |   295.0 |   290.0 |    1,69 |-0,0060 |1592512824794 |[0.19118482, 0.78235525, 0.7661545, 0.20567828, 0.32748127, 0.6235865, 0.48956305, 0.6417465, 0.48122734, 0.34340835] |
| 6 |   75 |0.37142858 | 5000 |      f1 |     269 |   295.0 |   290.0 |    1,69 |-0,0060 |1592512824794 |[0.19118482, 0.78235525, 0.7661545, 0.20567828, 0.32748127, 0.6235865, 0.48956305, 0.6417465, 0.48122734, 0.34340835] |
| 6 |   75 |  0.45 | 5000 |      f1 |     269 |   295.0 |   290.0 |    1,69 |-0,0060 |1592512824794 |[0.19118482, 0.78235525, 0.7661545, 0.20567828, 0.32748127, 0.6235865, 0.48956305, 0.6417465, 0.48122734, 0.34340835] |
| 6 |   75 |  0.45 | 5000 |      f1 |     269 |   295.0 |   290.0 |    1,69 |  3,5 |1592512824794 |[0.19118482, 0.78235525, 0.7661545, 0.20567828, 0.32748127, 0.6235865, 0.48956305, 0.6417465, 0.48122734, 0.34340835] |
| 7 |   50 |  0.25 | 5000 |      f1 |     269 |   295.0 |   290.0 |    1,69 |-0,0060 |1592512828290 |[0.055015743, 0.5679655, 0.24124539, 0.98185265, 0.07968098, 0.43838853, 0.76921487, 0.9919253, 0.6752043, 0.3785606] |
| 7 |   50 |   0.4 | 5000 |      f1 |     269 |   295.0 |   290.0 |    1,69 |-0,0060 |1592512828290 |[0.055015743, 0.5679655, 0.24124539, 0.98185265, 0.07968098, 0.43838853, 0.76921487, 0.9919253, 0.6752043, 0.3785606] |
| 7 |   50 |  0.38 | 5000 |      f1 |     269 |   295.0 |   290.0 |    1,69 |-0,0060 |1592512828290 |[0.055015743, 0.5679655, 0.24124539, 0.98185265, 0.07968098, 0.43838853, 0.76921487, 0.9919253, 0.6752043, 0.3785606] |
| 7 |   55 |  0.32 | 5000 |      f1 |     269 |   295.0 |   290.0 |    1,69 |-0,0060 |1592512828290 |[0.055015743, 0.5679655, 0.24124539, 0.98185265, 0.07968098, 0.43838853, 0.76921487, 0.9919253, 0.6752043, 0.3785606] |
| 7 |   55 |  0.45 | 5000 |      f1 |     269 |   295.0 |   290.0 |    1,69 |-0,0060 |1592512828290 |[0.055015743, 0.5679655, 0.24124539, 0.98185265, 0.07968098, 0.43838853, 0.76921487, 0.9919253, 0.6752043, 0.3785606] |
| 7 |   55 |  0.45 | 5000 |      f1 |     269 |   295.0 |   290.0 |    1,69 |-0,0060 |1592512828290 |[0.055015743, 0.5679655, 0.24124539, 0.98185265, 0.07968098, 0.43838853, 0.76921487, 0.9919253, 0.6752043, 0.3785606] |
| 7 |   55 |0.3272727 | 5000 |      f1 |     269 |   295.0 |   290.0 |    1,69 |-0,0060 |1592512828290 |[0.055015743, 0.5679655, 0.24124539, 0.98185265, 0.07968098, 0.43838853, 0.76921487, 0.9919253, 0.6752043, 0.3785606] |
| 7 |   60 |0.25454545 | 5000 |      f1 |     269 |   295.0 |   290.0 |    1,69 |-0,0060 |1592512828290 |[0.055015743, 0.5679655, 0.24124539, 0.98185265, 0.07968098, 0.43838853, 0.76921487, 0.9919253, 0.6752043, 0.3785606] |
| 7 |   60 |  0.45 | 5000 |      f1 |     269 |   295.0 |   290.0 |    1,69 |-0,0060 |1592512828290 |[0.055015743, 0.5679655, 0.24124539, 0.98185265, 0.07968098, 0.43838853, 0.76921487, 0.9919253, 0.6752043, 0.3785606] |
| 7 |   60 |0.41666666 | 5000 |      f1 |     269 |   295.0 |   290.0 |    1,69 |-0,0060 |1592512828290 |[0.055015743, 0.5679655, 0.24124539, 0.98185265, 0.07968098, 0.43838853, 0.76921487, 0.9919253, 0.6752043, 0.3785606] |
| 7 |   60 |  0.35 | 5000 |      f1 |     269 |   295.0 |   290.0 |    1,69 |-0,0060 |1592512828290 |[0.055015743, 0.5679655, 0.24124539, 0.98185265, 0.07968098, 0.43838853, 0.76921487, 0.9919253, 0.6752043, 0.3785606] |
| 7 |   65 |0.18333334 | 5000 |      f1 |     269 |   295.0 |   290.0 |    1,69 |-0,0060 |1592512828290 |[0.6797229, 0.2252618, 0.5232656, 0.24319434, 0.25389916, 0.13945228, 0.07813573, 0.45658195, 0.50264466, 0.37807322] |
| 7 |   65 |0.3846154 | 5000 |      f1 |     269 |   295.0 |   290.0 |    1,69 |-0,0060 |1592512828290 |[0.6797229, 0.2252618, 0.5232656, 0.24319434, 0.25389916, 0.13945228, 0.07813573, 0.45658195, 0.50264466, 0.37807322] |
| 7 |   65 |0.43076923 | 5000 |      f1 |     269 |   295.0 |   290.0 |    1,69 |-0,0060 |1592512828290 |[0.6797229, 0.2252618, 0.5232656, 0.24319434, 0.25389916, 0.13945228, 0.07813573, 0.45658195, 0.50264466, 0.37807322] |
| 7 |   65 |0.33846155 | 5000 |      f1 |     269 |   295.0 |   290.0 |    1,69 |-0,0060 |1592512828290 |[0.6797229, 0.2252618, 0.5232656, 0.24319434, 0.25389916, 0.13945228, 0.07813573, 0.45658195, 0.50264466, 0.37807322] |
| 7 |   70 |0.30769232 | 5000 |      f1 |     269 |   295.0 |   290.0 |    1,69 |-0,0060 |1592512828290 |[0.6797229, 0.2252618, 0.5232656, 0.24319434, 0.25389916, 0.13945228, 0.07813573, 0.45658195, 0.50264466, 0.37807322] |
| 7 |   70 |  0.45 | 5000 |      f1 |     269 |   295.0 |   290.0 |    1,69 |-0,0060 |1592512828290 |[0.6797229, 0.2252618, 0.5232656, 0.24319434, 0.25389916, 0.13945228, 0.07813573, 0.45658195, 0.50264466, 0.37807322] |
| 7 |   70 |0.3857143 | 5000 |      f1 |     269 |   295.0 |   290.0 |    1,69 |-0,0060 |1592512828290 |[0.6797229, 0.2252618, 0.5232656, 0.24319434, 0.25389916, 0.13945228, 0.07813573, 0.45658195, 0.50264466, 0.37807322] |
| 7 |   70 |0.35714287 | 5000 |      f1 |     269 |   295.0 |   290.0 |    1,69 |-0,0060 |1592512828290 |[0.6797229, 0.2252618, 0.5232656, 0.24319434, 0.25389916, 0.13945228, 0.07813573, 0.45658195, 0.50264466, 0.37807322] |
| 7 |   75 |0.42857143 | 5000 |      f1 |     269 |   295.0 |   290.0 |    1,69 |-0,0060 |1592512828290 |[0.6797229, 0.2252618, 0.5232656, 0.24319434, 0.25389916, 0.13945228, 0.07813573, 0.45658195, 0.50264466, 0.37807322] |
| 7 |   75 |  0.45 | 5000 |      f1 |     269 |   295.0 |   290.0 |    1,69 |-0,0060 |1592512828290 |[0.6797229, 0.2252618, 0.5232656, 0.24319434, 0.25389916, 0.13945228, 0.07813573, 0.45658195, 0.50264466, 0.37807322] |
| 7 |   75 |  0.45 | 5000 |      f1 |     269 |   295.0 |   290.0 |    1,69 |  3,5 |1592512828290 |[0.6797229, 0.2252618, 0.5232656, 0.24319434, 0.25389916, 0.13945228, 0.07813573, 0.45658195, 0.50264466, 0.37807322] |
| 8 |   50 |  0.25 | 5000 |      f1 |     269 |   295.0 |   290.0 |    1,69 |-0,0060 |1592512831795 |[0.258003, 0.86760765, 0.50777864, 0.04800886, 0.26892692, 0.3713997, 0.8878282, 0.1220305, 0.45586282, 0.042319596] |
| 8 |   50 |   0.4 | 5000 |      f1 |     269 |   295.0 |   290.0 |    1,69 |-0,0060 |1592512831795 |[0.258003, 0.86760765, 0.50777864, 0.04800886, 0.26892692, 0.3713997, 0.8878282, 0.1220305, 0.45586282, 0.042319596] |
| 8 |   50 |  0.38 | 5000 |      f1 |     269 |   295.0 |   290.0 |    1,69 |-0,0060 |1592512831795 |[0.258003, 0.86760765, 0.50777864, 0.04800886, 0.26892692, 0.3713997, 0.8878282, 0.1220305, 0.45586282, 0.042319596] |
| 8 |   55 |  0.24 | 5000 |      f1 |     269 |   295.0 |   290.0 |    1,69 |-0,0060 |1592512831795 |[0.258003, 0.86760765, 0.50777864, 0.04800886, 0.26892692, 0.3713997, 0.8878282, 0.1220305, 0.45586282, 0.042319596] |
| 8 |   55 |  0.45 | 5000 |      f1 |     269 |   295.0 |   290.0 |    1,69 |-0,0060 |1592512831795 |[0.258003, 0.86760765, 0.50777864, 0.04800886, 0.26892692, 0.3713997, 0.8878282, 0.1220305, 0.45586282, 0.042319596] |
| 8 |   55 |0.34545454 | 5000 |      f1 |     269 |   295.0 |   290.0 |    1,69 |-0,0060 |1592512831795 |[0.258003, 0.86760765, 0.50777864, 0.04800886, 0.26892692, 0.3713997, 0.8878282, 0.1220305, 0.45586282, 0.042319596] |
| 8 |   55 |0.36363637 | 5000 |      f1 |     269 |   295.0 |   290.0 |    1,69 |-0,0060 |1592512831795 |[0.42603505, 0.99087346, 0.84099746, 0.18289936, 0.15814543, 0.59052366, 0.94487303, 0.568158, 0.8448399, 0.84529406] |
| 8 |   60 |0.34545454 | 5000 |      f1 |     269 |   295.0 |   290.0 |    1,69 |-0,0060 |1592512831795 |[0.7181434, 0.89260393, 0.5024355, 0.7452235, 0.28733218, 0.5086925, 0.98444974, 0.078151345, 0.3366884, 0.85609704] |
| 8 |   60 |  0.45 | 5000 |      f1 |     269 |   295.0 |   290.0 |    1,69 |-0,0060 |1592512831795 |[0.7181434, 0.89260393, 0.5024355, 0.7452235, 0.28733218, 0.5086925, 0.98444974, 0.078151345, 0.3366884, 0.85609704] |
| 8 |   60 |   0.4 | 5000 |      f1 |     269 |   295.0 |   290.0 |    1,69 |-0,0060 |1592512831795 |[0.7181434, 0.89260393, 0.5024355, 0.7452235, 0.28733218, 0.5086925, 0.98444974, 0.078151345, 0.3366884, 0.85609704] |
| 8 |   60 |  0.45 | 5000 |      f1 |     269 |   295.0 |   290.0 |    1,69 |-0,0060 |1592512831795 |[0.7181434, 0.89260393, 0.5024355, 0.7452235, 0.28733218, 0.5086925, 0.98444974, 0.078151345, 0.3366884, 0.85609704] |
| 8 |   65 |0.36666667 | 5000 |      f1 |     269 |   295.0 |   290.0 |    1,69 |-0,0060 |1592512831795 |[0.116122186, 0.032960534, 0.8686043, 0.9668751, 0.44105667, 0.6510714, 0.6067773, 0.52533007, 0.9024352, 0.97724885] |
| 8 |   65 |  0.45 | 5000 |      f1 |     269 |   295.0 |   290.0 |    1,69 |-0,0060 |1592512831795 |[0.116122186, 0.032960534, 0.8686043, 0.9668751, 0.44105667, 0.6510714, 0.6067773, 0.52533007, 0.9024352, 0.97724885] |
| 8 |   65 |0.36923078 | 5000 |      f1 |     269 |   295.0 |   290.0 |    1,69 |-0,0060 |1592512831795 |[0.116122186, 0.032960534, 0.8686043, 0.9668751, 0.44105667, 0.6510714, 0.6067773, 0.52533007, 0.9024352, 0.97724885] |
| 8 |   65 |0.36923078 | 5000 |      f1 |     269 |   295.0 |   290.0 |    1,69 |-0,0060 |1592512831795 |[0.16097105, 0.91031957, 0.16811293, 0.53373295, 0.9582728, 0.23849142, 0.14125633, 0.33355302, 0.85642236, 0.51221144] |
| 8 |   70 |0.36923078 | 5000 |      f1 |     269 |   295.0 |   290.0 |    1,69 |-0,0060 |1592512831795 |[0.16097105, 0.91031957, 0.16811293, 0.53373295, 0.9582728, 0.23849142, 0.14125633, 0.33355302, 0.85642236, 0.51221144] |
| 8 |   70 |  0.45 | 5000 |      f1 |     269 |   295.0 |   290.0 |    1,69 |-0,0060 |1592512831795 |[0.16097105, 0.91031957, 0.16811293, 0.53373295, 0.9582728, 0.23849142, 0.14125633, 0.33355302, 0.85642236, 0.51221144] |
| 8 |   70 |   0.4 | 5000 |      f1 |     269 |   295.0 |   290.0 |    1,69 |-0,0060 |1592512831795 |[0.16097105, 0.91031957, 0.16811293, 0.53373295, 0.9582728, 0.23849142, 0.14125633, 0.33355302, 0.85642236, 0.51221144] |
| 8 |   70 |0.44285715 | 5000 |      f1 |     269 |   295.0 |   290.0 |    1,69 |-0,0060 |1592512831795 |[0.16097105, 0.91031957, 0.16811293, 0.53373295, 0.9582728, 0.23849142, 0.14125633, 0.33355302, 0.85642236, 0.51221144] |
| 8 |   75 |0.31428573 | 5000 |      f1 |     269 |   295.0 |   290.0 |    1,69 |-0,0060 |1592512831795 |[0.16097105, 0.91031957, 0.16811293, 0.53373295, 0.9582728, 0.23849142, 0.14125633, 0.33355302, 0.85642236, 0.51221144] |
| 8 |   75 |  0.45 | 5000 |      f1 |     269 |   295.0 |   290.0 |    1,69 |-0,0060 |1592512831795 |[0.16097105, 0.91031957, 0.16811293, 0.53373295, 0.9582728, 0.23849142, 0.14125633, 0.33355302, 0.85642236, 0.51221144] |
| 8 |   75 |  0.45 | 5000 |      f1 |     269 |   295.0 |   290.0 |    1,69 |  3,5 |1592512831795 |[0.16097105, 0.91031957, 0.16811293, 0.53373295, 0.9582728, 0.23849142, 0.14125633, 0.33355302, 0.85642236, 0.51221144] |
| 9 |   50 |  0.25 | 5000 |      f1 |     269 |   295.0 |   290.0 |    1,69 |-0,0060 |1592512835307 |[0.95576394, 0.52476025, 0.50538707, 0.52842206, 0.035375357, 0.96812683, 0.24141991, 0.75069594, 0.6497429, 0.18434197] |
| 9 |   50 |  0.26 | 5000 |      f1 |     269 |   295.0 |   290.0 |    1,69 |-0,0060 |1592512835307 |[0.95576394, 0.52476025, 0.50538707, 0.52842206, 0.035375357, 0.96812683, 0.24141991, 0.75069594, 0.6497429, 0.18434197] |
| 9 |   50 |   0.3 | 5000 |      f1 |     269 |   295.0 |   290.0 |    1,69 |-0,0060 |1592512835307 |[0.95576394, 0.52476025, 0.50538707, 0.52842206, 0.035375357, 0.96812683, 0.24141991, 0.75069594, 0.6497429, 0.18434197] |
| 9 |   55 |   0.3 | 5000 |      f1 |     269 |   295.0 |   290.0 |    1,69 |-0,0060 |1592512835307 |[0.95576394, 0.52476025, 0.50538707, 0.52842206, 0.035375357, 0.96812683, 0.24141991, 0.75069594, 0.6497429, 0.18434197] |
| 9 |   55 |  0.45 | 5000 |      f1 |     269 |   295.0 |   290.0 |    1,69 |-0,0060 |1592512835307 |[0.95576394, 0.52476025, 0.50538707, 0.52842206, 0.035375357, 0.96812683, 0.24141991, 0.75069594, 0.6497429, 0.18434197] |
| 9 |   55 |0.3090909 | 5000 |      f1 |     269 |   295.0 |   290.0 |    1,69 |-0,0060 |1592512835307 |[0.95576394, 0.52476025, 0.50538707, 0.52842206, 0.035375357, 0.96812683, 0.24141991, 0.75069594, 0.6497429, 0.18434197] |
| 9 |   55 |0.25454545 | 5000 |      f1 |     269 |   295.0 |   290.0 |    1,69 |-0,0060 |1592512835307 |[0.95576394, 0.52476025, 0.50538707, 0.52842206, 0.035375357, 0.96812683, 0.24141991, 0.75069594, 0.6497429, 0.18434197] |
| 9 |   60 |0.29090908 | 5000 |      f1 |     269 |   295.0 |   290.0 |    1,69 |-0,0060 |1592512835307 |[0.95576394, 0.52476025, 0.50538707, 0.52842206, 0.035375357, 0.96812683, 0.24141991, 0.75069594, 0.6497429, 0.18434197] |
| 9 |   60 |  0.45 | 5000 |      f1 |     269 |   295.0 |   290.0 |    1,69 |-0,0060 |1592512835307 |[0.95576394, 0.52476025, 0.50538707, 0.52842206, 0.035375357, 0.96812683, 0.24141991, 0.75069594, 0.6497429, 0.18434197] |
| 9 |   60 |0.33333334 | 5000 |      f1 |     269 |   295.0 |   290.0 |    1,69 |-0,0060 |1592512835307 |[0.95576394, 0.52476025, 0.50538707, 0.52842206, 0.035375357, 0.96812683, 0.24141991, 0.75069594, 0.6497429, 0.18434197] |
| 9 |   60 |0.31666666 | 5000 |      f1 |     269 |   295.0 |   290.0 |    1,69 |-0,0060 |1592512835307 |[0.95576394, 0.52476025, 0.50538707, 0.52842206, 0.035375357, 0.96812683, 0.24141991, 0.75069594, 0.6497429, 0.18434197] |
| 9 |   65 |   0.3 | 5000 |      f1 |     269 |   295.0 |   290.0 |    1,69 |-0,0060 |1592512835307 |[0.95576394, 0.52476025, 0.50538707, 0.52842206, 0.035375357, 0.96812683, 0.24141991, 0.75069594, 0.6497429, 0.18434197] |
| 9 |   65 |  0.45 | 5000 |      f1 |     269 |   295.0 |   290.0 |    1,69 |-0,0060 |1592512835307 |[0.95576394, 0.52476025, 0.50538707, 0.52842206, 0.035375357, 0.96812683, 0.24141991, 0.75069594, 0.6497429, 0.18434197] |
| 9 |   65 |  0.45 | 5000 |      f1 |     269 |   295.0 |   290.0 |    1,69 |-0,0060 |1592512835307 |[0.95576394, 0.52476025, 0.50538707, 0.52842206, 0.035375357, 0.96812683, 0.24141991, 0.75069594, 0.6497429, 0.18434197] |
| 9 |   65 |0.32307693 | 5000 |      f1 |     269 |   295.0 |   290.0 |    1,69 |-0,0060 |1592512835307 |[0.95576394, 0.52476025, 0.50538707, 0.52842206, 0.035375357, 0.96812683, 0.24141991, 0.75069594, 0.6497429, 0.18434197] |
| 9 |   70 |0.26153848 | 5000 |      f1 |     269 |   295.0 |   290.0 |    1,69 |-0,0060 |1592512835307 |[0.95576394, 0.52476025, 0.50538707, 0.52842206, 0.035375357, 0.96812683, 0.24141991, 0.75069594, 0.6497429, 0.18434197] |
| 9 |   70 |0.42857143 | 5000 |      f1 |     269 |   295.0 |   290.0 |    1,69 |-0,0060 |1592512835307 |[0.95576394, 0.52476025, 0.50538707, 0.52842206, 0.035375357, 0.96812683, 0.24141991, 0.75069594, 0.6497429, 0.18434197] |
| 9 |   70 |0.31428573 | 5000 |      f1 |     269 |   295.0 |   290.0 |    1,69 |-0,0060 |1592512835307 |[0.95576394, 0.52476025, 0.50538707, 0.52842206, 0.035375357, 0.96812683, 0.24141991, 0.75069594, 0.6497429, 0.18434197] |
| 9 |   70 |0.31428573 | 5000 |      f1 |     269 |   295.0 |   290.0 |    1,69 |-0,0060 |1592512835307 |[0.95576394, 0.52476025, 0.50538707, 0.52842206, 0.035375357, 0.96812683, 0.24141991, 0.75069594, 0.6497429, 0.18434197] |
| 9 |   75 |0.37142858 | 5000 |      f1 |     269 |   295.0 |   290.0 |    1,69 |-0,0060 |1592512835307 |[0.95576394, 0.52476025, 0.50538707, 0.52842206, 0.035375357, 0.96812683, 0.24141991, 0.75069594, 0.6497429, 0.18434197] |
| 9 |   75 |  0.45 | 5000 |      f1 |     269 |   295.0 |   290.0 |    1,69 |-0,0060 |1592512835307 |[0.95576394, 0.52476025, 0.50538707, 0.52842206, 0.035375357, 0.96812683, 0.24141991, 0.75069594, 0.6497429, 0.18434197] |
| 9 |   75 |  0.45 | 5000 |      f1 |     269 |   295.0 |   290.0 |    1,69 |  3,5 |1592512835307 |[0.95576394, 0.52476025, 0.50538707, 0.52842206, 0.035375357, 0.96812683, 0.24141991, 0.75069594, 0.6497429, 0.18434197] |
|10 |   50 |  0.25 | 5000 |      f1 |     269 |   295.0 |   290.0 |    1,69 |-0,0060 |1592512838810 |[0.56303513, 0.56204784, 0.7640292, 0.7938432, 0.5083836, 0.7000344, 0.6529847, 0.63896435, 0.5156736, 0.25908202] |
|10 |   50 |  0.28 | 5000 |      f1 |     269 |   295.0 |   290.0 |    1,69 |-0,0060 |1592512838810 |[0.56303513, 0.56204784, 0.7640292, 0.7938432, 0.5083836, 0.7000344, 0.6529847, 0.63896435, 0.5156736, 0.25908202] |
|10 |   50 |  0.36 | 5000 |      f1 |     269 |   295.0 |   290.0 |    1,69 |-0,0060 |1592512838810 |[0.56303513, 0.56204784, 0.7640292, 0.7938432, 0.5083836, 0.7000344, 0.6529847, 0.63896435, 0.5156736, 0.25908202] |
|10 |   55 |  0.42 | 5000 |      f1 |     269 |   295.0 |   290.0 |    1,69 |-0,0060 |1592512838810 |[0.56303513, 0.56204784, 0.7640292, 0.7938432, 0.5083836, 0.7000344, 0.6529847, 0.63896435, 0.5156736, 0.25908202] |
|10 |   55 |  0.45 | 5000 |      f1 |     269 |   295.0 |   290.0 |    1,69 |-0,0060 |1592512838810 |[0.56303513, 0.56204784, 0.7640292, 0.7938432, 0.5083836, 0.7000344, 0.6529847, 0.63896435, 0.5156736, 0.25908202] |
|10 |   55 |0.43636364 | 5000 |      f1 |     269 |   295.0 |   290.0 |    1,69 |-0,0060 |1592512838810 |[0.56303513, 0.56204784, 0.7640292, 0.7938432, 0.5083836, 0.7000344, 0.6529847, 0.63896435, 0.5156736, 0.25908202] |
|10 |   55 |  0.45 | 5000 |      f1 |     269 |   295.0 |   290.0 |    1,69 |-0,0060 |1592512838810 |[0.56303513, 0.56204784, 0.7640292, 0.7938432, 0.5083836, 0.7000344, 0.6529847, 0.63896435, 0.5156736, 0.25908202] |
|10 |   60 |0.36363637 | 5000 |      f1 |     269 |   295.0 |   290.0 |    1,69 |-0,0060 |1592512838810 |[0.56303513, 0.56204784, 0.7640292, 0.7938432, 0.5083836, 0.7000344, 0.6529847, 0.63896435, 0.5156736, 0.25908202] |
|10 |   60 |  0.45 | 5000 |      f1 |     269 |   295.0 |   290.0 |    1,69 |-0,0060 |1592512838810 |[0.56303513, 0.56204784, 0.7640292, 0.7938432, 0.5083836, 0.7000344, 0.6529847, 0.63896435, 0.5156736, 0.25908202] |
|10 |   60 |   0.4 | 5000 |      f1 |     269 |   295.0 |   290.0 |    1,69 |-0,0060 |1592512838810 |[0.56303513, 0.56204784, 0.7640292, 0.7938432, 0.5083836, 0.7000344, 0.6529847, 0.63896435, 0.5156736, 0.25908202] |
|10 |   60 |   0.3 | 5000 |      f1 |     269 |   295.0 |   290.0 |    1,69 |-0,0060 |1592512838810 |[0.56303513, 0.56204784, 0.7640292, 0.7938432, 0.5083836, 0.7000344, 0.6529847, 0.63896435, 0.5156736, 0.25908202] |
|10 |   65 |0.38333333 | 5000 |      f1 |     269 |   295.0 |   290.0 |    1,69 |-0,0060 |1592512838810 |[0.56303513, 0.56204784, 0.7640292, 0.7938432, 0.5083836, 0.7000344, 0.6529847, 0.63896435, 0.5156736, 0.25908202] |
|10 |   65 |  0.45 | 5000 |      f1 |     269 |   295.0 |   290.0 |    1,69 |-0,0060 |1592512838810 |[0.56303513, 0.56204784, 0.7640292, 0.7938432, 0.5083836, 0.7000344, 0.6529847, 0.63896435, 0.5156736, 0.25908202] |
|10 |   65 |0.43076923 | 5000 |      f1 |     269 |   295.0 |   290.0 |    1,69 |-0,0060 |1592512838810 |[0.56303513, 0.56204784, 0.7640292, 0.7938432, 0.5083836, 0.7000344, 0.6529847, 0.63896435, 0.5156736, 0.25908202] |
|10 |   65 |0.43076923 | 5000 |      f1 |     269 |   295.0 |   290.0 |    1,69 |-0,0060 |1592512838810 |[0.56303513, 0.56204784, 0.7640292, 0.7938432, 0.5083836, 0.7000344, 0.6529847, 0.63896435, 0.5156736, 0.25908202] |
|10 |   70 |0.41538462 | 5000 |      f1 |     269 |   295.0 |   290.0 |    1,69 |-0,0060 |1592512838810 |[0.56303513, 0.56204784, 0.7640292, 0.7938432, 0.5083836, 0.7000344, 0.6529847, 0.63896435, 0.5156736, 0.25908202] |
|10 |   70 |  0.45 | 5000 |      f1 |     269 |   295.0 |   290.0 |    1,69 |-0,0060 |1592512838810 |[0.56303513, 0.56204784, 0.7640292, 0.7938432, 0.5083836, 0.7000344, 0.6529847, 0.63896435, 0.5156736, 0.25908202] |
|10 |   70 |0.42857143 | 5000 |      f1 |     269 |   295.0 |   290.0 |    1,69 |-0,0060 |1592512838810 |[0.56303513, 0.56204784, 0.7640292, 0.7938432, 0.5083836, 0.7000344, 0.6529847, 0.63896435, 0.5156736, 0.25908202] |
|10 |   70 |0.34285715 | 5000 |      f1 |     269 |   295.0 |   290.0 |    1,69 |-0,0060 |1592512838810 |[0.56303513, 0.56204784, 0.7640292, 0.7938432, 0.5083836, 0.7000344, 0.6529847, 0.63896435, 0.5156736, 0.25908202] |
|10 |   75 |  0.45 | 5000 |      f1 |     269 |   295.0 |   290.0 |    1,69 |-0,0060 |1592512838810 |[0.56303513, 0.56204784, 0.7640292, 0.7938432, 0.5083836, 0.7000344, 0.6529847, 0.63896435, 0.5156736, 0.25908202] |
|10 |   75 |  0.45 | 5000 |      f1 |     269 |   295.0 |   290.0 |    1,69 |-0,0060 |1592512838810 |[0.56303513, 0.56204784, 0.7640292, 0.7938432, 0.5083836, 0.7000344, 0.6529847, 0.63896435, 0.5156736, 0.25908202] |
|10 |   75 |  0.45 | 5000 |      f1 |     269 |   295.0 |   290.0 |    1,69 |  3,5 |1592512838810 |[0.56303513, 0.56204784, 0.7640292, 0.7938432, 0.5083836, 0.7000344, 0.6529847, 0.63896435, 0.5156736, 0.25908202] |
|11 |   50 |  0.25 | 5000 |      f1 |     269 |   295.0 |   290.0 |    1,69 |  0,0 |1592512842327 |[0.98258543, 0.07970333, 0.92372847, 0.19870281, 0.07399571, 0.5439969, 0.71177745, 0.45227093, 0.14293891, 0.5697098] |
|11 |   50 |  0.28 | 5000 |      f1 |     269 |   295.0 |   290.0 |    1,69 |  0,0 |1592512842327 |[0.98258543, 0.07970333, 0.92372847, 0.19870281, 0.07399571, 0.5439969, 0.71177745, 0.45227093, 0.14293891, 0.5697098] |
|11 |   50 |  0.24 | 5000 |      f1 |     269 |   295.0 |   290.0 |    1,69 |  0,0 |1592512842327 |[0.98258543, 0.07970333, 0.92372847, 0.19870281, 0.07399571, 0.5439969, 0.71177745, 0.45227093, 0.14293891, 0.5697098] |
|11 |   55 |   0.4 | 5000 |      f1 |     269 |   295.0 |   290.0 |    1,69 |  0,0 |1592512842327 |[0.98258543, 0.07970333, 0.92372847, 0.19870281, 0.07399571, 0.5439969, 0.71177745, 0.45227093, 0.14293891, 0.5697098] |
|11 |   55 |  0.45 | 5000 |      f1 |     269 |   295.0 |   290.0 |    1,69 |  0,0 |1592512842327 |[0.98258543, 0.07970333, 0.92372847, 0.19870281, 0.07399571, 0.5439969, 0.71177745, 0.45227093, 0.14293891, 0.5697098] |
|11 |   55 |0.38181818 | 5000 |      f1 |     269 |   295.0 |   290.0 |    1,69 |  0,0 |1592512842327 |[0.9536252, 0.5580948, 0.17985803, 0.33192235, 0.44836372, 0.52756894, 0.692176, 0.4002722, 0.94391066, 0.012815118] |
|11 |   55 |  0.45 | 5000 |      f1 |     269 |   295.0 |   290.0 |    1,69 |  0,0 |1592512842327 |[0.9536252, 0.5580948, 0.17985803, 0.33192235, 0.44836372, 0.52756894, 0.692176, 0.4002722, 0.94391066, 0.012815118] |
|11 |   60 |0.3272727 | 5000 |      f1 |     269 |   295.0 |   290.0 |    1,69 |  0,0 |1592512842327 |[0.9536252, 0.5580948, 0.17985803, 0.33192235, 0.44836372, 0.52756894, 0.692176, 0.4002722, 0.94391066, 0.012815118] |
|11 |   60 |  0.45 | 5000 |      f1 |     269 |   295.0 |   290.0 |    1,69 |  0,0 |1592512842327 |[0.9536252, 0.5580948, 0.17985803, 0.33192235, 0.44836372, 0.52756894, 0.692176, 0.4002722, 0.94391066, 0.012815118] |
|11 |   60 |  0.35 | 5000 |      f1 |     269 |   295.0 |   290.0 |    1,69 |  0,0 |1592512842327 |[0.9536252, 0.5580948, 0.17985803, 0.33192235, 0.44836372, 0.52756894, 0.692176, 0.4002722, 0.94391066, 0.012815118] |
|11 |   60 |  0.35 | 5000 |      f1 |     269 |   295.0 |   290.0 |    1,69 |  0,0 |1592512842327 |[0.9536252, 0.5580948, 0.17985803, 0.33192235, 0.44836372, 0.52756894, 0.692176, 0.4002722, 0.94391066, 0.012815118] |
|11 |   65 |0.28333333 | 5000 |      f1 |     269 |   295.0 |   290.0 |    1,69 |  0,0 |1592512842327 |[0.9536252, 0.5580948, 0.17985803, 0.33192235, 0.44836372, 0.52756894, 0.692176, 0.4002722, 0.94391066, 0.012815118] |
|11 |   65 |  0.45 | 5000 |      f1 |     269 |   295.0 |   290.0 |    1,69 |  0,0 |1592512842327 |[0.9536252, 0.5580948, 0.17985803, 0.33192235, 0.44836372, 0.52756894, 0.692176, 0.4002722, 0.94391066, 0.012815118] |
|11 |   65 |  0.45 | 5000 |      f1 |     269 |   295.0 |   290.0 |    1,69 |  0,0 |1592512842327 |[0.9536252, 0.5580948, 0.17985803, 0.33192235, 0.44836372, 0.52756894, 0.692176, 0.4002722, 0.94391066, 0.012815118] |
|11 |   65 |0.41538462 | 5000 |      f1 |     269 |   295.0 |   290.0 |    1,69 |  0,0 |1592512842327 |[0.9536252, 0.5580948, 0.17985803, 0.33192235, 0.44836372, 0.52756894, 0.692176, 0.4002722, 0.94391066, 0.012815118] |
|11 |   70 |0.41538462 | 5000 |      f1 |     269 |   295.0 |   290.0 |    1,69 |  0,0 |1592512842327 |[0.9536252, 0.5580948, 0.17985803, 0.33192235, 0.44836372, 0.52756894, 0.692176, 0.4002722, 0.94391066, 0.012815118] |
|11 |   70 |  0.45 | 5000 |      f1 |     269 |   295.0 |   290.0 |    1,69 |  0,0 |1592512842327 |[0.9536252, 0.5580948, 0.17985803, 0.33192235, 0.44836372, 0.52756894, 0.692176, 0.4002722, 0.94391066, 0.012815118] |
|11 |   70 |  0.45 | 5000 |      f1 |     269 |   295.0 |   290.0 |    1,69 |  0,0 |1592512842327 |[0.9536252, 0.5580948, 0.17985803, 0.33192235, 0.44836372, 0.52756894, 0.692176, 0.4002722, 0.94391066, 0.012815118] |
|11 |   70 |0.34285715 | 5000 |      f1 |     269 |   295.0 |   290.0 |    1,69 |  0,0 |1592512842327 |[0.9536252, 0.5580948, 0.17985803, 0.33192235, 0.44836372, 0.52756894, 0.692176, 0.4002722, 0.94391066, 0.012815118] |
|11 |   75 |   0.3 | 5000 |      f1 |     269 |   295.0 |   290.0 |    1,69 |  0,0 |1592512842327 |[0.9536252, 0.5580948, 0.17985803, 0.33192235, 0.44836372, 0.52756894, 0.692176, 0.4002722, 0.94391066, 0.012815118] |
|11 |   75 |  0.45 | 5000 |      f1 |     269 |   295.0 |   290.0 |    1,69 |  0,0 |1592512842327 |[0.9536252, 0.5580948, 0.17985803, 0.33192235, 0.44836372, 0.52756894, 0.692176, 0.4002722, 0.94391066, 0.012815118] |
|11 |   75 |  0.45 | 5000 |      f1 |     269 |   295.0 |   290.0 |    1,69 |  3,5 |1592512842327 |[0.9536252, 0.5580948, 0.17985803, 0.33192235, 0.44836372, 0.52756894, 0.692176, 0.4002722, 0.94391066, 0.012815118] |
|12 |   50 |  0.25 | 5000 |      f1 |     269 |   295.0 |   290.0 |    1,69 |-0,0060 |1592512845830 |[0.6628189, 0.46363866, 0.8690675, 0.68113905, 0.5662066, 0.9591976, 0.74210435, 0.9639863, 0.15332353, 0.6682348] |
|12 |   50 |  0.26 | 5000 |      f1 |     269 |   295.0 |   290.0 |    1,69 |-0,0060 |1592512845830 |[0.34343702, 0.05848503, 0.6333704, 0.036794364, 0.35502976, 0.7408783, 0.36345094, 0.29411924, 0.7204587, 0.28840077] |
|12 |   50 |  0.38 | 5000 |      f1 |     269 |   295.0 |   290.0 |    1,69 |-0,0060 |1592512845830 |[0.34343702, 0.05848503, 0.6333704, 0.036794364, 0.35502976, 0.7408783, 0.36345094, 0.29411924, 0.7204587, 0.28840077] |
|12 |   55 |  0.26 | 5000 |      f1 |     269 |   295.0 |   290.0 |    1,69 |-0,0060 |1592512845830 |[0.34343702, 0.05848503, 0.6333704, 0.036794364, 0.35502976, 0.7408783, 0.36345094, 0.29411924, 0.7204587, 0.28840077] |
|12 |   55 |  0.45 | 5000 |      f1 |     269 |   295.0 |   290.0 |    1,69 |-0,0060 |1592512845830 |[0.34343702, 0.05848503, 0.6333704, 0.036794364, 0.35502976, 0.7408783, 0.36345094, 0.29411924, 0.7204587, 0.28840077] |
|12 |   55 |0.3272727 | 5000 |      f1 |     269 |   295.0 |   290.0 |    1,69 |-0,0060 |1592512845830 |[0.34343702, 0.05848503, 0.6333704, 0.036794364, 0.35502976, 0.7408783, 0.36345094, 0.29411924, 0.7204587, 0.28840077] |
|12 |   55 |0.3272727 | 5000 |      f1 |     269 |   295.0 |   290.0 |    1,69 |-0,0060 |1592512845830 |[0.34343702, 0.05848503, 0.6333704, 0.036794364, 0.35502976, 0.7408783, 0.36345094, 0.29411924, 0.7204587, 0.28840077] |
|12 |   60 |0.29090908 | 5000 |      f1 |     269 |   295.0 |   290.0 |    1,69 |-0,0060 |1592512845830 |[0.34343702, 0.05848503, 0.6333704, 0.036794364, 0.35502976, 0.7408783, 0.36345094, 0.29411924, 0.7204587, 0.28840077] |
|12 |   60 |0.43333334 | 5000 |      f1 |     269 |   295.0 |   290.0 |    1,69 |-0,0060 |1592512845830 |[0.34343702, 0.05848503, 0.6333704, 0.036794364, 0.35502976, 0.7408783, 0.36345094, 0.29411924, 0.7204587, 0.28840077] |
|12 |   60 |0.28333333 | 5000 |      f1 |     269 |   295.0 |   290.0 |    1,69 |-0,0060 |1592512845830 |[0.34343702, 0.05848503, 0.6333704, 0.036794364, 0.35502976, 0.7408783, 0.36345094, 0.29411924, 0.7204587, 0.28840077] |
|12 |   60 |0.36666667 | 5000 |      f1 |     269 |   295.0 |   290.0 |    1,69 |-0,0060 |1592512845830 |[0.34343702, 0.05848503, 0.6333704, 0.036794364, 0.35502976, 0.7408783, 0.36345094, 0.29411924, 0.7204587, 0.28840077] |
|12 |   65 |  0.45 | 5000 |      f1 |     269 |   295.0 |   290.0 |    1,69 |-0,0060 |1592512845830 |[0.34343702, 0.05848503, 0.6333704, 0.036794364, 0.35502976, 0.7408783, 0.36345094, 0.29411924, 0.7204587, 0.28840077] |
|12 |   65 |  0.45 | 5000 |      f1 |     269 |   295.0 |   290.0 |    1,69 |-0,0060 |1592512845830 |[0.34343702, 0.05848503, 0.6333704, 0.036794364, 0.35502976, 0.7408783, 0.36345094, 0.29411924, 0.7204587, 0.28840077] |
|12 |   65 |0.41538462 | 5000 |      f1 |     269 |   295.0 |   290.0 |    1,69 |-0,0060 |1592512845830 |[0.34343702, 0.05848503, 0.6333704, 0.036794364, 0.35502976, 0.7408783, 0.36345094, 0.29411924, 0.7204587, 0.28840077] |
|12 |   65 |0.44615385 | 5000 |      f1 |     269 |   295.0 |   290.0 |    1,69 |-0,0060 |1592512845830 |[0.34343702, 0.05848503, 0.6333704, 0.036794364, 0.35502976, 0.7408783, 0.36345094, 0.29411924, 0.7204587, 0.28840077] |
|12 |   70 |0.43076923 | 5000 |      f1 |     269 |   295.0 |   290.0 |    1,69 |-0,0060 |1592512845830 |[0.34343702, 0.05848503, 0.6333704, 0.036794364, 0.35502976, 0.7408783, 0.36345094, 0.29411924, 0.7204587, 0.28840077] |
|12 |   70 |  0.45 | 5000 |      f1 |     269 |   295.0 |   290.0 |    1,69 |-0,0060 |1592512845830 |[0.34343702, 0.05848503, 0.6333704, 0.036794364, 0.35502976, 0.7408783, 0.36345094, 0.29411924, 0.7204587, 0.28840077] |
|12 |   70 |0.2857143 | 5000 |      f1 |     269 |   295.0 |   290.0 |    1,69 |-0,0060 |1592512845830 |[0.34343702, 0.05848503, 0.6333704, 0.036794364, 0.35502976, 0.7408783, 0.36345094, 0.29411924, 0.7204587, 0.28840077] |
|12 |   70 |0.34285715 | 5000 |      f1 |     269 |   295.0 |   290.0 |    1,69 |-0,0060 |1592512845830 |[0.34343702, 0.05848503, 0.6333704, 0.036794364, 0.35502976, 0.7408783, 0.36345094, 0.29411924, 0.7204587, 0.28840077] |
|12 |   75 |0.31428573 | 5000 |      f1 |     269 |   295.0 |   290.0 |    1,69 |-0,0060 |1592512845830 |[0.34343702, 0.05848503, 0.6333704, 0.036794364, 0.35502976, 0.7408783, 0.36345094, 0.29411924, 0.7204587, 0.28840077] |
|12 |   75 |  0.45 | 5000 |      f1 |     269 |   295.0 |   290.0 |    1,69 |-0,0060 |1592512845830 |[0.34343702, 0.05848503, 0.6333704, 0.036794364, 0.35502976, 0.7408783, 0.36345094, 0.29411924, 0.7204587, 0.28840077] |
|12 |   75 |  0.45 | 5000 |      f1 |     269 |   295.0 |   290.0 |    1,69 |  3,5 |1592512845830 |[0.34343702, 0.05848503, 0.6333704, 0.036794364, 0.35502976, 0.7408783, 0.36345094, 0.29411924, 0.7204587, 0.28840077] |
|13 |   50 |  0.25 | 5000 |      f1 |     269 |   295.0 |   290.0 |    1,69 |-0,0050 |1592512849343 |[0.52985984, 0.21726137, 0.12174988, 0.8526476, 0.3740409, 0.29575187, 0.3071332, 0.6327651, 0.16418928, 0.063892365] |
|13 |   50 |  0.34 | 5000 |      f1 |     269 |   295.0 |   290.0 |    1,69 |-0,0050 |1592512849343 |[0.52985984, 0.21726137, 0.12174988, 0.8526476, 0.3740409, 0.29575187, 0.3071332, 0.6327651, 0.16418928, 0.063892365] |
|13 |   50 |  0.38 | 5000 |      f1 |     269 |   295.0 |   290.0 |    1,69 |-0,0050 |1592512849343 |[0.52985984, 0.21726137, 0.12174988, 0.8526476, 0.3740409, 0.29575187, 0.3071332, 0.6327651, 0.16418928, 0.063892365] |
|13 |   55 |  0.45 | 5000 |      f1 |     269 |   295.0 |   290.0 |    1,69 |-0,0050 |1592512849343 |[0.52985984, 0.21726137, 0.12174988, 0.8526476, 0.3740409, 0.29575187, 0.3071332, 0.6327651, 0.16418928, 0.063892365] |
|13 |   55 |  0.45 | 5000 |      f1 |     269 |   295.0 |   290.0 |    1,69 |-0,0050 |1592512849343 |[0.52985984, 0.21726137, 0.12174988, 0.8526476, 0.3740409, 0.29575187, 0.3071332, 0.6327651, 0.16418928, 0.063892365] |
|13 |   55 |0.34545454 | 5000 |      f1 |     269 |   295.0 |   290.0 |    1,69 |-0,0050 |1592512849343 |[0.52985984, 0.21726137, 0.12174988, 0.8526476, 0.3740409, 0.29575187, 0.3071332, 0.6327651, 0.16418928, 0.063892365] |
|13 |   55 |0.27272728 | 5000 |      f1 |     269 |   295.0 |   290.0 |    1,69 |-0,0050 |1592512849343 |[0.52985984, 0.21726137, 0.12174988, 0.8526476, 0.3740409, 0.29575187, 0.3071332, 0.6327651, 0.16418928, 0.063892365] |
|13 |   60 |0.4181818 | 5000 |      f1 |     269 |   295.0 |   290.0 |    1,69 |-0,0050 |1592512849343 |[0.52985984, 0.21726137, 0.12174988, 0.8526476, 0.3740409, 0.29575187, 0.3071332, 0.6327651, 0.16418928, 0.063892365] |
|13 |   60 |  0.45 | 5000 |      f1 |     269 |   295.0 |   290.0 |    1,69 |-0,0050 |1592512849343 |[0.52985984, 0.21726137, 0.12174988, 0.8526476, 0.3740409, 0.29575187, 0.3071332, 0.6327651, 0.16418928, 0.063892365] |
|13 |   60 |0.41666666 | 5000 |      f1 |     269 |   295.0 |   290.0 |    1,69 |-0,0050 |1592512849343 |[0.52985984, 0.21726137, 0.12174988, 0.8526476, 0.3740409, 0.29575187, 0.3071332, 0.6327651, 0.16418928, 0.063892365] |
|13 |   60 |   0.4 | 5000 |      f1 |     269 |   295.0 |   290.0 |    1,69 |-0,0050 |1592512849343 |[0.52985984, 0.21726137, 0.12174988, 0.8526476, 0.3740409, 0.29575187, 0.3071332, 0.6327651, 0.16418928, 0.063892365] |
|13 |   65 |0.38333333 | 5000 |      f1 |     269 |   295.0 |   290.0 |    1,69 |-0,0050 |1592512849343 |[0.52985984, 0.21726137, 0.12174988, 0.8526476, 0.3740409, 0.29575187, 0.3071332, 0.6327651, 0.16418928, 0.063892365] |
|13 |   65 |  0.45 | 5000 |      f1 |     269 |   295.0 |   290.0 |    1,69 |-0,0050 |1592512849343 |[0.52985984, 0.21726137, 0.12174988, 0.8526476, 0.3740409, 0.29575187, 0.3071332, 0.6327651, 0.16418928, 0.063892365] |
|13 |   65 |  0.45 | 5000 |      f1 |     269 |   295.0 |   290.0 |    1,69 |-0,0050 |1592512849343 |[0.52985984, 0.21726137, 0.12174988, 0.8526476, 0.3740409, 0.29575187, 0.3071332, 0.6327651, 0.16418928, 0.063892365] |
|13 |   65 |0.32307693 | 5000 |      f1 |     269 |   295.0 |   290.0 |    1,69 |-0,0050 |1592512849343 |[0.52985984, 0.21726137, 0.12174988, 0.8526476, 0.3740409, 0.29575187, 0.3071332, 0.6327651, 0.16418928, 0.063892365] |
|13 |   70 |0.32307693 | 5000 |      f1 |     269 |   295.0 |   290.0 |    1,69 |-0,0050 |1592512849343 |[0.52985984, 0.21726137, 0.12174988, 0.8526476, 0.3740409, 0.29575187, 0.3071332, 0.6327651, 0.16418928, 0.063892365] |
|13 |   70 |  0.45 | 5000 |      f1 |     269 |   295.0 |   290.0 |    1,69 |-0,0050 |1592512849343 |[0.52985984, 0.21726137, 0.12174988, 0.8526476, 0.3740409, 0.29575187, 0.3071332, 0.6327651, 0.16418928, 0.063892365] |
|13 |   70 |0.3857143 | 5000 |      f1 |     269 |   295.0 |   290.0 |    1,69 |-0,0050 |1592512849343 |[0.52985984, 0.21726137, 0.12174988, 0.8526476, 0.3740409, 0.29575187, 0.3071332, 0.6327651, 0.16418928, 0.063892365] |
|13 |   70 |0.3857143 | 5000 |      f1 |     269 |   295.0 |   290.0 |    1,69 |-0,0050 |1592512849343 |[0.52985984, 0.21726137, 0.12174988, 0.8526476, 0.3740409, 0.29575187, 0.3071332, 0.6327651, 0.16418928, 0.063892365] |
|13 |   75 |  0.45 | 5000 |      f1 |     269 |   295.0 |   290.0 |    1,69 |-0,0050 |1592512849343 |[0.52985984, 0.21726137, 0.12174988, 0.8526476, 0.3740409, 0.29575187, 0.3071332, 0.6327651, 0.16418928, 0.063892365] |
|13 |   75 |  0.45 | 5000 |      f1 |     269 |   295.0 |   290.0 |    1,69 |-0,0050 |1592512849343 |[0.52985984, 0.21726137, 0.12174988, 0.8526476, 0.3740409, 0.29575187, 0.3071332, 0.6327651, 0.16418928, 0.063892365] |
|13 |   75 |  0.45 | 5000 |      f1 |     269 |   295.0 |   290.0 |    1,69 |  3,5 |1592512849343 |[0.52985984, 0.21726137, 0.12174988, 0.8526476, 0.3740409, 0.29575187, 0.3071332, 0.6327651, 0.16418928, 0.063892365] |
|14 |   50 |  0.25 | 5000 |      f1 |     269 |   295.0 |   290.0 |    1,69 |-0,0050 |1592512852837 |[0.06164491, 0.6259899, 0.6984299, 0.18833745, 0.8679942, 0.35726243, 0.6487119, 0.4194178, 0.3104452, 0.18250954] |
|14 |   50 |  0.36 | 5000 |      f1 |     269 |   295.0 |   290.0 |    1,69 |-0,0050 |1592512852837 |[0.06164491, 0.6259899, 0.6984299, 0.18833745, 0.8679942, 0.35726243, 0.6487119, 0.4194178, 0.3104452, 0.18250954] |
|14 |   50 |   0.3 | 5000 |      f1 |     269 |   295.0 |   290.0 |    1,69 |-0,0050 |1592512852837 |[0.06164491, 0.6259899, 0.6984299, 0.18833745, 0.8679942, 0.35726243, 0.6487119, 0.4194178, 0.3104452, 0.18250954] |
|14 |   55 |  0.32 | 5000 |      f1 |     269 |   295.0 |   290.0 |    1,69 |-0,0050 |1592512852837 |[0.7952339, 0.8797631, 0.78196895, 0.3852337, 0.46643746, 0.30318415, 0.93427414, 0.92055607, 0.4824174, 0.038793683] |
|14 |   55 |  0.45 | 5000 |      f1 |     269 |   295.0 |   290.0 |    1,69 |-0,0050 |1592512852837 |[0.7952339, 0.8797631, 0.78196895, 0.3852337, 0.46643746, 0.30318415, 0.93427414, 0.92055607, 0.4824174, 0.038793683] |
|14 |   55 |0.3272727 | 5000 |      f1 |     269 |   295.0 |   290.0 |    1,69 |-0,0050 |1592512852837 |[0.7952339, 0.8797631, 0.78196895, 0.3852337, 0.46643746, 0.30318415, 0.93427414, 0.92055607, 0.4824174, 0.038793683] |
|14 |   55 |0.38181818 | 5000 |      f1 |     269 |   295.0 |   290.0 |    1,69 |-0,0050 |1592512852837 |[0.9983053, 0.9884901, 0.9006233, 0.9223686, 0.916516, 0.83662665, 0.102291465, 0.3308167, 0.23365349, 0.5467309] |
|14 |   60 |0.34545454 | 5000 |      f1 |     269 |   295.0 |   290.0 |    1,69 |-0,0050 |1592512852837 |[0.9983053, 0.9884901, 0.9006233, 0.9223686, 0.916516, 0.83662665, 0.102291465, 0.3308167, 0.23365349, 0.5467309] |
|14 |   60 |  0.45 | 5000 |      f1 |     269 |   295.0 |   290.0 |    1,69 |-0,0050 |1592512852837 |[0.9983053, 0.9884901, 0.9006233, 0.9223686, 0.916516, 0.83662665, 0.102291465, 0.3308167, 0.23365349, 0.5467309] |
|14 |   60 |0.41666666 | 5000 |      f1 |     269 |   295.0 |   290.0 |    1,69 |-0,0050 |1592512852837 |[0.5966137, 0.58539236, 0.66640425, 0.6469133, 0.0072636604, 0.2548666, 0.15025306, 0.7484429, 0.48734438, 0.3931861] |
|14 |   60 |0.28333333 | 5000 |      f1 |     269 |   295.0 |   290.0 |    1,69 |-0,0050 |1592512852837 |[0.5966137, 0.58539236, 0.66640425, 0.6469133, 0.0072636604, 0.2548666, 0.15025306, 0.7484429, 0.48734438, 0.3931861] |
|14 |   65 |  0.35 | 5000 |      f1 |     269 |   295.0 |   290.0 |    1,69 |-0,0050 |1592512852837 |[0.5966137, 0.58539236, 0.66640425, 0.6469133, 0.0072636604, 0.2548666, 0.15025306, 0.7484429, 0.48734438, 0.3931861] |
|14 |   65 |  0.45 | 5000 |      f1 |     269 |   295.0 |   290.0 |    1,69 |-0,0050 |1592512852837 |[0.5966137, 0.58539236, 0.66640425, 0.6469133, 0.0072636604, 0.2548666, 0.15025306, 0.7484429, 0.48734438, 0.3931861] |
|14 |   65 |0.43076923 | 5000 |      f1 |     269 |   295.0 |   290.0 |    1,69 |-0,0050 |1592512852837 |[0.5966137, 0.58539236, 0.66640425, 0.6469133, 0.0072636604, 0.2548666, 0.15025306, 0.7484429, 0.48734438, 0.3931861] |
|14 |   65 |0.33846155 | 5000 |      f1 |     269 |   295.0 |   290.0 |    1,69 |-0,0050 |1592512852837 |[0.5966137, 0.58539236, 0.66640425, 0.6469133, 0.0072636604, 0.2548666, 0.15025306, 0.7484429, 0.48734438, 0.3931861] |
|14 |   70 |0.2923077 | 5000 |      f1 |     269 |   295.0 |   290.0 |    1,69 |-0,0050 |1592512852837 |[0.5966137, 0.58539236, 0.66640425, 0.6469133, 0.0072636604, 0.2548666, 0.15025306, 0.7484429, 0.48734438, 0.3931861] |
|14 |   70 |  0.45 | 5000 |      f1 |     269 |   295.0 |   290.0 |    1,69 |-0,0050 |1592512852837 |[0.5966137, 0.58539236, 0.66640425, 0.6469133, 0.0072636604, 0.2548666, 0.15025306, 0.7484429, 0.48734438, 0.3931861] |
|14 |   70 |0.41428572 | 5000 |      f1 |     269 |   295.0 |   290.0 |    1,69 |-0,0050 |1592512852837 |[0.5966137, 0.58539236, 0.66640425, 0.6469133, 0.0072636604, 0.2548666, 0.15025306, 0.7484429, 0.48734438, 0.3931861] |
|14 |   70 |0.3857143 | 5000 |      f1 |     269 |   295.0 |   290.0 |    1,69 |-0,0050 |1592512852837 |[0.5966137, 0.58539236, 0.66640425, 0.6469133, 0.0072636604, 0.2548666, 0.15025306, 0.7484429, 0.48734438, 0.3931861] |
|14 |   75 |0.44285715 | 5000 |      f1 |     269 |   295.0 |   290.0 |    1,69 |-0,0050 |1592512852837 |[0.5966137, 0.58539236, 0.66640425, 0.6469133, 0.0072636604, 0.2548666, 0.15025306, 0.7484429, 0.48734438, 0.3931861] |
|14 |   75 |0.41333333 | 5000 |      f1 |     269 |   295.0 |   290.0 |    1,69 |-0,0050 |1592512852837 |[0.5966137, 0.58539236, 0.66640425, 0.6469133, 0.0072636604, 0.2548666, 0.15025306, 0.7484429, 0.48734438, 0.3931861] |
|14 |   75 |0.41333333 | 5000 |      f1 |     269 |   295.0 |   290.0 |    1,69 |  3,5 |1592512852837 |[0.5966137, 0.58539236, 0.66640425, 0.6469133, 0.0072636604, 0.2548666, 0.15025306, 0.7484429, 0.48734438, 0.3931861] |
|15 |   50 |  0.25 | 5000 |      f1 |     269 |   295.0 |   290.0 |    1,69 |-0,0060 |1592512856335 |[0.4876827, 0.15054506, 0.29439753, 0.851794, 0.77889085, 0.606827, 0.1832177, 0.55668974, 0.6240389, 0.6732366] |
|15 |   50 |  0.45 | 5000 |      f1 |     269 |   295.0 |   290.0 |    1,69 |-0,0060 |1592512856335 |[0.18390763, 0.24906284, 0.72955966, 0.15559167, 0.14655155, 0.34160823, 0.5705855, 0.52234364, 0.3934253, 0.7301244] |
|15 |   50 |  0.34 | 5000 |      f1 |     269 |   295.0 |   290.0 |    1,69 |-0,0060 |1592512856335 |[0.18390763, 0.24906284, 0.72955966, 0.15559167, 0.14655155, 0.34160823, 0.5705855, 0.52234364, 0.3934253, 0.7301244] |
|15 |   55 |  0.34 | 5000 |      f1 |     269 |   295.0 |   290.0 |    1,69 |-0,0060 |1592512856335 |[0.18390763, 0.24906284, 0.72955966, 0.15559167, 0.14655155, 0.34160823, 0.5705855, 0.52234364, 0.3934253, 0.7301244] |
|15 |   55 |  0.45 | 5000 |      f1 |     269 |   295.0 |   290.0 |    1,69 |-0,0060 |1592512856335 |[0.18390763, 0.24906284, 0.72955966, 0.15559167, 0.14655155, 0.34160823, 0.5705855, 0.52234364, 0.3934253, 0.7301244] |
|15 |   55 |  0.45 | 5000 |      f1 |     269 |   295.0 |   290.0 |    1,69 |-0,0060 |1592512856335 |[0.18390763, 0.24906284, 0.72955966, 0.15559167, 0.14655155, 0.34160823, 0.5705855, 0.52234364, 0.3934253, 0.7301244] |
|15 |   55 |0.3272727 | 5000 |      f1 |     269 |   295.0 |   290.0 |    1,69 |-0,0060 |1592512856335 |[0.18390763, 0.24906284, 0.72955966, 0.15559167, 0.14655155, 0.34160823, 0.5705855, 0.52234364, 0.3934253, 0.7301244] |
|15 |   60 |0.38181818 | 5000 |      f1 |     269 |   295.0 |   290.0 |    1,69 |-0,0060 |1592512856335 |[0.18390763, 0.24906284, 0.72955966, 0.15559167, 0.14655155, 0.34160823, 0.5705855, 0.52234364, 0.3934253, 0.7301244] |
|15 |   60 |0.41666666 | 5000 |      f1 |     269 |   295.0 |   290.0 |    1,69 |-0,0060 |1592512856335 |[0.18390763, 0.24906284, 0.72955966, 0.15559167, 0.14655155, 0.34160823, 0.5705855, 0.52234364, 0.3934253, 0.7301244] |
|15 |   60 |0.28333333 | 5000 |      f1 |     269 |   295.0 |   290.0 |    1,69 |-0,0060 |1592512856335 |[0.18390763, 0.24906284, 0.72955966, 0.15559167, 0.14655155, 0.34160823, 0.5705855, 0.52234364, 0.3934253, 0.7301244] |
|15 |   60 |  0.45 | 5000 |      f1 |     269 |   295.0 |   290.0 |    1,69 |-0,0060 |1592512856335 |[0.18390763, 0.24906284, 0.72955966, 0.15559167, 0.14655155, 0.34160823, 0.5705855, 0.52234364, 0.3934253, 0.7301244] |
|15 |   65 |0.41666666 | 5000 |      f1 |     269 |   295.0 |   290.0 |    1,69 |-0,0060 |1592512856335 |[0.18390763, 0.24906284, 0.72955966, 0.15559167, 0.14655155, 0.34160823, 0.5705855, 0.52234364, 0.3934253, 0.7301244] |
|15 |   65 |  0.45 | 5000 |      f1 |     269 |   295.0 |   290.0 |    1,69 |-0,0060 |1592512856335 |[0.18390763, 0.24906284, 0.72955966, 0.15559167, 0.14655155, 0.34160823, 0.5705855, 0.52234364, 0.3934253, 0.7301244] |
|15 |   65 |   0.4 | 5000 |      f1 |     269 |   295.0 |   290.0 |    1,69 |-0,0060 |1592512856335 |[0.18390763, 0.24906284, 0.72955966, 0.15559167, 0.14655155, 0.34160823, 0.5705855, 0.52234364, 0.3934253, 0.7301244] |
|15 |   65 |0.43076923 | 5000 |      f1 |     269 |   295.0 |   290.0 |    1,69 |-0,0060 |1592512856335 |[0.18390763, 0.24906284, 0.72955966, 0.15559167, 0.14655155, 0.34160823, 0.5705855, 0.52234364, 0.3934253, 0.7301244] |
|15 |   70 |0.3846154 | 5000 |      f1 |     269 |   295.0 |   290.0 |    1,69 |-0,0060 |1592512856335 |[0.18390763, 0.24906284, 0.72955966, 0.15559167, 0.14655155, 0.34160823, 0.5705855, 0.52234364, 0.3934253, 0.7301244] |
|15 |   70 |  0.45 | 5000 |      f1 |     269 |   295.0 |   290.0 |    1,69 |-0,0060 |1592512856335 |[0.18390763, 0.24906284, 0.72955966, 0.15559167, 0.14655155, 0.34160823, 0.5705855, 0.52234364, 0.3934253, 0.7301244] |
|15 |   70 |  0.45 | 5000 |      f1 |     269 |   295.0 |   290.0 |    1,69 |-0,0060 |1592512856335 |[0.18390763, 0.24906284, 0.72955966, 0.15559167, 0.14655155, 0.34160823, 0.5705855, 0.52234364, 0.3934253, 0.7301244] |
|15 |   70 |  0.45 | 5000 |      f1 |     269 |   295.0 |   290.0 |    1,69 |-0,0060 |1592512856335 |[0.18390763, 0.24906284, 0.72955966, 0.15559167, 0.14655155, 0.34160823, 0.5705855, 0.52234364, 0.3934253, 0.7301244] |
|15 |   75 |   0.4 | 5000 |      f1 |     269 |   295.0 |   290.0 |    1,69 |-0,0060 |1592512856335 |[0.18390763, 0.24906284, 0.72955966, 0.15559167, 0.14655155, 0.34160823, 0.5705855, 0.52234364, 0.3934253, 0.7301244] |
|15 |   75 |  0.45 | 5000 |      f1 |     269 |   295.0 |   290.0 |    1,69 |-0,0060 |1592512856335 |[0.18390763, 0.24906284, 0.72955966, 0.15559167, 0.14655155, 0.34160823, 0.5705855, 0.52234364, 0.3934253, 0.7301244] |
|15 |   75 |  0.45 | 5000 |      f1 |     269 |   295.0 |   290.0 |    1,69 |  3,5 |1592512856335 |[0.18390763, 0.24906284, 0.72955966, 0.15559167, 0.14655155, 0.34160823, 0.5705855, 0.52234364, 0.3934253, 0.7301244] |
