| # | Nest | %Desc |#Iter |Instancia | CapMoch |ValOptmo | BestFit |     RDP | time |      semilla |VectorSolucion |
-------------------------------------------------------------------------------------------------
| 1 |   25 |  0.25 | 2500 |      f6 |      60 |    52.0 |    52.0 |    0,00 |  0,0 |1592497189982 |[0.5365215, 0.5556465, 0.43674588, 0.067592025, 0.97363144, 0.7938013, 0.58466953, 0.24177694, 0.9964002, 0.7095866] |
| 2 |   25 |  0.25 | 2500 |      f6 |      60 |    52.0 |    52.0 |    0,00 |0,0010 |1592497189989 |[0.6788621, 0.633998, 0.57606506, 0.29449123, 0.3667491, 0.757037, 0.44973558, 0.6911956, 0.9074608, 0.37058032] |
| 3 |   25 |  0.25 | 2500 |      f6 |      60 |    52.0 |    52.0 |    0,00 |0,0010 |1592497189991 |[0.6470086, 0.98124236, 0.23011512, 0.70903283, 0.67877966, 0.015726984, 0.22270107, 0.24183393, 0.235309, 0.15305036] |
| 4 |   25 |  0.25 | 2500 |      f6 |      60 |    52.0 |    52.0 |    0,00 |  0,0 |1592497189993 |[0.6541843, 0.81918156, 0.6265924, 0.56336755, 0.03812152, 0.85087377, 0.75263137, 0.4538157, 0.20162624, 0.22018838] |
| 5 |   25 |  0.25 | 2500 |      f6 |      60 |    52.0 |    52.0 |    0,00 |0,0010 |1592497189994 |[0.10607964, 0.63676375, 0.01402992, 0.34410703, 0.80304146, 0.6049953, 0.4609658, 0.9866681, 0.6548794, 0.98177683] |
| 6 |   25 |  0.25 | 2500 |      f6 |      60 |    52.0 |    52.0 |    0,00 |  0,0 |1592497189996 |[0.54357475, 0.261065, 0.4703334, 0.33232027, 0.25903654, 0.19040924, 0.34909242, 0.37343597, 0.6396636, 0.05352038] |
| 7 |   25 |  0.25 | 2500 |      f6 |      60 |    52.0 |    52.0 |    0,00 |0,0010 |1592497189997 |[0.23630261, 0.056675613, 0.64674324, 0.7243288, 0.027439117, 0.82322806, 0.9859243, 0.73562723, 0.5997266, 0.2832309] |
| 8 |   25 |  0.25 | 2500 |      f6 |      60 |    52.0 |    52.0 |    0,00 |  0,0 |1592497189999 |[0.9698458, 0.93142086, 0.41027433, 0.27226353, 0.8230732, 0.071798384, 0.06220424, 0.61941105, 0.63236386, 0.56975794] |
| 9 |   25 |  0.25 | 2500 |      f6 |      60 |    52.0 |    52.0 |    0,00 |0,0010 |1592497190000 |[0.41077662, 0.5044882, 0.24117172, 0.5984329, 0.8631188, 0.90157485, 0.2880031, 0.35698956, 0.63943684, 0.540306] |
|10 |   25 |  0.25 | 2500 |      f6 |      60 |    52.0 |    52.0 |    0,00 |0,0010 |1592497190002 |[0.47014457, 0.37742668, 0.26414728, 0.93079716, 0.96080774, 0.028835535, 0.7561639, 0.74233055, 0.42187643, 0.69960713] |
|11 |   25 |  0.25 | 2500 |      f6 |      60 |    52.0 |    52.0 |    0,00 |  0,0 |1592497190004 |[0.13309616, 0.32915664, 0.23384589, 0.70669514, 0.5419314, 0.3092082, 0.9698765, 0.07746321, 0.26355702, 0.29127842] |
|12 |   25 |  0.25 | 2500 |      f6 |      60 |    52.0 |    52.0 |    0,00 |  0,0 |1592497190005 |[0.26039988, 0.7070816, 0.471708, 0.5034484, 0.3167398, 0.7901004, 0.19795853, 0.4838093, 0.9170323, 0.06446189] |
|13 |   25 |  0.25 | 2500 |      f6 |      60 |    52.0 |    52.0 |    0,00 |  0,0 |1592497190006 |[0.23299092, 0.23083246, 0.09177524, 0.86105055, 0.84314877, 0.56040895, 0.18412936, 0.14653194, 0.42276996, 0.78963953] |
|14 |   25 |  0.25 | 2500 |      f6 |      60 |    52.0 |    52.0 |    0,00 |0,0010 |1592497190007 |[0.8289843, 0.15515143, 0.84487134, 0.39206958, 0.9607361, 0.43918318, 0.37139726, 0.006121993, 0.8945615, 0.006649196] |
|15 |   25 |  0.25 | 2500 |      f6 |      60 |    52.0 |    52.0 |    0,00 |0,0010 |1592497190008 |[0.28423822, 0.19283885, 0.13250738, 0.14393896, 0.41645253, 0.5682894, 0.48811823, 0.08024275, 0.88456976, 0.52952087] |
