| # | Nest | %Desc |#Iter |Instancia | CapMoch |ValOptmo | BestFit |     RDP | time |      semilla |VectorSolucion |
-------------------------------------------------------------------------------------------------
| 1 |   50 |  0.25 | 5000 |      f2 |     878 |  1024.0 |  1024.0 |    0,00 |-1,6e+09 |1592532444331 |[0.8095259, 0.98416126, 0.019016504, 0.684923, 0.31295496, 0.34306008, 0.7603765, 0.032791436, 0.28178823, 0.03255856, 0.12410003, 0.23853773, 0.95223874, 0.617614, 0.52896255, 0.07561988, 0.18412495, 0.74740714, 0.47374344, 0.3072648] |
| 1 |   50 |  0.25 | 5000 |      f2 |     878 |  1024.0 |  1024.0 |    0,00 |0,0030 |1592532444331 |[0.8095259, 0.98416126, 0.019016504, 0.684923, 0.31295496, 0.34306008, 0.7603765, 0.032791436, 0.28178823, 0.03255856, 0.12410003, 0.23853773, 0.95223874, 0.617614, 0.52896255, 0.07561988, 0.18412495, 0.74740714, 0.47374344, 0.3072648] |
| 2 |   50 |  0.25 | 5000 |      f2 |     878 |  1024.0 |  1018.0 |    0,59 |-0,0010 |1592532444335 |[0.63474303, 0.41892776, 0.43201375, 0.59115255, 0.59726155, 0.018421037, 0.54615146, 0.47851762, 0.060409565, 0.85249674, 0.2876575, 0.48475757, 0.80617255, 0.1661637, 0.8428759, 0.91806096, 0.227355, 0.9163911, 0.012920472, 0.61067927] |
| 2 |   50 |  0.25 | 5000 |      f2 |     878 |  1024.0 |  1024.0 |    0,00 |0,0040 |1592532444335 |[0.089311026, 0.6470097, 0.29690447, 0.826635, 0.5185611, 0.94427854, 0.18773644, 0.41283378, 0.0331929, 0.93707, 0.4063046, 0.49743518, 0.81773573, 0.55608654, 0.25924054, 0.2915595, 0.080587395, 0.6407981, 0.6983814, 0.952135] |
| 3 |   50 |  0.25 | 5000 |      f2 |     878 |  1024.0 |  1024.0 |    0,00 |-0,0010 |1592532444340 |[0.71969515, 0.78608435, 0.034700032, 0.24736398, 0.6054647, 0.84132236, 0.4536036, 0.08988539, 0.08630393, 0.04084936, 0.08610132, 0.21069792, 0.29716328, 0.11290483, 0.6753616, 1.0, 0.72373366, 0.7294417, 0.19973409, 0.007646328] |
| 3 |   50 |  0.25 | 5000 |      f2 |     878 |  1024.0 |  1024.0 |    0,00 |0,0020 |1592532444340 |[0.71969515, 0.78608435, 0.034700032, 0.24736398, 0.6054647, 0.84132236, 0.4536036, 0.08988539, 0.08630393, 0.04084936, 0.08610132, 0.21069792, 0.29716328, 0.11290483, 0.6753616, 1.0, 0.72373366, 0.7294417, 0.19973409, 0.007646328] |
| 4 |   50 |  0.25 | 5000 |      f2 |     878 |  1024.0 |  1024.0 |    0,00 |-0,0010 |1592532444343 |[0.018542588, 0.20838922, 0.35746163, 0.17348081, 0.96502936, 0.13302636, 0.5330411, 0.0135419965, 0.95098764, 0.7822079, 0.34804344, 0.04260534, 0.71903557, 0.47345418, 0.20982212, 0.38045883, 0.34183073, 0.72803956, 0.1912629, 0.4788869] |
| 4 |   50 |  0.25 | 5000 |      f2 |     878 |  1024.0 |  1024.0 |    0,00 |0,0020 |1592532444343 |[0.018542588, 0.20838922, 0.35746163, 0.17348081, 0.96502936, 0.13302636, 0.5330411, 0.0135419965, 0.95098764, 0.7822079, 0.34804344, 0.04260534, 0.71903557, 0.47345418, 0.20982212, 0.38045883, 0.34183073, 0.72803956, 0.1912629, 0.4788869] |
| 5 |   50 |  0.25 | 5000 |      f2 |     878 |  1024.0 |  1024.0 |    0,00 |  0,0 |1592532444345 |[0.6169336, 0.19859944, 0.9189802, 0.3493933, 0.22263627, 0.7088515, 0.63221824, 0.28566223, 0.09230446, 0.463498, 0.40495592, 0.75932527, 0.25688228, 0.050340414, 0.53853565, 0.12792252, 0.6914598, 0.9361497, 0.9058138, 0.34818804] |
| 5 |   50 |  0.25 | 5000 |      f2 |     878 |  1024.0 |  1024.0 |    0,00 |0,0030 |1592532444345 |[0.6169336, 0.19859944, 0.9189802, 0.3493933, 0.22263627, 0.7088515, 0.63221824, 0.28566223, 0.09230446, 0.463498, 0.40495592, 0.75932527, 0.25688228, 0.050340414, 0.53853565, 0.12792252, 0.6914598, 0.9361497, 0.9058138, 0.34818804] |
| 6 |   50 |  0.25 | 5000 |      f2 |     878 |  1024.0 |  1024.0 |    0,00 |  0,0 |1592532444348 |[0.4092114, 0.87074417, 0.29232258, 0.18989897, 0.66587776, 0.4680729, 0.80326205, 0.1061396, 0.7394812, 0.9361637, 0.25647634, 0.250369, 0.09143305, 0.8702017, 0.010737717, 0.34540665, 0.26248413, 0.45661318, 0.47567135, 0.4033515] |
| 6 |   50 |  0.25 | 5000 |      f2 |     878 |  1024.0 |  1024.0 |    0,00 |0,0020 |1592532444348 |[0.4092114, 0.87074417, 0.29232258, 0.18989897, 0.66587776, 0.4680729, 0.80326205, 0.1061396, 0.7394812, 0.9361637, 0.25647634, 0.250369, 0.09143305, 0.8702017, 0.010737717, 0.34540665, 0.26248413, 0.45661318, 0.47567135, 0.4033515] |
| 7 |   50 |  0.25 | 5000 |      f2 |     878 |  1024.0 |  1024.0 |    0,00 |-0,0010 |1592532444351 |[0.5645672, 0.9760616, 0.44090056, 1.0E-12, 0.71370167, 1.0E-12, 0.115967095, 0.60218704, 0.48277903, 1.0E-12, 0.92898065, 0.8475284, 0.6273071, 0.62494403, 0.5712285, 0.22526959, 0.2984912, 0.7877301, 1.0, 0.7921585] |
| 7 |   50 |  0.25 | 5000 |      f2 |     878 |  1024.0 |  1024.0 |    0,00 |0,0030 |1592532444351 |[0.5645672, 0.9760616, 0.44090056, 1.0E-12, 0.71370167, 1.0E-12, 0.115967095, 0.60218704, 0.48277903, 1.0E-12, 0.92898065, 0.8475284, 0.6273071, 0.62494403, 0.5712285, 0.22526959, 0.2984912, 0.7877301, 1.0, 0.7921585] |
| 8 |   50 |  0.25 | 5000 |      f2 |     878 |  1024.0 |  1024.0 |    0,00 |  0,0 |1592532444354 |[1.0E-12, 1.0E-12, 0.17608404, 0.8001716, 0.7736797, 0.49270537, 0.44097206, 0.2019661, 0.2717994, 0.55314493, 0.41199064, 0.56033325, 1.0E-12, 0.40829575, 0.716413, 0.38867944, 1.0, 0.37356877, 0.85503554, 0.926271] |
| 8 |   50 |  0.25 | 5000 |      f2 |     878 |  1024.0 |  1024.0 |    0,00 |0,0030 |1592532444354 |[1.0E-12, 1.0E-12, 0.17608404, 0.8001716, 0.7736797, 0.49270537, 0.44097206, 0.2019661, 0.2717994, 0.55314493, 0.41199064, 0.56033325, 1.0E-12, 0.40829575, 0.716413, 0.38867944, 1.0, 0.37356877, 0.85503554, 0.926271] |
| 9 |   50 |  0.25 | 5000 |      f2 |     878 |  1024.0 |  1024.0 |    0,00 |  0,0 |1592532444357 |[0.65040195, 0.49036288, 0.2615112, 0.8203947, 0.42101616, 0.28749406, 0.022314012, 0.69167614, 0.114709616, 0.7033235, 0.14580363, 0.2422821, 0.9283805, 0.78359723, 0.08973062, 0.7169774, 0.5053453, 0.44954568, 0.9547463, 0.513218] |
| 9 |   50 |  0.25 | 5000 |      f2 |     878 |  1024.0 |  1024.0 |    0,00 |0,0020 |1592532444357 |[0.65040195, 0.49036288, 0.2615112, 0.8203947, 0.42101616, 0.28749406, 0.022314012, 0.69167614, 0.114709616, 0.7033235, 0.14580363, 0.2422821, 0.9283805, 0.78359723, 0.08973062, 0.7169774, 0.5053453, 0.44954568, 0.9547463, 0.513218] |
|10 |   50 |  0.25 | 5000 |      f2 |     878 |  1024.0 |  1024.0 |    0,00 |-0,0010 |1592532444360 |[0.16161543, 0.2212609, 0.4957537, 0.86245435, 0.4952621, 0.2389794, 0.7172454, 0.4586299, 0.42899704, 0.26068425, 0.50460905, 0.7331022, 0.8069139, 0.6993077, 0.6368606, 0.27795893, 0.49891812, 0.6489172, 0.35214162, 0.3379916] |
|10 |   50 |  0.25 | 5000 |      f2 |     878 |  1024.0 |  1024.0 |    0,00 |0,0020 |1592532444360 |[0.16161543, 0.2212609, 0.4957537, 0.86245435, 0.4952621, 0.2389794, 0.7172454, 0.4586299, 0.42899704, 0.26068425, 0.50460905, 0.7331022, 0.8069139, 0.6993077, 0.6368606, 0.27795893, 0.49891812, 0.6489172, 0.35214162, 0.3379916] |
|11 |   50 |  0.25 | 5000 |      f2 |     878 |  1024.0 |  1024.0 |    0,00 |-0,0010 |1592532444363 |[0.19703227, 0.83125806, 0.911832, 0.6505888, 0.79695433, 0.60992396, 0.6163027, 0.5222371, 0.27067184, 0.9790481, 0.08296299, 0.35287243, 0.7477946, 0.34161103, 0.34364098, 0.941448, 0.84759915, 0.11856663, 0.91001856, 0.2005747] |
|11 |   50 |  0.25 | 5000 |      f2 |     878 |  1024.0 |  1024.0 |    0,00 |0,0020 |1592532444363 |[0.19703227, 0.83125806, 0.911832, 0.6505888, 0.79695433, 0.60992396, 0.6163027, 0.5222371, 0.27067184, 0.9790481, 0.08296299, 0.35287243, 0.7477946, 0.34161103, 0.34364098, 0.941448, 0.84759915, 0.11856663, 0.91001856, 0.2005747] |
|12 |   50 |  0.25 | 5000 |      f2 |     878 |  1024.0 |  1024.0 |    0,00 |-0,0010 |1592532444366 |[0.8651669, 1.0E-12, 0.40241465, 0.7843618, 1.0E-12, 0.75600255, 0.7995832, 0.16692798, 1.0, 0.5427487, 0.5089595, 0.8107405, 1.0, 0.2491413, 0.28517747, 0.6423354, 1.0E-12, 0.6321948, 0.7844036, 0.76600367] |
|12 |   50 |  0.25 | 5000 |      f2 |     878 |  1024.0 |  1024.0 |    0,00 |0,0020 |1592532444366 |[0.8651669, 1.0E-12, 0.40241465, 0.7843618, 1.0E-12, 0.75600255, 0.7995832, 0.16692798, 1.0, 0.5427487, 0.5089595, 0.8107405, 1.0, 0.2491413, 0.28517747, 0.6423354, 1.0E-12, 0.6321948, 0.7844036, 0.76600367] |
|13 |   50 |  0.25 | 5000 |      f2 |     878 |  1024.0 |  1024.0 |    0,00 |  0,0 |1592532444368 |[0.059896663, 0.73829114, 0.5317906, 0.13217367, 0.5540491, 0.89001954, 0.10657363, 0.9664206, 0.39236552, 0.9811645, 0.11070417, 0.9700924, 0.99211335, 0.3126151, 0.48744157, 0.67770904, 0.98574007, 0.22707097, 0.18022116, 0.5544499] |
|13 |   50 |  0.25 | 5000 |      f2 |     878 |  1024.0 |  1024.0 |    0,00 |0,0020 |1592532444368 |[0.059896663, 0.73829114, 0.5317906, 0.13217367, 0.5540491, 0.89001954, 0.10657363, 0.9664206, 0.39236552, 0.9811645, 0.11070417, 0.9700924, 0.99211335, 0.3126151, 0.48744157, 0.67770904, 0.98574007, 0.22707097, 0.18022116, 0.5544499] |
|14 |   50 |  0.25 | 5000 |      f2 |     878 |  1024.0 |  1024.0 |    0,00 |-0,0010 |1592532444371 |[0.26942295, 0.97263527, 0.23577195, 0.29033512, 0.07503605, 0.10639417, 0.68409276, 0.26936263, 0.034525007, 0.27324963, 0.92950445, 0.34841037, 0.5735516, 0.97966534, 0.82154346, 0.29117054, 1.0E-12, 0.62109953, 0.29939875, 0.9922601] |
|14 |   50 |  0.25 | 5000 |      f2 |     878 |  1024.0 |  1024.0 |    0,00 |0,0020 |1592532444371 |[0.26942295, 0.97263527, 0.23577195, 0.29033512, 0.07503605, 0.10639417, 0.68409276, 0.26936263, 0.034525007, 0.27324963, 0.92950445, 0.34841037, 0.5735516, 0.97966534, 0.82154346, 0.29117054, 1.0E-12, 0.62109953, 0.29939875, 0.9922601] |
|15 |   50 |  0.25 | 5000 |      f2 |     878 |  1024.0 |  1024.0 |    0,00 |  0,0 |1592532444373 |[0.85488826, 0.3552603, 0.6808593, 0.7654734, 0.52573586, 0.49898183, 0.84240216, 0.41894448, 0.5856656, 0.42778692, 0.7616222, 0.10736204, 0.7918655, 0.36834496, 0.36408457, 0.9571021, 0.67528474, 1.0E-12, 0.31306472, 1.0E-12] |
|15 |   50 |  0.25 | 5000 |      f2 |     878 |  1024.0 |  1024.0 |    0,00 |0,0020 |1592532444373 |[0.85488826, 0.3552603, 0.6808593, 0.7654734, 0.52573586, 0.49898183, 0.84240216, 0.41894448, 0.5856656, 0.42778692, 0.7616222, 0.10736204, 0.7918655, 0.36834496, 0.36408457, 0.9571021, 0.67528474, 1.0E-12, 0.31306472, 1.0E-12] |
