| # | Nest | %Desc |#Iter |Instancia | CapMoch |ValOptmo | BestFit |     RDP | time |      semilla |VectorSolucion |
-------------------------------------------------------------------------------------------------
| 1 |   30 |  0.45 | 2500 |      f8 |   10000 |  9767.0 |  9259.0 |    5,20 |-1,6e+09 |1592510598655 |[0.09349984, 0.73470366, 0.47411245, 0.99729866, 0.81299645, 0.9698962, 0.61805916, 0.30489385, 0.113325775, 0.28397816, 0.03423941, 0.36850154, 0.21562946, 0.30749935, 0.861882, 0.6099741, 0.75871027, 0.14880359, 0.21628332, 0.9750531, 0.54170144, 0.084471524, 0.111973345] |
| 1 |   30 |  0.45 | 2500 |      f8 |   10000 |  9767.0 |  9259.0 |    5,20 |-1,6e+09 |1592510598655 |[0.09349984, 0.73470366, 0.47411245, 0.99729866, 0.81299645, 0.9698962, 0.61805916, 0.30489385, 0.113325775, 0.28397816, 0.03423941, 0.36850154, 0.21562946, 0.30749935, 0.861882, 0.6099741, 0.75871027, 0.14880359, 0.21628332, 0.9750531, 0.54170144, 0.084471524, 0.111973345] |
| 1 |   30 |0.43333334 | 2500 |      f8 |   10000 |  9767.0 |  9259.0 |    5,20 |-1,6e+09 |1592510598655 |[0.09349984, 0.73470366, 0.47411245, 0.99729866, 0.81299645, 0.9698962, 0.61805916, 0.30489385, 0.113325775, 0.28397816, 0.03423941, 0.36850154, 0.21562946, 0.30749935, 0.861882, 0.6099741, 0.75871027, 0.14880359, 0.21628332, 0.9750531, 0.54170144, 0.084471524, 0.111973345] |
| 1 |   30 |0.33333334 | 2500 |      f8 |   10000 |  9767.0 |  9259.0 |    5,20 |-1,6e+09 |1592510598655 |[0.09349984, 0.73470366, 0.47411245, 0.99729866, 0.81299645, 0.9698962, 0.61805916, 0.30489385, 0.113325775, 0.28397816, 0.03423941, 0.36850154, 0.21562946, 0.30749935, 0.861882, 0.6099741, 0.75871027, 0.14880359, 0.21628332, 0.9750531, 0.54170144, 0.084471524, 0.111973345] |
| 2 |   30 |  0.28 | 2500 |      f8 |   10000 |  9767.0 |  9259.0 |    5,20 |  0,0 |1592510601847 |[0.050382614, 0.884041, 0.8359564, 0.41839385, 0.85478884, 0.78935623, 0.58912706, 0.5241518, 0.29096192, 0.838684, 0.47171354, 0.91521657, 0.3631835, 0.8924214, 0.96335286, 0.7546809, 0.0064504743, 0.78023964, 0.41864562, 0.94607925, 0.85866606, 0.9090258, 0.41534507] |
| 2 |   30 |  0.45 | 2500 |      f8 |   10000 |  9767.0 |  9259.0 |    5,20 |  0,0 |1592510601847 |[0.050382614, 0.884041, 0.8359564, 0.41839385, 0.85478884, 0.78935623, 0.58912706, 0.5241518, 0.29096192, 0.838684, 0.47171354, 0.91521657, 0.3631835, 0.8924214, 0.96335286, 0.7546809, 0.0064504743, 0.78023964, 0.41864562, 0.94607925, 0.85866606, 0.9090258, 0.41534507] |
| 2 |   30 |0.43333334 | 2500 |      f8 |   10000 |  9767.0 |  9259.0 |    5,20 |  0,0 |1592510601847 |[0.050382614, 0.884041, 0.8359564, 0.41839385, 0.85478884, 0.78935623, 0.58912706, 0.5241518, 0.29096192, 0.838684, 0.47171354, 0.91521657, 0.3631835, 0.8924214, 0.96335286, 0.7546809, 0.0064504743, 0.78023964, 0.41864562, 0.94607925, 0.85866606, 0.9090258, 0.41534507] |
| 2 |   30 |0.36666667 | 2500 |      f8 |   10000 |  9767.0 |  9259.0 |    5,20 |  0,0 |1592510601847 |[0.050382614, 0.884041, 0.8359564, 0.41839385, 0.85478884, 0.78935623, 0.58912706, 0.5241518, 0.29096192, 0.838684, 0.47171354, 0.91521657, 0.3631835, 0.8924214, 0.96335286, 0.7546809, 0.0064504743, 0.78023964, 0.41864562, 0.94607925, 0.85866606, 0.9090258, 0.41534507] |
| 3 |   30 |  0.28 | 2500 |      f8 |   10000 |  9767.0 |  9259.0 |    5,20 |  0,0 |1592510605023 |[0.7922208, 0.68796855, 0.8464346, 0.14110118, 0.23806953, 0.24436146, 0.41158003, 0.79729587, 0.4702521, 0.2831049, 0.782431, 0.63270175, 0.8110688, 0.37860733, 0.051305115, 0.6635866, 0.4746824, 0.4743501, 0.60525495, 0.2624032, 0.8707364, 0.7412408, 0.750728] |
| 3 |   30 |  0.45 | 2500 |      f8 |   10000 |  9767.0 |  9259.0 |    5,20 |  0,0 |1592510605023 |[0.7922208, 0.68796855, 0.8464346, 0.14110118, 0.23806953, 0.24436146, 0.41158003, 0.79729587, 0.4702521, 0.2831049, 0.782431, 0.63270175, 0.8110688, 0.37860733, 0.051305115, 0.6635866, 0.4746824, 0.4743501, 0.60525495, 0.2624032, 0.8707364, 0.7412408, 0.750728] |
| 3 |   30 |0.33333334 | 2500 |      f8 |   10000 |  9767.0 |  9259.0 |    5,20 |  0,0 |1592510605023 |[0.7922208, 0.68796855, 0.8464346, 0.14110118, 0.23806953, 0.24436146, 0.41158003, 0.79729587, 0.4702521, 0.2831049, 0.782431, 0.63270175, 0.8110688, 0.37860733, 0.051305115, 0.6635866, 0.4746824, 0.4743501, 0.60525495, 0.2624032, 0.8707364, 0.7412408, 0.750728] |
| 3 |   30 |0.23333333 | 2500 |      f8 |   10000 |  9767.0 |  9259.0 |    5,20 |  0,0 |1592510605023 |[0.7922208, 0.68796855, 0.8464346, 0.14110118, 0.23806953, 0.24436146, 0.41158003, 0.79729587, 0.4702521, 0.2831049, 0.782431, 0.63270175, 0.8110688, 0.37860733, 0.051305115, 0.6635866, 0.4746824, 0.4743501, 0.60525495, 0.2624032, 0.8707364, 0.7412408, 0.750728] |
| 4 |   30 |  0.28 | 2500 |      f8 |   10000 |  9767.0 |  9259.0 |    5,20 |  0,0 |1592510608178 |[0.98140323, 0.54370296, 0.25293636, 0.04666412, 0.8457754, 0.40460277, 0.23007, 0.7910653, 0.27435678, 0.52217567, 0.27936006, 0.054022133, 0.5974051, 0.9940215, 0.617007, 0.4137079, 0.6692676, 0.4893328, 0.15738893, 0.7381701, 0.3605256, 0.45716095, 0.2243697] |
| 4 |   30 |  0.45 | 2500 |      f8 |   10000 |  9767.0 |  9259.0 |    5,20 |  0,0 |1592510608178 |[0.98140323, 0.54370296, 0.25293636, 0.04666412, 0.8457754, 0.40460277, 0.23007, 0.7910653, 0.27435678, 0.52217567, 0.27936006, 0.054022133, 0.5974051, 0.9940215, 0.617007, 0.4137079, 0.6692676, 0.4893328, 0.15738893, 0.7381701, 0.3605256, 0.45716095, 0.2243697] |
| 4 |   30 |0.26666668 | 2500 |      f8 |   10000 |  9767.0 |  9259.0 |    5,20 |  0,0 |1592510608178 |[0.98140323, 0.54370296, 0.25293636, 0.04666412, 0.8457754, 0.40460277, 0.23007, 0.7910653, 0.27435678, 0.52217567, 0.27936006, 0.054022133, 0.5974051, 0.9940215, 0.617007, 0.4137079, 0.6692676, 0.4893328, 0.15738893, 0.7381701, 0.3605256, 0.45716095, 0.2243697] |
| 4 |   30 |0.36666667 | 2500 |      f8 |   10000 |  9767.0 |  9259.0 |    5,20 |  0,0 |1592510608178 |[0.98140323, 0.54370296, 0.25293636, 0.04666412, 0.8457754, 0.40460277, 0.23007, 0.7910653, 0.27435678, 0.52217567, 0.27936006, 0.054022133, 0.5974051, 0.9940215, 0.617007, 0.4137079, 0.6692676, 0.4893328, 0.15738893, 0.7381701, 0.3605256, 0.45716095, 0.2243697] |
| 5 |   30 |  0.24 | 2500 |      f8 |   10000 |  9767.0 |  9259.0 |    5,20 |  0,0 |1592510611304 |[0.5894888, 0.5163766, 0.019024432, 0.54738826, 0.15051717, 0.75811243, 0.21711266, 0.36889964, 0.36834913, 0.86965585, 0.30462325, 0.2749462, 0.7684663, 0.3927551, 0.3434406, 0.889003, 0.32708454, 0.19629627, 0.532177, 0.79173243, 0.69193256, 0.18054163, 0.48501217] |
| 5 |   30 |  0.45 | 2500 |      f8 |   10000 |  9767.0 |  9259.0 |    5,20 |  0,0 |1592510611304 |[0.5894888, 0.5163766, 0.019024432, 0.54738826, 0.15051717, 0.75811243, 0.21711266, 0.36889964, 0.36834913, 0.86965585, 0.30462325, 0.2749462, 0.7684663, 0.3927551, 0.3434406, 0.889003, 0.32708454, 0.19629627, 0.532177, 0.79173243, 0.69193256, 0.18054163, 0.48501217] |
| 5 |   30 |0.43333334 | 2500 |      f8 |   10000 |  9767.0 |  9259.0 |    5,20 |  0,0 |1592510611304 |[0.5894888, 0.5163766, 0.019024432, 0.54738826, 0.15051717, 0.75811243, 0.21711266, 0.36889964, 0.36834913, 0.86965585, 0.30462325, 0.2749462, 0.7684663, 0.3927551, 0.3434406, 0.889003, 0.32708454, 0.19629627, 0.532177, 0.79173243, 0.69193256, 0.18054163, 0.48501217] |
| 5 |   30 |0.33333334 | 2500 |      f8 |   10000 |  9767.0 |  9259.0 |    5,20 |  0,0 |1592510611304 |[0.5894888, 0.5163766, 0.019024432, 0.54738826, 0.15051717, 0.75811243, 0.21711266, 0.36889964, 0.36834913, 0.86965585, 0.30462325, 0.2749462, 0.7684663, 0.3927551, 0.3434406, 0.889003, 0.32708454, 0.19629627, 0.532177, 0.79173243, 0.69193256, 0.18054163, 0.48501217] |
| 6 |   30 |  0.32 | 2500 |      f8 |   10000 |  9767.0 |  9259.0 |    5,20 |  0,0 |1592510614431 |[0.25646794, 0.123093724, 0.8410927, 0.59238166, 0.56624526, 0.04713875, 0.23190421, 0.07198924, 0.21446711, 0.51955575, 0.47738218, 0.45018172, 0.17361629, 0.066440165, 0.4089135, 0.007206559, 0.59727556, 0.4464162, 0.81105703, 0.63872594, 0.35483426, 0.6817834, 0.100847065] |
| 6 |   30 |  0.45 | 2500 |      f8 |   10000 |  9767.0 |  9259.0 |    5,20 |  0,0 |1592510614431 |[0.25646794, 0.123093724, 0.8410927, 0.59238166, 0.56624526, 0.04713875, 0.23190421, 0.07198924, 0.21446711, 0.51955575, 0.47738218, 0.45018172, 0.17361629, 0.066440165, 0.4089135, 0.007206559, 0.59727556, 0.4464162, 0.81105703, 0.63872594, 0.35483426, 0.6817834, 0.100847065] |
| 6 |   30 |  0.45 | 2500 |      f8 |   10000 |  9767.0 |  9259.0 |    5,20 |  0,0 |1592510614431 |[0.25646794, 0.123093724, 0.8410927, 0.59238166, 0.56624526, 0.04713875, 0.23190421, 0.07198924, 0.21446711, 0.51955575, 0.47738218, 0.45018172, 0.17361629, 0.066440165, 0.4089135, 0.007206559, 0.59727556, 0.4464162, 0.81105703, 0.63872594, 0.35483426, 0.6817834, 0.100847065] |
| 6 |   30 |0.36666667 | 2500 |      f8 |   10000 |  9767.0 |  9259.0 |    5,20 |  0,0 |1592510614431 |[0.25646794, 0.123093724, 0.8410927, 0.59238166, 0.56624526, 0.04713875, 0.23190421, 0.07198924, 0.21446711, 0.51955575, 0.47738218, 0.45018172, 0.17361629, 0.066440165, 0.4089135, 0.007206559, 0.59727556, 0.4464162, 0.81105703, 0.63872594, 0.35483426, 0.6817834, 0.100847065] |
| 7 |   30 |  0.32 | 2500 |      f8 |   10000 |  9767.0 |  9259.0 |    5,20 |-0,0010 |1592510617553 |[0.70738804, 0.23789412, 0.010168016, 0.32667482, 0.57013756, 0.11025572, 0.018317759, 0.688867, 0.3289973, 0.767422, 0.6032127, 0.98843926, 0.491153, 0.5169591, 0.3993724, 0.13800883, 0.4473883, 0.24938893, 0.049305677, 0.074581504, 0.8248995, 0.88600963, 0.8661342] |
| 7 |   30 |  0.45 | 2500 |      f8 |   10000 |  9767.0 |  9259.0 |    5,20 |-0,0010 |1592510617553 |[0.70738804, 0.23789412, 0.010168016, 0.32667482, 0.57013756, 0.11025572, 0.018317759, 0.688867, 0.3289973, 0.767422, 0.6032127, 0.98843926, 0.491153, 0.5169591, 0.3993724, 0.13800883, 0.4473883, 0.24938893, 0.049305677, 0.074581504, 0.8248995, 0.88600963, 0.8661342] |
| 7 |   30 |   0.4 | 2500 |      f8 |   10000 |  9767.0 |  9259.0 |    5,20 |-0,0010 |1592510617553 |[0.70738804, 0.23789412, 0.010168016, 0.32667482, 0.57013756, 0.11025572, 0.018317759, 0.688867, 0.3289973, 0.767422, 0.6032127, 0.98843926, 0.491153, 0.5169591, 0.3993724, 0.13800883, 0.4473883, 0.24938893, 0.049305677, 0.074581504, 0.8248995, 0.88600963, 0.8661342] |
| 7 |   30 |0.36666667 | 2500 |      f8 |   10000 |  9767.0 |  9259.0 |    5,20 |-0,0010 |1592510617553 |[0.70738804, 0.23789412, 0.010168016, 0.32667482, 0.57013756, 0.11025572, 0.018317759, 0.688867, 0.3289973, 0.767422, 0.6032127, 0.98843926, 0.491153, 0.5169591, 0.3993724, 0.13800883, 0.4473883, 0.24938893, 0.049305677, 0.074581504, 0.8248995, 0.88600963, 0.8661342] |
| 8 |   30 |   0.4 | 2500 |      f8 |   10000 |  9767.0 |  9259.0 |    5,20 |  0,0 |1592510620667 |[0.23240393, 0.9369569, 0.40335262, 0.6141773, 0.21507215, 0.7841213, 0.7806223, 0.6778557, 0.8546738, 0.3542775, 0.60584146, 0.42810082, 0.87952423, 0.719479, 0.1898585, 0.9514937, 0.07333833, 0.22657931, 0.9001691, 0.624573, 0.84222126, 0.6999204, 0.2583111] |
| 8 |   30 |  0.45 | 2500 |      f8 |   10000 |  9767.0 |  9259.0 |    5,20 |  0,0 |1592510620667 |[0.23240393, 0.9369569, 0.40335262, 0.6141773, 0.21507215, 0.7841213, 0.7806223, 0.6778557, 0.8546738, 0.3542775, 0.60584146, 0.42810082, 0.87952423, 0.719479, 0.1898585, 0.9514937, 0.07333833, 0.22657931, 0.9001691, 0.624573, 0.84222126, 0.6999204, 0.2583111] |
| 8 |   30 |   0.4 | 2500 |      f8 |   10000 |  9767.0 |  9259.0 |    5,20 |  0,0 |1592510620667 |[0.23240393, 0.9369569, 0.40335262, 0.6141773, 0.21507215, 0.7841213, 0.7806223, 0.6778557, 0.8546738, 0.3542775, 0.60584146, 0.42810082, 0.87952423, 0.719479, 0.1898585, 0.9514937, 0.07333833, 0.22657931, 0.9001691, 0.624573, 0.84222126, 0.6999204, 0.2583111] |
| 8 |   30 |0.43333334 | 2500 |      f8 |   10000 |  9767.0 |  9259.0 |    5,20 |  0,0 |1592510620667 |[0.23240393, 0.9369569, 0.40335262, 0.6141773, 0.21507215, 0.7841213, 0.7806223, 0.6778557, 0.8546738, 0.3542775, 0.60584146, 0.42810082, 0.87952423, 0.719479, 0.1898585, 0.9514937, 0.07333833, 0.22657931, 0.9001691, 0.624573, 0.84222126, 0.6999204, 0.2583111] |
| 9 |   30 |  0.44 | 2500 |      f8 |   10000 |  9767.0 |  9259.0 |    5,20 |-0,0010 |1592510623780 |[0.23121887, 0.46929497, 0.61136436, 0.5901705, 0.5498385, 0.2202521, 0.44288665, 0.81310534, 0.75378627, 0.21263409, 0.04102099, 0.8658545, 0.45587796, 0.59400725, 0.8520423, 0.8907906, 0.52459615, 0.93737584, 0.123663664, 0.3896894, 0.8044123, 0.3756857, 0.66324896] |
| 9 |   30 |  0.45 | 2500 |      f8 |   10000 |  9767.0 |  9259.0 |    5,20 |-0,0010 |1592510623780 |[0.23121887, 0.46929497, 0.61136436, 0.5901705, 0.5498385, 0.2202521, 0.44288665, 0.81310534, 0.75378627, 0.21263409, 0.04102099, 0.8658545, 0.45587796, 0.59400725, 0.8520423, 0.8907906, 0.52459615, 0.93737584, 0.123663664, 0.3896894, 0.8044123, 0.3756857, 0.66324896] |
| 9 |   30 |   0.4 | 2500 |      f8 |   10000 |  9767.0 |  9259.0 |    5,20 |-0,0010 |1592510623780 |[0.23121887, 0.46929497, 0.61136436, 0.5901705, 0.5498385, 0.2202521, 0.44288665, 0.81310534, 0.75378627, 0.21263409, 0.04102099, 0.8658545, 0.45587796, 0.59400725, 0.8520423, 0.8907906, 0.52459615, 0.93737584, 0.123663664, 0.3896894, 0.8044123, 0.3756857, 0.66324896] |
| 9 |   30 |0.36666667 | 2500 |      f8 |   10000 |  9767.0 |  9259.0 |    5,20 |-0,0010 |1592510623780 |[0.23121887, 0.46929497, 0.61136436, 0.5901705, 0.5498385, 0.2202521, 0.44288665, 0.81310534, 0.75378627, 0.21263409, 0.04102099, 0.8658545, 0.45587796, 0.59400725, 0.8520423, 0.8907906, 0.52459615, 0.93737584, 0.123663664, 0.3896894, 0.8044123, 0.3756857, 0.66324896] |
|10 |   30 |  0.32 | 2500 |      f8 |   10000 |  9767.0 |  9259.0 |    5,20 |-0,0010 |1592510626947 |[0.42699915, 0.95253795, 0.8862869, 0.4984942, 0.21518093, 0.470437, 0.21802121, 0.44689435, 0.83637196, 0.44936693, 0.9448416, 0.89730966, 0.11215216, 0.9714937, 0.27659947, 0.98828787, 0.3447559, 0.73507965, 0.31080663, 0.38083196, 0.17883998, 0.3827083, 0.26660007] |
|10 |   30 |  0.45 | 2500 |      f8 |   10000 |  9767.0 |  9259.0 |    5,20 |-0,0010 |1592510626947 |[0.42699915, 0.95253795, 0.8862869, 0.4984942, 0.21518093, 0.470437, 0.21802121, 0.44689435, 0.83637196, 0.44936693, 0.9448416, 0.89730966, 0.11215216, 0.9714937, 0.27659947, 0.98828787, 0.3447559, 0.73507965, 0.31080663, 0.38083196, 0.17883998, 0.3827083, 0.26660007] |
|10 |   30 |0.33333334 | 2500 |      f8 |   10000 |  9767.0 |  9259.0 |    5,20 |-0,0010 |1592510626947 |[0.22563398, 0.009542167, 0.69751877, 0.54789317, 0.2499929, 0.34616852, 0.15427917, 0.98451704, 0.8684279, 0.013959706, 0.6910758, 0.547715, 0.670453, 0.3782214, 0.4639883, 0.19267797, 0.30028617, 0.13842607, 0.029702544, 0.28879207, 0.29162508, 0.03532368, 0.39652807] |
|10 |   30 |0.36666667 | 2500 |      f8 |   10000 |  9767.0 |  9259.0 |    5,20 |-0,0010 |1592510626947 |[0.1664716, 0.3415138, 0.9936241, 0.77878654, 0.25814742, 0.13457412, 0.70701313, 0.35518175, 0.17877609, 0.5881841, 0.5520414, 0.7220502, 0.74953306, 0.12505144, 0.8007056, 0.6861312, 0.11010909, 0.42831266, 0.65063673, 0.6407593, 0.805118, 0.7464991, 0.7267256] |
|11 |   30 |   0.4 | 2500 |      f8 |   10000 |  9767.0 |  9259.0 |    5,20 |  0,0 |1592510630078 |[0.29759514, 0.112662554, 0.49210733, 0.5895188, 0.100043654, 0.026576817, 0.1089229, 0.23689657, 0.43936688, 0.40183812, 0.43087012, 0.5863711, 0.4650193, 0.55496156, 0.8589907, 0.9919501, 0.055058658, 0.73963916, 0.1996041, 0.05638069, 0.9895045, 0.62287015, 0.03772956] |
|11 |   30 |  0.45 | 2500 |      f8 |   10000 |  9767.0 |  9259.0 |    5,20 |  0,0 |1592510630078 |[0.29759514, 0.112662554, 0.49210733, 0.5895188, 0.100043654, 0.026576817, 0.1089229, 0.23689657, 0.43936688, 0.40183812, 0.43087012, 0.5863711, 0.4650193, 0.55496156, 0.8589907, 0.9919501, 0.055058658, 0.73963916, 0.1996041, 0.05638069, 0.9895045, 0.62287015, 0.03772956] |
|11 |   30 |0.43333334 | 2500 |      f8 |   10000 |  9767.0 |  9259.0 |    5,20 |  0,0 |1592510630078 |[0.29759514, 0.112662554, 0.49210733, 0.5895188, 0.100043654, 0.026576817, 0.1089229, 0.23689657, 0.43936688, 0.40183812, 0.43087012, 0.5863711, 0.4650193, 0.55496156, 0.8589907, 0.9919501, 0.055058658, 0.73963916, 0.1996041, 0.05638069, 0.9895045, 0.62287015, 0.03772956] |
|11 |   30 |0.33333334 | 2500 |      f8 |   10000 |  9767.0 |  9259.0 |    5,20 |  0,0 |1592510630078 |[0.16582751, 0.6893736, 0.14336061, 0.5880762, 0.7228173, 0.44171798, 0.9569195, 0.9405157, 0.6772487, 0.069590986, 0.8486595, 0.6017351, 0.6717797, 0.4168434, 0.42088717, 0.24856895, 0.57806325, 0.5821632, 0.58723366, 0.5591321, 0.025844097, 0.58777916, 0.1520958] |
|12 |   30 |  0.24 | 2500 |      f8 |   10000 |  9767.0 |  9259.0 |    5,20 |  0,0 |1592510633209 |[0.005479753, 0.63623995, 0.7779643, 0.7063824, 0.5565722, 0.70881575, 0.39194363, 0.37984008, 0.33346802, 0.04451549, 0.062430978, 0.9926915, 0.8769689, 0.07684022, 0.17009962, 0.5266748, 0.8609197, 0.47243732, 0.87029654, 0.5158627, 0.69769865, 0.6093983, 0.19141388] |
|12 |   30 |  0.45 | 2500 |      f8 |   10000 |  9767.0 |  9259.0 |    5,20 |  0,0 |1592510633209 |[0.005479753, 0.63623995, 0.7779643, 0.7063824, 0.5565722, 0.70881575, 0.39194363, 0.37984008, 0.33346802, 0.04451549, 0.062430978, 0.9926915, 0.8769689, 0.07684022, 0.17009962, 0.5266748, 0.8609197, 0.47243732, 0.87029654, 0.5158627, 0.69769865, 0.6093983, 0.19141388] |
|12 |   30 |   0.4 | 2500 |      f8 |   10000 |  9767.0 |  9259.0 |    5,20 |  0,0 |1592510633209 |[0.005479753, 0.63623995, 0.7779643, 0.7063824, 0.5565722, 0.70881575, 0.39194363, 0.37984008, 0.33346802, 0.04451549, 0.062430978, 0.9926915, 0.8769689, 0.07684022, 0.17009962, 0.5266748, 0.8609197, 0.47243732, 0.87029654, 0.5158627, 0.69769865, 0.6093983, 0.19141388] |
|12 |   30 |   0.3 | 2500 |      f8 |   10000 |  9767.0 |  9259.0 |    5,20 |  0,0 |1592510633209 |[0.005479753, 0.63623995, 0.7779643, 0.7063824, 0.5565722, 0.70881575, 0.39194363, 0.37984008, 0.33346802, 0.04451549, 0.062430978, 0.9926915, 0.8769689, 0.07684022, 0.17009962, 0.5266748, 0.8609197, 0.47243732, 0.87029654, 0.5158627, 0.69769865, 0.6093983, 0.19141388] |
|13 |   30 |  0.32 | 2500 |      f8 |   10000 |  9767.0 |  9259.0 |    5,20 |  0,0 |1592510636320 |[0.9949287, 0.82395023, 0.44117945, 0.5156913, 0.026878595, 0.7651198, 0.99718356, 0.009996533, 0.4779799, 0.4820752, 0.67775637, 0.77542144, 0.94197273, 0.98935175, 0.42784953, 0.8404616, 0.3955567, 0.66764957, 0.20658028, 0.6829401, 0.852007, 0.040255725, 0.36447555] |
|13 |   30 |  0.45 | 2500 |      f8 |   10000 |  9767.0 |  9259.0 |    5,20 |  0,0 |1592510636320 |[0.9949287, 0.82395023, 0.44117945, 0.5156913, 0.026878595, 0.7651198, 0.99718356, 0.009996533, 0.4779799, 0.4820752, 0.67775637, 0.77542144, 0.94197273, 0.98935175, 0.42784953, 0.8404616, 0.3955567, 0.66764957, 0.20658028, 0.6829401, 0.852007, 0.040255725, 0.36447555] |
|13 |   30 |  0.45 | 2500 |      f8 |   10000 |  9767.0 |  9259.0 |    5,20 |  0,0 |1592510636320 |[0.9949287, 0.82395023, 0.44117945, 0.5156913, 0.026878595, 0.7651198, 0.99718356, 0.009996533, 0.4779799, 0.4820752, 0.67775637, 0.77542144, 0.94197273, 0.98935175, 0.42784953, 0.8404616, 0.3955567, 0.66764957, 0.20658028, 0.6829401, 0.852007, 0.040255725, 0.36447555] |
|13 |   30 |   0.3 | 2500 |      f8 |   10000 |  9767.0 |  9259.0 |    5,20 |  0,0 |1592510636320 |[0.9949287, 0.82395023, 0.44117945, 0.5156913, 0.026878595, 0.7651198, 0.99718356, 0.009996533, 0.4779799, 0.4820752, 0.67775637, 0.77542144, 0.94197273, 0.98935175, 0.42784953, 0.8404616, 0.3955567, 0.66764957, 0.20658028, 0.6829401, 0.852007, 0.040255725, 0.36447555] |
|14 |   30 |   0.4 | 2500 |      f8 |   10000 |  9767.0 |  9259.0 |    5,20 |  0,0 |1592510639434 |[0.13649172, 0.47379768, 0.3054967, 0.97489667, 0.10770404, 0.717246, 0.33572882, 0.94332093, 0.110197484, 0.5565483, 0.2101593, 0.20188409, 0.8752298, 0.8904205, 0.5702863, 0.5217041, 0.32118124, 0.44924283, 0.47701085, 0.7252126, 0.6670776, 0.019192517, 0.024144351] |
|14 |   30 |  0.45 | 2500 |      f8 |   10000 |  9767.0 |  9259.0 |    5,20 |  0,0 |1592510639434 |[0.13649172, 0.47379768, 0.3054967, 0.97489667, 0.10770404, 0.717246, 0.33572882, 0.94332093, 0.110197484, 0.5565483, 0.2101593, 0.20188409, 0.8752298, 0.8904205, 0.5702863, 0.5217041, 0.32118124, 0.44924283, 0.47701085, 0.7252126, 0.6670776, 0.019192517, 0.024144351] |
|14 |   30 |0.36666667 | 2500 |      f8 |   10000 |  9767.0 |  9259.0 |    5,20 |  0,0 |1592510639434 |[0.26866728, 0.3667336, 0.16795385, 0.892636, 0.48254895, 0.07597971, 0.038310528, 0.5755382, 0.55122936, 0.90225, 0.53496534, 0.4536385, 0.9641644, 0.16650575, 0.30718905, 0.48389208, 0.30546504, 0.13794482, 0.2502969, 0.40835983, 0.51743126, 0.47716266, 0.19585049] |
|14 |   30 |0.36666667 | 2500 |      f8 |   10000 |  9767.0 |  9259.0 |    5,20 |  0,0 |1592510639434 |[0.643922, 0.20804042, 0.19804418, 0.4886768, 0.52229553, 0.009212315, 0.69956905, 0.81459564, 0.6139429, 0.039141178, 0.7640383, 0.94025475, 0.90956944, 0.4900723, 0.83850396, 0.38643688, 0.9857069, 0.20708889, 0.66136754, 0.70462865, 0.70548743, 0.20343351, 0.6189301] |
|15 |   30 |   0.2 | 2500 |      f8 |   10000 |  9767.0 |  9259.0 |    5,20 |  0,0 |1592510642581 |[0.10389465, 0.9399171, 0.042816877, 0.86182827, 0.8794105, 0.64141816, 0.34102243, 0.96783864, 0.53967804, 0.98218554, 0.4060104, 0.30340165, 0.52045584, 0.15797788, 0.8996858, 0.7273195, 0.6161266, 0.82038283, 0.83172196, 0.13553005, 0.09498465, 0.6214828, 0.4072426] |
|15 |   30 |  0.45 | 2500 |      f8 |   10000 |  9767.0 |  9259.0 |    5,20 |  0,0 |1592510642581 |[0.10389465, 0.9399171, 0.042816877, 0.86182827, 0.8794105, 0.64141816, 0.34102243, 0.96783864, 0.53967804, 0.98218554, 0.4060104, 0.30340165, 0.52045584, 0.15797788, 0.8996858, 0.7273195, 0.6161266, 0.82038283, 0.83172196, 0.13553005, 0.09498465, 0.6214828, 0.4072426] |
|15 |   30 |0.33333334 | 2500 |      f8 |   10000 |  9767.0 |  9259.0 |    5,20 |  0,0 |1592510642581 |[0.10389465, 0.9399171, 0.042816877, 0.86182827, 0.8794105, 0.64141816, 0.34102243, 0.96783864, 0.53967804, 0.98218554, 0.4060104, 0.30340165, 0.52045584, 0.15797788, 0.8996858, 0.7273195, 0.6161266, 0.82038283, 0.83172196, 0.13553005, 0.09498465, 0.6214828, 0.4072426] |
|15 |   30 |0.33333334 | 2500 |      f8 |   10000 |  9767.0 |  9259.0 |    5,20 |  0,0 |1592510642581 |[0.10389465, 0.9399171, 0.042816877, 0.86182827, 0.8794105, 0.64141816, 0.34102243, 0.96783864, 0.53967804, 0.98218554, 0.4060104, 0.30340165, 0.52045584, 0.15797788, 0.8996858, 0.7273195, 0.6161266, 0.82038283, 0.83172196, 0.13553005, 0.09498465, 0.6214828, 0.4072426] |
