|Instancia |Ejecucion |Iteracion |Iter Max |Nidos |   %Pa |tipoDiscretizacion |tipoBinarizacion | CapMoch |   Optmo |OptimoObtenido |     RDP | time |      semilla |VectorSolucionReal |VectorSolucionBinario |
-------------------------------------------------------------------------------------------------
|      f2 | 1 |       1 |    5000 |   50 |  0.25 |standard | sshape3 |     878 |  1024.0 |  1024.0 |    0,00 |-1,6e+09 |1592654804568 |[0.19710267, 0.30315286, 0.41541028, 0.6334587, 0.04502958, 0.90011954, 0.41785842, 0.12992048, 0.9125888, 0.54798913, 0.3278339, 0.41963494, 0.11724734, 0.57466197, 0.5349091, 0.34864813, 0.9634466, 0.063272536, 0.76765597, 0.8123012] |[1.0, 1.0, 1.0, 1.0, 1.0, 0.0, 1.0, 1.0, 1.0, 1.0, 1.0, 1.0, 1.0, 1.0, 1.0, 0.0, 0.0, 1.0, 1.0, 1.0] |
|      f2 | 1 |       2 |    5000 |   50 |  0.25 |standard | sshape3 |     878 |  1024.0 |  1024.0 |    0,00 |0,0030 |1592654804568 |[0.19710267, 0.30315286, 0.41541028, 0.6334587, 0.04502958, 0.90011954, 0.41785842, 0.12992048, 0.9125888, 0.54798913, 0.3278339, 0.41963494, 0.11724734, 0.57466197, 0.5349091, 0.34864813, 0.9634466, 0.063272536, 0.76765597, 0.8123012] |[1.0, 1.0, 1.0, 1.0, 1.0, 0.0, 1.0, 1.0, 1.0, 1.0, 1.0, 1.0, 1.0, 1.0, 1.0, 0.0, 0.0, 1.0, 1.0, 1.0] |
|      f2 | 2 |       1 |    5000 |   50 |  0.25 |standard | sshape3 |     878 |  1024.0 |  1024.0 |    0,00 |-0,0010 |1592654804572 |[0.8004463, 0.23630077, 0.62641275, 0.042418122, 0.1289053, 0.65641624, 0.19386297, 0.939893, 0.48202854, 0.021902204, 0.39677566, 0.23338526, 0.65629697, 0.027441978, 0.52291864, 0.40055513, 0.8705703, 0.48588824, 0.18357337, 0.9544899] |[0.0, 1.0, 1.0, 1.0, 1.0, 1.0, 0.0, 0.0, 1.0, 1.0, 1.0, 1.0, 1.0, 1.0, 1.0, 1.0, 1.0, 1.0, 1.0, 1.0] |
|      f2 | 2 |       2 |    5000 |   50 |  0.25 |standard | sshape3 |     878 |  1024.0 |  1024.0 |    0,00 |0,0020 |1592654804572 |[0.8004463, 0.23630077, 0.62641275, 0.042418122, 0.1289053, 0.65641624, 0.19386297, 0.939893, 0.48202854, 0.021902204, 0.39677566, 0.23338526, 0.65629697, 0.027441978, 0.52291864, 0.40055513, 0.8705703, 0.48588824, 0.18357337, 0.9544899] |[0.0, 1.0, 1.0, 1.0, 1.0, 1.0, 0.0, 0.0, 1.0, 1.0, 1.0, 1.0, 1.0, 1.0, 1.0, 1.0, 1.0, 1.0, 1.0, 1.0] |
|      f2 | 3 |       1 |    5000 |   50 |  0.25 |standard | sshape3 |     878 |  1024.0 |  1024.0 |    0,00 |-0,0010 |1592654804575 |[0.21797778, 0.5240511, 0.48290026, 0.82016474, 0.99143857, 0.05625917, 0.7866271, 0.6567247, 0.599826, 0.38297212, 0.33984753, 0.4017937, 0.23736477, 0.060884815, 0.87744576, 0.77788323, 0.9402229, 1.0, 0.9056035, 0.38430947] |[0.0, 1.0, 1.0, 1.0, 1.0, 1.0, 1.0, 0.0, 1.0, 1.0, 1.0, 1.0, 1.0, 0.0, 1.0, 1.0, 1.0, 1.0, 1.0, 1.0] |
|      f2 | 3 |       2 |    5000 |   50 |  0.25 |standard | sshape3 |     878 |  1024.0 |  1024.0 |    0,00 |0,0020 |1592654804575 |[0.21797778, 0.5240511, 0.48290026, 0.82016474, 0.99143857, 0.05625917, 0.7866271, 0.6567247, 0.599826, 0.38297212, 0.33984753, 0.4017937, 0.23736477, 0.060884815, 0.87744576, 0.77788323, 0.9402229, 1.0, 0.9056035, 0.38430947] |[0.0, 1.0, 1.0, 1.0, 1.0, 1.0, 1.0, 0.0, 1.0, 1.0, 1.0, 1.0, 1.0, 0.0, 1.0, 1.0, 1.0, 1.0, 1.0, 1.0] |
|      f2 | 4 |       1 |    5000 |   50 |  0.25 |standard | sshape3 |     878 |  1024.0 |  1024.0 |    0,00 |  0,0 |1592654804577 |[1.0, 0.55381286, 0.7201984, 0.6185805, 0.4223319, 0.65916395, 0.123432025, 0.8062458, 1.0, 0.91821635, 1.0E-12, 0.6258104, 1.0E-12, 0.39494967, 0.2508587, 0.5744636, 0.16676064, 0.37743303, 0.40223327, 1.0E-12] |[1.0, 1.0, 1.0, 1.0, 1.0, 1.0, 1.0, 1.0, 1.0, 1.0, 1.0, 1.0, 1.0, 0.0, 1.0, 0.0, 1.0, 0.0, 1.0, 1.0] |
|      f2 | 4 |       2 |    5000 |   50 |  0.25 |standard | sshape3 |     878 |  1024.0 |  1024.0 |    0,00 |0,0030 |1592654804577 |[1.0, 0.55381286, 0.7201984, 0.6185805, 0.4223319, 0.65916395, 0.123432025, 0.8062458, 1.0, 0.91821635, 1.0E-12, 0.6258104, 1.0E-12, 0.39494967, 0.2508587, 0.5744636, 0.16676064, 0.37743303, 0.40223327, 1.0E-12] |[1.0, 1.0, 1.0, 1.0, 1.0, 1.0, 1.0, 1.0, 1.0, 1.0, 1.0, 1.0, 1.0, 0.0, 1.0, 0.0, 1.0, 0.0, 1.0, 1.0] |
|      f2 | 5 |       1 |    5000 |   50 |  0.25 |standard | sshape3 |     878 |  1024.0 |  1024.0 |    0,00 |  0,0 |1592654804580 |[0.8174856, 0.49406064, 0.28297436, 0.29199564, 0.6470147, 0.9020209, 0.27784163, 0.5204261, 0.25961095, 0.24450356, 0.91374975, 0.13475877, 0.061334014, 0.4946609, 0.48788613, 0.11626732, 0.110292315, 0.45040148, 0.653469, 0.08193791] |[1.0, 1.0, 1.0, 1.0, 1.0, 0.0, 1.0, 0.0, 1.0, 1.0, 1.0, 1.0, 1.0, 1.0, 1.0, 0.0, 1.0, 1.0, 1.0, 1.0] |
|      f2 | 5 |       2 |    5000 |   50 |  0.25 |standard | sshape3 |     878 |  1024.0 |  1024.0 |    0,00 |0,0020 |1592654804580 |[0.8174856, 0.49406064, 0.28297436, 0.29199564, 0.6470147, 0.9020209, 0.27784163, 0.5204261, 0.25961095, 0.24450356, 0.91374975, 0.13475877, 0.061334014, 0.4946609, 0.48788613, 0.11626732, 0.110292315, 0.45040148, 0.653469, 0.08193791] |[1.0, 1.0, 1.0, 1.0, 1.0, 0.0, 1.0, 0.0, 1.0, 1.0, 1.0, 1.0, 1.0, 1.0, 1.0, 0.0, 1.0, 1.0, 1.0, 1.0] |
|      f2 | 6 |       1 |    5000 |   50 |  0.25 |standard | sshape3 |     878 |  1024.0 |  1024.0 |    0,00 |  0,0 |1592654804582 |[0.27440178, 0.31792796, 0.61283195, 0.2327195, 1.0E-12, 0.6216428, 0.29680228, 0.7402801, 0.6023445, 0.22160895, 0.28218585, 0.0645112, 0.1072098, 0.2570377, 0.42243415, 0.72861576, 0.79452735, 0.6110441, 0.26613048, 1.0E-12] |[1.0, 1.0, 1.0, 1.0, 1.0, 1.0, 1.0, 1.0, 1.0, 1.0, 1.0, 1.0, 1.0, 0.0, 1.0, 0.0, 1.0, 0.0, 1.0, 1.0] |
|      f2 | 6 |       2 |    5000 |   50 |  0.25 |standard | sshape3 |     878 |  1024.0 |  1024.0 |    0,00 |0,0020 |1592654804582 |[0.27440178, 0.31792796, 0.61283195, 0.2327195, 1.0E-12, 0.6216428, 0.29680228, 0.7402801, 0.6023445, 0.22160895, 0.28218585, 0.0645112, 0.1072098, 0.2570377, 0.42243415, 0.72861576, 0.79452735, 0.6110441, 0.26613048, 1.0E-12] |[1.0, 1.0, 1.0, 1.0, 1.0, 1.0, 1.0, 1.0, 1.0, 1.0, 1.0, 1.0, 1.0, 0.0, 1.0, 0.0, 1.0, 0.0, 1.0, 1.0] |
|      f2 | 7 |       1 |    5000 |   50 |  0.25 |standard | sshape3 |     878 |  1024.0 |  1024.0 |    0,00 |-0,0010 |1592654804585 |[0.3613743, 0.7398326, 0.50116926, 0.94900763, 0.628201, 0.18258782, 0.55258536, 0.745105, 0.27725807, 0.5616991, 0.4438603, 0.91001076, 0.35082218, 0.08329639, 0.471662, 0.4142731, 0.17267756, 0.15888436, 0.4989035, 0.9266585] |[0.0, 1.0, 1.0, 1.0, 1.0, 0.0, 0.0, 1.0, 1.0, 1.0, 1.0, 1.0, 1.0, 1.0, 1.0, 1.0, 1.0, 0.0, 1.0, 1.0] |
|      f2 | 7 |       2 |    5000 |   50 |  0.25 |standard | sshape3 |     878 |  1024.0 |  1024.0 |    0,00 |0,0010 |1592654804585 |[0.3613743, 0.7398326, 0.50116926, 0.94900763, 0.628201, 0.18258782, 0.55258536, 0.745105, 0.27725807, 0.5616991, 0.4438603, 0.91001076, 0.35082218, 0.08329639, 0.471662, 0.4142731, 0.17267756, 0.15888436, 0.4989035, 0.9266585] |[0.0, 1.0, 1.0, 1.0, 1.0, 0.0, 0.0, 1.0, 1.0, 1.0, 1.0, 1.0, 1.0, 1.0, 1.0, 1.0, 1.0, 0.0, 1.0, 1.0] |
|      f2 | 8 |       1 |    5000 |   50 |  0.25 |standard | sshape3 |     878 |  1024.0 |  1024.0 |    0,00 |  0,0 |1592654804586 |[0.50220317, 0.59298605, 0.9249132, 0.46767163, 0.5401612, 0.020610038, 0.5028183, 0.65813327, 0.006917364, 0.16172983, 0.62166, 0.706028, 0.4561815, 0.7880124, 0.8994087, 0.0861421, 0.5286489, 0.2001675, 0.8728898, 0.5021503] |[0.0, 1.0, 1.0, 1.0, 1.0, 0.0, 1.0, 1.0, 1.0, 1.0, 1.0, 1.0, 1.0, 1.0, 1.0, 0.0, 1.0, 1.0, 1.0, 1.0] |
|      f2 | 8 |       2 |    5000 |   50 |  0.25 |standard | sshape3 |     878 |  1024.0 |  1024.0 |    0,00 |0,0040 |1592654804586 |[0.50220317, 0.59298605, 0.9249132, 0.46767163, 0.5401612, 0.020610038, 0.5028183, 0.65813327, 0.006917364, 0.16172983, 0.62166, 0.706028, 0.4561815, 0.7880124, 0.8994087, 0.0861421, 0.5286489, 0.2001675, 0.8728898, 0.5021503] |[0.0, 1.0, 1.0, 1.0, 1.0, 0.0, 1.0, 1.0, 1.0, 1.0, 1.0, 1.0, 1.0, 1.0, 1.0, 0.0, 1.0, 1.0, 1.0, 1.0] |
|      f2 | 9 |       1 |    5000 |   50 |  0.25 |standard | sshape3 |     878 |  1024.0 |  1024.0 |    0,00 |  0,0 |1592654804590 |[0.4348728, 0.40798223, 0.84254044, 0.64550287, 0.05216378, 0.27366096, 0.39233637, 0.6212542, 0.6078797, 0.31377357, 0.17422432, 0.59881264, 0.35463834, 0.09792113, 0.25806004, 0.08048582, 0.8113926, 0.5590396, 0.6706695, 0.40621322] |[0.0, 1.0, 1.0, 1.0, 1.0, 0.0, 1.0, 1.0, 1.0, 1.0, 1.0, 1.0, 1.0, 1.0, 1.0, 0.0, 1.0, 1.0, 1.0, 1.0] |
|      f2 | 9 |       2 |    5000 |   50 |  0.25 |standard | sshape3 |     878 |  1024.0 |  1024.0 |    0,00 |0,0020 |1592654804590 |[0.4348728, 0.40798223, 0.84254044, 0.64550287, 0.05216378, 0.27366096, 0.39233637, 0.6212542, 0.6078797, 0.31377357, 0.17422432, 0.59881264, 0.35463834, 0.09792113, 0.25806004, 0.08048582, 0.8113926, 0.5590396, 0.6706695, 0.40621322] |[0.0, 1.0, 1.0, 1.0, 1.0, 0.0, 1.0, 1.0, 1.0, 1.0, 1.0, 1.0, 1.0, 1.0, 1.0, 0.0, 1.0, 1.0, 1.0, 1.0] |
|      f2 |10 |       1 |    5000 |   50 |  0.25 |standard | sshape3 |     878 |  1024.0 |  1024.0 |    0,00 |  0,0 |1592654804592 |[0.59502447, 0.38273114, 0.37377226, 0.43966883, 0.08068377, 0.7807781, 0.16280359, 0.47481543, 0.9308774, 0.70900387, 0.9948773, 0.87260485, 0.17690921, 0.44315982, 0.31460088, 0.99277997, 0.029808283, 0.43733782, 0.54433596, 0.33543462] |[1.0, 1.0, 0.0, 1.0, 1.0, 1.0, 1.0, 1.0, 0.0, 1.0, 1.0, 1.0, 0.0, 0.0, 1.0, 1.0, 1.0, 1.0, 1.0, 0.0] |
|      f2 |10 |       2 |    5000 |   50 |  0.25 |standard | sshape3 |     878 |  1024.0 |  1024.0 |    0,00 |0,0020 |1592654804592 |[0.59502447, 0.38273114, 0.37377226, 0.43966883, 0.08068377, 0.7807781, 0.16280359, 0.47481543, 0.9308774, 0.70900387, 0.9948773, 0.87260485, 0.17690921, 0.44315982, 0.31460088, 0.99277997, 0.029808283, 0.43733782, 0.54433596, 0.33543462] |[1.0, 1.0, 0.0, 1.0, 1.0, 1.0, 1.0, 1.0, 0.0, 1.0, 1.0, 1.0, 0.0, 0.0, 1.0, 1.0, 1.0, 1.0, 1.0, 0.0] |
|      f2 |11 |       1 |    5000 |   50 |  0.25 |standard | sshape3 |     878 |  1024.0 |  1024.0 |    0,00 |  0,0 |1592654804594 |[0.5477027, 1.0E-12, 0.58610713, 1.0E-12, 0.6467976, 0.49381298, 0.4845246, 0.28002316, 0.4679966, 0.49708667, 0.73412097, 0.718858, 0.68904394, 0.24313779, 1.0E-12, 0.18299481, 0.49910024, 0.74795216, 0.2906744, 0.35565785] |[1.0, 1.0, 1.0, 1.0, 1.0, 1.0, 1.0, 1.0, 1.0, 1.0, 1.0, 1.0, 1.0, 0.0, 1.0, 0.0, 1.0, 0.0, 1.0, 1.0] |
|      f2 |11 |       2 |    5000 |   50 |  0.25 |standard | sshape3 |     878 |  1024.0 |  1024.0 |    0,00 |0,0020 |1592654804594 |[0.5477027, 1.0E-12, 0.58610713, 1.0E-12, 0.6467976, 0.49381298, 0.4845246, 0.28002316, 0.4679966, 0.49708667, 0.73412097, 0.718858, 0.68904394, 0.24313779, 1.0E-12, 0.18299481, 0.49910024, 0.74795216, 0.2906744, 0.35565785] |[1.0, 1.0, 1.0, 1.0, 1.0, 1.0, 1.0, 1.0, 1.0, 1.0, 1.0, 1.0, 1.0, 0.0, 1.0, 0.0, 1.0, 0.0, 1.0, 1.0] |
|      f2 |12 |       1 |    5000 |   50 |  0.25 |standard | sshape3 |     878 |  1024.0 |  1024.0 |    0,00 |  0,0 |1592654804596 |[0.22797315, 0.10340234, 0.6155639, 0.5150846, 0.21662275, 0.7031441, 0.639697, 0.19372718, 0.12530693, 0.45614803, 0.9927063, 0.8528512, 0.23566173, 0.3086944, 0.5970853, 0.21578486, 0.0871453, 0.86911136, 0.07429805, 0.5454207] |[1.0, 1.0, 1.0, 1.0, 1.0, 1.0, 1.0, 1.0, 1.0, 1.0, 1.0, 1.0, 1.0, 0.0, 1.0, 0.0, 1.0, 0.0, 1.0, 1.0] |
|      f2 |12 |       2 |    5000 |   50 |  0.25 |standard | sshape3 |     878 |  1024.0 |  1024.0 |    0,00 |0,0020 |1592654804596 |[0.22797315, 0.10340234, 0.6155639, 0.5150846, 0.21662275, 0.7031441, 0.639697, 0.19372718, 0.12530693, 0.45614803, 0.9927063, 0.8528512, 0.23566173, 0.3086944, 0.5970853, 0.21578486, 0.0871453, 0.86911136, 0.07429805, 0.5454207] |[1.0, 1.0, 1.0, 1.0, 1.0, 1.0, 1.0, 1.0, 1.0, 1.0, 1.0, 1.0, 1.0, 0.0, 1.0, 0.0, 1.0, 0.0, 1.0, 1.0] |
|      f2 |13 |       1 |    5000 |   50 |  0.25 |standard | sshape3 |     878 |  1024.0 |  1024.0 |    0,00 |  0,0 |1592654804598 |[0.6387997, 0.5161209, 0.5353434, 0.15460283, 0.91329277, 0.21190464, 0.06843227, 0.43240905, 0.02882862, 0.5487263, 0.22346497, 0.802284, 0.29956943, 0.7014081, 0.24771571, 0.14690453, 0.54136056, 0.42985946, 0.53080136, 0.04395783] |[0.0, 1.0, 1.0, 0.0, 1.0, 1.0, 1.0, 0.0, 1.0, 1.0, 1.0, 1.0, 1.0, 1.0, 1.0, 1.0, 1.0, 1.0, 1.0, 1.0] |
|      f2 |13 |       2 |    5000 |   50 |  0.25 |standard | sshape3 |     878 |  1024.0 |  1024.0 |    0,00 |0,0020 |1592654804598 |[0.6387997, 0.5161209, 0.5353434, 0.15460283, 0.91329277, 0.21190464, 0.06843227, 0.43240905, 0.02882862, 0.5487263, 0.22346497, 0.802284, 0.29956943, 0.7014081, 0.24771571, 0.14690453, 0.54136056, 0.42985946, 0.53080136, 0.04395783] |[0.0, 1.0, 1.0, 0.0, 1.0, 1.0, 1.0, 0.0, 1.0, 1.0, 1.0, 1.0, 1.0, 1.0, 1.0, 1.0, 1.0, 1.0, 1.0, 1.0] |
|      f2 |14 |       1 |    5000 |   50 |  0.25 |standard | sshape3 |     878 |  1024.0 |  1024.0 |    0,00 |-0,0010 |1592654804601 |[0.67586005, 0.06939846, 0.12705195, 0.41282678, 0.6527245, 0.035798132, 0.30894375, 0.89378643, 0.062147737, 0.12373936, 0.33671945, 0.13513613, 0.78589445, 0.69574547, 0.9143019, 0.8997982, 0.14119262, 0.08523834, 0.76519084, 0.75926626] |[0.0, 1.0, 1.0, 1.0, 1.0, 0.0, 1.0, 0.0, 1.0, 1.0, 1.0, 1.0, 1.0, 1.0, 1.0, 1.0, 1.0, 1.0, 1.0, 1.0] |
|      f2 |14 |       2 |    5000 |   50 |  0.25 |standard | sshape3 |     878 |  1024.0 |  1024.0 |    0,00 |0,0020 |1592654804601 |[0.67586005, 0.06939846, 0.12705195, 0.41282678, 0.6527245, 0.035798132, 0.30894375, 0.89378643, 0.062147737, 0.12373936, 0.33671945, 0.13513613, 0.78589445, 0.69574547, 0.9143019, 0.8997982, 0.14119262, 0.08523834, 0.76519084, 0.75926626] |[0.0, 1.0, 1.0, 1.0, 1.0, 0.0, 1.0, 0.0, 1.0, 1.0, 1.0, 1.0, 1.0, 1.0, 1.0, 1.0, 1.0, 1.0, 1.0, 1.0] |
|      f2 |15 |       1 |    5000 |   50 |  0.25 |standard | sshape3 |     878 |  1024.0 |  1024.0 |    0,00 |  0,0 |1592654804603 |[0.6179008, 0.8172324, 0.77277625, 0.3871476, 1.0E-12, 0.46354455, 0.34924176, 0.33257112, 0.93982553, 0.23780692, 0.48645145, 0.72230273, 0.21317089, 0.6430199, 0.90545666, 0.13825169, 0.6087223, 0.062214475, 0.9046606, 0.13073699] |[1.0, 1.0, 1.0, 1.0, 1.0, 1.0, 1.0, 1.0, 1.0, 1.0, 1.0, 1.0, 1.0, 0.0, 1.0, 0.0, 1.0, 0.0, 1.0, 1.0] |
|      f2 |15 |       2 |    5000 |   50 |  0.25 |standard | sshape3 |     878 |  1024.0 |  1024.0 |    0,00 |0,0020 |1592654804603 |[0.6179008, 0.8172324, 0.77277625, 0.3871476, 1.0E-12, 0.46354455, 0.34924176, 0.33257112, 0.93982553, 0.23780692, 0.48645145, 0.72230273, 0.21317089, 0.6430199, 0.90545666, 0.13825169, 0.6087223, 0.062214475, 0.9046606, 0.13073699] |[1.0, 1.0, 1.0, 1.0, 1.0, 1.0, 1.0, 1.0, 1.0, 1.0, 1.0, 1.0, 1.0, 0.0, 1.0, 0.0, 1.0, 0.0, 1.0, 1.0] |
|      f2 |16 |       1 |    5000 |   50 |  0.25 |standard | sshape3 |     878 |  1024.0 |  1024.0 |    0,00 |  0,0 |1592654804605 |[0.12182754, 0.03815514, 0.8799197, 0.19736159, 0.85241926, 0.782213, 0.6634582, 0.23613018, 0.70487887, 0.046815813, 0.09299058, 0.38931364, 0.8668813, 0.3932889, 0.6743032, 0.2652446, 0.67402124, 0.91703916, 0.58216566, 0.25074232] |[0.0, 1.0, 1.0, 0.0, 1.0, 1.0, 1.0, 0.0, 1.0, 1.0, 1.0, 1.0, 1.0, 1.0, 1.0, 1.0, 1.0, 1.0, 1.0, 1.0] |
|      f2 |16 |       2 |    5000 |   50 |  0.25 |standard | sshape3 |     878 |  1024.0 |  1024.0 |    0,00 |0,0030 |1592654804605 |[0.12182754, 0.03815514, 0.8799197, 0.19736159, 0.85241926, 0.782213, 0.6634582, 0.23613018, 0.70487887, 0.046815813, 0.09299058, 0.38931364, 0.8668813, 0.3932889, 0.6743032, 0.2652446, 0.67402124, 0.91703916, 0.58216566, 0.25074232] |[0.0, 1.0, 1.0, 0.0, 1.0, 1.0, 1.0, 0.0, 1.0, 1.0, 1.0, 1.0, 1.0, 1.0, 1.0, 1.0, 1.0, 1.0, 1.0, 1.0] |
|      f2 |17 |       1 |    5000 |   50 |  0.25 |standard | sshape3 |     878 |  1024.0 |  1024.0 |    0,00 |  0,0 |1592654804608 |[0.29142642, 1.0, 0.124535695, 0.2850282, 0.8007879, 1.0E-12, 0.3368355, 0.11395465, 0.14007467, 0.76222324, 0.772913, 0.69951594, 1.0E-12, 0.48093736, 0.8353, 0.8657046, 0.862282, 0.7265894, 0.48625013, 1.0] |[1.0, 1.0, 1.0, 1.0, 1.0, 1.0, 1.0, 1.0, 1.0, 1.0, 1.0, 1.0, 1.0, 0.0, 1.0, 0.0, 1.0, 0.0, 1.0, 1.0] |
|      f2 |17 |       2 |    5000 |   50 |  0.25 |standard | sshape3 |     878 |  1024.0 |  1024.0 |    0,00 |0,0020 |1592654804608 |[0.29142642, 1.0, 0.124535695, 0.2850282, 0.8007879, 1.0E-12, 0.3368355, 0.11395465, 0.14007467, 0.76222324, 0.772913, 0.69951594, 1.0E-12, 0.48093736, 0.8353, 0.8657046, 0.862282, 0.7265894, 0.48625013, 1.0] |[1.0, 1.0, 1.0, 1.0, 1.0, 1.0, 1.0, 1.0, 1.0, 1.0, 1.0, 1.0, 1.0, 0.0, 1.0, 0.0, 1.0, 0.0, 1.0, 1.0] |
|      f2 |18 |       1 |    5000 |   50 |  0.25 |standard | sshape3 |     878 |  1024.0 |  1024.0 |    0,00 |  0,0 |1592654804610 |[0.40438434, 0.73968977, 0.200912, 1.0E-12, 0.10734701, 0.50683236, 0.54557836, 1.0, 0.37389755, 0.88210094, 0.909855, 0.17044629, 0.24095377, 0.14478816, 0.539763, 1.0, 1.0E-12, 0.21919507, 0.07523209, 0.6342179] |[1.0, 1.0, 1.0, 1.0, 1.0, 1.0, 1.0, 1.0, 1.0, 1.0, 1.0, 1.0, 1.0, 0.0, 1.0, 0.0, 1.0, 0.0, 1.0, 1.0] |
|      f2 |18 |       2 |    5000 |   50 |  0.25 |standard | sshape3 |     878 |  1024.0 |  1024.0 |    0,00 |0,0020 |1592654804610 |[0.40438434, 0.73968977, 0.200912, 1.0E-12, 0.10734701, 0.50683236, 0.54557836, 1.0, 0.37389755, 0.88210094, 0.909855, 0.17044629, 0.24095377, 0.14478816, 0.539763, 1.0, 1.0E-12, 0.21919507, 0.07523209, 0.6342179] |[1.0, 1.0, 1.0, 1.0, 1.0, 1.0, 1.0, 1.0, 1.0, 1.0, 1.0, 1.0, 1.0, 0.0, 1.0, 0.0, 1.0, 0.0, 1.0, 1.0] |
|      f2 |19 |       1 |    5000 |   50 |  0.25 |standard | sshape3 |     878 |  1024.0 |  1024.0 |    0,00 |  0,0 |1592654804612 |[0.59743166, 0.5220781, 0.102155566, 0.66363263, 0.5520781, 0.57678854, 0.06236148, 0.6534568, 0.96086246, 0.6726763, 0.5413052, 0.85372925, 0.51701075, 0.62877214, 0.9491028, 0.20297052, 0.4861188, 0.9391262, 0.02191645, 0.28588396] |[1.0, 1.0, 1.0, 1.0, 1.0, 1.0, 1.0, 1.0, 1.0, 1.0, 1.0, 1.0, 1.0, 0.0, 1.0, 0.0, 1.0, 0.0, 1.0, 1.0] |
|      f2 |19 |       2 |    5000 |   50 |  0.25 |standard | sshape3 |     878 |  1024.0 |  1024.0 |    0,00 |0,0020 |1592654804612 |[0.59743166, 0.5220781, 0.102155566, 0.66363263, 0.5520781, 0.57678854, 0.06236148, 0.6534568, 0.96086246, 0.6726763, 0.5413052, 0.85372925, 0.51701075, 0.62877214, 0.9491028, 0.20297052, 0.4861188, 0.9391262, 0.02191645, 0.28588396] |[1.0, 1.0, 1.0, 1.0, 1.0, 1.0, 1.0, 1.0, 1.0, 1.0, 1.0, 1.0, 1.0, 0.0, 1.0, 0.0, 1.0, 0.0, 1.0, 1.0] |
|      f2 |20 |       1 |    5000 |   50 |  0.25 |standard | sshape3 |     878 |  1024.0 |  1024.0 |    0,00 |-0,0010 |1592654804615 |[0.2260129, 0.09133689, 0.22211546, 0.69392097, 0.35940877, 0.06516616, 0.16708526, 0.30053133, 0.2508077, 0.21418494, 0.060254753, 0.5082763, 0.8395005, 0.48589355, 0.62145585, 0.10164273, 0.21457843, 0.8782237, 0.77468276, 0.30335554] |[0.0, 1.0, 1.0, 1.0, 1.0, 1.0, 0.0, 1.0, 1.0, 0.0, 1.0, 1.0, 1.0, 1.0, 1.0, 1.0, 1.0, 1.0, 1.0, 1.0] |
|      f2 |20 |       2 |    5000 |   50 |  0.25 |standard | sshape3 |     878 |  1024.0 |  1024.0 |    0,00 |0,0020 |1592654804615 |[0.2260129, 0.09133689, 0.22211546, 0.69392097, 0.35940877, 0.06516616, 0.16708526, 0.30053133, 0.2508077, 0.21418494, 0.060254753, 0.5082763, 0.8395005, 0.48589355, 0.62145585, 0.10164273, 0.21457843, 0.8782237, 0.77468276, 0.30335554] |[0.0, 1.0, 1.0, 1.0, 1.0, 1.0, 0.0, 1.0, 1.0, 0.0, 1.0, 1.0, 1.0, 1.0, 1.0, 1.0, 1.0, 1.0, 1.0, 1.0] |
|      f2 |21 |       1 |    5000 |   50 |  0.25 |standard | sshape3 |     878 |  1024.0 |  1018.0 |    0,59 |  0,0 |1592654804617 |[0.8641343, 0.087768495, 0.115716785, 0.8894572, 0.95479184, 0.037496146, 0.4759519, 0.8594903, 0.42483225, 0.029394725, 0.13505608, 0.7326842, 0.06260536, 0.061240193, 0.93473274, 0.4922595, 0.5760764, 0.8366532, 0.42573294, 0.4840604] |[1.0, 1.0, 1.0, 1.0, 1.0, 1.0, 1.0, 1.0, 1.0, 0.0, 1.0, 1.0, 1.0, 0.0, 1.0, 0.0, 1.0, 1.0, 1.0, 1.0] |
|      f2 |21 |       3 |    5000 |   50 |  0.25 |standard | sshape3 |     878 |  1024.0 |  1024.0 |    0,00 |0,0030 |1592654804617 |[0.702821, 0.40288562, 0.891168, 0.30939597, 0.15033191, 0.8490769, 0.5885732, 0.2153225, 0.36897552, 0.15293878, 0.7109547, 0.56097186, 0.34308583, 0.66707003, 0.8908099, 0.6962606, 0.87701124, 0.38290524, 0.12594521, 0.24800152] |[1.0, 1.0, 1.0, 1.0, 1.0, 1.0, 1.0, 1.0, 1.0, 1.0, 1.0, 1.0, 1.0, 0.0, 1.0, 0.0, 1.0, 0.0, 1.0, 1.0] |
|      f2 |22 |       1 |    5000 |   50 |  0.25 |standard | sshape3 |     878 |  1024.0 |  1024.0 |    0,00 |-0,0010 |1592654804621 |[0.1404525, 0.5512784, 0.15241015, 0.93631, 0.11144805, 0.23311412, 0.7821251, 0.2957163, 0.54958314, 0.9615082, 0.16071385, 0.44331717, 0.62048686, 0.9236642, 0.32836396, 0.44078356, 0.057798505, 0.004264295, 0.89196056, 0.54052085] |[0.0, 1.0, 1.0, 1.0, 1.0, 0.0, 1.0, 1.0, 1.0, 1.0, 1.0, 1.0, 1.0, 1.0, 1.0, 0.0, 1.0, 1.0, 1.0, 1.0] |
|      f2 |22 |       2 |    5000 |   50 |  0.25 |standard | sshape3 |     878 |  1024.0 |  1024.0 |    0,00 |0,0010 |1592654804621 |[0.1404525, 0.5512784, 0.15241015, 0.93631, 0.11144805, 0.23311412, 0.7821251, 0.2957163, 0.54958314, 0.9615082, 0.16071385, 0.44331717, 0.62048686, 0.9236642, 0.32836396, 0.44078356, 0.057798505, 0.004264295, 0.89196056, 0.54052085] |[0.0, 1.0, 1.0, 1.0, 1.0, 0.0, 1.0, 1.0, 1.0, 1.0, 1.0, 1.0, 1.0, 1.0, 1.0, 0.0, 1.0, 1.0, 1.0, 1.0] |
|      f2 |23 |       1 |    5000 |   50 |  0.25 |standard | sshape3 |     878 |  1024.0 |  1024.0 |    0,00 |-0,0010 |1592654804623 |[0.22798666, 0.41624212, 0.43481138, 0.7134723, 0.15164167, 0.7366042, 0.057053264, 0.5738668, 0.6897262, 0.17315418, 0.92309666, 0.7942852, 0.6874305, 0.96676487, 0.66660446, 0.5589719, 0.59025586, 0.037256587, 0.9346564, 0.7414444] |[0.0, 1.0, 1.0, 1.0, 1.0, 0.0, 1.0, 1.0, 1.0, 1.0, 1.0, 1.0, 1.0, 0.0, 1.0, 1.0, 1.0, 1.0, 1.0, 1.0] |
|      f2 |23 |       2 |    5000 |   50 |  0.25 |standard | sshape3 |     878 |  1024.0 |  1024.0 |    0,00 |0,0020 |1592654804623 |[0.22798666, 0.41624212, 0.43481138, 0.7134723, 0.15164167, 0.7366042, 0.057053264, 0.5738668, 0.6897262, 0.17315418, 0.92309666, 0.7942852, 0.6874305, 0.96676487, 0.66660446, 0.5589719, 0.59025586, 0.037256587, 0.9346564, 0.7414444] |[0.0, 1.0, 1.0, 1.0, 1.0, 0.0, 1.0, 1.0, 1.0, 1.0, 1.0, 1.0, 1.0, 0.0, 1.0, 1.0, 1.0, 1.0, 1.0, 1.0] |
|      f2 |24 |       1 |    5000 |   50 |  0.25 |standard | sshape3 |     878 |  1024.0 |  1024.0 |    0,00 |  0,0 |1592654804625 |[0.8046403, 0.1338779, 0.3697472, 0.928348, 0.033585973, 0.5970947, 0.5350581, 0.95338625, 0.9148478, 0.39823356, 0.9399865, 0.6422117, 0.22697563, 0.55148363, 0.5164502, 0.8459528, 0.56139797, 0.6235871, 0.2739989, 0.016318291] |[1.0, 1.0, 1.0, 1.0, 1.0, 1.0, 1.0, 1.0, 1.0, 1.0, 1.0, 1.0, 1.0, 0.0, 1.0, 0.0, 1.0, 0.0, 1.0, 1.0] |
|      f2 |24 |       2 |    5000 |   50 |  0.25 |standard | sshape3 |     878 |  1024.0 |  1024.0 |    0,00 |0,0050 |1592654804625 |[0.8046403, 0.1338779, 0.3697472, 0.928348, 0.033585973, 0.5970947, 0.5350581, 0.95338625, 0.9148478, 0.39823356, 0.9399865, 0.6422117, 0.22697563, 0.55148363, 0.5164502, 0.8459528, 0.56139797, 0.6235871, 0.2739989, 0.016318291] |[1.0, 1.0, 1.0, 1.0, 1.0, 1.0, 1.0, 1.0, 1.0, 1.0, 1.0, 1.0, 1.0, 0.0, 1.0, 0.0, 1.0, 0.0, 1.0, 1.0] |
|      f2 |25 |       1 |    5000 |   50 |  0.25 |standard | sshape3 |     878 |  1024.0 |  1024.0 |    0,00 |  0,0 |1592654804630 |[0.41672707, 0.8724762, 0.5869035, 0.7469884, 0.4323631, 0.8208792, 0.5195046, 0.2624724, 0.25671571, 0.85470074, 0.5383488, 0.12988323, 0.2884361, 0.64714164, 0.104602575, 0.7490156, 0.59280497, 0.17313015, 0.38634586, 0.3401839] |[0.0, 1.0, 1.0, 1.0, 1.0, 1.0, 1.0, 0.0, 1.0, 1.0, 1.0, 1.0, 1.0, 0.0, 1.0, 1.0, 1.0, 1.0, 1.0, 1.0] |
|      f2 |25 |       2 |    5000 |   50 |  0.25 |standard | sshape3 |     878 |  1024.0 |  1024.0 |    0,00 |0,0020 |1592654804630 |[0.41672707, 0.8724762, 0.5869035, 0.7469884, 0.4323631, 0.8208792, 0.5195046, 0.2624724, 0.25671571, 0.85470074, 0.5383488, 0.12988323, 0.2884361, 0.64714164, 0.104602575, 0.7490156, 0.59280497, 0.17313015, 0.38634586, 0.3401839] |[0.0, 1.0, 1.0, 1.0, 1.0, 1.0, 1.0, 0.0, 1.0, 1.0, 1.0, 1.0, 1.0, 0.0, 1.0, 1.0, 1.0, 1.0, 1.0, 1.0] |
|      f2 |26 |       1 |    5000 |   50 |  0.25 |standard | sshape3 |     878 |  1024.0 |  1024.0 |    0,00 |  0,0 |1592654804632 |[0.1553799, 0.8207001, 0.3924413, 0.3621735, 0.98726445, 0.62655556, 0.70633715, 0.85754716, 0.9507281, 0.73770076, 0.86286443, 0.8170602, 0.26713684, 0.5891081, 0.28519052, 0.12420408, 0.2384843, 0.017926993, 0.81822926, 0.5351305] |[0.0, 1.0, 1.0, 1.0, 1.0, 1.0, 1.0, 0.0, 1.0, 1.0, 1.0, 1.0, 1.0, 0.0, 1.0, 1.0, 1.0, 1.0, 1.0, 1.0] |
|      f2 |26 |       2 |    5000 |   50 |  0.25 |standard | sshape3 |     878 |  1024.0 |  1024.0 |    0,00 |0,0020 |1592654804632 |[0.1553799, 0.8207001, 0.3924413, 0.3621735, 0.98726445, 0.62655556, 0.70633715, 0.85754716, 0.9507281, 0.73770076, 0.86286443, 0.8170602, 0.26713684, 0.5891081, 0.28519052, 0.12420408, 0.2384843, 0.017926993, 0.81822926, 0.5351305] |[0.0, 1.0, 1.0, 1.0, 1.0, 1.0, 1.0, 0.0, 1.0, 1.0, 1.0, 1.0, 1.0, 0.0, 1.0, 1.0, 1.0, 1.0, 1.0, 1.0] |
|      f2 |27 |       1 |    5000 |   50 |  0.25 |standard | sshape3 |     878 |  1024.0 |  1024.0 |    0,00 |-0,0010 |1592654804635 |[0.5307342, 0.030979753, 0.6129568, 0.74718535, 0.36174572, 0.6441465, 0.80208635, 0.81582177, 0.05228907, 0.74148446, 0.1298703, 0.3582713, 0.7062576, 0.5393232, 0.8945452, 0.23059374, 0.701986, 6.222725E-4, 0.2276954, 0.6083458] |[1.0, 1.0, 1.0, 1.0, 1.0, 1.0, 1.0, 1.0, 1.0, 1.0, 1.0, 1.0, 1.0, 0.0, 1.0, 0.0, 1.0, 0.0, 1.0, 1.0] |
|      f2 |27 |       2 |    5000 |   50 |  0.25 |standard | sshape3 |     878 |  1024.0 |  1024.0 |    0,00 |0,0020 |1592654804635 |[0.5307342, 0.030979753, 0.6129568, 0.74718535, 0.36174572, 0.6441465, 0.80208635, 0.81582177, 0.05228907, 0.74148446, 0.1298703, 0.3582713, 0.7062576, 0.5393232, 0.8945452, 0.23059374, 0.701986, 6.222725E-4, 0.2276954, 0.6083458] |[1.0, 1.0, 1.0, 1.0, 1.0, 1.0, 1.0, 1.0, 1.0, 1.0, 1.0, 1.0, 1.0, 0.0, 1.0, 0.0, 1.0, 0.0, 1.0, 1.0] |
|      f2 |28 |       1 |    5000 |   50 |  0.25 |standard | sshape3 |     878 |  1024.0 |  1024.0 |    0,00 |  0,0 |1592654804637 |[0.5004085, 0.7939989, 0.42075747, 0.97978574, 0.23679924, 0.96144354, 0.7922658, 0.2473858, 0.25823784, 0.35510403, 0.7870958, 0.68497133, 0.80187476, 0.5730841, 0.1407206, 0.60254914, 0.65462077, 0.2901184, 0.4650876, 0.78403866] |[1.0, 1.0, 1.0, 1.0, 1.0, 1.0, 1.0, 1.0, 1.0, 1.0, 1.0, 1.0, 1.0, 0.0, 1.0, 0.0, 1.0, 0.0, 1.0, 1.0] |
|      f2 |28 |       2 |    5000 |   50 |  0.25 |standard | sshape3 |     878 |  1024.0 |  1024.0 |    0,00 |0,0020 |1592654804637 |[0.5004085, 0.7939989, 0.42075747, 0.97978574, 0.23679924, 0.96144354, 0.7922658, 0.2473858, 0.25823784, 0.35510403, 0.7870958, 0.68497133, 0.80187476, 0.5730841, 0.1407206, 0.60254914, 0.65462077, 0.2901184, 0.4650876, 0.78403866] |[1.0, 1.0, 1.0, 1.0, 1.0, 1.0, 1.0, 1.0, 1.0, 1.0, 1.0, 1.0, 1.0, 0.0, 1.0, 0.0, 1.0, 0.0, 1.0, 1.0] |
|      f2 |29 |       1 |    5000 |   50 |  0.25 |standard | sshape3 |     878 |  1024.0 |  1024.0 |    0,00 |  0,0 |1592654804639 |[0.07593578, 0.5198594, 0.8112871, 0.30661798, 0.8876546, 0.20963943, 0.7077282, 0.15761602, 0.77550465, 0.2998792, 0.852762, 0.75008684, 0.98097557, 0.8367482, 0.8248158, 0.3307804, 0.11439943, 0.027107716, 0.9891762, 0.81575865] |[1.0, 1.0, 1.0, 1.0, 0.0, 1.0, 0.0, 1.0, 1.0, 1.0, 1.0, 1.0, 1.0, 1.0, 1.0, 1.0, 1.0, 0.0, 1.0, 1.0] |
|      f2 |29 |       2 |    5000 |   50 |  0.25 |standard | sshape3 |     878 |  1024.0 |  1024.0 |    0,00 |0,0020 |1592654804639 |[0.07593578, 0.5198594, 0.8112871, 0.30661798, 0.8876546, 0.20963943, 0.7077282, 0.15761602, 0.77550465, 0.2998792, 0.852762, 0.75008684, 0.98097557, 0.8367482, 0.8248158, 0.3307804, 0.11439943, 0.027107716, 0.9891762, 0.81575865] |[1.0, 1.0, 1.0, 1.0, 0.0, 1.0, 0.0, 1.0, 1.0, 1.0, 1.0, 1.0, 1.0, 1.0, 1.0, 1.0, 1.0, 0.0, 1.0, 1.0] |
|      f2 |30 |       1 |    5000 |   50 |  0.25 |standard | sshape3 |     878 |  1024.0 |  1018.0 |    0,59 |-0,0010 |1592654804642 |[0.7917808, 0.091234855, 0.51950496, 0.99073416, 0.7270502, 0.86882013, 0.026430069, 0.6853522, 0.14878285, 0.33551213, 0.3972411, 0.23699765, 0.70276785, 0.03529558, 0.2713167, 0.7943226, 0.86600304, 0.28121376, 0.854136, 0.63509524] |[1.0, 1.0, 1.0, 1.0, 1.0, 0.0, 0.0, 1.0, 1.0, 1.0, 1.0, 1.0, 1.0, 0.0, 1.0, 1.0, 1.0, 1.0, 1.0, 1.0] |
|      f2 |30 |       3 |    5000 |   50 |  0.25 |standard | sshape3 |     878 |  1024.0 |  1024.0 |    0,00 |0,0030 |1592654804642 |[0.46732143, 0.24853586, 0.8517544, 0.31930515, 0.28272387, 0.29653436, 0.75887626, 0.46886718, 0.001103345, 0.3552475, 0.36934605, 0.09350551, 0.5594737, 0.15485996, 0.2766553, 0.6186311, 0.893199, 0.17352958, 0.5718585, 0.8870877] |[1.0, 1.0, 1.0, 1.0, 1.0, 1.0, 1.0, 1.0, 1.0, 1.0, 1.0, 1.0, 1.0, 0.0, 1.0, 0.0, 1.0, 0.0, 1.0, 1.0] |
|      f2 |31 |       1 |    5000 |   50 |  0.25 |standard | sshape3 |     878 |  1024.0 |  1024.0 |    0,00 |  0,0 |1592654804645 |[0.69210374, 0.8372976, 0.1723482, 0.79061955, 0.8696497, 0.0074398518, 0.5175783, 0.33574498, 0.3716693, 0.7507163, 0.6279083, 0.7135317, 0.11094487, 0.9826342, 0.9555134, 0.7558617, 0.5210937, 0.369067, 0.86233723, 0.26009047] |[1.0, 1.0, 1.0, 1.0, 0.0, 1.0, 0.0, 1.0, 1.0, 1.0, 1.0, 1.0, 1.0, 1.0, 1.0, 1.0, 1.0, 1.0, 1.0, 0.0] |
|      f2 |31 |       2 |    5000 |   50 |  0.25 |standard | sshape3 |     878 |  1024.0 |  1024.0 |    0,00 |0,0020 |1592654804645 |[0.69210374, 0.8372976, 0.1723482, 0.79061955, 0.8696497, 0.0074398518, 0.5175783, 0.33574498, 0.3716693, 0.7507163, 0.6279083, 0.7135317, 0.11094487, 0.9826342, 0.9555134, 0.7558617, 0.5210937, 0.369067, 0.86233723, 0.26009047] |[1.0, 1.0, 1.0, 1.0, 0.0, 1.0, 0.0, 1.0, 1.0, 1.0, 1.0, 1.0, 1.0, 1.0, 1.0, 1.0, 1.0, 1.0, 1.0, 0.0] |
