| # | Nest | %Desc |#Iter |Instancia | CapMoch |ValOptmo | BestFit |     RDP | time |      semilla |VectorSolucion |
-------------------------------------------------------------------------------------------------
| 1 |   25 |  0.25 | 2500 |      f9 |      80 |   130.0 |   130.0 |    0,00 |  0,0 |1592496225051 |[0.8825732, 0.59140676, 0.5224821, 0.64548576, 0.81786525] |
| 2 |   25 |  0.25 | 2500 |      f9 |      80 |   130.0 |   130.0 |    0,00 |  0,0 |1592496225052 |[0.24955654, 0.6363191, 0.73835874, 0.44895387, 0.59189177] |
| 3 |   25 |  0.25 | 2500 |      f9 |      80 |   130.0 |   130.0 |    0,00 |  0,0 |1592496225053 |[0.85014164, 0.4622355, 0.07303774, 0.81266123, 0.85110706] |
| 4 |   25 |  0.25 | 2500 |      f9 |      80 |   130.0 |   130.0 |    0,00 |  0,0 |1592496225054 |[0.95723695, 0.52540606, 0.12459856, 0.09191263, 0.98358995] |
| 5 |   25 |  0.25 | 2500 |      f9 |      80 |   130.0 |   130.0 |    0,00 |  0,0 |1592496225055 |[0.52716243, 0.17999834, 0.87166315, 0.40897262, 0.5956419] |
| 6 |   25 |  0.25 | 2500 |      f9 |      80 |   130.0 |   130.0 |    0,00 |0,0010 |1592496225055 |[0.50246274, 0.43750417, 0.37803692, 0.17523557, 0.07062721] |
| 7 |   25 |  0.25 | 2500 |      f9 |      80 |   130.0 |   130.0 |    0,00 |  0,0 |1592496225056 |[0.5740251, 0.34874696, 0.09987515, 0.8113201, 0.5129328] |
| 8 |   25 |  0.25 | 2500 |      f9 |      80 |   130.0 |   130.0 |    0,00 |  0,0 |1592496225057 |[0.9352163, 0.2650792, 0.09481448, 0.521853, 0.7606776] |
| 9 |   25 |  0.25 | 2500 |      f9 |      80 |   130.0 |   130.0 |    0,00 |  0,0 |1592496225058 |[0.08231127, 0.02625978, 0.642818, 0.5574629, 0.5320182] |
|10 |   25 |  0.25 | 2500 |      f9 |      80 |   130.0 |   130.0 |    0,00 |  0,0 |1592496225059 |[0.5858959, 0.741961, 0.65926784, 0.5638946, 0.58893216] |
|11 |   25 |  0.25 | 2500 |      f9 |      80 |   130.0 |   130.0 |    0,00 |  0,0 |1592496225060 |[0.3754009, 0.76564145, 0.17662376, 0.1815083, 0.63065356] |
|12 |   25 |  0.25 | 2500 |      f9 |      80 |   130.0 |   130.0 |    0,00 |0,0010 |1592496225060 |[0.5018556, 0.08512187, 0.45123774, 0.762382, 0.776747] |
|13 |   25 |  0.25 | 2500 |      f9 |      80 |   130.0 |   130.0 |    0,00 |  0,0 |1592496225061 |[0.12867737, 0.46466494, 0.23712164, 0.54894435, 0.24846989] |
|14 |   25 |  0.25 | 2500 |      f9 |      80 |   130.0 |   130.0 |    0,00 |  0,0 |1592496225062 |[0.4397565, 0.35476518, 0.4842835, 0.9734559, 0.273956] |
|15 |   25 |  0.25 | 2500 |      f9 |      80 |   130.0 |   130.0 |    0,00 |  0,0 |1592496225063 |[0.9690878, 0.6192281, 0.7666415, 0.4397505, 0.9870791] |
