| # | Nest | %Desc |#Iter |Instancia | CapMoch |ValOptmo | BestFit |     RDP | time |      semilla |VectorSolucion |
-------------------------------------------------------------------------------------------------
| 1 |   25 |  0.25 | 2500 |      f6 |      60 |    52.0 |    52.0 |    0,00 | 0,26 |1566873263245 |[0, 0, 1, 0, 1, 1, 1, 1, 1, 1] |
| 2 |   25 |  0.25 | 2500 |      f6 |      60 |    52.0 |    52.0 |    0,00 | 0,33 |1566873263509 |[0, 0, 1, 1, 0, 1, 1, 1, 1, 1] |
| 3 |   25 |  0.25 | 2500 |      f6 |      60 |    52.0 |    52.0 |    0,00 | 0,25 |1566873263836 |[0, 0, 1, 0, 1, 1, 1, 1, 1, 1] |
| 4 |   25 |  0.25 | 2500 |      f6 |      60 |    52.0 |    52.0 |    0,00 | 0,28 |1566873264086 |[0, 0, 1, 0, 1, 1, 1, 1, 1, 1] |
| 5 |   25 |  0.25 | 2500 |      f6 |      60 |    52.0 |    52.0 |    0,00 | 0,32 |1566873264370 |[0, 0, 1, 0, 1, 1, 1, 1, 1, 1] |
| 6 |   25 |  0.25 | 2500 |      f6 |      60 |    52.0 |    52.0 |    0,00 | 0,25 |1566873264692 |[0, 0, 1, 0, 1, 1, 1, 1, 1, 1] |
| 7 |   25 |  0.25 | 2500 |      f6 |      60 |    52.0 |    52.0 |    0,00 | 0,25 |1566873264944 |[0, 0, 1, 0, 1, 1, 1, 1, 1, 1] |
| 8 |   25 |  0.25 | 2500 |      f6 |      60 |    52.0 |    52.0 |    0,00 | 0,25 |1566873265198 |[0, 0, 1, 0, 1, 1, 1, 1, 1, 1] |
| 9 |   25 |  0.25 | 2500 |      f6 |      60 |    52.0 |    52.0 |    0,00 | 0,41 |1566873265448 |[0, 0, 1, 1, 0, 1, 1, 1, 1, 1] |
|10 |   25 |  0.25 | 2500 |      f6 |      60 |    52.0 |    52.0 |    0,00 | 0,29 |1566873265862 |[0, 0, 1, 0, 1, 1, 1, 1, 1, 1] |
|11 |   25 |  0.25 | 2500 |      f6 |      60 |    52.0 |    52.0 |    0,00 | 0,30 |1566873266150 |[0, 0, 1, 0, 1, 1, 1, 1, 1, 1] |
|12 |   25 |  0.25 | 2500 |      f6 |      60 |    52.0 |    52.0 |    0,00 | 0,28 |1566873266447 |[0, 0, 1, 0, 1, 1, 1, 1, 1, 1] |
|13 |   25 |  0.25 | 2500 |      f6 |      60 |    52.0 |    52.0 |    0,00 | 0,24 |1566873266727 |[0, 0, 1, 0, 1, 1, 1, 1, 1, 1] |
|14 |   25 |  0.25 | 2500 |      f6 |      60 |    52.0 |    52.0 |    0,00 | 0,29 |1566873266966 |[0, 0, 1, 0, 1, 1, 1, 1, 1, 1] |
|15 |   25 |  0.25 | 2500 |      f6 |      60 |    52.0 |    52.0 |    0,00 | 0,28 |1566873267261 |[0, 0, 1, 0, 1, 1, 1, 1, 1, 1] |
|16 |   25 |  0.25 | 2500 |      f6 |      60 |    52.0 |    52.0 |    0,00 | 0,31 |1566873267536 |[0, 0, 1, 0, 1, 1, 1, 1, 1, 1] |
|17 |   25 |  0.25 | 2500 |      f6 |      60 |    52.0 |    52.0 |    0,00 | 0,29 |1566873267847 |[0, 0, 1, 0, 1, 1, 1, 1, 1, 1] |
|18 |   25 |  0.25 | 2500 |      f6 |      60 |    52.0 |    52.0 |    0,00 | 0,28 |1566873268139 |[0, 0, 1, 0, 1, 1, 1, 1, 1, 1] |
|19 |   25 |  0.25 | 2500 |      f6 |      60 |    52.0 |    52.0 |    0,00 | 0,27 |1566873268416 |[0, 0, 1, 0, 1, 1, 1, 1, 1, 1] |
|20 |   25 |  0.25 | 2500 |      f6 |      60 |    52.0 |    49.0 |    5,77 | 0,26 |1566873268690 |[0, 0, 1, 0, 1, 1, 1, 1, 1, 1] |
|21 |   25 |  0.25 | 2500 |      f6 |      60 |    52.0 |    52.0 |    0,00 | 0,31 |1566873268952 |[0, 0, 1, 0, 1, 1, 1, 1, 1, 1] |
|22 |   25 |  0.25 | 2500 |      f6 |      60 |    52.0 |    52.0 |    0,00 | 0,30 |1566873269264 |[0, 0, 1, 0, 1, 1, 1, 1, 1, 1] |
|23 |   25 |  0.25 | 2500 |      f6 |      60 |    52.0 |    46.0 |   11,54 | 0,35 |1566873269566 |[0, 0, 1, 0, 1, 1, 1, 1, 1, 1] |
|24 |   25 |  0.25 | 2500 |      f6 |      60 |    52.0 |    52.0 |    0,00 | 0,31 |1566873269920 |[0, 0, 1, 0, 1, 1, 1, 1, 1, 1] |
|25 |   25 |  0.25 | 2500 |      f6 |      60 |    52.0 |    52.0 |    0,00 | 0,27 |1566873270231 |[0, 0, 1, 0, 1, 1, 1, 1, 1, 1] |
|26 |   25 |  0.25 | 2500 |      f6 |      60 |    52.0 |    52.0 |    0,00 | 0,26 |1566873270504 |[0, 0, 1, 0, 1, 1, 1, 1, 1, 1] |
|27 |   25 |  0.25 | 2500 |      f6 |      60 |    52.0 |    52.0 |    0,00 | 0,23 |1566873270766 |[0, 0, 1, 0, 1, 1, 1, 1, 1, 1] |
|28 |   25 |  0.25 | 2500 |      f6 |      60 |    52.0 |    52.0 |    0,00 | 0,26 |1566873271000 |[0, 0, 1, 0, 1, 1, 1, 1, 1, 1] |
|29 |   25 |  0.25 | 2500 |      f6 |      60 |    52.0 |    52.0 |    0,00 | 0,33 |1566873271261 |[0, 0, 1, 0, 1, 1, 1, 1, 1, 1] |
|30 |   25 |  0.25 | 2500 |      f6 |      60 |    52.0 |    52.0 |    0,00 | 0,29 |1566873271592 |[0, 0, 1, 0, 1, 1, 1, 1, 1, 1] |
|31 |   25 |  0.25 | 2500 |      f6 |      60 |    52.0 |    52.0 |    0,00 | 0,32 |1566873271886 |[0, 0, 1, 0, 1, 1, 1, 1, 1, 1] |
| 1 |   25 |   0.2 | 2500 |      f6 |      60 |    52.0 |    52.0 |    0,00 |-1,6e+09 |1592404882745 |[0.43041325, 0.1774919, 0.87347525, 0.6983717, 0.92935777, 0.07682866, 0.06493962, 0.8766015, 0.061462104, 0.9306651] |
| 1 |   25 |  0.32 | 2500 |      f6 |      60 |    52.0 |    52.0 |    0,00 |-1,6e+09 |1592486965338 |[0.29950356, 0.53541946, 0.89517707, 0.32508558, 0.83203584, 0.93708515, 0.50877136, 0.73748463, 0.91031873, 0.47667396] |
| 1 |   25 |  0.44 | 2500 |      f6 |      60 |    52.0 |    52.0 |    0,00 |-1,6e+09 |1592487169414 |[0.81607234, 0.28518677, 0.7440902, 0.4014321, 0.8668279, 0.8441345, 0.96703124, 0.31241012, 0.26148963, 0.5344776] |
| 1 |   25 |   0.4 | 2500 |      f6 |      60 |    52.0 |    52.0 |    0,00 |-1,6e+09 |1592488342213 |[0.62858605, 0.9806687, 0.2474078, 0.23799402, 0.35148615, 0.14225149, 0.86081976, 0.07879448, 0.02507633, 0.22500485] |
| 1 |   25 |  0.25 | 2500 |      f6 |      60 |    52.0 |    52.0 |    0,00 |-1,6e+09 |1592488342213 |[0.0, 0.0, 0.0, 0.0, 0.0, 0.0, 0.0, 0.0, 0.0, 0.0] |
| 1 |   25 |  0.25 | 2500 |      f6 |      60 |    52.0 |    52.0 |    0,00 |-1,6e+09 |1592488342213 |[0.0, 0.0, 0.0, 0.0, 0.0, 0.0, 0.0, 0.0, 0.0, 0.0] |
| 1 |   25 |  0.36 | 2500 |      f6 |      60 |    52.0 |    52.0 |    0,00 |-1,6e+09 |1592490674803 |[0.44469196, 0.97947174, 0.16694224, 0.23837811, 0.500208, 0.4572248, 0.09474319, 0.42070806, 0.11740279, 0.29785448] |
| 1 |   25 |  0.25 | 2500 |      f6 |      60 |    52.0 |    52.0 |    0,00 |-1,6e+09 |1592490674803 |[0.44469196, 0.97947174, 0.16694224, 0.23837811, 0.500208, 0.4572248, 0.09474319, 0.42070806, 0.11740279, 0.29785448] |
| 1 |   25 |  0.25 | 2500 |      f6 |      60 |    52.0 |    52.0 |    0,00 |-1,6e+09 |1592490674803 |[0.44469196, 0.97947174, 0.16694224, 0.23837811, 0.500208, 0.4572248, 0.09474319, 0.42070806, 0.11740279, 0.29785448] |
| 1 |   25 |  0.25 | 2500 |      f6 |      60 |    52.0 |    52.0 |    0,00 |-1,6e+09 |1592490674803 |[0.44469196, 0.97947174, 0.16694224, 0.23837811, 0.500208, 0.4572248, 0.09474319, 0.42070806, 0.11740279, 0.29785448] |
| 1 |   25 |  0.36 | 2500 |      f6 |      60 |    52.0 |    52.0 |    0,00 |-1,6e+09 |1592491378881 |[0.8718961, 0.8243564, 0.18231225, 0.7776502, 0.8911857, 0.89833057, 0.31522912, 0.9001516, 0.9624295, 0.17353123] |
| 1 |   25 |  0.25 | 2500 |      f6 |      60 |    52.0 |    52.0 |    0,00 |-1,6e+09 |1592491378881 |[0.8718961, 0.8243564, 0.18231225, 0.7776502, 0.8911857, 0.89833057, 0.31522912, 0.9001516, 0.9624295, 0.17353123] |
| 1 |   25 |  0.25 | 2500 |      f6 |      60 |    52.0 |    52.0 |    0,00 |-1,6e+09 |1592491378881 |[0.8718961, 0.8243564, 0.18231225, 0.7776502, 0.8911857, 0.89833057, 0.31522912, 0.9001516, 0.9624295, 0.17353123] |
| 1 |   25 |  0.25 | 2500 |      f6 |      60 |    52.0 |    52.0 |    0,00 |-1,6e+09 |1592491378881 |[0.8718961, 0.8243564, 0.18231225, 0.7776502, 0.8911857, 0.89833057, 0.31522912, 0.9001516, 0.9624295, 0.17353123] |
| 1 |   25 |  0.28 | 2500 |      f6 |      60 |    52.0 |    52.0 |    0,00 |-1,6e+09 |1592491820602 |[0.25119573, 0.4146073, 0.65523684, 0.112707496, 0.16431755, 0.5109705, 0.81828785, 0.36723208, 0.50043184, 0.31327802] |
| 1 |   25 |  0.25 | 2500 |      f6 |      60 |    52.0 |    52.0 |    0,00 |-1,6e+09 |1592491820602 |[0.25119573, 0.4146073, 0.65523684, 0.112707496, 0.16431755, 0.5109705, 0.81828785, 0.36723208, 0.50043184, 0.31327802] |
| 1 |   25 |  0.25 | 2500 |      f6 |      60 |    52.0 |    52.0 |    0,00 |-1,6e+09 |1592491820602 |[0.25119573, 0.4146073, 0.65523684, 0.112707496, 0.16431755, 0.5109705, 0.81828785, 0.36723208, 0.50043184, 0.31327802] |
| 1 |   25 |  0.32 | 2500 |      f6 |      60 |    52.0 |    52.0 |    0,00 |-1,6e+09 |1592491965190 |[0.62812567, 0.3435428, 0.12848812, 0.8376407, 0.056761563, 0.73494196, 0.9537308, 0.5765006, 0.3571605, 0.8986054] |
| 1 |   25 |  0.25 | 2500 |      f6 |      60 |    52.0 |    52.0 |    0,00 |-1,6e+09 |1592491965190 |[0.62812567, 0.3435428, 0.12848812, 0.8376407, 0.056761563, 0.73494196, 0.9537308, 0.5765006, 0.3571605, 0.8986054] |
| 1 |   25 |  0.25 | 2500 |      f6 |      60 |    52.0 |    52.0 |    0,00 |-1,6e+09 |1592491965190 |[0.62812567, 0.3435428, 0.12848812, 0.8376407, 0.056761563, 0.73494196, 0.9537308, 0.5765006, 0.3571605, 0.8986054] |
| 1 |   25 |  0.25 | 2500 |      f6 |      60 |    52.0 |    52.0 |    0,00 |-1,6e+09 |1592491965190 |[0.62812567, 0.3435428, 0.12848812, 0.8376407, 0.056761563, 0.73494196, 0.9537308, 0.5765006, 0.3571605, 0.8986054] |
| 1 |   25 |  0.44 | 2500 |      f6 |      60 |    52.0 |    52.0 |    0,00 |0,063 |1592492740008 |[0.82999784, 0.5454016, 0.22902429, 0.47977704, 0.7035918, 0.47654843, 0.87837845, 0.63750154, 0.80193746, 0.5990749] |
| 1 |   25 |  0.25 | 2500 |      f6 |      60 |    52.0 |    52.0 |    0,00 | 0,13 |1592492740008 |[0.82999784, 0.5454016, 0.22902429, 0.47977704, 0.7035918, 0.47654843, 0.87837845, 0.63750154, 0.80193746, 0.5990749] |
| 1 |   25 |  0.25 | 2500 |      f6 |      60 |    52.0 |    52.0 |    0,00 | 0,19 |1592492740008 |[0.82999784, 0.5454016, 0.22902429, 0.47977704, 0.7035918, 0.47654843, 0.87837845, 0.63750154, 0.80193746, 0.5990749] |
| 1 |   25 |  0.25 | 2500 |      f6 |      60 |    52.0 |    52.0 |    0,00 | 0,25 |1592492740008 |[0.82999784, 0.5454016, 0.22902429, 0.47977704, 0.7035918, 0.47654843, 0.87837845, 0.63750154, 0.80193746, 0.5990749] |
| 1 |   25 |  0.32 | 2500 |      f6 |      60 |    52.0 |    52.0 |    0,00 |0,061 |1592493275401 |[0.0, 0.0, 0.0, 0.0, 0.0, 0.0, 0.0, 0.0, 0.0, 0.0] |
| 1 |   25 |  0.25 | 2500 |      f6 |      60 |    52.0 |    52.0 |    0,00 | 0,12 |1592493275401 |[0.0, 0.0, 0.0, 0.0, 0.0, 0.0, 0.0, 0.0, 0.0, 0.0] |
| 1 |   25 |  0.25 | 2500 |      f6 |      60 |    52.0 |    52.0 |    0,00 | 0,18 |1592493275401 |[0.0, 0.0, 0.0, 0.0, 0.0, 0.0, 0.0, 0.0, 0.0, 0.0] |
| 1 |   25 |  0.32 | 2500 |      f6 |      60 |    52.0 |    52.0 |    0,00 |0,063 |1592493584936 |[0.13262218, 0.42892265, 0.82436657, 0.05932468, 0.9030796, 0.39265, 0.16875494, 0.9737489, 0.72375864, 0.75941306] |
| 1 |   25 |  0.25 | 2500 |      f6 |      60 |    52.0 |    52.0 |    0,00 | 0,13 |1592493584936 |[0.13262218, 0.42892265, 0.82436657, 0.05932468, 0.9030796, 0.39265, 0.16875494, 0.9737489, 0.72375864, 0.75941306] |
| 1 |   25 |  0.25 | 2500 |      f6 |      60 |    52.0 |    52.0 |    0,00 | 0,20 |1592493584936 |[0.13262218, 0.42892265, 0.82436657, 0.05932468, 0.9030796, 0.39265, 0.16875494, 0.9737489, 0.72375864, 0.75941306] |
| 1 |   25 |  0.25 | 2500 |      f6 |      60 |    52.0 |    52.0 |    0,00 | 0,27 |1592493584936 |[0.13262218, 0.42892265, 0.82436657, 0.05932468, 0.9030796, 0.39265, 0.16875494, 0.9737489, 0.72375864, 0.75941306] |
| 1 |   25 |  0.32 | 2500 |      f6 |      60 |    52.0 |    52.0 |    0,00 |0,062 |1592493826529 |[0.34979057, 0.8320407, 0.29610837, 0.7203831, 0.096648216, 0.10706931, 0.19136304, 0.1962741, 0.08103162, 0.7065573] |
| 1 |   25 |  0.25 | 2500 |      f6 |      60 |    52.0 |    52.0 |    0,00 | 0,13 |1592493826529 |[0.34979057, 0.8320407, 0.29610837, 0.7203831, 0.096648216, 0.10706931, 0.19136304, 0.1962741, 0.08103162, 0.7065573] |
| 1 |   25 |  0.25 | 2500 |      f6 |      60 |    52.0 |    52.0 |    0,00 | 0,19 |1592493826529 |[0.34979057, 0.8320407, 0.29610837, 0.7203831, 0.096648216, 0.10706931, 0.19136304, 0.1962741, 0.08103162, 0.7065573] |
| 1 |   25 |  0.25 | 2500 |      f6 |      60 |    52.0 |    52.0 |    0,00 | 0,25 |1592493826529 |[0.34979057, 0.8320407, 0.29610837, 0.7203831, 0.096648216, 0.10706931, 0.19136304, 0.1962741, 0.08103162, 0.7065573] |
| 1 |   25 |  0.25 | 2500 |      f6 |      60 |    52.0 |    52.0 |    0,00 | 0,31 |1592493826529 |[0.34979057, 0.8320407, 0.29610837, 0.7203831, 0.096648216, 0.10706931, 0.19136304, 0.1962741, 0.08103162, 0.7065573] |
| 1 |   25 |  0.25 | 2500 |      f6 |      60 |    52.0 |    52.0 |    0,00 | 0,38 |1592493826529 |[0.34979057, 0.8320407, 0.29610837, 0.7203831, 0.096648216, 0.10706931, 0.19136304, 0.1962741, 0.08103162, 0.7065573] |
| 1 |   25 |  0.25 | 2500 |      f6 |      60 |    52.0 |    52.0 |    0,00 | 0,44 |1592493826529 |[0.34979057, 0.8320407, 0.29610837, 0.7203831, 0.096648216, 0.10706931, 0.19136304, 0.1962741, 0.08103162, 0.7065573] |
| 1 |   25 |  0.25 | 2500 |      f6 |      60 |    52.0 |    52.0 |    0,00 | 0,50 |1592493826529 |[0.34979057, 0.8320407, 0.29610837, 0.7203831, 0.096648216, 0.10706931, 0.19136304, 0.1962741, 0.08103162, 0.7065573] |
| 1 |   25 |  0.25 | 2500 |      f6 |      60 |    52.0 |    52.0 |    0,00 | 0,56 |1592493826529 |[0.34979057, 0.8320407, 0.29610837, 0.7203831, 0.096648216, 0.10706931, 0.19136304, 0.1962741, 0.08103162, 0.7065573] |
| 1 |   25 |  0.25 | 2500 |      f6 |      60 |    52.0 |    52.0 |    0,00 | 0,62 |1592493826529 |[0.34979057, 0.8320407, 0.29610837, 0.7203831, 0.096648216, 0.10706931, 0.19136304, 0.1962741, 0.08103162, 0.7065573] |
| 1 |   25 |  0.25 | 2500 |      f6 |      60 |    52.0 |    52.0 |    0,00 | 0,69 |1592493826529 |[0.34979057, 0.8320407, 0.29610837, 0.7203831, 0.096648216, 0.10706931, 0.19136304, 0.1962741, 0.08103162, 0.7065573] |
| 1 |   25 |  0.25 | 2500 |      f6 |      60 |    52.0 |    52.0 |    0,00 | 0,75 |1592493826529 |[0.34979057, 0.8320407, 0.29610837, 0.7203831, 0.096648216, 0.10706931, 0.19136304, 0.1962741, 0.08103162, 0.7065573] |
| 1 |   25 |  0.25 | 2500 |      f6 |      60 |    52.0 |    52.0 |    0,00 | 0,78 |1592493826529 |[0.34979057, 0.8320407, 0.29610837, 0.7203831, 0.096648216, 0.10706931, 0.19136304, 0.1962741, 0.08103162, 0.7065573] |
| 2 |   25 |  0.45 | 2500 |      f6 |      60 |    52.0 |    52.0 |    0,00 |0,060 |1592493827311 |[0.12946081, 0.079717636, 0.9860665, 0.004211843, 0.9598456, 0.16083544, 0.1179381, 0.8790879, 0.96646655, 0.383681] |
| 2 |   25 |  0.25 | 2500 |      f6 |      60 |    52.0 |    52.0 |    0,00 | 0,12 |1592493827311 |[0.12946081, 0.079717636, 0.9860665, 0.004211843, 0.9598456, 0.16083544, 0.1179381, 0.8790879, 0.96646655, 0.383681] |
| 2 |   25 |  0.25 | 2500 |      f6 |      60 |    52.0 |    52.0 |    0,00 | 0,18 |1592493827311 |[0.12946081, 0.079717636, 0.9860665, 0.004211843, 0.9598456, 0.16083544, 0.1179381, 0.8790879, 0.96646655, 0.383681] |
| 2 |   25 |  0.25 | 2500 |      f6 |      60 |    52.0 |    52.0 |    0,00 | 0,25 |1592493827311 |[0.12946081, 0.079717636, 0.9860665, 0.004211843, 0.9598456, 0.16083544, 0.1179381, 0.8790879, 0.96646655, 0.383681] |
| 1 |   25 |   0.4 | 2500 |      f6 |      60 |    52.0 |    52.0 |    0,00 |0,063 |1592493880336 |[0.8660517, 0.119683206, 0.3458488, 0.473127, 0.5869641, 0.032932818, 0.3618459, 0.8138402, 0.6901895, 0.49949396] |
| 1 |   25 |   0.1 | 2500 |      f6 |      60 |    52.0 |    52.0 |    0,00 | 0,13 |1592493880336 |[0.8660517, 0.119683206, 0.3458488, 0.473127, 0.5869641, 0.032932818, 0.3618459, 0.8138402, 0.6901895, 0.49949396] |
| 1 |   25 |  0.25 | 2500 |      f6 |      60 |    52.0 |    52.0 |    0,00 | 0,19 |1592493880336 |[0.8660517, 0.119683206, 0.3458488, 0.473127, 0.5869641, 0.032932818, 0.3618459, 0.8138402, 0.6901895, 0.49949396] |
| 1 |   25 |   0.2 | 2500 |      f6 |      60 |    52.0 |    52.0 |    0,00 |0,063 |1592493969581 |[0.90312815, 0.8796455, 0.17977983, 0.27842432, 0.23386443, 0.23112816, 0.27893102, 0.7272269, 0.41693616, 0.48399568] |
| 1 |   25 |  0.25 | 2500 |      f6 |      60 |    52.0 |    52.0 |    0,00 | 0,13 |1592493969581 |[0.90312815, 0.8796455, 0.17977983, 0.27842432, 0.23386443, 0.23112816, 0.27893102, 0.7272269, 0.41693616, 0.48399568] |
| 1 |   25 |  0.25 | 2500 |      f6 |      60 |    52.0 |    52.0 |    0,00 | 0,19 |1592493969581 |[0.90312815, 0.8796455, 0.17977983, 0.27842432, 0.23386443, 0.23112816, 0.27893102, 0.7272269, 0.41693616, 0.48399568] |
| 1 |   25 |  0.25 | 2500 |      f6 |      60 |    52.0 |    52.0 |    0,00 | 0,25 |1592493969581 |[0.90312815, 0.8796455, 0.17977983, 0.27842432, 0.23386443, 0.23112816, 0.27893102, 0.7272269, 0.41693616, 0.48399568] |
| 1 |   25 |  0.25 | 2500 |      f6 |      60 |    52.0 |    52.0 |    0,00 | 0,32 |1592493969581 |[0.90312815, 0.8796455, 0.17977983, 0.27842432, 0.23386443, 0.23112816, 0.27893102, 0.7272269, 0.41693616, 0.48399568] |
| 1 |   25 |  0.25 | 2500 |      f6 |      60 |    52.0 |    52.0 |    0,00 | 0,38 |1592493969581 |[0.90312815, 0.8796455, 0.17977983, 0.27842432, 0.23386443, 0.23112816, 0.27893102, 0.7272269, 0.41693616, 0.48399568] |
| 1 |   25 |  0.25 | 2500 |      f6 |      60 |    52.0 |    52.0 |    0,00 | 0,45 |1592493969581 |[0.90312815, 0.8796455, 0.17977983, 0.27842432, 0.23386443, 0.23112816, 0.27893102, 0.7272269, 0.41693616, 0.48399568] |
| 1 |   25 |  0.25 | 2500 |      f6 |      60 |    52.0 |    52.0 |    0,00 | 0,51 |1592493969581 |[0.90312815, 0.8796455, 0.17977983, 0.27842432, 0.23386443, 0.23112816, 0.27893102, 0.7272269, 0.41693616, 0.48399568] |
| 1 |   25 |  0.25 | 2500 |      f6 |      60 |    52.0 |    52.0 |    0,00 | 0,57 |1592493969581 |[0.90312815, 0.8796455, 0.17977983, 0.27842432, 0.23386443, 0.23112816, 0.27893102, 0.7272269, 0.41693616, 0.48399568] |
| 1 |   25 |  0.25 | 2500 |      f6 |      60 |    52.0 |    52.0 |    0,00 | 0,64 |1592493969581 |[0.90312815, 0.8796455, 0.17977983, 0.27842432, 0.23386443, 0.23112816, 0.27893102, 0.7272269, 0.41693616, 0.48399568] |
| 1 |   25 |  0.25 | 2500 |      f6 |      60 |    52.0 |    52.0 |    0,00 | 0,70 |1592493969581 |[0.90312815, 0.8796455, 0.17977983, 0.27842432, 0.23386443, 0.23112816, 0.27893102, 0.7272269, 0.41693616, 0.48399568] |
| 1 |   25 |  0.25 | 2500 |      f6 |      60 |    52.0 |    52.0 |    0,00 | 0,77 |1592493969581 |[0.90312815, 0.8796455, 0.17977983, 0.27842432, 0.23386443, 0.23112816, 0.27893102, 0.7272269, 0.41693616, 0.48399568] |
| 1 |   25 |  0.25 | 2500 |      f6 |      60 |    52.0 |    52.0 |    0,00 | 0,80 |1592493969581 |[0.90312815, 0.8796455, 0.17977983, 0.27842432, 0.23386443, 0.23112816, 0.27893102, 0.7272269, 0.41693616, 0.48399568] |
| 2 |   25 |  0.28 | 2500 |      f6 |      60 |    52.0 |    52.0 |    0,00 |0,060 |1592493970380 |[0.24693435, 0.75445646, 0.98162824, 0.4636283, 0.8220081, 0.44413656, 0.9492876, 0.57529473, 0.16753632, 0.33521134] |
| 2 |   25 |   0.1 | 2500 |      f6 |      60 |    52.0 |    52.0 |    0,00 | 0,12 |1592493970380 |[0.24693435, 0.75445646, 0.98162824, 0.4636283, 0.8220081, 0.44413656, 0.9492876, 0.57529473, 0.16753632, 0.33521134] |
| 2 |   25 |  0.25 | 2500 |      f6 |      60 |    52.0 |    52.0 |    0,00 | 0,19 |1592493970380 |[0.24693435, 0.75445646, 0.98162824, 0.4636283, 0.8220081, 0.44413656, 0.9492876, 0.57529473, 0.16753632, 0.33521134] |
| 2 |   25 |  0.25 | 2500 |      f6 |      60 |    52.0 |    52.0 |    0,00 | 0,25 |1592493970380 |[0.24693435, 0.75445646, 0.98162824, 0.4636283, 0.8220081, 0.44413656, 0.9492876, 0.57529473, 0.16753632, 0.33521134] |
| 1 |   25 |  0.36 | 2500 |      f6 |      60 |    52.0 |    52.0 |    0,00 |0,062 |1592494019822 |[0.62468505, 0.9541422, 0.48066735, 0.48549616, 0.4274063, 0.31908107, 0.20067853, 0.034639657, 0.77985907, 0.25189966] |
| 1 |   25 |  0.25 | 2500 |      f6 |      60 |    52.0 |    52.0 |    0,00 | 0,12 |1592494019822 |[0.62468505, 0.9541422, 0.48066735, 0.48549616, 0.4274063, 0.31908107, 0.20067853, 0.034639657, 0.77985907, 0.25189966] |
| 1 |   25 |  0.25 | 2500 |      f6 |      60 |    52.0 |    52.0 |    0,00 | 0,19 |1592494019822 |[0.62468505, 0.9541422, 0.48066735, 0.48549616, 0.4274063, 0.31908107, 0.20067853, 0.034639657, 0.77985907, 0.25189966] |
| 1 |   25 |  0.25 | 2500 |      f6 |      60 |    52.0 |    52.0 |    0,00 | 0,25 |1592494019822 |[0.62468505, 0.9541422, 0.48066735, 0.48549616, 0.4274063, 0.31908107, 0.20067853, 0.034639657, 0.77985907, 0.25189966] |
| 1 |   25 |  0.25 | 2500 |      f6 |      60 |    52.0 |    52.0 |    0,00 | 0,31 |1592494019822 |[0.62468505, 0.9541422, 0.48066735, 0.48549616, 0.4274063, 0.31908107, 0.20067853, 0.034639657, 0.77985907, 0.25189966] |
| 1 |   25 |  0.25 | 2500 |      f6 |      60 |    52.0 |    52.0 |    0,00 | 0,37 |1592494019822 |[0.62468505, 0.9541422, 0.48066735, 0.48549616, 0.4274063, 0.31908107, 0.20067853, 0.034639657, 0.77985907, 0.25189966] |
| 1 |   25 |  0.25 | 2500 |      f6 |      60 |    52.0 |    52.0 |    0,00 | 0,44 |1592494019822 |[0.62468505, 0.9541422, 0.48066735, 0.48549616, 0.4274063, 0.31908107, 0.20067853, 0.034639657, 0.77985907, 0.25189966] |
| 1 |   25 |  0.25 | 2500 |      f6 |      60 |    52.0 |    52.0 |    0,00 | 0,50 |1592494019822 |[0.62468505, 0.9541422, 0.48066735, 0.48549616, 0.4274063, 0.31908107, 0.20067853, 0.034639657, 0.77985907, 0.25189966] |
| 1 |   25 |  0.25 | 2500 |      f6 |      60 |    52.0 |    52.0 |    0,00 | 0,56 |1592494019822 |[0.62468505, 0.9541422, 0.48066735, 0.48549616, 0.4274063, 0.31908107, 0.20067853, 0.034639657, 0.77985907, 0.25189966] |
| 1 |   25 |  0.25 | 2500 |      f6 |      60 |    52.0 |    52.0 |    0,00 | 0,62 |1592494019822 |[0.62468505, 0.9541422, 0.48066735, 0.48549616, 0.4274063, 0.31908107, 0.20067853, 0.034639657, 0.77985907, 0.25189966] |
| 1 |   25 |  0.25 | 2500 |      f6 |      60 |    52.0 |    52.0 |    0,00 | 0,68 |1592494019822 |[0.62468505, 0.9541422, 0.48066735, 0.48549616, 0.4274063, 0.31908107, 0.20067853, 0.034639657, 0.77985907, 0.25189966] |
| 1 |   25 |  0.25 | 2500 |      f6 |      60 |    52.0 |    52.0 |    0,00 | 0,75 |1592494019822 |[0.62468505, 0.9541422, 0.48066735, 0.48549616, 0.4274063, 0.31908107, 0.20067853, 0.034639657, 0.77985907, 0.25189966] |
| 1 |   25 |  0.25 | 2500 |      f6 |      60 |    52.0 |    52.0 |    0,00 | 0,78 |1592494019822 |[0.62468505, 0.9541422, 0.48066735, 0.48549616, 0.4274063, 0.31908107, 0.20067853, 0.034639657, 0.77985907, 0.25189966] |
| 2 |   25 |  0.45 | 2500 |      f6 |      60 |    52.0 |    52.0 |    0,00 |0,061 |1592494020603 |[0.0, 0.0, 0.0, 0.0, 0.0, 0.0, 0.0, 0.0, 0.0, 0.0] |
| 2 |   25 |  0.25 | 2500 |      f6 |      60 |    52.0 |    52.0 |    0,00 | 0,12 |1592494020603 |[0.0, 0.0, 0.0, 0.0, 0.0, 0.0, 0.0, 0.0, 0.0, 0.0] |
| 2 |   25 |  0.25 | 2500 |      f6 |      60 |    52.0 |    52.0 |    0,00 | 0,19 |1592494020603 |[0.0, 0.0, 0.0, 0.0, 0.0, 0.0, 0.0, 0.0, 0.0, 0.0] |
| 2 |   25 |  0.25 | 2500 |      f6 |      60 |    52.0 |    52.0 |    0,00 | 0,25 |1592494020603 |[0.0, 0.0, 0.0, 0.0, 0.0, 0.0, 0.0, 0.0, 0.0, 0.0] |
| 1 |   25 |  0.32 | 2500 |      f6 |      60 |    52.0 |    52.0 |    0,00 |0,061 |1592494062525 |[0.6858372, 0.09568721, 0.12252784, 0.43723327, 0.8741003, 0.6419294, 0.82671016, 0.55001044, 0.28297108, 0.9414583] |
| 1 |   25 |  0.25 | 2500 |      f6 |      60 |    52.0 |    52.0 |    0,00 | 0,12 |1592494062525 |[0.6858372, 0.09568721, 0.12252784, 0.43723327, 0.8741003, 0.6419294, 0.82671016, 0.55001044, 0.28297108, 0.9414583] |
| 1 |   25 |  0.25 | 2500 |      f6 |      60 |    52.0 |    52.0 |    0,00 | 0,19 |1592494062525 |[0.6858372, 0.09568721, 0.12252784, 0.43723327, 0.8741003, 0.6419294, 0.82671016, 0.55001044, 0.28297108, 0.9414583] |
| 1 |   25 |  0.25 | 2500 |      f6 |      60 |    52.0 |    52.0 |    0,00 | 0,25 |1592494062525 |[0.6858372, 0.09568721, 0.12252784, 0.43723327, 0.8741003, 0.6419294, 0.82671016, 0.55001044, 0.28297108, 0.9414583] |
| 1 |   25 |  0.32 | 2500 |      f6 |      60 |    52.0 |    52.0 |    0,00 |0,064 |1592494804651 |[0.5559206, 0.65974987, 0.23809177, 0.5141871, 0.99664545, 0.7271644, 0.9910868, 0.5563842, 0.41616094, 0.19831008] |
| 1 |   25 |  0.25 | 2500 |      f6 |      60 |    52.0 |    52.0 |    0,00 | 0,13 |1592494804651 |[0.5559206, 0.65974987, 0.23809177, 0.5141871, 0.99664545, 0.7271644, 0.9910868, 0.5563842, 0.41616094, 0.19831008] |
| 1 |   25 |  0.25 | 2500 |      f6 |      60 |    52.0 |    52.0 |    0,00 | 0,19 |1592494804651 |[0.5559206, 0.65974987, 0.23809177, 0.5141871, 0.99664545, 0.7271644, 0.9910868, 0.5563842, 0.41616094, 0.19831008] |
| 1 |   25 |  0.25 | 2500 |      f6 |      60 |    52.0 |    52.0 |    0,00 | 0,26 |1592494804651 |[0.5559206, 0.65974987, 0.23809177, 0.5141871, 0.99664545, 0.7271644, 0.9910868, 0.5563842, 0.41616094, 0.19831008] |
| 1 |   25 |  0.45 | 2500 |      f6 |      60 |    52.0 |    52.0 |    0,00 |0,059 |1592494807506 |[0.98818004, 0.7679133, 0.49024367, 0.26885813, 0.500468, 0.59109795, 0.21434057, 0.06094539, 0.20112348, 0.9010843] |
| 1 |   25 |  0.25 | 2500 |      f6 |      60 |    52.0 |    52.0 |    0,00 | 0,12 |1592494807506 |[0.98818004, 0.7679133, 0.49024367, 0.26885813, 0.500468, 0.59109795, 0.21434057, 0.06094539, 0.20112348, 0.9010843] |
| 1 |   25 |  0.25 | 2500 |      f6 |      60 |    52.0 |    52.0 |    0,00 | 0,18 |1592494807506 |[0.98818004, 0.7679133, 0.49024367, 0.26885813, 0.500468, 0.59109795, 0.21434057, 0.06094539, 0.20112348, 0.9010843] |
| 1 |   25 |  0.25 | 2500 |      f6 |      60 |    52.0 |    52.0 |    0,00 | 0,25 |1592494807506 |[0.98818004, 0.7679133, 0.49024367, 0.26885813, 0.500468, 0.59109795, 0.21434057, 0.06094539, 0.20112348, 0.9010843] |
| 1 |   25 |  0.25 | 2500 |      f6 |      60 |    52.0 |    52.0 |    0,00 |0,0010 |1592496222886 |[0.39888537, 0.36959648, 0.6172021, 0.94881326, 0.7921692, 0.4802993, 0.3274064, 0.26373237, 0.4966883, 0.7970376] |
| 2 |   25 |  0.25 | 2500 |      f6 |      60 |    52.0 |    52.0 |    0,00 |0,0050 |1592496222888 |[0.2492969, 0.6557067, 0.11240411, 0.6088433, 0.7253115, 0.2823776, 0.023504913, 0.8195838, 0.892685, 0.5026598] |
| 3 |   25 |  0.25 | 2500 |      f6 |      60 |    52.0 |    52.0 |    0,00 |0,0010 |1592496222894 |[0.4296804, 0.2905295, 0.7813431, 0.7227219, 0.7441586, 0.7231928, 0.5803341, 0.8015337, 0.9414677, 0.82551426] |
| 4 |   25 |  0.25 | 2500 |      f6 |      60 |    52.0 |    52.0 |    0,00 |0,0010 |1592496222896 |[0.2793044, 0.2838171, 0.9505671, 0.20503843, 0.45305198, 0.26038235, 0.9575889, 0.05825752, 0.93579316, 0.8867267] |
| 5 |   25 |  0.25 | 2500 |      f6 |      60 |    52.0 |    52.0 |    0,00 |0,0010 |1592496222897 |[0.4153797, 0.44139767, 0.66833794, 0.5893831, 0.34056622, 0.20723408, 0.7704653, 0.54741216, 0.6464504, 0.025722325] |
| 6 |   25 |  0.25 | 2500 |      f6 |      60 |    52.0 |    52.0 |    0,00 |0,0010 |1592496222899 |[0.6241335, 0.37919557, 0.07878876, 0.44676173, 0.74210817, 0.72049713, 0.6264742, 0.7388824, 0.545397, 0.072653234] |
| 7 |   25 |  0.25 | 2500 |      f6 |      60 |    52.0 |    52.0 |    0,00 |0,0010 |1592496222900 |[0.58473766, 0.7338215, 0.5106391, 0.7267114, 0.34645712, 0.3840155, 0.7182346, 0.08907372, 0.0048012137, 0.47260588] |
| 8 |   25 |  0.25 | 2500 |      f6 |      60 |    52.0 |    52.0 |    0,00 |0,0010 |1592496222901 |[0.39128733, 0.958184, 0.72710025, 0.010765195, 0.28887415, 0.953458, 0.740468, 0.14166957, 0.7151869, 0.34304297] |
| 9 |   25 |  0.25 | 2500 |      f6 |      60 |    52.0 |    52.0 |    0,00 |  0,0 |1592496222903 |[0.11103487, 0.14093453, 0.028953075, 0.8661504, 0.771423, 0.15965605, 0.4395265, 0.003923714, 0.999963, 0.6827584] |
|10 |   25 |  0.25 | 2500 |      f6 |      60 |    52.0 |    52.0 |    0,00 |0,0010 |1592496222904 |[0.007188022, 0.70265514, 0.9017208, 0.22575402, 0.1507206, 0.269987, 0.56608, 0.34217525, 0.667049, 0.011965096] |
|11 |   25 |  0.25 | 2500 |      f6 |      60 |    52.0 |    52.0 |    0,00 |0,0010 |1592496222905 |[0.5518334, 0.6262558, 0.111762464, 0.62879854, 0.75926244, 0.9763801, 0.1911124, 0.2687047, 0.20329237, 0.04203254] |
|12 |   25 |  0.25 | 2500 |      f6 |      60 |    52.0 |    52.0 |    0,00 |0,0010 |1592496222906 |[0.27510452, 0.91038144, 0.621373, 0.5001111, 0.14932525, 0.9045038, 0.062411964, 0.36373144, 0.16024625, 0.51176405] |
|13 |   25 |  0.25 | 2500 |      f6 |      60 |    52.0 |    52.0 |    0,00 |0,0010 |1592496222907 |[0.69143724, 0.22831678, 0.0021293163, 0.5012979, 0.3527308, 0.8627487, 0.5838293, 0.122641146, 0.8874136, 0.724745] |
|14 |   25 |  0.25 | 2500 |      f6 |      60 |    52.0 |    52.0 |    0,00 |0,0010 |1592496222909 |[0.44158906, 0.9634015, 0.868968, 0.763477, 0.6213048, 0.3936047, 0.27497154, 0.36694127, 0.14306068, 0.44806677] |
|15 |   25 |  0.25 | 2500 |      f6 |      60 |    52.0 |    52.0 |    0,00 |0,0040 |1592496222910 |[0.5353317, 0.43025285, 0.7003644, 0.05362898, 0.8313295, 0.8401856, 0.10278481, 0.04171902, 0.5132358, 0.18058175] |
| 1 |   25 |  0.25 | 2500 |      f6 |      60 |    52.0 |    52.0 |    0,00 |0,0010 |1592496330419 |[0.382389, 0.90814763, 0.45899957, 0.5858877, 0.34544635, 0.64571244, 0.050659776, 0.4749418, 0.41748917, 0.834505] |
| 2 |   25 |  0.25 | 2500 |      f6 |      60 |    52.0 |    52.0 |    0,00 |0,0010 |1592496330421 |[0.39138484, 0.018598795, 0.45735413, 0.36881799, 0.13976765, 0.4498769, 0.67154956, 0.17152762, 0.26909488, 0.040783286] |
| 3 |   25 |  0.25 | 2500 |      f6 |      60 |    52.0 |    52.0 |    0,00 |  0,0 |1592496330422 |[0.442967, 0.71738154, 0.36349708, 0.030183256, 0.5282822, 0.2827291, 0.36580473, 0.21605527, 0.022134602, 0.7986865] |
| 4 |   25 |  0.25 | 2500 |      f6 |      60 |    52.0 |    52.0 |    0,00 |0,0010 |1592496330423 |[0.88716054, 0.74191827, 0.61510575, 0.47045124, 5.722642E-4, 0.485332, 0.12676316, 0.7973669, 0.33459038, 0.48901427] |
| 5 |   25 |  0.25 | 2500 |      f6 |      60 |    52.0 |    52.0 |    0,00 |0,0010 |1592496330424 |[0.53408635, 0.19085926, 0.46087295, 0.31061852, 0.94876283, 0.36213094, 0.8355714, 0.17769295, 0.12317628, 0.07454258] |
| 6 |   25 |  0.25 | 2500 |      f6 |      60 |    52.0 |    52.0 |    0,00 |0,0010 |1592496330425 |[0.6447508, 0.7891192, 0.8057907, 0.13195813, 0.48777312, 0.053353727, 0.06476313, 0.1549995, 0.4238444, 0.6180569] |
| 7 |   25 |  0.25 | 2500 |      f6 |      60 |    52.0 |    52.0 |    0,00 |0,0010 |1592496330426 |[0.17948395, 0.30538833, 0.9959922, 0.56853354, 0.11676639, 0.21289665, 0.019571722, 0.9351783, 0.80395764, 0.85718596] |
| 8 |   25 |  0.25 | 2500 |      f6 |      60 |    52.0 |    52.0 |    0,00 |0,0010 |1592496330428 |[0.4479007, 0.57305896, 0.5451636, 0.9336826, 0.68521434, 0.16107637, 0.23764646, 0.9934509, 0.063619316, 0.8850275] |
| 9 |   25 |  0.25 | 2500 |      f6 |      60 |    52.0 |    52.0 |    0,00 |0,0010 |1592496330429 |[0.6823976, 0.85297406, 0.5974269, 0.6321131, 0.51284945, 0.5608525, 0.1558221, 0.89035046, 0.96310234, 0.24577677] |
|10 |   25 |  0.25 | 2500 |      f6 |      60 |    52.0 |    52.0 |    0,00 |0,0010 |1592496330430 |[0.6730088, 0.12782735, 0.6354531, 0.44494796, 0.32994056, 0.4233703, 0.2719853, 0.7999945, 0.7012552, 0.062369704] |
|11 |   25 |  0.25 | 2500 |      f6 |      60 |    52.0 |    52.0 |    0,00 |0,0010 |1592496330431 |[0.3962291, 0.26626468, 0.38008034, 0.13452703, 0.005885303, 0.08424282, 0.17401862, 0.9588507, 0.44108742, 0.10071075] |
|12 |   25 |  0.25 | 2500 |      f6 |      60 |    52.0 |    52.0 |    0,00 |0,0030 |1592496330432 |[0.65789235, 0.77461463, 0.860254, 0.8509264, 0.3990863, 0.271559, 0.97433424, 0.15932423, 0.054867446, 0.036215544] |
|13 |   25 |  0.25 | 2500 |      f6 |      60 |    52.0 |    52.0 |    0,00 |  0,0 |1592496330436 |[0.8815252, 0.7254243, 0.53135103, 0.22940928, 0.5770652, 0.6421031, 0.82213503, 0.90031123, 0.20674258, 0.6554857] |
|14 |   25 |  0.25 | 2500 |      f6 |      60 |    52.0 |    52.0 |    0,00 |  0,0 |1592496330437 |[0.15346318, 0.7783737, 0.8618966, 0.722861, 0.11345905, 0.34395343, 0.7392153, 0.8067776, 0.59689856, 0.70747095] |
|15 |   25 |  0.25 | 2500 |      f6 |      60 |    52.0 |    52.0 |    0,00 |0,0010 |1592496330437 |[0.7283702, 0.11148316, 0.24461359, 0.84137845, 0.44227505, 0.8402684, 0.5218777, 0.97433656, 0.41680545, 0.5493251] |
| 1 |   25 |  0.25 | 2500 |      f6 |      60 |    52.0 |    52.0 |    0,00 |0,0010 |1592496345711 |[0.40002298, 0.111628056, 0.103943884, 0.32166797, 0.2713793, 0.9733248, 0.08135694, 0.72737336, 0.77837676, 0.5366342] |
| 2 |   25 |  0.25 | 2500 |      f6 |      60 |    52.0 |    52.0 |    0,00 |0,0020 |1592496345712 |[0.85223883, 0.5204667, 0.77537584, 0.39923793, 0.53201944, 0.18314475, 0.09240323, 0.44380575, 0.29861474, 0.35771817] |
| 3 |   25 |  0.25 | 2500 |      f6 |      60 |    52.0 |    52.0 |    0,00 |0,0020 |1592496345714 |[0.3873483, 0.116786, 0.97939324, 0.78660464, 0.16929102, 0.28322852, 0.7267892, 0.4757443, 0.26412082, 0.50143385] |
| 4 |   25 |  0.25 | 2500 |      f6 |      60 |    52.0 |    52.0 |    0,00 |0,0010 |1592496345716 |[0.32918632, 0.08970237, 0.9007457, 0.6123253, 0.85080314, 0.8181343, 0.37829888, 0.18715805, 0.963096, 0.14903241] |
| 5 |   25 |  0.25 | 2500 |      f6 |      60 |    52.0 |    52.0 |    0,00 |  0,0 |1592496345718 |[0.025574923, 0.2945832, 0.42632425, 0.99489444, 0.23847795, 0.37468845, 0.22083682, 0.91886175, 0.9400694, 0.48935205] |
| 6 |   25 |  0.25 | 2500 |      f6 |      60 |    52.0 |    52.0 |    0,00 |0,0010 |1592496345719 |[0.11426294, 0.5877259, 0.0887894, 0.40528637, 0.98262554, 0.54289293, 0.9561085, 0.62774396, 0.55274034, 0.7791816] |
| 7 |   25 |  0.25 | 2500 |      f6 |      60 |    52.0 |    52.0 |    0,00 |0,0010 |1592496345720 |[0.577077, 0.52829814, 0.14758813, 0.32468706, 0.15771526, 0.058783233, 0.86603737, 0.38538033, 0.9568335, 0.21721435] |
| 8 |   25 |  0.25 | 2500 |      f6 |      60 |    52.0 |    52.0 |    0,00 |0,0010 |1592496345721 |[0.008835256, 0.8250025, 0.31319612, 0.08417797, 0.7842955, 0.9274322, 0.86337733, 0.38598114, 0.4904421, 0.20839065] |
| 9 |   25 |  0.25 | 2500 |      f6 |      60 |    52.0 |    52.0 |    0,00 |0,0010 |1592496345723 |[0.9527202, 0.03626448, 0.86628914, 0.52786046, 0.9209974, 0.8507319, 0.8344518, 0.34668338, 0.9903175, 0.038374186] |
|10 |   25 |  0.25 | 2500 |      f6 |      60 |    52.0 |    52.0 |    0,00 |0,0010 |1592496345724 |[0.9103173, 0.123265326, 0.1281212, 0.062197864, 0.6310432, 0.24409795, 0.7721873, 0.642105, 0.44955063, 0.6707013] |
|11 |   25 |  0.25 | 2500 |      f6 |      60 |    52.0 |    52.0 |    0,00 |  0,0 |1592496345726 |[0.3620844, 0.6246003, 0.6196308, 0.62685996, 0.25067604, 0.7198403, 0.0143479705, 0.19484913, 0.8603467, 0.72209024] |
|12 |   25 |  0.25 | 2500 |      f6 |      60 |    52.0 |    52.0 |    0,00 |0,0010 |1592496345727 |[0.94576323, 0.17926335, 0.13880575, 4.8667192E-4, 0.23011279, 0.8238649, 0.94942653, 0.67961204, 0.07723725, 0.071044445] |
|13 |   25 |  0.25 | 2500 |      f6 |      60 |    52.0 |    52.0 |    0,00 |0,0010 |1592496345728 |[0.0527637, 0.9224483, 0.25204217, 0.48637515, 0.8566766, 0.28192937, 0.6677384, 0.49790293, 0.6191137, 0.026738644] |
|14 |   25 |  0.25 | 2500 |      f6 |      60 |    52.0 |    52.0 |    0,00 |0,0030 |1592496345730 |[0.45728266, 0.6184825, 0.027976334, 0.21070957, 0.30746603, 0.9785052, 0.9230256, 0.089231014, 0.71824056, 0.12975752] |
|15 |   25 |  0.25 | 2500 |      f6 |      60 |    52.0 |    52.0 |    0,00 |0,0010 |1592496345733 |[0.64478254, 0.37573373, 0.30706805, 0.6325892, 0.24367374, 0.625948, 0.39548486, 0.916064, 0.64978164, 0.22187805] |
| 1 |   25 |  0.25 | 2500 |      f6 |      60 |    52.0 |    52.0 |    0,00 |0,0010 |1592497189982 |[0.5365215, 0.5556465, 0.43674588, 0.067592025, 0.97363144, 0.7938013, 0.58466953, 0.24177694, 0.9964002, 0.7095866] |
| 2 |   25 |  0.25 | 2500 |      f6 |      60 |    52.0 |    52.0 |    0,00 |0,0020 |1592497189989 |[0.6788621, 0.633998, 0.57606506, 0.29449123, 0.3667491, 0.757037, 0.44973558, 0.6911956, 0.9074608, 0.37058032] |
| 3 |   25 |  0.25 | 2500 |      f6 |      60 |    52.0 |    52.0 |    0,00 |0,0010 |1592497189991 |[0.6470086, 0.98124236, 0.23011512, 0.70903283, 0.67877966, 0.015726984, 0.22270107, 0.24183393, 0.235309, 0.15305036] |
| 4 |   25 |  0.25 | 2500 |      f6 |      60 |    52.0 |    52.0 |    0,00 |0,0010 |1592497189993 |[0.6541843, 0.81918156, 0.6265924, 0.56336755, 0.03812152, 0.85087377, 0.75263137, 0.4538157, 0.20162624, 0.22018838] |
| 5 |   25 |  0.25 | 2500 |      f6 |      60 |    52.0 |    52.0 |    0,00 |0,0010 |1592497189994 |[0.10607964, 0.63676375, 0.01402992, 0.34410703, 0.80304146, 0.6049953, 0.4609658, 0.9866681, 0.6548794, 0.98177683] |
| 6 |   25 |  0.25 | 2500 |      f6 |      60 |    52.0 |    52.0 |    0,00 |0,0010 |1592497189996 |[0.54357475, 0.261065, 0.4703334, 0.33232027, 0.25903654, 0.19040924, 0.34909242, 0.37343597, 0.6396636, 0.05352038] |
| 7 |   25 |  0.25 | 2500 |      f6 |      60 |    52.0 |    52.0 |    0,00 |0,0010 |1592497189997 |[0.23630261, 0.056675613, 0.64674324, 0.7243288, 0.027439117, 0.82322806, 0.9859243, 0.73562723, 0.5997266, 0.2832309] |
| 8 |   25 |  0.25 | 2500 |      f6 |      60 |    52.0 |    52.0 |    0,00 |0,0010 |1592497189999 |[0.9698458, 0.93142086, 0.41027433, 0.27226353, 0.8230732, 0.071798384, 0.06220424, 0.61941105, 0.63236386, 0.56975794] |
| 9 |   25 |  0.25 | 2500 |      f6 |      60 |    52.0 |    52.0 |    0,00 |0,0020 |1592497190000 |[0.41077662, 0.5044882, 0.24117172, 0.5984329, 0.8631188, 0.90157485, 0.2880031, 0.35698956, 0.63943684, 0.540306] |
|10 |   25 |  0.25 | 2500 |      f6 |      60 |    52.0 |    52.0 |    0,00 |0,0010 |1592497190002 |[0.47014457, 0.37742668, 0.26414728, 0.93079716, 0.96080774, 0.028835535, 0.7561639, 0.74233055, 0.42187643, 0.69960713] |
|11 |   25 |  0.25 | 2500 |      f6 |      60 |    52.0 |    52.0 |    0,00 |  0,0 |1592497190004 |[0.13309616, 0.32915664, 0.23384589, 0.70669514, 0.5419314, 0.3092082, 0.9698765, 0.07746321, 0.26355702, 0.29127842] |
|12 |   25 |  0.25 | 2500 |      f6 |      60 |    52.0 |    52.0 |    0,00 |0,0010 |1592497190005 |[0.26039988, 0.7070816, 0.471708, 0.5034484, 0.3167398, 0.7901004, 0.19795853, 0.4838093, 0.9170323, 0.06446189] |
|13 |   25 |  0.25 | 2500 |      f6 |      60 |    52.0 |    52.0 |    0,00 |0,0010 |1592497190006 |[0.23299092, 0.23083246, 0.09177524, 0.86105055, 0.84314877, 0.56040895, 0.18412936, 0.14653194, 0.42276996, 0.78963953] |
|14 |   25 |  0.25 | 2500 |      f6 |      60 |    52.0 |    52.0 |    0,00 |0,0010 |1592497190007 |[0.8289843, 0.15515143, 0.84487134, 0.39206958, 0.9607361, 0.43918318, 0.37139726, 0.006121993, 0.8945615, 0.006649196] |
|15 |   25 |  0.25 | 2500 |      f6 |      60 |    52.0 |    52.0 |    0,00 |0,0010 |1592497190008 |[0.28423822, 0.19283885, 0.13250738, 0.14393896, 0.41645253, 0.5682894, 0.48811823, 0.08024275, 0.88456976, 0.52952087] |
| 1 |   25 |  0.25 | 2500 |      f6 |      60 |    52.0 |    52.0 |    0,00 |0,0010 |1592497232942 |[0.06417638, 0.21917248, 0.3886075, 0.4765476, 0.9077449, 0.356345, 0.435176, 0.60747653, 0.89512444, 0.108912826] |
| 2 |   25 |  0.25 | 2500 |      f6 |      60 |    52.0 |    52.0 |    0,00 |0,0050 |1592497232944 |[0.76829445, 0.42160487, 0.5016173, 0.086407065, 0.6763446, 0.52304757, 0.41043735, 0.4412846, 0.5226937, 0.7754885] |
| 3 |   25 |  0.25 | 2500 |      f6 |      60 |    52.0 |    52.0 |    0,00 |0,0010 |1592497232949 |[0.94528896, 0.019880533, 0.61982906, 0.7555394, 0.68111813, 0.53074056, 0.37783486, 0.7728179, 0.76125777, 0.851191] |
| 4 |   25 |  0.25 | 2500 |      f6 |      60 |    52.0 |    52.0 |    0,00 |0,0010 |1592497232951 |[0.20469671, 0.045084536, 0.3584568, 0.048413157, 0.5651902, 0.93015057, 0.8546472, 0.08098304, 0.82486, 0.36814207] |
| 5 |   25 |  0.25 | 2500 |      f6 |      60 |    52.0 |    52.0 |    0,00 |0,0010 |1592497232952 |[0.56678563, 0.3114239, 0.74420047, 0.21001422, 0.45342183, 0.16088039, 0.12663901, 0.9876981, 0.7338175, 0.078543484] |
| 6 |   25 |  0.25 | 2500 |      f6 |      60 |    52.0 |    52.0 |    0,00 |0,0010 |1592497232953 |[0.30892396, 0.7968833, 0.4406216, 0.9281243, 0.33831203, 0.2163713, 0.62869674, 0.23026782, 0.7482184, 0.72325987] |
| 7 |   25 |  0.25 | 2500 |      f6 |      60 |    52.0 |    52.0 |    0,00 |0,0010 |1592497232954 |[0.94169515, 0.62320614, 0.6182745, 0.8839697, 0.039889038, 0.64720315, 0.10581273, 0.8196491, 0.82988495, 0.75183946] |
| 8 |   25 |  0.25 | 2500 |      f6 |      60 |    52.0 |    52.0 |    0,00 |0,0010 |1592497232955 |[0.24546838, 0.5348487, 0.43270868, 0.59490484, 0.17673075, 0.015250862, 0.0026811361, 0.22361785, 0.6669484, 0.20613545] |
| 9 |   25 |  0.25 | 2500 |      f6 |      60 |    52.0 |    52.0 |    0,00 |  0,0 |1592497232957 |[0.7638053, 0.20707768, 0.48156798, 0.4702435, 0.29364234, 0.026693583, 0.35460514, 0.7789896, 0.33461595, 0.14571291] |
|10 |   25 |  0.25 | 2500 |      f6 |      60 |    52.0 |    52.0 |    0,00 |  0,0 |1592497232958 |[0.9793045, 0.9193006, 0.6001471, 0.6139664, 0.51867825, 0.6897236, 0.044672787, 0.60848486, 0.01706922, 0.34154415] |
|11 |   25 |  0.25 | 2500 |      f6 |      60 |    52.0 |    52.0 |    0,00 |0,0010 |1592497232959 |[0.7635942, 0.008297503, 0.7753113, 0.56424963, 0.5020815, 0.4330938, 0.4388823, 0.21873403, 0.8846458, 0.6098591] |
|12 |   25 |  0.25 | 2500 |      f6 |      60 |    52.0 |    52.0 |    0,00 |0,0010 |1592497232960 |[0.67863476, 0.97764206, 0.3778289, 0.41765302, 0.6281593, 0.8510718, 0.13606751, 0.06348401, 0.79253983, 0.015190899] |
|13 |   25 |  0.25 | 2500 |      f6 |      60 |    52.0 |    52.0 |    0,00 |0,0010 |1592497232961 |[0.76318336, 0.36037928, 0.6912138, 0.06596035, 0.96291405, 0.27932978, 0.21558511, 0.8738285, 0.16846633, 0.05570519] |
|14 |   25 |  0.25 | 2500 |      f6 |      60 |    52.0 |    52.0 |    0,00 |0,0010 |1592497232963 |[0.25645465, 0.26514333, 0.8768533, 0.88457054, 0.56007737, 0.38179904, 0.73433167, 0.69638795, 0.6008486, 0.37836897] |
|15 |   25 |  0.25 | 2500 |      f6 |      60 |    52.0 |    52.0 |    0,00 |0,0010 |1592497232964 |[0.42772955, 0.097292304, 0.97119385, 0.4481367, 0.029770374, 0.95742565, 0.023267806, 0.22931397, 0.5569497, 0.51037925] |
| 1 |   25 |  0.25 | 2500 |      f6 |      60 |    52.0 |    52.0 |    0,00 |0,0020 |1592497308485 |[0.97113186, 0.010029435, 0.82881695, 0.1845836, 0.4155013, 0.8532243, 0.32431304, 0.7731368, 0.8805651, 0.30250204] |
| 2 |   25 |  0.25 | 2500 |      f6 |      60 |    52.0 |    52.0 |    0,00 |0,0050 |1592497308487 |[0.25533634, 0.16789699, 0.28274852, 0.26995182, 0.99229896, 0.20141202, 0.4135211, 0.20530075, 0.95028275, 0.082693934] |
| 3 |   25 |  0.25 | 2500 |      f6 |      60 |    52.0 |    52.0 |    0,00 |  0,0 |1592497308493 |[0.34668344, 0.859873, 0.43763202, 0.7581341, 0.92548424, 0.07019186, 0.7921788, 0.80461425, 0.9274313, 0.8175147] |
| 4 |   25 |  0.25 | 2500 |      f6 |      60 |    52.0 |    52.0 |    0,00 |0,0010 |1592497308494 |[0.23188412, 0.93347317, 0.9668892, 0.37301677, 0.8385796, 0.6019474, 0.027936101, 0.060055315, 0.7719986, 0.2001918] |
| 5 |   25 |  0.25 | 2500 |      f6 |      60 |    52.0 |    52.0 |    0,00 |0,0010 |1592497308495 |[0.2806946, 0.6842287, 0.8082927, 0.5238866, 0.12141895, 0.28162146, 0.92551404, 0.4384724, 0.58374536, 0.3102951] |
| 6 |   25 |  0.25 | 2500 |      f6 |      60 |    52.0 |    52.0 |    0,00 |0,0010 |1592497308496 |[0.5890704, 0.4363441, 0.16163057, 0.53034544, 0.4892633, 0.46413273, 0.4862293, 0.36383706, 0.23095304, 0.6977463] |
| 7 |   25 |  0.25 | 2500 |      f6 |      60 |    52.0 |    52.0 |    0,00 |0,0010 |1592497308498 |[0.5054673, 0.81441027, 0.23359156, 0.8669272, 0.13524312, 0.51952595, 0.30526996, 0.9636701, 0.06974524, 0.2395646] |
| 8 |   25 |  0.25 | 2500 |      f6 |      60 |    52.0 |    52.0 |    0,00 |0,0010 |1592497308499 |[0.62836474, 0.7173122, 0.2578104, 0.40275633, 0.33542776, 0.21086335, 0.43335688, 0.3111099, 0.27839524, 0.4268694] |
| 9 |   25 |  0.25 | 2500 |      f6 |      60 |    52.0 |    52.0 |    0,00 |0,0010 |1592497308500 |[0.55579466, 0.27289182, 0.6287424, 0.34746593, 0.2932036, 0.22063142, 0.9678547, 0.657389, 0.565833, 0.6793807] |
|10 |   25 |  0.25 | 2500 |      f6 |      60 |    52.0 |    52.0 |    0,00 |0,0010 |1592497308502 |[0.8955272, 0.28946328, 0.09164691, 0.042149782, 0.65081763, 0.6182927, 0.3903656, 0.21234411, 0.4772405, 0.58491737] |
|11 |   25 |  0.25 | 2500 |      f6 |      60 |    52.0 |    52.0 |    0,00 |0,0010 |1592497308503 |[0.6706453, 0.69377625, 0.1466071, 0.8241001, 0.81158376, 0.46304095, 0.601041, 0.23362726, 0.31531572, 0.1238628] |
|12 |   25 |  0.25 | 2500 |      f6 |      60 |    52.0 |    52.0 |    0,00 |0,0010 |1592497308504 |[0.3194337, 0.33010942, 0.85533476, 0.28996092, 0.2793424, 0.90734464, 0.08967996, 0.8788201, 0.82334256, 0.24772239] |
|13 |   25 |  0.25 | 2500 |      f6 |      60 |    52.0 |    52.0 |    0,00 |  0,0 |1592497308506 |[0.68855417, 0.03214562, 0.33298737, 0.7000442, 0.75395256, 0.7561493, 0.39327145, 0.046651423, 0.61101407, 0.7107651] |
|14 |   25 |  0.25 | 2500 |      f6 |      60 |    52.0 |    52.0 |    0,00 |0,0030 |1592497308507 |[0.19324327, 0.54823756, 0.90682924, 0.62332416, 0.4396078, 0.45113224, 0.43579495, 0.49139136, 0.22070116, 0.7252894] |
|15 |   25 |  0.25 | 2500 |      f6 |      60 |    52.0 |    52.0 |    0,00 |  0,0 |1592497308511 |[0.08334237, 0.17190945, 0.11837947, 0.2275176, 0.14541715, 0.47500896, 0.9095899, 0.6226811, 0.4141832, 0.27845126] |
| 1 |   25 |  0.25 | 2500 |      f6 |      60 |    52.0 |    52.0 |    0,00 |0,0020 |1592499263954 |[0.098186135, 0.94223976, 0.52453345, 0.05312264, 0.32608873, 0.9768901, 0.4218189, 0.3523469, 0.34329504, 0.9609337] |
| 2 |   25 |  0.25 | 2500 |      f6 |      60 |    52.0 |    52.0 |    0,00 |0,0010 |1592499263962 |[0.1493954, 0.9136755, 0.9249625, 0.35085255, 0.17894179, 0.543788, 0.07372624, 0.59573144, 0.28994983, 0.545942] |
| 3 |   25 |  0.25 | 2500 |      f6 |      60 |    52.0 |    52.0 |    0,00 |0,0010 |1592499263963 |[0.8359939, 0.8668477, 0.106081784, 0.26378906, 0.7646175, 0.07369441, 0.20835972, 0.4537298, 0.79137, 0.7904328] |
| 4 |   25 |  0.25 | 2500 |      f6 |      60 |    52.0 |    52.0 |    0,00 |  0,0 |1592499263965 |[0.037098527, 0.8586035, 0.7144941, 0.54447883, 0.8327748, 0.12677592, 0.3177573, 0.67407423, 0.5068384, 0.08145839] |
| 5 |   25 |  0.25 | 2500 |      f6 |      60 |    52.0 |    52.0 |    0,00 |0,0010 |1592499263966 |[0.055333197, 0.69618887, 0.37777156, 0.91811365, 0.74610704, 0.26375788, 0.2362681, 0.5051499, 0.2709068, 0.32722616] |
| 6 |   25 |  0.25 | 2500 |      f6 |      60 |    52.0 |    52.0 |    0,00 |0,0010 |1592499263967 |[0.6076354, 0.6669313, 0.43762273, 0.92521673, 0.9639567, 0.7579288, 0.05636847, 0.1537885, 0.17339969, 0.7740598] |
| 7 |   25 |  0.25 | 2500 |      f6 |      60 |    52.0 |    52.0 |    0,00 |0,0010 |1592499263968 |[0.5910222, 0.028340816, 0.59754133, 0.46737796, 0.3693797, 0.42863584, 0.4498759, 0.36372524, 0.74920267, 0.10923362] |
| 8 |   25 |  0.25 | 2500 |      f6 |      60 |    52.0 |    52.0 |    0,00 |0,0010 |1592499263970 |[0.5207885, 0.12532812, 0.38002563, 0.8823654, 0.09854269, 0.6886111, 0.6775801, 0.67014897, 0.49383664, 0.6776065] |
| 9 |   25 |  0.25 | 2500 |      f6 |      60 |    52.0 |    52.0 |    0,00 |0,0010 |1592499263971 |[0.15290767, 0.38836467, 0.37581974, 0.11419654, 0.18138981, 0.26111192, 0.48616618, 0.5209651, 0.53866416, 0.20278591] |
|10 |   25 |  0.25 | 2500 |      f6 |      60 |    52.0 |    52.0 |    0,00 |  0,0 |1592499263973 |[0.102565944, 0.1233775, 0.9166937, 0.43197614, 0.8022725, 0.883237, 0.10066593, 0.1750297, 0.30178928, 0.63872546] |
|11 |   25 |  0.25 | 2500 |      f6 |      60 |    52.0 |    52.0 |    0,00 |0,0010 |1592499263974 |[0.75128615, 0.26861018, 0.53953964, 0.411797, 0.22102445, 0.43926102, 0.92400503, 0.10344571, 0.14715248, 0.98422027] |
|12 |   25 |  0.25 | 2500 |      f6 |      60 |    52.0 |    52.0 |    0,00 |0,0010 |1592499263975 |[0.141891, 0.32367128, 0.80251026, 0.56555635, 0.41129518, 0.1373514, 0.43182147, 0.19082582, 0.47902888, 0.16072303] |
|13 |   25 |  0.25 | 2500 |      f6 |      60 |    52.0 |    52.0 |    0,00 |0,0010 |1592499263977 |[0.13349783, 0.6942495, 0.6197705, 0.6941507, 0.9686595, 0.52252, 0.30314517, 0.80822194, 0.028328776, 0.7166068] |
|14 |   25 |  0.25 | 2500 |      f6 |      60 |    52.0 |    52.0 |    0,00 |0,0010 |1592499263978 |[0.83708507, 0.23635381, 0.19865817, 0.5584515, 0.8035844, 0.9810922, 0.89191025, 0.30311888, 0.3391409, 0.15917176] |
|15 |   25 |  0.25 | 2500 |      f6 |      60 |    52.0 |    52.0 |    0,00 |0,0010 |1592499263979 |[0.4111216, 0.27115148, 0.8735532, 0.74822396, 0.122989535, 0.868464, 0.05783242, 0.12333596, 0.58956623, 0.48658043] |
| 1 |   25 |  0.25 | 2500 |      f6 |      60 |    52.0 |    52.0 |    0,00 |0,0020 |1592499289522 |[0.9506334, 0.7094239, 0.3604979, 0.92777723, 0.5257798, 0.87833124, 0.57342786, 0.07526058, 4.4977665E-4, 0.1681987] |
| 2 |   25 |  0.25 | 2500 |      f6 |      60 |    52.0 |    52.0 |    0,00 |0,0010 |1592499289524 |[0.49471128, 0.11858648, 0.7368569, 0.453521, 0.048520327, 0.089113414, 0.97541183, 0.3143347, 0.34488952, 0.5176782] |
| 3 |   25 |  0.25 | 2500 |      f6 |      60 |    52.0 |    52.0 |    0,00 |0,0010 |1592499289526 |[0.3696863, 0.28794605, 0.12543696, 0.4363231, 0.54755217, 0.6335826, 0.70309913, 0.053970754, 0.7092124, 0.38382506] |
| 4 |   25 |  0.25 | 2500 |      f6 |      60 |    52.0 |    52.0 |    0,00 |0,0010 |1592499289527 |[0.41824412, 0.37369144, 0.5406633, 0.047769606, 0.70687497, 0.57525396, 0.54729587, 0.26312244, 0.016539037, 0.027128398] |
| 5 |   25 |  0.25 | 2500 |      f6 |      60 |    52.0 |    52.0 |    0,00 |0,0010 |1592499289528 |[0.8387339, 0.19335693, 0.7344289, 0.23757774, 0.93233836, 0.9521414, 0.117195606, 0.63730997, 0.9465872, 0.9251619] |
| 6 |   25 |  0.25 | 2500 |      f6 |      60 |    52.0 |    52.0 |    0,00 |0,0010 |1592499289530 |[0.70939386, 0.19702, 0.7371132, 0.6792953, 0.39268816, 0.775123, 0.34575891, 0.3523566, 0.47577447, 0.115808606] |
| 7 |   25 |  0.25 | 2500 |      f6 |      60 |    52.0 |    52.0 |    0,00 |0,0010 |1592499289531 |[0.4418245, 0.4094352, 0.15389812, 0.009091675, 0.34671605, 0.25609893, 0.8088531, 0.32388592, 0.8385684, 0.4703989] |
| 8 |   25 |  0.25 | 2500 |      f6 |      60 |    52.0 |    52.0 |    0,00 |0,0010 |1592499289532 |[0.18185043, 0.9033702, 0.78322244, 0.90478045, 0.5055858, 0.5653337, 0.7215389, 0.7106725, 0.3669272, 0.6641499] |
| 9 |   25 |  0.25 | 2500 |      f6 |      60 |    52.0 |    52.0 |    0,00 |0,0010 |1592499289533 |[0.817661, 0.29901707, 0.4043035, 0.843054, 0.7104247, 0.48487127, 0.24893188, 0.70126265, 0.7392552, 0.04028803] |
|10 |   25 |  0.25 | 2500 |      f6 |      60 |    52.0 |    52.0 |    0,00 |0,0010 |1592499289535 |[0.6842084, 0.46707225, 0.053380847, 0.95224005, 0.49607038, 0.28536832, 0.1751501, 0.26341075, 0.34129864, 0.8652762] |
|11 |   25 |  0.25 | 2500 |      f6 |      60 |    52.0 |    52.0 |    0,00 |0,0010 |1592499289536 |[0.045132875, 0.35378677, 0.21471703, 0.5891858, 0.93705666, 0.9983345, 0.46512985, 0.6823809, 0.8232915, 0.69972414] |
|12 |   25 |  0.25 | 2500 |      f6 |      60 |    52.0 |    52.0 |    0,00 |0,0010 |1592499289538 |[0.9231992, 0.80976516, 0.92438674, 0.860933, 0.5449896, 0.78167856, 0.6119205, 0.39871627, 0.23539716, 0.8574464] |
|13 |   25 |  0.25 | 2500 |      f6 |      60 |    52.0 |    52.0 |    0,00 |0,0010 |1592499289540 |[0.7095061, 0.78938854, 0.054332852, 0.29279226, 0.1122455, 0.8889769, 0.34122694, 0.8290505, 0.31407624, 0.027898252] |
|14 |   25 |  0.25 | 2500 |      f6 |      60 |    52.0 |    52.0 |    0,00 |0,0010 |1592499289542 |[0.84060735, 0.26666784, 0.04511434, 0.11549616, 0.11933774, 0.84916914, 0.015295744, 0.7176836, 0.074148774, 0.43584704] |
|15 |   25 |  0.25 | 2500 |      f6 |      60 |    52.0 |    52.0 |    0,00 |0,0010 |1592499289544 |[0.62055725, 0.9893689, 0.6087438, 0.31524867, 0.7310235, 0.9800946, 0.46258575, 0.7078875, 0.99887085, 0.10958958] |
| 1 |   25 |  0.25 | 2500 |      f6 |      60 |    52.0 |    52.0 |    0,00 |0,0020 |1592499473559 |[0.4180442, 0.77966213, 0.23749262, 0.8332746, 0.8911717, 0.86418366, 0.81575996, 0.06394255, 0.2660278, 0.93218786] |
| 2 |   25 |  0.25 | 2500 |      f6 |      60 |    52.0 |    52.0 |    0,00 |0,0050 |1592499473562 |[0.9155763, 0.6207461, 0.9914643, 0.45354003, 0.72167116, 0.8856339, 0.12064171, 0.6527606, 0.4155336, 0.82793784] |
| 3 |   25 |  0.25 | 2500 |      f6 |      60 |    52.0 |    52.0 |    0,00 |0,0010 |1592499473568 |[0.45667875, 0.077302694, 0.019008815, 0.34789878, 0.44365627, 0.31207073, 0.9266265, 0.75533843, 0.5143552, 0.40014362] |
| 4 |   25 |  0.25 | 2500 |      f6 |      60 |    52.0 |    52.0 |    0,00 |0,0020 |1592499473569 |[0.37203598, 0.18534666, 0.13839453, 0.75709164, 0.5575619, 0.5639903, 0.63775873, 0.0573076, 0.30745208, 0.060802877] |
| 5 |   25 |  0.25 | 2500 |      f6 |      60 |    52.0 |    52.0 |    0,00 |0,0010 |1592499473571 |[0.086928844, 0.33436668, 0.3288204, 0.74842805, 0.54183716, 0.7534697, 0.36761397, 0.59247607, 0.41488916, 0.4407133] |
| 6 |   25 |  0.25 | 2500 |      f6 |      60 |    52.0 |    52.0 |    0,00 |0,0010 |1592499473572 |[0.12153429, 0.88167, 0.96519065, 0.5618754, 0.54074794, 0.8905094, 0.48020262, 0.94624007, 0.4026938, 0.7481467] |
| 7 |   25 |  0.25 | 2500 |      f6 |      60 |    52.0 |    52.0 |    0,00 |0,0010 |1592499473574 |[0.12356645, 0.60562694, 0.3009689, 0.9148457, 0.2597825, 0.8231286, 0.1671707, 0.8640911, 0.69844747, 0.83886075] |
| 8 |   25 |  0.25 | 2500 |      f6 |      60 |    52.0 |    52.0 |    0,00 |0,0010 |1592499473575 |[0.7478506, 0.7352072, 0.3852018, 0.72430336, 0.50529915, 0.46105677, 0.873882, 0.41757762, 0.838239, 0.26578557] |
| 9 |   25 |  0.25 | 2500 |      f6 |      60 |    52.0 |    52.0 |    0,00 |0,0010 |1592499473576 |[0.1571387, 0.28944486, 0.34834152, 0.64237535, 0.972133, 0.97253907, 0.3724, 0.56358784, 0.52303135, 0.36898816] |
|10 |   25 |  0.25 | 2500 |      f6 |      60 |    52.0 |    52.0 |    0,00 |  0,0 |1592499473578 |[0.9147367, 0.7566871, 0.6718314, 0.9376547, 0.13428384, 0.9810733, 0.478131, 0.43853217, 0.3745613, 0.25579792] |
|11 |   25 |  0.25 | 2500 |      f6 |      60 |    52.0 |    52.0 |    0,00 |  0,0 |1592499473579 |[0.04678607, 0.6097353, 0.12696892, 0.965713, 0.76139855, 0.92650056, 0.59790325, 0.3795582, 0.56657714, 0.7114822] |
|12 |   25 |  0.25 | 2500 |      f6 |      60 |    52.0 |    52.0 |    0,00 |0,0010 |1592499473580 |[0.44424927, 0.5532694, 0.89845365, 0.56715465, 0.3686039, 0.39754462, 0.509039, 0.5831049, 0.35887456, 0.42536324] |
|13 |   25 |  0.25 | 2500 |      f6 |      60 |    52.0 |    52.0 |    0,00 |0,0010 |1592499473581 |[0.4681443, 0.78048503, 0.31671888, 0.37998676, 0.47336918, 0.03057766, 0.85634995, 0.12070948, 0.80531496, 0.15123338] |
|14 |   25 |  0.25 | 2500 |      f6 |      60 |    52.0 |    52.0 |    0,00 |0,0010 |1592499473582 |[0.39501178, 0.50374615, 0.33624774, 0.79958755, 0.24211764, 0.45482993, 0.94003785, 0.18656278, 0.68570316, 0.9711395] |
|15 |   25 |  0.25 | 2500 |      f6 |      60 |    52.0 |    52.0 |    0,00 |0,0010 |1592499473584 |[0.4424492, 0.50712013, 0.271923, 0.55912316, 0.8848843, 0.18839431, 0.0033177137, 0.96614814, 0.56091046, 0.924739] |
| 1 |   25 |  0.25 | 2500 |      f6 |      60 |    52.0 |    52.0 |    0,00 |0,0020 |1592499538057 |[0.342228, 0.107158065, 0.86507815, 0.81443936, 0.9401231, 0.40013236, 0.5285123, 0.0010029078, 0.513454, 0.014622629] |
| 2 |   25 |  0.25 | 2500 |      f6 |      60 |    52.0 |    52.0 |    0,00 |0,0010 |1592499538059 |[0.67508817, 0.18959057, 0.49707633, 0.1336798, 0.59658736, 0.60273695, 0.11168462, 0.7882988, 0.14295965, 0.4967308] |
| 3 |   25 |  0.25 | 2500 |      f6 |      60 |    52.0 |    52.0 |    0,00 |0,0010 |1592499538061 |[0.55607545, 0.38887095, 0.17040431, 0.5709448, 0.8992368, 0.9475073, 0.7868503, 0.8914916, 0.58663476, 0.06668854] |
| 4 |   25 |  0.25 | 2500 |      f6 |      60 |    52.0 |    52.0 |    0,00 |0,0010 |1592499538062 |[0.07161814, 0.8396284, 0.20831555, 0.15705937, 0.40103418, 0.21698076, 0.17713016, 0.65698314, 0.562119, 0.674746] |
| 5 |   25 |  0.25 | 2500 |      f6 |      60 |    52.0 |    52.0 |    0,00 |  0,0 |1592499538064 |[0.0539214, 0.07566023, 0.32735157, 0.76660496, 0.88160866, 0.9163077, 0.8292557, 0.7452728, 0.43718296, 0.083798945] |
| 6 |   25 |  0.25 | 2500 |      f6 |      60 |    52.0 |    52.0 |    0,00 |0,0010 |1592499538065 |[0.39182156, 0.27938336, 0.9212752, 0.6416937, 0.50501686, 0.66285163, 0.085359395, 0.91011393, 0.5628113, 0.7955852] |
| 7 |   25 |  0.25 | 2500 |      f6 |      60 |    52.0 |    52.0 |    0,00 |0,0010 |1592499538066 |[0.8315022, 0.39040053, 0.97795427, 0.53063095, 0.43614542, 0.4078887, 0.271118, 0.72643065, 0.51411957, 0.6760776] |
| 8 |   25 |  0.25 | 2500 |      f6 |      60 |    52.0 |    52.0 |    0,00 |0,0010 |1592499538067 |[0.72220033, 0.16550106, 0.8095084, 0.36642307, 0.12463623, 0.028175473, 0.796709, 0.91340834, 0.68702245, 0.231615] |
| 9 |   25 |  0.25 | 2500 |      f6 |      60 |    52.0 |    52.0 |    0,00 |0,0010 |1592499538068 |[0.18798977, 0.20170814, 0.2210443, 0.2518859, 0.93867654, 0.9368326, 0.79634905, 0.78429973, 9.943247E-4, 0.2286787] |
|10 |   25 |  0.25 | 2500 |      f6 |      60 |    52.0 |    52.0 |    0,00 |0,0010 |1592499538070 |[0.058374226, 0.16403306, 0.712235, 0.5878983, 0.32648975, 0.98377407, 0.60358155, 0.24693638, 0.41853714, 0.9617996] |
|11 |   25 |  0.25 | 2500 |      f6 |      60 |    52.0 |    52.0 |    0,00 |0,0010 |1592499538071 |[0.6173675, 0.6798238, 0.6626509, 0.14191645, 0.5624875, 0.8252054, 0.5447519, 0.2752692, 0.98652464, 0.4551196] |
|12 |   25 |  0.25 | 2500 |      f6 |      60 |    52.0 |    52.0 |    0,00 |0,0010 |1592499538072 |[0.9408188, 0.9337032, 0.928844, 0.4145428, 0.2236712, 0.15929419, 0.5071966, 0.5726288, 0.027155995, 0.15968621] |
|13 |   25 |  0.25 | 2500 |      f6 |      60 |    52.0 |    52.0 |    0,00 |  0,0 |1592499538074 |[0.58261275, 0.14126027, 0.6138433, 0.12815917, 0.7143968, 0.19583493, 0.82953846, 0.90249676, 0.0892362, 0.33072573] |
|14 |   25 |  0.25 | 2500 |      f6 |      60 |    52.0 |    52.0 |    0,00 |0,0010 |1592499538075 |[0.49019623, 0.6355574, 0.31590742, 0.030914545, 0.117661536, 0.41503316, 0.4875775, 0.27785438, 0.6573873, 0.38197297] |
|15 |   25 |  0.25 | 2500 |      f6 |      60 |    52.0 |    52.0 |    0,00 |0,0010 |1592499538076 |[0.9934943, 0.12513256, 0.7205122, 0.34657556, 0.7348879, 0.28579253, 0.0387581, 0.23649347, 0.50400245, 0.57420534] |
| 1 |   25 |  0.25 | 2500 |      f6 |      60 |    52.0 |    52.0 |    0,00 |0,0010 |1592499606214 |[0.3221584, 0.94894093, 0.5589684, 0.6553494, 0.60577154, 0.5765409, 0.20472878, 0.24829346, 0.058576703, 0.7296696] |
| 2 |   25 |  0.25 | 2500 |      f6 |      60 |    52.0 |    52.0 |    0,00 |0,0050 |1592499606215 |[0.19295079, 0.1633063, 0.88125604, 0.7217032, 0.25721568, 0.4414087, 0.75585246, 0.9042045, 0.1518048, 0.5759716] |
| 3 |   25 |  0.25 | 2500 |      f6 |      60 |    52.0 |    52.0 |    0,00 |0,0010 |1592499606221 |[0.1512981, 0.02128172, 0.8023332, 0.78582597, 0.92299974, 0.6923527, 0.55692756, 0.48837215, 0.18122983, 0.90345633] |
| 4 |   25 |  0.25 | 2500 |      f6 |      60 |    52.0 |    52.0 |    0,00 |0,0010 |1592499606223 |[0.51847863, 0.6843086, 0.3711145, 0.1422745, 0.8458995, 0.07544094, 0.3030553, 0.11372751, 0.0036296248, 0.6462649] |
| 5 |   25 |  0.25 | 2500 |      f6 |      60 |    52.0 |    52.0 |    0,00 |0,0010 |1592499606224 |[0.57219785, 0.040215194, 0.5390335, 0.410255, 0.9349977, 0.76891994, 0.79891175, 0.036212146, 0.047755122, 0.88739884] |
| 6 |   25 |  0.25 | 2500 |      f6 |      60 |    52.0 |    52.0 |    0,00 |0,0010 |1592499606225 |[0.6883931, 0.21328092, 0.5723362, 0.8141035, 0.74988323, 0.25014532, 0.6137494, 0.9308143, 0.50724876, 0.69633293] |
| 7 |   25 |  0.25 | 2500 |      f6 |      60 |    52.0 |    52.0 |    0,00 |0,0010 |1592499606226 |[0.4079169, 0.75304633, 0.15532297, 0.26389772, 0.3665079, 0.31755608, 0.54102904, 0.34982032, 0.8579972, 0.42563307] |
| 8 |   25 |  0.25 | 2500 |      f6 |      60 |    52.0 |    52.0 |    0,00 |0,0010 |1592499606228 |[0.1453557, 0.007863522, 0.09116292, 0.12772673, 0.85268456, 0.09992218, 0.28068513, 0.096266866, 0.5894949, 0.5468261] |
| 9 |   25 |  0.25 | 2500 |      f6 |      60 |    52.0 |    52.0 |    0,00 |0,0010 |1592499606229 |[0.7250412, 0.0015910864, 0.2776637, 0.049400747, 0.71859545, 0.5628257, 0.98653346, 0.6137356, 0.9180361, 0.93368983] |
|10 |   25 |  0.25 | 2500 |      f6 |      60 |    52.0 |    52.0 |    0,00 |  0,0 |1592499606231 |[0.29969734, 0.17501986, 0.28949213, 0.66525644, 0.9088836, 0.061141312, 0.076386094, 0.35801184, 0.15451294, 0.1401841] |
|11 |   25 |  0.25 | 2500 |      f6 |      60 |    52.0 |    52.0 |    0,00 |0,0010 |1592499606232 |[0.4617222, 0.9722905, 0.047043085, 0.9919374, 0.75352645, 0.41226494, 0.027174473, 0.21523762, 0.35419238, 0.85643905] |
|12 |   25 |  0.25 | 2500 |      f6 |      60 |    52.0 |    52.0 |    0,00 |0,0010 |1592499606233 |[0.48119193, 0.19268316, 0.960512, 0.8091799, 0.36281747, 0.0076276064, 0.93715966, 0.9336754, 0.56877995, 0.9149224] |
|13 |   25 |  0.25 | 2500 |      f6 |      60 |    52.0 |    52.0 |    0,00 |0,0010 |1592499606234 |[0.111292124, 0.98673445, 0.004232347, 0.038500905, 0.75557286, 0.4209482, 0.02749759, 0.38822895, 0.42260468, 0.6983815] |
|14 |   25 |  0.25 | 2500 |      f6 |      60 |    52.0 |    52.0 |    0,00 |0,0010 |1592499606236 |[0.83249754, 0.74662703, 0.7339798, 0.67941624, 0.047371686, 0.77023, 0.9385965, 0.4098404, 0.31222516, 0.9929828] |
|15 |   25 |  0.25 | 2500 |      f6 |      60 |    52.0 |    52.0 |    0,00 |0,0010 |1592499606237 |[0.60216147, 0.6169846, 0.77537066, 0.45593578, 0.009825289, 0.49493575, 0.2285952, 0.15284103, 0.61661226, 0.17397898] |
| 1 |   25 |  0.25 | 2500 |      f6 |      60 |    52.0 |    52.0 |    0,00 |0,0010 |1592499813434 |[0.32020748, 0.4901656, 0.7216138, 0.99361223, 0.35879123, 0.072037876, 0.4101746, 0.68472165, 0.3275959, 0.8946679] |
| 2 |   25 |  0.25 | 2500 |      f6 |      60 |    52.0 |    52.0 |    0,00 |0,0010 |1592499813436 |[0.40323687, 0.7760513, 0.112864494, 0.9404534, 0.7576063, 0.45536083, 0.22887027, 0.9649908, 0.4185878, 0.4914537] |
| 3 |   25 |  0.25 | 2500 |      f6 |      60 |    52.0 |    52.0 |    0,00 |  0,0 |1592499813437 |[0.30873364, 0.07110232, 0.5185561, 0.628579, 0.35871434, 0.8817656, 0.7902577, 0.22803289, 0.052378714, 0.2608099] |
| 4 |   25 |  0.25 | 2500 |      f6 |      60 |    52.0 |    52.0 |    0,00 |  0,0 |1592499813438 |[0.5875177, 0.8142324, 0.488037, 0.1923461, 0.5154557, 0.86904985, 0.95129603, 0.30380708, 0.9394926, 0.86437494] |
| 5 |   25 |  0.25 | 2500 |      f6 |      60 |    52.0 |    52.0 |    0,00 |0,0010 |1592499813438 |[0.86119056, 0.74507904, 0.6702288, 0.49156463, 0.6408485, 0.17235988, 0.16562426, 0.43188977, 0.44653314, 0.0714491] |
| 6 |   25 |  0.25 | 2500 |      f6 |      60 |    52.0 |    52.0 |    0,00 |0,0010 |1592499813439 |[0.0536927, 0.6099479, 0.9584518, 0.5769041, 0.7199367, 0.84109604, 0.46212125, 0.7536191, 0.0015289187, 0.2664696] |
| 7 |   25 |  0.25 | 2500 |      f6 |      60 |    52.0 |    52.0 |    0,00 |0,0010 |1592499813440 |[0.8697052, 0.6463277, 0.21525109, 0.5247711, 0.18520385, 0.023893416, 0.121376395, 0.61834824, 0.89820665, 0.9280993] |
| 8 |   25 |  0.25 | 2500 |      f6 |      60 |    52.0 |    52.0 |    0,00 |0,0010 |1592499813441 |[0.4768619, 0.69269305, 0.79004997, 0.9778722, 0.88375115, 0.90425885, 0.6991941, 0.41854215, 0.5423881, 0.441823] |
| 9 |   25 |  0.25 | 2500 |      f6 |      60 |    52.0 |    52.0 |    0,00 |0,0010 |1592499813442 |[0.31917137, 0.23080236, 0.87961566, 0.13974667, 0.7966944, 0.748571, 0.023409188, 0.8788233, 0.12388092, 0.6763891] |
|10 |   25 |  0.25 | 2500 |      f6 |      60 |    52.0 |    52.0 |    0,00 |0,0010 |1592499813443 |[0.4250161, 0.2670685, 0.92889374, 0.25313306, 0.14345717, 0.4993862, 0.60772574, 0.5996724, 0.9615636, 0.929617] |
|11 |   25 |  0.25 | 2500 |      f6 |      60 |    52.0 |    52.0 |    0,00 |0,0010 |1592499813444 |[0.7079561, 0.7972934, 0.5947832, 0.54606086, 0.5925401, 0.8139736, 0.9239744, 0.67464584, 0.84729815, 0.92385095] |
|12 |   25 |  0.25 | 2500 |      f6 |      60 |    52.0 |    52.0 |    0,00 |0,0010 |1592499813445 |[0.82831526, 0.63946587, 0.54625595, 0.25392228, 0.6119391, 0.78435236, 0.2747398, 0.8288462, 0.31145346, 0.75988466] |
|13 |   25 |  0.25 | 2500 |      f6 |      60 |    52.0 |    52.0 |    0,00 |  0,0 |1592499813446 |[0.1897428, 0.66306067, 0.705078, 0.14320517, 0.4992785, 0.033902824, 0.046593904, 0.6698353, 0.020900428, 0.46644163] |
|14 |   25 |  0.25 | 2500 |      f6 |      60 |    52.0 |    52.0 |    0,00 |0,0010 |1592499813447 |[0.5401655, 0.7934296, 0.84314835, 0.1915021, 0.49908525, 0.7552909, 0.29450893, 0.68199444, 0.2903111, 0.052401364] |
|15 |   25 |  0.25 | 2500 |      f6 |      60 |    52.0 |    52.0 |    0,00 |0,0010 |1592499813448 |[0.1428752, 0.15120673, 0.5120278, 0.26863033, 0.78354746, 0.071700454, 0.3149588, 0.68726367, 0.39571232, 0.46502036] |
