| # | Nest | %Desc |#Iter |Instancia | CapMoch |ValOptmo | BestFit |     RDP | time |      semilla |VectorSolucion |
-------------------------------------------------------------------------------------------------
| 1 |   50 |  0.25 | 5000 |      f7 |      50 |   107.0 |    90.0 |   15,89 |-1,6e+09 |1592521496643 |[0.497438, 0.56059563, 0.5032396, 0.9160767, 0.48610258, 0.11241716, 0.12648886] |
| 1 |   50 |  0.32 | 5000 |      f7 |      50 |   107.0 |    90.0 |   15,89 |-1,6e+09 |1592521496643 |[0.497438, 0.56059563, 0.5032396, 0.9160767, 0.48610258, 0.11241716, 0.12648886] |
| 1 |   50 |  0.32 | 5000 |      f7 |      50 |   107.0 |    90.0 |   15,89 |-1,6e+09 |1592521496643 |[0.497438, 0.56059563, 0.5032396, 0.9160767, 0.48610258, 0.11241716, 0.12648886] |
| 1 |   55 |  0.32 | 5000 |      f7 |      50 |   107.0 |    90.0 |   15,89 |-1,6e+09 |1592521496643 |[0.497438, 0.56059563, 0.5032396, 0.9160767, 0.48610258, 0.11241716, 0.12648886] |
| 1 |   55 |0.36363637 | 5000 |      f7 |      50 |   107.0 |    90.0 |   15,89 |-1,6e+09 |1592521496643 |[0.497438, 0.56059563, 0.5032396, 0.9160767, 0.48610258, 0.11241716, 0.12648886] |
| 1 |   55 |   0.4 | 5000 |      f7 |      50 |   107.0 |    90.0 |   15,89 |-1,6e+09 |1592521496643 |[0.497438, 0.56059563, 0.5032396, 0.9160767, 0.48610258, 0.11241716, 0.12648886] |
| 1 |   55 |0.27272728 | 5000 |      f7 |      50 |   107.0 |    90.0 |   15,89 |-1,6e+09 |1592521496643 |[0.497438, 0.56059563, 0.5032396, 0.9160767, 0.48610258, 0.11241716, 0.12648886] |
| 1 |   60 |0.38181818 | 5000 |      f7 |      50 |   107.0 |    90.0 |   15,89 |-1,6e+09 |1592521496643 |[0.497438, 0.56059563, 0.5032396, 0.9160767, 0.48610258, 0.11241716, 0.12648886] |
| 1 |   60 |  0.45 | 5000 |      f7 |      50 |   107.0 |    90.0 |   15,89 |-1,6e+09 |1592521496643 |[0.497438, 0.56059563, 0.5032396, 0.9160767, 0.48610258, 0.11241716, 0.12648886] |
| 1 |   60 |0.43333334 | 5000 |      f7 |      50 |   107.0 |    90.0 |   15,89 |-1,6e+09 |1592521496643 |[0.497438, 0.56059563, 0.5032396, 0.9160767, 0.48610258, 0.11241716, 0.12648886] |
| 1 |   60 |0.38333333 | 5000 |      f7 |      50 |   107.0 |    90.0 |   15,89 |-1,6e+09 |1592521496643 |[0.497438, 0.56059563, 0.5032396, 0.9160767, 0.48610258, 0.11241716, 0.12648886] |
| 1 |   65 |0.43333334 | 5000 |      f7 |      50 |   107.0 |    90.0 |   15,89 |-1,6e+09 |1592521496643 |[0.497438, 0.56059563, 0.5032396, 0.9160767, 0.48610258, 0.11241716, 0.12648886] |
| 1 |   65 |  0.45 | 5000 |      f7 |      50 |   107.0 |    90.0 |   15,89 |-1,6e+09 |1592521496643 |[0.497438, 0.56059563, 0.5032396, 0.9160767, 0.48610258, 0.11241716, 0.12648886] |
| 1 |   65 |   0.4 | 5000 |      f7 |      50 |   107.0 |    90.0 |   15,89 |-1,6e+09 |1592521496643 |[0.497438, 0.56059563, 0.5032396, 0.9160767, 0.48610258, 0.11241716, 0.12648886] |
| 1 |   65 |0.30769232 | 5000 |      f7 |      50 |   107.0 |    90.0 |   15,89 |-1,6e+09 |1592521496643 |[0.497438, 0.56059563, 0.5032396, 0.9160767, 0.48610258, 0.11241716, 0.12648886] |
| 1 |   70 |0.35384616 | 5000 |      f7 |      50 |   107.0 |    90.0 |   15,89 |-1,6e+09 |1592521496643 |[0.497438, 0.56059563, 0.5032396, 0.9160767, 0.48610258, 0.11241716, 0.12648886] |
| 1 |   70 |  0.45 | 5000 |      f7 |      50 |   107.0 |    90.0 |   15,89 |-1,6e+09 |1592521496643 |[0.497438, 0.56059563, 0.5032396, 0.9160767, 0.48610258, 0.11241716, 0.12648886] |
| 1 |   70 |0.42857143 | 5000 |      f7 |      50 |   107.0 |    90.0 |   15,89 |-1,6e+09 |1592521496643 |[0.497438, 0.56059563, 0.5032396, 0.9160767, 0.48610258, 0.11241716, 0.12648886] |
| 1 |   70 |0.37142858 | 5000 |      f7 |      50 |   107.0 |    90.0 |   15,89 |-1,6e+09 |1592521496643 |[0.497438, 0.56059563, 0.5032396, 0.9160767, 0.48610258, 0.11241716, 0.12648886] |
| 1 |   75 |0.35714287 | 5000 |      f7 |      50 |   107.0 |    90.0 |   15,89 |-1,6e+09 |1592521496643 |[0.497438, 0.56059563, 0.5032396, 0.9160767, 0.48610258, 0.11241716, 0.12648886] |
| 1 |   75 |  0.45 | 5000 |      f7 |      50 |   107.0 |    90.0 |   15,89 |-1,6e+09 |1592521496643 |[0.497438, 0.56059563, 0.5032396, 0.9160767, 0.48610258, 0.11241716, 0.12648886] |
| 1 |   75 |  0.45 | 5000 |      f7 |      50 |   107.0 |    90.0 |   15,89 |  2,2 |1592521496643 |[0.497438, 0.56059563, 0.5032396, 0.9160767, 0.48610258, 0.11241716, 0.12648886] |
| 2 |   50 |  0.25 | 5000 |      f7 |      50 |   107.0 |    90.0 |   15,89 |  0,0 |1592521498873 |[0.028205931, 0.9885876, 0.59841764, 0.40026087, 0.38505548, 0.77780706, 0.16305918] |
| 2 |   50 |  0.36 | 5000 |      f7 |      50 |   107.0 |    90.0 |   15,89 |  0,0 |1592521498873 |[0.028205931, 0.9885876, 0.59841764, 0.40026087, 0.38505548, 0.77780706, 0.16305918] |
| 2 |   50 |  0.34 | 5000 |      f7 |      50 |   107.0 |    90.0 |   15,89 |  0,0 |1592521498873 |[0.028205931, 0.9885876, 0.59841764, 0.40026087, 0.38505548, 0.77780706, 0.16305918] |
| 2 |   55 |  0.28 | 5000 |      f7 |      50 |   107.0 |    90.0 |   15,89 |  0,0 |1592521498873 |[0.028205931, 0.9885876, 0.59841764, 0.40026087, 0.38505548, 0.77780706, 0.16305918] |
| 2 |   55 |  0.45 | 5000 |      f7 |      50 |   107.0 |    90.0 |   15,89 |  0,0 |1592521498873 |[0.028205931, 0.9885876, 0.59841764, 0.40026087, 0.38505548, 0.77780706, 0.16305918] |
| 2 |   55 |0.38181818 | 5000 |      f7 |      50 |   107.0 |    90.0 |   15,89 |  0,0 |1592521498873 |[0.9266291, 0.42679596, 0.5918619, 0.5374609, 0.08846676, 0.25030965, 0.13228428] |
| 2 |   55 |0.3090909 | 5000 |      f7 |      50 |   107.0 |    90.0 |   15,89 |  0,0 |1592521498873 |[0.9266291, 0.42679596, 0.5918619, 0.5374609, 0.08846676, 0.25030965, 0.13228428] |
| 2 |   60 |  0.45 | 5000 |      f7 |      50 |   107.0 |    90.0 |   15,89 |  0,0 |1592521498873 |[0.9266291, 0.42679596, 0.5918619, 0.5374609, 0.08846676, 0.25030965, 0.13228428] |
| 2 |   60 |  0.45 | 5000 |      f7 |      50 |   107.0 |    90.0 |   15,89 |  0,0 |1592521498873 |[0.9266291, 0.42679596, 0.5918619, 0.5374609, 0.08846676, 0.25030965, 0.13228428] |
| 2 |   60 |0.38333333 | 5000 |      f7 |      50 |   107.0 |    90.0 |   15,89 |  0,0 |1592521498873 |[0.9266291, 0.42679596, 0.5918619, 0.5374609, 0.08846676, 0.25030965, 0.13228428] |
| 2 |   60 |0.38333333 | 5000 |      f7 |      50 |   107.0 |    90.0 |   15,89 |  0,0 |1592521498873 |[0.9266291, 0.42679596, 0.5918619, 0.5374609, 0.08846676, 0.25030965, 0.13228428] |
| 2 |   65 |0.26666668 | 5000 |      f7 |      50 |   107.0 |    90.0 |   15,89 |  0,0 |1592521498873 |[0.9266291, 0.42679596, 0.5918619, 0.5374609, 0.08846676, 0.25030965, 0.13228428] |
| 2 |   65 |0.43076923 | 5000 |      f7 |      50 |   107.0 |    90.0 |   15,89 |  0,0 |1592521498873 |[0.9266291, 0.42679596, 0.5918619, 0.5374609, 0.08846676, 0.25030965, 0.13228428] |
| 2 |   65 |0.35384616 | 5000 |      f7 |      50 |   107.0 |    90.0 |   15,89 |  0,0 |1592521498873 |[0.9266291, 0.42679596, 0.5918619, 0.5374609, 0.08846676, 0.25030965, 0.13228428] |
| 2 |   65 |0.3846154 | 5000 |      f7 |      50 |   107.0 |    90.0 |   15,89 |  0,0 |1592521498873 |[0.9266291, 0.42679596, 0.5918619, 0.5374609, 0.08846676, 0.25030965, 0.13228428] |
| 2 |   70 |   0.4 | 5000 |      f7 |      50 |   107.0 |    90.0 |   15,89 |  0,0 |1592521498873 |[0.9266291, 0.42679596, 0.5918619, 0.5374609, 0.08846676, 0.25030965, 0.13228428] |
| 2 |   70 |0.41428572 | 5000 |      f7 |      50 |   107.0 |    90.0 |   15,89 |  0,0 |1592521498873 |[0.9266291, 0.42679596, 0.5918619, 0.5374609, 0.08846676, 0.25030965, 0.13228428] |
| 2 |   70 |0.42857143 | 5000 |      f7 |      50 |   107.0 |    90.0 |   15,89 |  0,0 |1592521498873 |[0.9266291, 0.42679596, 0.5918619, 0.5374609, 0.08846676, 0.25030965, 0.13228428] |
| 2 |   70 |0.3857143 | 5000 |      f7 |      50 |   107.0 |    90.0 |   15,89 |  0,0 |1592521498873 |[0.9266291, 0.42679596, 0.5918619, 0.5374609, 0.08846676, 0.25030965, 0.13228428] |
| 2 |   75 |0.24285714 | 5000 |      f7 |      50 |   107.0 |    90.0 |   15,89 |  0,0 |1592521498873 |[0.9266291, 0.42679596, 0.5918619, 0.5374609, 0.08846676, 0.25030965, 0.13228428] |
| 2 |   75 |  0.44 | 5000 |      f7 |      50 |   107.0 |    90.0 |   15,89 |  0,0 |1592521498873 |[0.9266291, 0.42679596, 0.5918619, 0.5374609, 0.08846676, 0.25030965, 0.13228428] |
| 2 |   75 |  0.44 | 5000 |      f7 |      50 |   107.0 |    90.0 |   15,89 |  2,2 |1592521498873 |[0.9266291, 0.42679596, 0.5918619, 0.5374609, 0.08846676, 0.25030965, 0.13228428] |
| 3 |   50 |  0.25 | 5000 |      f7 |      50 |   107.0 |    90.0 |   15,89 |-0,0050 |1592521501087 |[0.6786129, 0.69779, 0.68273455, 0.0025568604, 0.21484011, 0.81828076, 0.77187103] |
| 3 |   50 |   0.2 | 5000 |      f7 |      50 |   107.0 |    90.0 |   15,89 |-0,0050 |1592521501087 |[0.6786129, 0.69779, 0.68273455, 0.0025568604, 0.21484011, 0.81828076, 0.77187103] |
| 3 |   50 |  0.26 | 5000 |      f7 |      50 |   107.0 |    90.0 |   15,89 |-0,0050 |1592521501087 |[0.6786129, 0.69779, 0.68273455, 0.0025568604, 0.21484011, 0.81828076, 0.77187103] |
| 3 |   55 |  0.28 | 5000 |      f7 |      50 |   107.0 |    90.0 |   15,89 |-0,0050 |1592521501087 |[0.6786129, 0.69779, 0.68273455, 0.0025568604, 0.21484011, 0.81828076, 0.77187103] |
| 3 |   55 |  0.45 | 5000 |      f7 |      50 |   107.0 |    90.0 |   15,89 |-0,0050 |1592521501087 |[0.6786129, 0.69779, 0.68273455, 0.0025568604, 0.21484011, 0.81828076, 0.77187103] |
| 3 |   55 |0.29090908 | 5000 |      f7 |      50 |   107.0 |    90.0 |   15,89 |-0,0050 |1592521501087 |[0.6786129, 0.69779, 0.68273455, 0.0025568604, 0.21484011, 0.81828076, 0.77187103] |
| 3 |   55 |0.38181818 | 5000 |      f7 |      50 |   107.0 |    90.0 |   15,89 |-0,0050 |1592521501087 |[0.6786129, 0.69779, 0.68273455, 0.0025568604, 0.21484011, 0.81828076, 0.77187103] |
| 3 |   60 |0.3272727 | 5000 |      f7 |      50 |   107.0 |    90.0 |   15,89 |-0,0050 |1592521501087 |[0.6786129, 0.69779, 0.68273455, 0.0025568604, 0.21484011, 0.81828076, 0.77187103] |
| 3 |   60 |  0.45 | 5000 |      f7 |      50 |   107.0 |    90.0 |   15,89 |-0,0050 |1592521501087 |[0.6786129, 0.69779, 0.68273455, 0.0025568604, 0.21484011, 0.81828076, 0.77187103] |
| 3 |   60 |0.23333333 | 5000 |      f7 |      50 |   107.0 |    90.0 |   15,89 |-0,0050 |1592521501087 |[0.6786129, 0.69779, 0.68273455, 0.0025568604, 0.21484011, 0.81828076, 0.77187103] |
| 3 |   60 |  0.25 | 5000 |      f7 |      50 |   107.0 |    90.0 |   15,89 |-0,0050 |1592521501087 |[0.6786129, 0.69779, 0.68273455, 0.0025568604, 0.21484011, 0.81828076, 0.77187103] |
| 3 |   65 |0.28333333 | 5000 |      f7 |      50 |   107.0 |    90.0 |   15,89 |-0,0050 |1592521501087 |[0.6786129, 0.69779, 0.68273455, 0.0025568604, 0.21484011, 0.81828076, 0.77187103] |
| 3 |   65 |  0.45 | 5000 |      f7 |      50 |   107.0 |    90.0 |   15,89 |-0,0050 |1592521501087 |[0.6786129, 0.69779, 0.68273455, 0.0025568604, 0.21484011, 0.81828076, 0.77187103] |
| 3 |   65 |0.3846154 | 5000 |      f7 |      50 |   107.0 |    90.0 |   15,89 |-0,0050 |1592521501087 |[0.6786129, 0.69779, 0.68273455, 0.0025568604, 0.21484011, 0.81828076, 0.77187103] |
| 3 |   65 |  0.45 | 5000 |      f7 |      50 |   107.0 |    90.0 |   15,89 |-0,0050 |1592521501087 |[0.6786129, 0.69779, 0.68273455, 0.0025568604, 0.21484011, 0.81828076, 0.77187103] |
| 3 |   70 |  0.45 | 5000 |      f7 |      50 |   107.0 |    90.0 |   15,89 |-0,0050 |1592521501087 |[0.6786129, 0.69779, 0.68273455, 0.0025568604, 0.21484011, 0.81828076, 0.77187103] |
| 3 |   70 |0.41428572 | 5000 |      f7 |      50 |   107.0 |    90.0 |   15,89 |-0,0050 |1592521501087 |[0.6786129, 0.69779, 0.68273455, 0.0025568604, 0.21484011, 0.81828076, 0.77187103] |
| 3 |   70 |  0.45 | 5000 |      f7 |      50 |   107.0 |    90.0 |   15,89 |-0,0050 |1592521501087 |[0.6786129, 0.69779, 0.68273455, 0.0025568604, 0.21484011, 0.81828076, 0.77187103] |
| 3 |   70 |0.41428572 | 5000 |      f7 |      50 |   107.0 |    90.0 |   15,89 |-0,0050 |1592521501087 |[0.6786129, 0.69779, 0.68273455, 0.0025568604, 0.21484011, 0.81828076, 0.77187103] |
| 3 |   75 |0.44285715 | 5000 |      f7 |      50 |   107.0 |    90.0 |   15,89 |-0,0050 |1592521501087 |[0.6786129, 0.69779, 0.68273455, 0.0025568604, 0.21484011, 0.81828076, 0.77187103] |
| 3 |   75 |  0.45 | 5000 |      f7 |      50 |   107.0 |    90.0 |   15,89 |-0,0050 |1592521501087 |[0.6786129, 0.69779, 0.68273455, 0.0025568604, 0.21484011, 0.81828076, 0.77187103] |
| 3 |   75 |  0.45 | 5000 |      f7 |      50 |   107.0 |    90.0 |   15,89 |  2,2 |1592521501087 |[0.6786129, 0.69779, 0.68273455, 0.0025568604, 0.21484011, 0.81828076, 0.77187103] |
| 4 |   50 |  0.25 | 5000 |      f7 |      50 |   107.0 |    90.0 |   15,89 |-0,0050 |1592521503319 |[0.7270273, 0.19834024, 0.36048692, 0.3181076, 0.9372455, 0.949832, 0.9572262] |
| 4 |   50 |  0.36 | 5000 |      f7 |      50 |   107.0 |    90.0 |   15,89 |-0,0050 |1592521503319 |[0.7270273, 0.19834024, 0.36048692, 0.3181076, 0.9372455, 0.949832, 0.9572262] |
| 4 |   50 |  0.34 | 5000 |      f7 |      50 |   107.0 |    90.0 |   15,89 |-0,0050 |1592521503319 |[0.7270273, 0.19834024, 0.36048692, 0.3181076, 0.9372455, 0.949832, 0.9572262] |
| 4 |   55 |  0.34 | 5000 |      f7 |      50 |   107.0 |    90.0 |   15,89 |-0,0050 |1592521503319 |[0.7270273, 0.19834024, 0.36048692, 0.3181076, 0.9372455, 0.949832, 0.9572262] |
| 4 |   55 |0.4181818 | 5000 |      f7 |      50 |   107.0 |    90.0 |   15,89 |-0,0050 |1592521503319 |[0.7270273, 0.19834024, 0.36048692, 0.3181076, 0.9372455, 0.949832, 0.9572262] |
| 4 |   55 |0.3090909 | 5000 |      f7 |      50 |   107.0 |    90.0 |   15,89 |-0,0050 |1592521503319 |[0.7270273, 0.19834024, 0.36048692, 0.3181076, 0.9372455, 0.949832, 0.9572262] |
| 4 |   55 |   0.4 | 5000 |      f7 |      50 |   107.0 |    90.0 |   15,89 |-0,0050 |1592521503319 |[0.7270273, 0.19834024, 0.36048692, 0.3181076, 0.9372455, 0.949832, 0.9572262] |
| 4 |   60 |  0.45 | 5000 |      f7 |      50 |   107.0 |    90.0 |   15,89 |-0,0050 |1592521503319 |[0.7270273, 0.19834024, 0.36048692, 0.3181076, 0.9372455, 0.949832, 0.9572262] |
| 4 |   60 |  0.45 | 5000 |      f7 |      50 |   107.0 |    90.0 |   15,89 |-0,0050 |1592521503319 |[0.7270273, 0.19834024, 0.36048692, 0.3181076, 0.9372455, 0.949832, 0.9572262] |
| 4 |   60 |0.28333333 | 5000 |      f7 |      50 |   107.0 |    90.0 |   15,89 |-0,0050 |1592521503319 |[0.7270273, 0.19834024, 0.36048692, 0.3181076, 0.9372455, 0.949832, 0.9572262] |
| 4 |   60 |0.31666666 | 5000 |      f7 |      50 |   107.0 |    90.0 |   15,89 |-0,0050 |1592521503319 |[0.7270273, 0.19834024, 0.36048692, 0.3181076, 0.9372455, 0.949832, 0.9572262] |
| 4 |   65 |0.38333333 | 5000 |      f7 |      50 |   107.0 |    90.0 |   15,89 |-0,0050 |1592521503319 |[0.7270273, 0.19834024, 0.36048692, 0.3181076, 0.9372455, 0.949832, 0.9572262] |
| 4 |   65 |  0.45 | 5000 |      f7 |      50 |   107.0 |    90.0 |   15,89 |-0,0050 |1592521503319 |[0.7270273, 0.19834024, 0.36048692, 0.3181076, 0.9372455, 0.949832, 0.9572262] |
| 4 |   65 |0.36923078 | 5000 |      f7 |      50 |   107.0 |    90.0 |   15,89 |-0,0050 |1592521503319 |[0.49873412, 0.61447823, 0.236381, 0.4145118, 0.3662275, 0.14962345, 0.8655385] |
| 4 |   65 |0.2923077 | 5000 |      f7 |      50 |   107.0 |    90.0 |   15,89 |-0,0050 |1592521503319 |[0.49873412, 0.61447823, 0.236381, 0.4145118, 0.3662275, 0.14962345, 0.8655385] |
| 4 |   70 |0.33846155 | 5000 |      f7 |      50 |   107.0 |    90.0 |   15,89 |-0,0050 |1592521503319 |[0.49873412, 0.61447823, 0.236381, 0.4145118, 0.3662275, 0.14962345, 0.8655385] |
| 4 |   70 |0.41428572 | 5000 |      f7 |      50 |   107.0 |    90.0 |   15,89 |-0,0050 |1592521503319 |[0.49873412, 0.61447823, 0.236381, 0.4145118, 0.3662275, 0.14962345, 0.8655385] |
| 4 |   70 |0.37142858 | 5000 |      f7 |      50 |   107.0 |    90.0 |   15,89 |-0,0050 |1592521503319 |[0.49873412, 0.61447823, 0.236381, 0.4145118, 0.3662275, 0.14962345, 0.8655385] |
| 4 |   70 |0.31428573 | 5000 |      f7 |      50 |   107.0 |    90.0 |   15,89 |-0,0050 |1592521503319 |[0.49873412, 0.61447823, 0.236381, 0.4145118, 0.3662275, 0.14962345, 0.8655385] |
| 4 |   75 |0.24285714 | 5000 |      f7 |      50 |   107.0 |    90.0 |   15,89 |-0,0050 |1592521503319 |[0.49873412, 0.61447823, 0.236381, 0.4145118, 0.3662275, 0.14962345, 0.8655385] |
| 4 |   75 |0.42666668 | 5000 |      f7 |      50 |   107.0 |    90.0 |   15,89 |-0,0050 |1592521503319 |[0.49873412, 0.61447823, 0.236381, 0.4145118, 0.3662275, 0.14962345, 0.8655385] |
| 4 |   75 |0.42666668 | 5000 |      f7 |      50 |   107.0 |    90.0 |   15,89 |  2,2 |1592521503319 |[0.49873412, 0.61447823, 0.236381, 0.4145118, 0.3662275, 0.14962345, 0.8655385] |
| 5 |   50 |  0.25 | 5000 |      f7 |      50 |   107.0 |    90.0 |   15,89 |-0,0060 |1592521505555 |[0.061012506, 0.77166396, 0.82479066, 0.63279057, 0.72904015, 0.27005643, 4.1246414E-5] |
| 5 |   50 |  0.42 | 5000 |      f7 |      50 |   107.0 |    90.0 |   15,89 |-0,0060 |1592521505555 |[0.061012506, 0.77166396, 0.82479066, 0.63279057, 0.72904015, 0.27005643, 4.1246414E-5] |
| 5 |   50 |  0.28 | 5000 |      f7 |      50 |   107.0 |    90.0 |   15,89 |-0,0060 |1592521505555 |[0.061012506, 0.77166396, 0.82479066, 0.63279057, 0.72904015, 0.27005643, 4.1246414E-5] |
| 5 |   55 |  0.32 | 5000 |      f7 |      50 |   107.0 |    90.0 |   15,89 |-0,0060 |1592521505555 |[0.93388444, 0.3723806, 0.29467088, 0.42295188, 0.2229169, 0.49622983, 0.5756654] |
| 5 |   55 |   0.4 | 5000 |      f7 |      50 |   107.0 |    90.0 |   15,89 |-0,0060 |1592521505555 |[0.93388444, 0.3723806, 0.29467088, 0.42295188, 0.2229169, 0.49622983, 0.5756654] |
| 5 |   55 |0.36363637 | 5000 |      f7 |      50 |   107.0 |    90.0 |   15,89 |-0,0060 |1592521505555 |[0.93388444, 0.3723806, 0.29467088, 0.42295188, 0.2229169, 0.49622983, 0.5756654] |
| 5 |   55 |0.3090909 | 5000 |      f7 |      50 |   107.0 |    90.0 |   15,89 |-0,0060 |1592521505555 |[0.93388444, 0.3723806, 0.29467088, 0.42295188, 0.2229169, 0.49622983, 0.5756654] |
| 5 |   60 |0.38181818 | 5000 |      f7 |      50 |   107.0 |    90.0 |   15,89 |-0,0060 |1592521505555 |[0.93388444, 0.3723806, 0.29467088, 0.42295188, 0.2229169, 0.49622983, 0.5756654] |
| 5 |   60 |  0.45 | 5000 |      f7 |      50 |   107.0 |    90.0 |   15,89 |-0,0060 |1592521505555 |[0.93388444, 0.3723806, 0.29467088, 0.42295188, 0.2229169, 0.49622983, 0.5756654] |
| 5 |   60 |  0.45 | 5000 |      f7 |      50 |   107.0 |    90.0 |   15,89 |-0,0060 |1592521505555 |[0.93388444, 0.3723806, 0.29467088, 0.42295188, 0.2229169, 0.49622983, 0.5756654] |
| 5 |   60 |0.41666666 | 5000 |      f7 |      50 |   107.0 |    90.0 |   15,89 |-0,0060 |1592521505555 |[0.93388444, 0.3723806, 0.29467088, 0.42295188, 0.2229169, 0.49622983, 0.5756654] |
| 5 |   65 |   0.4 | 5000 |      f7 |      50 |   107.0 |    90.0 |   15,89 |-0,0060 |1592521505555 |[0.93388444, 0.3723806, 0.29467088, 0.42295188, 0.2229169, 0.49622983, 0.5756654] |
| 5 |   65 |  0.45 | 5000 |      f7 |      50 |   107.0 |    90.0 |   15,89 |-0,0060 |1592521505555 |[0.93388444, 0.3723806, 0.29467088, 0.42295188, 0.2229169, 0.49622983, 0.5756654] |
| 5 |   65 |  0.45 | 5000 |      f7 |      50 |   107.0 |    90.0 |   15,89 |-0,0060 |1592521505555 |[0.93388444, 0.3723806, 0.29467088, 0.42295188, 0.2229169, 0.49622983, 0.5756654] |
| 5 |   65 |0.44615385 | 5000 |      f7 |      50 |   107.0 |    90.0 |   15,89 |-0,0060 |1592521505555 |[0.93388444, 0.3723806, 0.29467088, 0.42295188, 0.2229169, 0.49622983, 0.5756654] |
| 5 |   70 |0.35384616 | 5000 |      f7 |      50 |   107.0 |    90.0 |   15,89 |-0,0060 |1592521505555 |[0.93388444, 0.3723806, 0.29467088, 0.42295188, 0.2229169, 0.49622983, 0.5756654] |
| 5 |   70 |0.44285715 | 5000 |      f7 |      50 |   107.0 |    90.0 |   15,89 |-0,0060 |1592521505555 |[0.93388444, 0.3723806, 0.29467088, 0.42295188, 0.2229169, 0.49622983, 0.5756654] |
| 5 |   70 |0.42857143 | 5000 |      f7 |      50 |   107.0 |    90.0 |   15,89 |-0,0060 |1592521505555 |[0.93388444, 0.3723806, 0.29467088, 0.42295188, 0.2229169, 0.49622983, 0.5756654] |
| 5 |   70 |0.37142858 | 5000 |      f7 |      50 |   107.0 |    90.0 |   15,89 |-0,0060 |1592521505555 |[0.93388444, 0.3723806, 0.29467088, 0.42295188, 0.2229169, 0.49622983, 0.5756654] |
| 5 |   75 |0.3857143 | 5000 |      f7 |      50 |   107.0 |    90.0 |   15,89 |-0,0060 |1592521505555 |[0.93388444, 0.3723806, 0.29467088, 0.42295188, 0.2229169, 0.49622983, 0.5756654] |
| 5 |   75 |0.37333333 | 5000 |      f7 |      50 |   107.0 |    90.0 |   15,89 |-0,0060 |1592521505555 |[0.93388444, 0.3723806, 0.29467088, 0.42295188, 0.2229169, 0.49622983, 0.5756654] |
| 5 |   75 |0.37333333 | 5000 |      f7 |      50 |   107.0 |    90.0 |   15,89 |  2,2 |1592521505555 |[0.93388444, 0.3723806, 0.29467088, 0.42295188, 0.2229169, 0.49622983, 0.5756654] |
| 6 |   50 |  0.25 | 5000 |      f7 |      50 |   107.0 |    90.0 |   15,89 |-0,0050 |1592521507783 |[0.50349194, 0.2511469, 0.41055644, 0.45018315, 0.7019684, 0.99749166, 0.42508894] |
| 6 |   50 |  0.28 | 5000 |      f7 |      50 |   107.0 |    90.0 |   15,89 |-0,0050 |1592521507783 |[0.50349194, 0.2511469, 0.41055644, 0.45018315, 0.7019684, 0.99749166, 0.42508894] |
| 6 |   50 |  0.18 | 5000 |      f7 |      50 |   107.0 |    90.0 |   15,89 |-0,0050 |1592521507783 |[0.50349194, 0.2511469, 0.41055644, 0.45018315, 0.7019684, 0.99749166, 0.42508894] |
| 6 |   55 |  0.26 | 5000 |      f7 |      50 |   107.0 |    90.0 |   15,89 |-0,0050 |1592521507783 |[0.50349194, 0.2511469, 0.41055644, 0.45018315, 0.7019684, 0.99749166, 0.42508894] |
| 6 |   55 |  0.45 | 5000 |      f7 |      50 |   107.0 |    90.0 |   15,89 |-0,0050 |1592521507783 |[0.50349194, 0.2511469, 0.41055644, 0.45018315, 0.7019684, 0.99749166, 0.42508894] |
| 6 |   55 |0.36363637 | 5000 |      f7 |      50 |   107.0 |    90.0 |   15,89 |-0,0050 |1592521507783 |[0.50349194, 0.2511469, 0.41055644, 0.45018315, 0.7019684, 0.99749166, 0.42508894] |
| 6 |   55 |0.34545454 | 5000 |      f7 |      50 |   107.0 |    90.0 |   15,89 |-0,0050 |1592521507783 |[0.50349194, 0.2511469, 0.41055644, 0.45018315, 0.7019684, 0.99749166, 0.42508894] |
| 6 |   60 |0.27272728 | 5000 |      f7 |      50 |   107.0 |    90.0 |   15,89 |-0,0050 |1592521507783 |[0.50349194, 0.2511469, 0.41055644, 0.45018315, 0.7019684, 0.99749166, 0.42508894] |
| 6 |   60 |  0.45 | 5000 |      f7 |      50 |   107.0 |    90.0 |   15,89 |-0,0050 |1592521507783 |[0.50349194, 0.2511469, 0.41055644, 0.45018315, 0.7019684, 0.99749166, 0.42508894] |
| 6 |   60 |  0.35 | 5000 |      f7 |      50 |   107.0 |    90.0 |   15,89 |-0,0050 |1592521507783 |[0.50349194, 0.2511469, 0.41055644, 0.45018315, 0.7019684, 0.99749166, 0.42508894] |
| 6 |   60 |0.31666666 | 5000 |      f7 |      50 |   107.0 |    90.0 |   15,89 |-0,0050 |1592521507783 |[0.50349194, 0.2511469, 0.41055644, 0.45018315, 0.7019684, 0.99749166, 0.42508894] |
| 6 |   65 |  0.35 | 5000 |      f7 |      50 |   107.0 |    90.0 |   15,89 |-0,0050 |1592521507783 |[0.50349194, 0.2511469, 0.41055644, 0.45018315, 0.7019684, 0.99749166, 0.42508894] |
| 6 |   65 |0.44615385 | 5000 |      f7 |      50 |   107.0 |    90.0 |   15,89 |-0,0050 |1592521507783 |[0.50349194, 0.2511469, 0.41055644, 0.45018315, 0.7019684, 0.99749166, 0.42508894] |
| 6 |   65 |  0.45 | 5000 |      f7 |      50 |   107.0 |    90.0 |   15,89 |-0,0050 |1592521507783 |[0.50349194, 0.2511469, 0.41055644, 0.45018315, 0.7019684, 0.99749166, 0.42508894] |
| 6 |   65 |0.41538462 | 5000 |      f7 |      50 |   107.0 |    90.0 |   15,89 |-0,0050 |1592521507783 |[0.50349194, 0.2511469, 0.41055644, 0.45018315, 0.7019684, 0.99749166, 0.42508894] |
| 6 |   70 |0.36923078 | 5000 |      f7 |      50 |   107.0 |    90.0 |   15,89 |-0,0050 |1592521507783 |[0.50349194, 0.2511469, 0.41055644, 0.45018315, 0.7019684, 0.99749166, 0.42508894] |
| 6 |   70 |  0.45 | 5000 |      f7 |      50 |   107.0 |    90.0 |   15,89 |-0,0050 |1592521507783 |[0.50349194, 0.2511469, 0.41055644, 0.45018315, 0.7019684, 0.99749166, 0.42508894] |
| 6 |   70 |0.32857144 | 5000 |      f7 |      50 |   107.0 |    90.0 |   15,89 |-0,0050 |1592521507783 |[0.50349194, 0.2511469, 0.41055644, 0.45018315, 0.7019684, 0.99749166, 0.42508894] |
| 6 |   70 |0.3857143 | 5000 |      f7 |      50 |   107.0 |    90.0 |   15,89 |-0,0050 |1592521507783 |[0.50349194, 0.2511469, 0.41055644, 0.45018315, 0.7019684, 0.99749166, 0.42508894] |
| 6 |   75 |0.3857143 | 5000 |      f7 |      50 |   107.0 |    90.0 |   15,89 |-0,0050 |1592521507783 |[0.50349194, 0.2511469, 0.41055644, 0.45018315, 0.7019684, 0.99749166, 0.42508894] |
| 6 |   75 |  0.45 | 5000 |      f7 |      50 |   107.0 |    90.0 |   15,89 |-0,0050 |1592521507783 |[0.50349194, 0.2511469, 0.41055644, 0.45018315, 0.7019684, 0.99749166, 0.42508894] |
| 6 |   75 |  0.45 | 5000 |      f7 |      50 |   107.0 |    90.0 |   15,89 |  2,2 |1592521507783 |[0.50349194, 0.2511469, 0.41055644, 0.45018315, 0.7019684, 0.99749166, 0.42508894] |
| 7 |   50 |  0.25 | 5000 |      f7 |      50 |   107.0 |    90.0 |   15,89 |-0,0050 |1592521510021 |[0.7760139, 0.006550789, 0.45305967, 0.58154637, 0.30522257, 0.5318989, 0.03249502] |
| 7 |   50 |  0.32 | 5000 |      f7 |      50 |   107.0 |    90.0 |   15,89 |-0,0050 |1592521510021 |[0.7760139, 0.006550789, 0.45305967, 0.58154637, 0.30522257, 0.5318989, 0.03249502] |
| 7 |   50 |  0.32 | 5000 |      f7 |      50 |   107.0 |    90.0 |   15,89 |-0,0050 |1592521510021 |[0.7760139, 0.006550789, 0.45305967, 0.58154637, 0.30522257, 0.5318989, 0.03249502] |
| 7 |   55 |  0.42 | 5000 |      f7 |      50 |   107.0 |    90.0 |   15,89 |-0,0050 |1592521510021 |[0.7760139, 0.006550789, 0.45305967, 0.58154637, 0.30522257, 0.5318989, 0.03249502] |
| 7 |   55 |  0.45 | 5000 |      f7 |      50 |   107.0 |    90.0 |   15,89 |-0,0050 |1592521510021 |[0.7760139, 0.006550789, 0.45305967, 0.58154637, 0.30522257, 0.5318989, 0.03249502] |
| 7 |   55 |0.36363637 | 5000 |      f7 |      50 |   107.0 |    90.0 |   15,89 |-0,0050 |1592521510021 |[0.7760139, 0.006550789, 0.45305967, 0.58154637, 0.30522257, 0.5318989, 0.03249502] |
| 7 |   55 |0.23636363 | 5000 |      f7 |      50 |   107.0 |    90.0 |   15,89 |-0,0050 |1592521510021 |[0.7760139, 0.006550789, 0.45305967, 0.58154637, 0.30522257, 0.5318989, 0.03249502] |
| 7 |   60 |0.36363637 | 5000 |      f7 |      50 |   107.0 |    90.0 |   15,89 |-0,0050 |1592521510021 |[0.7760139, 0.006550789, 0.45305967, 0.58154637, 0.30522257, 0.5318989, 0.03249502] |
| 7 |   60 |  0.45 | 5000 |      f7 |      50 |   107.0 |    90.0 |   15,89 |-0,0050 |1592521510021 |[0.7760139, 0.006550789, 0.45305967, 0.58154637, 0.30522257, 0.5318989, 0.03249502] |
| 7 |   60 |0.28333333 | 5000 |      f7 |      50 |   107.0 |    90.0 |   15,89 |-0,0050 |1592521510021 |[0.7760139, 0.006550789, 0.45305967, 0.58154637, 0.30522257, 0.5318989, 0.03249502] |
| 7 |   60 |   0.3 | 5000 |      f7 |      50 |   107.0 |    90.0 |   15,89 |-0,0050 |1592521510021 |[0.7760139, 0.006550789, 0.45305967, 0.58154637, 0.30522257, 0.5318989, 0.03249502] |
| 7 |   65 |   0.3 | 5000 |      f7 |      50 |   107.0 |    90.0 |   15,89 |-0,0050 |1592521510021 |[0.7760139, 0.006550789, 0.45305967, 0.58154637, 0.30522257, 0.5318989, 0.03249502] |
| 7 |   65 |  0.45 | 5000 |      f7 |      50 |   107.0 |    90.0 |   15,89 |-0,0050 |1592521510021 |[0.7760139, 0.006550789, 0.45305967, 0.58154637, 0.30522257, 0.5318989, 0.03249502] |
| 7 |   65 |   0.4 | 5000 |      f7 |      50 |   107.0 |    90.0 |   15,89 |-0,0050 |1592521510021 |[0.7760139, 0.006550789, 0.45305967, 0.58154637, 0.30522257, 0.5318989, 0.03249502] |
| 7 |   65 |0.41538462 | 5000 |      f7 |      50 |   107.0 |    90.0 |   15,89 |-0,0050 |1592521510021 |[0.7760139, 0.006550789, 0.45305967, 0.58154637, 0.30522257, 0.5318989, 0.03249502] |
| 7 |   70 |0.24615385 | 5000 |      f7 |      50 |   107.0 |    90.0 |   15,89 |-0,0050 |1592521510021 |[0.7760139, 0.006550789, 0.45305967, 0.58154637, 0.30522257, 0.5318989, 0.03249502] |
| 7 |   70 |0.44285715 | 5000 |      f7 |      50 |   107.0 |    90.0 |   15,89 |-0,0050 |1592521510021 |[0.7760139, 0.006550789, 0.45305967, 0.58154637, 0.30522257, 0.5318989, 0.03249502] |
| 7 |   70 |0.42857143 | 5000 |      f7 |      50 |   107.0 |    90.0 |   15,89 |-0,0050 |1592521510021 |[0.7760139, 0.006550789, 0.45305967, 0.58154637, 0.30522257, 0.5318989, 0.03249502] |
| 7 |   70 |0.32857144 | 5000 |      f7 |      50 |   107.0 |    90.0 |   15,89 |-0,0050 |1592521510021 |[0.7760139, 0.006550789, 0.45305967, 0.58154637, 0.30522257, 0.5318989, 0.03249502] |
| 7 |   75 |0.35714287 | 5000 |      f7 |      50 |   107.0 |    90.0 |   15,89 |-0,0050 |1592521510021 |[0.7760139, 0.006550789, 0.45305967, 0.58154637, 0.30522257, 0.5318989, 0.03249502] |
| 7 |   75 |  0.45 | 5000 |      f7 |      50 |   107.0 |    90.0 |   15,89 |-0,0050 |1592521510021 |[0.7760139, 0.006550789, 0.45305967, 0.58154637, 0.30522257, 0.5318989, 0.03249502] |
| 7 |   75 |  0.45 | 5000 |      f7 |      50 |   107.0 |    90.0 |   15,89 |  2,2 |1592521510021 |[0.7760139, 0.006550789, 0.45305967, 0.58154637, 0.30522257, 0.5318989, 0.03249502] |
| 8 |   50 |  0.25 | 5000 |      f7 |      50 |   107.0 |    90.0 |   15,89 |-0,0060 |1592521512237 |[0.3054642, 0.66405725, 0.6538625, 0.81033474, 0.8218013, 0.041098654, 0.57287884] |
| 8 |   50 |  0.38 | 5000 |      f7 |      50 |   107.0 |    90.0 |   15,89 |-0,0060 |1592521512237 |[0.3054642, 0.66405725, 0.6538625, 0.81033474, 0.8218013, 0.041098654, 0.57287884] |
| 8 |   50 |  0.42 | 5000 |      f7 |      50 |   107.0 |    90.0 |   15,89 |-0,0060 |1592521512237 |[0.4953878, 0.2864555, 0.9568818, 0.35538673, 0.93428135, 0.29165864, 0.38934946] |
| 8 |   55 |  0.28 | 5000 |      f7 |      50 |   107.0 |    90.0 |   15,89 |-0,0060 |1592521512237 |[0.4953878, 0.2864555, 0.9568818, 0.35538673, 0.93428135, 0.29165864, 0.38934946] |
| 8 |   55 |  0.45 | 5000 |      f7 |      50 |   107.0 |    90.0 |   15,89 |-0,0060 |1592521512237 |[0.4953878, 0.2864555, 0.9568818, 0.35538673, 0.93428135, 0.29165864, 0.38934946] |
| 8 |   55 |0.3272727 | 5000 |      f7 |      50 |   107.0 |    90.0 |   15,89 |-0,0060 |1592521512237 |[0.5807926, 0.80451906, 0.18383306, 0.1030311, 0.089842916, 0.7261755, 0.58175653] |
| 8 |   55 |0.36363637 | 5000 |      f7 |      50 |   107.0 |    90.0 |   15,89 |-0,0060 |1592521512237 |[0.5807926, 0.80451906, 0.18383306, 0.1030311, 0.089842916, 0.7261755, 0.58175653] |
| 8 |   60 |0.34545454 | 5000 |      f7 |      50 |   107.0 |    90.0 |   15,89 |-0,0060 |1592521512237 |[0.5807926, 0.80451906, 0.18383306, 0.1030311, 0.089842916, 0.7261755, 0.58175653] |
| 8 |   60 |  0.45 | 5000 |      f7 |      50 |   107.0 |    90.0 |   15,89 |-0,0060 |1592521512237 |[0.5807926, 0.80451906, 0.18383306, 0.1030311, 0.089842916, 0.7261755, 0.58175653] |
| 8 |   60 |   0.4 | 5000 |      f7 |      50 |   107.0 |    90.0 |   15,89 |-0,0060 |1592521512237 |[0.5807926, 0.80451906, 0.18383306, 0.1030311, 0.089842916, 0.7261755, 0.58175653] |
| 8 |   60 |0.43333334 | 5000 |      f7 |      50 |   107.0 |    90.0 |   15,89 |-0,0060 |1592521512237 |[0.5807926, 0.80451906, 0.18383306, 0.1030311, 0.089842916, 0.7261755, 0.58175653] |
| 8 |   65 |0.33333334 | 5000 |      f7 |      50 |   107.0 |    90.0 |   15,89 |-0,0060 |1592521512237 |[0.5807926, 0.80451906, 0.18383306, 0.1030311, 0.089842916, 0.7261755, 0.58175653] |
| 8 |   65 |  0.45 | 5000 |      f7 |      50 |   107.0 |    90.0 |   15,89 |-0,0060 |1592521512237 |[0.5807926, 0.80451906, 0.18383306, 0.1030311, 0.089842916, 0.7261755, 0.58175653] |
| 8 |   65 |0.36923078 | 5000 |      f7 |      50 |   107.0 |    90.0 |   15,89 |-0,0060 |1592521512237 |[0.5807926, 0.80451906, 0.18383306, 0.1030311, 0.089842916, 0.7261755, 0.58175653] |
| 8 |   65 |0.26153848 | 5000 |      f7 |      50 |   107.0 |    90.0 |   15,89 |-0,0060 |1592521512237 |[0.5807926, 0.80451906, 0.18383306, 0.1030311, 0.089842916, 0.7261755, 0.58175653] |
| 8 |   70 |0.36923078 | 5000 |      f7 |      50 |   107.0 |    90.0 |   15,89 |-0,0060 |1592521512237 |[0.5807926, 0.80451906, 0.18383306, 0.1030311, 0.089842916, 0.7261755, 0.58175653] |
| 8 |   70 |  0.45 | 5000 |      f7 |      50 |   107.0 |    90.0 |   15,89 |-0,0060 |1592521512237 |[0.5807926, 0.80451906, 0.18383306, 0.1030311, 0.089842916, 0.7261755, 0.58175653] |
| 8 |   70 |   0.4 | 5000 |      f7 |      50 |   107.0 |    90.0 |   15,89 |-0,0060 |1592521512237 |[0.5807926, 0.80451906, 0.18383306, 0.1030311, 0.089842916, 0.7261755, 0.58175653] |
| 8 |   70 |0.41428572 | 5000 |      f7 |      50 |   107.0 |    90.0 |   15,89 |-0,0060 |1592521512237 |[0.5807926, 0.80451906, 0.18383306, 0.1030311, 0.089842916, 0.7261755, 0.58175653] |
| 8 |   75 |   0.3 | 5000 |      f7 |      50 |   107.0 |    90.0 |   15,89 |-0,0060 |1592521512237 |[0.5807926, 0.80451906, 0.18383306, 0.1030311, 0.089842916, 0.7261755, 0.58175653] |
| 8 |   75 |  0.45 | 5000 |      f7 |      50 |   107.0 |    90.0 |   15,89 |-0,0060 |1592521512237 |[0.5807926, 0.80451906, 0.18383306, 0.1030311, 0.089842916, 0.7261755, 0.58175653] |
| 8 |   75 |  0.45 | 5000 |      f7 |      50 |   107.0 |    90.0 |   15,89 |  2,2 |1592521512237 |[0.5807926, 0.80451906, 0.18383306, 0.1030311, 0.089842916, 0.7261755, 0.58175653] |
| 9 |   50 |  0.25 | 5000 |      f7 |      50 |   107.0 |    90.0 |   15,89 |-0,0060 |1592521514457 |[0.032655895, 0.19200695, 0.25458997, 0.54397345, 0.4552157, 0.15255421, 0.97429603] |
| 9 |   50 |  0.26 | 5000 |      f7 |      50 |   107.0 |    90.0 |   15,89 |-0,0060 |1592521514457 |[0.032655895, 0.19200695, 0.25458997, 0.54397345, 0.4552157, 0.15255421, 0.97429603] |
| 9 |   50 |  0.44 | 5000 |      f7 |      50 |   107.0 |    90.0 |   15,89 |-0,0060 |1592521514457 |[0.032655895, 0.19200695, 0.25458997, 0.54397345, 0.4552157, 0.15255421, 0.97429603] |
| 9 |   55 |   0.3 | 5000 |      f7 |      50 |   107.0 |    90.0 |   15,89 |-0,0060 |1592521514457 |[0.032655895, 0.19200695, 0.25458997, 0.54397345, 0.4552157, 0.15255421, 0.97429603] |
| 9 |   55 |0.38181818 | 5000 |      f7 |      50 |   107.0 |    90.0 |   15,89 |-0,0060 |1592521514457 |[0.23729724, 0.48595047, 0.25270164, 0.15061188, 0.28800195, 0.25431085, 0.27370125] |
| 9 |   55 |0.3090909 | 5000 |      f7 |      50 |   107.0 |    90.0 |   15,89 |-0,0060 |1592521514457 |[0.23729724, 0.48595047, 0.25270164, 0.15061188, 0.28800195, 0.25431085, 0.27370125] |
| 9 |   55 |0.29090908 | 5000 |      f7 |      50 |   107.0 |    90.0 |   15,89 |-0,0060 |1592521514457 |[0.23729724, 0.48595047, 0.25270164, 0.15061188, 0.28800195, 0.25431085, 0.27370125] |
| 9 |   60 |0.3090909 | 5000 |      f7 |      50 |   107.0 |    90.0 |   15,89 |-0,0060 |1592521514457 |[0.23729724, 0.48595047, 0.25270164, 0.15061188, 0.28800195, 0.25431085, 0.27370125] |
| 9 |   60 |  0.45 | 5000 |      f7 |      50 |   107.0 |    90.0 |   15,89 |-0,0060 |1592521514457 |[0.23729724, 0.48595047, 0.25270164, 0.15061188, 0.28800195, 0.25431085, 0.27370125] |
| 9 |   60 |  0.45 | 5000 |      f7 |      50 |   107.0 |    90.0 |   15,89 |-0,0060 |1592521514457 |[0.23729724, 0.48595047, 0.25270164, 0.15061188, 0.28800195, 0.25431085, 0.27370125] |
| 9 |   60 |   0.4 | 5000 |      f7 |      50 |   107.0 |    90.0 |   15,89 |-0,0060 |1592521514457 |[0.23729724, 0.48595047, 0.25270164, 0.15061188, 0.28800195, 0.25431085, 0.27370125] |
| 9 |   65 |  0.45 | 5000 |      f7 |      50 |   107.0 |    90.0 |   15,89 |-0,0060 |1592521514457 |[0.23729724, 0.48595047, 0.25270164, 0.15061188, 0.28800195, 0.25431085, 0.27370125] |
| 9 |   65 |  0.45 | 5000 |      f7 |      50 |   107.0 |    90.0 |   15,89 |-0,0060 |1592521514457 |[0.23729724, 0.48595047, 0.25270164, 0.15061188, 0.28800195, 0.25431085, 0.27370125] |
| 9 |   65 |  0.45 | 5000 |      f7 |      50 |   107.0 |    90.0 |   15,89 |-0,0060 |1592521514457 |[0.23729724, 0.48595047, 0.25270164, 0.15061188, 0.28800195, 0.25431085, 0.27370125] |
| 9 |   65 |   0.4 | 5000 |      f7 |      50 |   107.0 |    90.0 |   15,89 |-0,0060 |1592521514457 |[0.23729724, 0.48595047, 0.25270164, 0.15061188, 0.28800195, 0.25431085, 0.27370125] |
| 9 |   70 |0.33846155 | 5000 |      f7 |      50 |   107.0 |    90.0 |   15,89 |-0,0060 |1592521514457 |[0.23729724, 0.48595047, 0.25270164, 0.15061188, 0.28800195, 0.25431085, 0.27370125] |
| 9 |   70 |0.42857143 | 5000 |      f7 |      50 |   107.0 |    90.0 |   15,89 |-0,0060 |1592521514457 |[0.23729724, 0.48595047, 0.25270164, 0.15061188, 0.28800195, 0.25431085, 0.27370125] |
| 9 |   70 |0.34285715 | 5000 |      f7 |      50 |   107.0 |    90.0 |   15,89 |-0,0060 |1592521514457 |[0.23729724, 0.48595047, 0.25270164, 0.15061188, 0.28800195, 0.25431085, 0.27370125] |
| 9 |   70 |0.34285715 | 5000 |      f7 |      50 |   107.0 |    90.0 |   15,89 |-0,0060 |1592521514457 |[0.23729724, 0.48595047, 0.25270164, 0.15061188, 0.28800195, 0.25431085, 0.27370125] |
| 9 |   75 |0.34285715 | 5000 |      f7 |      50 |   107.0 |    90.0 |   15,89 |-0,0060 |1592521514457 |[0.23729724, 0.48595047, 0.25270164, 0.15061188, 0.28800195, 0.25431085, 0.27370125] |
| 9 |   75 |0.37333333 | 5000 |      f7 |      50 |   107.0 |    90.0 |   15,89 |-0,0060 |1592521514457 |[0.23729724, 0.48595047, 0.25270164, 0.15061188, 0.28800195, 0.25431085, 0.27370125] |
| 9 |   75 |0.37333333 | 5000 |      f7 |      50 |   107.0 |    90.0 |   15,89 |  2,2 |1592521514457 |[0.23729724, 0.48595047, 0.25270164, 0.15061188, 0.28800195, 0.25431085, 0.27370125] |
|10 |   50 |  0.25 | 5000 |      f7 |      50 |   107.0 |    90.0 |   15,89 |-0,0060 |1592521516700 |[0.5094577, 0.7083496, 0.4859684, 0.105228424, 0.7109648, 0.7049587, 0.7501843] |
|10 |   50 |   0.4 | 5000 |      f7 |      50 |   107.0 |    90.0 |   15,89 |-0,0060 |1592521516700 |[0.8788745, 0.024305105, 0.47483927, 0.33565307, 0.40968162, 0.41007936, 0.59140646] |
|10 |   50 |  0.45 | 5000 |      f7 |      50 |   107.0 |    90.0 |   15,89 |-0,0060 |1592521516700 |[0.8788745, 0.024305105, 0.47483927, 0.33565307, 0.40968162, 0.41007936, 0.59140646] |
|10 |   55 |   0.4 | 5000 |      f7 |      50 |   107.0 |    90.0 |   15,89 |-0,0060 |1592521516700 |[0.8788745, 0.024305105, 0.47483927, 0.33565307, 0.40968162, 0.41007936, 0.59140646] |
|10 |   55 |0.43636364 | 5000 |      f7 |      50 |   107.0 |    90.0 |   15,89 |-0,0060 |1592521516700 |[0.8788745, 0.024305105, 0.47483927, 0.33565307, 0.40968162, 0.41007936, 0.59140646] |
|10 |   55 |0.29090908 | 5000 |      f7 |      50 |   107.0 |    90.0 |   15,89 |-0,0060 |1592521516700 |[0.8788745, 0.024305105, 0.47483927, 0.33565307, 0.40968162, 0.41007936, 0.59140646] |
|10 |   55 |0.29090908 | 5000 |      f7 |      50 |   107.0 |    90.0 |   15,89 |-0,0060 |1592521516700 |[0.8788745, 0.024305105, 0.47483927, 0.33565307, 0.40968162, 0.41007936, 0.59140646] |
|10 |   60 |0.34545454 | 5000 |      f7 |      50 |   107.0 |    90.0 |   15,89 |-0,0060 |1592521516700 |[0.8788745, 0.024305105, 0.47483927, 0.33565307, 0.40968162, 0.41007936, 0.59140646] |
|10 |   60 |  0.35 | 5000 |      f7 |      50 |   107.0 |    90.0 |   15,89 |-0,0060 |1592521516700 |[0.8788745, 0.024305105, 0.47483927, 0.33565307, 0.40968162, 0.41007936, 0.59140646] |
|10 |   60 |0.26666668 | 5000 |      f7 |      50 |   107.0 |    90.0 |   15,89 |-0,0060 |1592521516700 |[0.8788745, 0.024305105, 0.47483927, 0.33565307, 0.40968162, 0.41007936, 0.59140646] |
|10 |   60 |0.28333333 | 5000 |      f7 |      50 |   107.0 |    90.0 |   15,89 |-0,0060 |1592521516700 |[0.8788745, 0.024305105, 0.47483927, 0.33565307, 0.40968162, 0.41007936, 0.59140646] |
|10 |   65 |   0.4 | 5000 |      f7 |      50 |   107.0 |    90.0 |   15,89 |-0,0060 |1592521516700 |[0.8788745, 0.024305105, 0.47483927, 0.33565307, 0.40968162, 0.41007936, 0.59140646] |
|10 |   65 |0.43076923 | 5000 |      f7 |      50 |   107.0 |    90.0 |   15,89 |-0,0060 |1592521516700 |[0.8788745, 0.024305105, 0.47483927, 0.33565307, 0.40968162, 0.41007936, 0.59140646] |
|10 |   65 |0.32307693 | 5000 |      f7 |      50 |   107.0 |    90.0 |   15,89 |-0,0060 |1592521516700 |[0.8788745, 0.024305105, 0.47483927, 0.33565307, 0.40968162, 0.41007936, 0.59140646] |
|10 |   65 |0.26153848 | 5000 |      f7 |      50 |   107.0 |    90.0 |   15,89 |-0,0060 |1592521516700 |[0.8788745, 0.024305105, 0.47483927, 0.33565307, 0.40968162, 0.41007936, 0.59140646] |
|10 |   70 |0.35384616 | 5000 |      f7 |      50 |   107.0 |    90.0 |   15,89 |-0,0060 |1592521516700 |[0.65670943, 0.16849482, 0.8832332, 0.9275677, 0.0906477, 0.79740435, 0.98489624] |
|10 |   70 |   0.4 | 5000 |      f7 |      50 |   107.0 |    90.0 |   15,89 |-0,0060 |1592521516700 |[0.65670943, 0.16849482, 0.8832332, 0.9275677, 0.0906477, 0.79740435, 0.98489624] |
|10 |   70 |0.31428573 | 5000 |      f7 |      50 |   107.0 |    90.0 |   15,89 |-0,0060 |1592521516700 |[0.65670943, 0.16849482, 0.8832332, 0.9275677, 0.0906477, 0.79740435, 0.98489624] |
|10 |   70 |0.34285715 | 5000 |      f7 |      50 |   107.0 |    90.0 |   15,89 |-0,0060 |1592521516700 |[0.65670943, 0.16849482, 0.8832332, 0.9275677, 0.0906477, 0.79740435, 0.98489624] |
|10 |   75 |0.3857143 | 5000 |      f7 |      50 |   107.0 |    90.0 |   15,89 |-0,0060 |1592521516700 |[0.65670943, 0.16849482, 0.8832332, 0.9275677, 0.0906477, 0.79740435, 0.98489624] |
|10 |   75 |  0.45 | 5000 |      f7 |      50 |   107.0 |    90.0 |   15,89 |-0,0060 |1592521516700 |[0.65670943, 0.16849482, 0.8832332, 0.9275677, 0.0906477, 0.79740435, 0.98489624] |
|10 |   75 |  0.45 | 5000 |      f7 |      50 |   107.0 |    90.0 |   15,89 |  2,2 |1592521516700 |[0.65670943, 0.16849482, 0.8832332, 0.9275677, 0.0906477, 0.79740435, 0.98489624] |
|11 |   50 |  0.25 | 5000 |      f7 |      50 |   107.0 |    90.0 |   15,89 |-0,0050 |1592521518945 |[0.63401777, 0.5367928, 0.84943336, 0.7983999, 0.9832794, 0.8988506, 0.078208745] |
|11 |   50 |  0.32 | 5000 |      f7 |      50 |   107.0 |    90.0 |   15,89 |-0,0050 |1592521518945 |[0.63401777, 0.5367928, 0.84943336, 0.7983999, 0.9832794, 0.8988506, 0.078208745] |
|11 |   50 |  0.28 | 5000 |      f7 |      50 |   107.0 |    90.0 |   15,89 |-0,0050 |1592521518945 |[0.63401777, 0.5367928, 0.84943336, 0.7983999, 0.9832794, 0.8988506, 0.078208745] |
|11 |   55 |  0.28 | 5000 |      f7 |      50 |   107.0 |    90.0 |   15,89 |-0,0050 |1592521518945 |[0.63401777, 0.5367928, 0.84943336, 0.7983999, 0.9832794, 0.8988506, 0.078208745] |
|11 |   55 |  0.45 | 5000 |      f7 |      50 |   107.0 |    90.0 |   15,89 |-0,0050 |1592521518945 |[0.7166603, 0.7878153, 0.09528023, 0.12195808, 0.29840755, 0.7878107, 0.30032682] |
|11 |   55 |0.34545454 | 5000 |      f7 |      50 |   107.0 |    90.0 |   15,89 |-0,0050 |1592521518945 |[0.34184617, 0.080067754, 0.15825284, 0.2746864, 0.7736013, 0.9334643, 0.4777457] |
|11 |   55 |   0.4 | 5000 |      f7 |      50 |   107.0 |    90.0 |   15,89 |-0,0050 |1592521518945 |[0.34184617, 0.080067754, 0.15825284, 0.2746864, 0.7736013, 0.9334643, 0.4777457] |
|11 |   60 |0.3090909 | 5000 |      f7 |      50 |   107.0 |    90.0 |   15,89 |-0,0050 |1592521518945 |[0.34184617, 0.080067754, 0.15825284, 0.2746864, 0.7736013, 0.9334643, 0.4777457] |
|11 |   60 |0.41666666 | 5000 |      f7 |      50 |   107.0 |    90.0 |   15,89 |-0,0050 |1592521518945 |[0.34184617, 0.080067754, 0.15825284, 0.2746864, 0.7736013, 0.9334643, 0.4777457] |
|11 |   60 |   0.3 | 5000 |      f7 |      50 |   107.0 |    90.0 |   15,89 |-0,0050 |1592521518945 |[0.34184617, 0.080067754, 0.15825284, 0.2746864, 0.7736013, 0.9334643, 0.4777457] |
|11 |   60 |0.33333334 | 5000 |      f7 |      50 |   107.0 |    90.0 |   15,89 |-0,0050 |1592521518945 |[0.34184617, 0.080067754, 0.15825284, 0.2746864, 0.7736013, 0.9334643, 0.4777457] |
|11 |   65 |0.33333334 | 5000 |      f7 |      50 |   107.0 |    90.0 |   15,89 |-0,0050 |1592521518945 |[0.34184617, 0.080067754, 0.15825284, 0.2746864, 0.7736013, 0.9334643, 0.4777457] |
|11 |   65 |0.41538462 | 5000 |      f7 |      50 |   107.0 |    90.0 |   15,89 |-0,0050 |1592521518945 |[0.34184617, 0.080067754, 0.15825284, 0.2746864, 0.7736013, 0.9334643, 0.4777457] |
|11 |   65 |   0.4 | 5000 |      f7 |      50 |   107.0 |    90.0 |   15,89 |-0,0050 |1592521518945 |[0.34184617, 0.080067754, 0.15825284, 0.2746864, 0.7736013, 0.9334643, 0.4777457] |
|11 |   65 |0.2923077 | 5000 |      f7 |      50 |   107.0 |    90.0 |   15,89 |-0,0050 |1592521518945 |[0.34184617, 0.080067754, 0.15825284, 0.2746864, 0.7736013, 0.9334643, 0.4777457] |
|11 |   70 |  0.45 | 5000 |      f7 |      50 |   107.0 |    90.0 |   15,89 |-0,0050 |1592521518945 |[0.34184617, 0.080067754, 0.15825284, 0.2746864, 0.7736013, 0.9334643, 0.4777457] |
|11 |   70 |  0.45 | 5000 |      f7 |      50 |   107.0 |    90.0 |   15,89 |-0,0050 |1592521518945 |[0.34184617, 0.080067754, 0.15825284, 0.2746864, 0.7736013, 0.9334643, 0.4777457] |
|11 |   70 |   0.3 | 5000 |      f7 |      50 |   107.0 |    90.0 |   15,89 |-0,0050 |1592521518945 |[0.34184617, 0.080067754, 0.15825284, 0.2746864, 0.7736013, 0.9334643, 0.4777457] |
|11 |   70 |   0.4 | 5000 |      f7 |      50 |   107.0 |    90.0 |   15,89 |-0,0050 |1592521518945 |[0.34184617, 0.080067754, 0.15825284, 0.2746864, 0.7736013, 0.9334643, 0.4777457] |
|11 |   75 |0.37142858 | 5000 |      f7 |      50 |   107.0 |    90.0 |   15,89 |-0,0050 |1592521518945 |[0.34184617, 0.080067754, 0.15825284, 0.2746864, 0.7736013, 0.9334643, 0.4777457] |
|11 |   75 |  0.45 | 5000 |      f7 |      50 |   107.0 |    90.0 |   15,89 |-0,0050 |1592521518945 |[0.34184617, 0.080067754, 0.15825284, 0.2746864, 0.7736013, 0.9334643, 0.4777457] |
|11 |   75 |  0.45 | 5000 |      f7 |      50 |   107.0 |    90.0 |   15,89 |  2,2 |1592521518945 |[0.34184617, 0.080067754, 0.15825284, 0.2746864, 0.7736013, 0.9334643, 0.4777457] |
|12 |   50 |  0.25 | 5000 |      f7 |      50 |   107.0 |    90.0 |   15,89 |-0,0050 |1592521521167 |[0.25814188, 0.8114339, 0.71652186, 0.64583534, 0.7295991, 0.7455955, 0.4929756] |
|12 |   50 |  0.42 | 5000 |      f7 |      50 |   107.0 |    90.0 |   15,89 |-0,0050 |1592521521167 |[0.25814188, 0.8114339, 0.71652186, 0.64583534, 0.7295991, 0.7455955, 0.4929756] |
|12 |   50 |   0.3 | 5000 |      f7 |      50 |   107.0 |    90.0 |   15,89 |-0,0050 |1592521521167 |[0.25814188, 0.8114339, 0.71652186, 0.64583534, 0.7295991, 0.7455955, 0.4929756] |
|12 |   55 |   0.2 | 5000 |      f7 |      50 |   107.0 |    90.0 |   15,89 |-0,0050 |1592521521167 |[0.25814188, 0.8114339, 0.71652186, 0.64583534, 0.7295991, 0.7455955, 0.4929756] |
|12 |   55 |0.43636364 | 5000 |      f7 |      50 |   107.0 |    90.0 |   15,89 |-0,0050 |1592521521167 |[0.25814188, 0.8114339, 0.71652186, 0.64583534, 0.7295991, 0.7455955, 0.4929756] |
|12 |   55 |0.29090908 | 5000 |      f7 |      50 |   107.0 |    90.0 |   15,89 |-0,0050 |1592521521167 |[0.25814188, 0.8114339, 0.71652186, 0.64583534, 0.7295991, 0.7455955, 0.4929756] |
|12 |   55 |0.38181818 | 5000 |      f7 |      50 |   107.0 |    90.0 |   15,89 |-0,0050 |1592521521167 |[0.25814188, 0.8114339, 0.71652186, 0.64583534, 0.7295991, 0.7455955, 0.4929756] |
|12 |   60 |   0.4 | 5000 |      f7 |      50 |   107.0 |    90.0 |   15,89 |-0,0050 |1592521521167 |[0.25814188, 0.8114339, 0.71652186, 0.64583534, 0.7295991, 0.7455955, 0.4929756] |
|12 |   60 |  0.35 | 5000 |      f7 |      50 |   107.0 |    90.0 |   15,89 |-0,0050 |1592521521167 |[0.25814188, 0.8114339, 0.71652186, 0.64583534, 0.7295991, 0.7455955, 0.4929756] |
|12 |   60 |0.36666667 | 5000 |      f7 |      50 |   107.0 |    90.0 |   15,89 |-0,0050 |1592521521167 |[0.25814188, 0.8114339, 0.71652186, 0.64583534, 0.7295991, 0.7455955, 0.4929756] |
|12 |   60 |0.31666666 | 5000 |      f7 |      50 |   107.0 |    90.0 |   15,89 |-0,0050 |1592521521167 |[0.25814188, 0.8114339, 0.71652186, 0.64583534, 0.7295991, 0.7455955, 0.4929756] |
|12 |   65 |0.36666667 | 5000 |      f7 |      50 |   107.0 |    90.0 |   15,89 |-0,0050 |1592521521167 |[0.25814188, 0.8114339, 0.71652186, 0.64583534, 0.7295991, 0.7455955, 0.4929756] |
|12 |   65 |  0.45 | 5000 |      f7 |      50 |   107.0 |    90.0 |   15,89 |-0,0050 |1592521521167 |[0.30126184, 0.9559531, 0.100928426, 0.6371213, 0.69650453, 0.86941147, 0.90909404] |
|12 |   65 |  0.45 | 5000 |      f7 |      50 |   107.0 |    90.0 |   15,89 |-0,0050 |1592521521167 |[0.30126184, 0.9559531, 0.100928426, 0.6371213, 0.69650453, 0.86941147, 0.90909404] |
|12 |   65 |0.30769232 | 5000 |      f7 |      50 |   107.0 |    90.0 |   15,89 |-0,0050 |1592521521167 |[0.30126184, 0.9559531, 0.100928426, 0.6371213, 0.69650453, 0.86941147, 0.90909404] |
|12 |   70 |0.26153848 | 5000 |      f7 |      50 |   107.0 |    90.0 |   15,89 |-0,0050 |1592521521167 |[0.30126184, 0.9559531, 0.100928426, 0.6371213, 0.69650453, 0.86941147, 0.90909404] |
|12 |   70 |0.41428572 | 5000 |      f7 |      50 |   107.0 |    90.0 |   15,89 |-0,0050 |1592521521167 |[0.30126184, 0.9559531, 0.100928426, 0.6371213, 0.69650453, 0.86941147, 0.90909404] |
|12 |   70 |0.44285715 | 5000 |      f7 |      50 |   107.0 |    90.0 |   15,89 |-0,0050 |1592521521167 |[0.30126184, 0.9559531, 0.100928426, 0.6371213, 0.69650453, 0.86941147, 0.90909404] |
|12 |   70 |0.41428572 | 5000 |      f7 |      50 |   107.0 |    90.0 |   15,89 |-0,0050 |1592521521167 |[0.30126184, 0.9559531, 0.100928426, 0.6371213, 0.69650453, 0.86941147, 0.90909404] |
|12 |   75 |   0.4 | 5000 |      f7 |      50 |   107.0 |    90.0 |   15,89 |-0,0050 |1592521521167 |[0.30126184, 0.9559531, 0.100928426, 0.6371213, 0.69650453, 0.86941147, 0.90909404] |
|12 |   75 |  0.45 | 5000 |      f7 |      50 |   107.0 |    90.0 |   15,89 |-0,0050 |1592521521167 |[0.99050343, 0.9625022, 0.65299684, 0.59745514, 0.63264155, 0.044972956, 0.5419605] |
|12 |   75 |  0.45 | 5000 |      f7 |      50 |   107.0 |    90.0 |   15,89 |  2,2 |1592521521167 |[0.99050343, 0.9625022, 0.65299684, 0.59745514, 0.63264155, 0.044972956, 0.5419605] |
|13 |   50 |  0.25 | 5000 |      f7 |      50 |   107.0 |    90.0 |   15,89 |-0,0010 |1592521523416 |[0.811751, 0.080953896, 0.8930782, 0.23719704, 0.20008314, 0.2652691, 0.861797] |
|13 |   50 |  0.26 | 5000 |      f7 |      50 |   107.0 |    90.0 |   15,89 |-0,0010 |1592521523416 |[0.811751, 0.080953896, 0.8930782, 0.23719704, 0.20008314, 0.2652691, 0.861797] |
|13 |   50 |  0.34 | 5000 |      f7 |      50 |   107.0 |    90.0 |   15,89 |-0,0010 |1592521523416 |[0.811751, 0.080953896, 0.8930782, 0.23719704, 0.20008314, 0.2652691, 0.861797] |
|13 |   55 |  0.32 | 5000 |      f7 |      50 |   107.0 |    90.0 |   15,89 |-0,0010 |1592521523416 |[0.811751, 0.080953896, 0.8930782, 0.23719704, 0.20008314, 0.2652691, 0.861797] |
|13 |   55 |  0.45 | 5000 |      f7 |      50 |   107.0 |    90.0 |   15,89 |-0,0010 |1592521523416 |[0.811751, 0.080953896, 0.8930782, 0.23719704, 0.20008314, 0.2652691, 0.861797] |
|13 |   55 |  0.45 | 5000 |      f7 |      50 |   107.0 |    90.0 |   15,89 |-0,0010 |1592521523416 |[0.811751, 0.080953896, 0.8930782, 0.23719704, 0.20008314, 0.2652691, 0.861797] |
|13 |   55 |0.43636364 | 5000 |      f7 |      50 |   107.0 |    90.0 |   15,89 |-0,0010 |1592521523416 |[0.811751, 0.080953896, 0.8930782, 0.23719704, 0.20008314, 0.2652691, 0.861797] |
|13 |   60 |0.29090908 | 5000 |      f7 |      50 |   107.0 |    90.0 |   15,89 |-0,0010 |1592521523416 |[0.811751, 0.080953896, 0.8930782, 0.23719704, 0.20008314, 0.2652691, 0.861797] |
|13 |   60 |  0.45 | 5000 |      f7 |      50 |   107.0 |    90.0 |   15,89 |-0,0010 |1592521523416 |[0.811751, 0.080953896, 0.8930782, 0.23719704, 0.20008314, 0.2652691, 0.861797] |
|13 |   60 |  0.45 | 5000 |      f7 |      50 |   107.0 |    90.0 |   15,89 |-0,0010 |1592521523416 |[0.811751, 0.080953896, 0.8930782, 0.23719704, 0.20008314, 0.2652691, 0.861797] |
|13 |   60 |0.36666667 | 5000 |      f7 |      50 |   107.0 |    90.0 |   15,89 |-0,0010 |1592521523416 |[0.811751, 0.080953896, 0.8930782, 0.23719704, 0.20008314, 0.2652691, 0.861797] |
|13 |   65 |0.43333334 | 5000 |      f7 |      50 |   107.0 |    90.0 |   15,89 |-0,0010 |1592521523416 |[0.811751, 0.080953896, 0.8930782, 0.23719704, 0.20008314, 0.2652691, 0.861797] |
|13 |   65 |0.44615385 | 5000 |      f7 |      50 |   107.0 |    90.0 |   15,89 |-0,0010 |1592521523416 |[0.811751, 0.080953896, 0.8930782, 0.23719704, 0.20008314, 0.2652691, 0.861797] |
|13 |   65 |0.44615385 | 5000 |      f7 |      50 |   107.0 |    90.0 |   15,89 |-0,0010 |1592521523416 |[0.811751, 0.080953896, 0.8930782, 0.23719704, 0.20008314, 0.2652691, 0.861797] |
|13 |   65 |0.35384616 | 5000 |      f7 |      50 |   107.0 |    90.0 |   15,89 |-0,0010 |1592521523416 |[0.811751, 0.080953896, 0.8930782, 0.23719704, 0.20008314, 0.2652691, 0.861797] |
|13 |   70 |0.3846154 | 5000 |      f7 |      50 |   107.0 |    90.0 |   15,89 |-0,0010 |1592521523416 |[0.811751, 0.080953896, 0.8930782, 0.23719704, 0.20008314, 0.2652691, 0.861797] |
|13 |   70 |0.42857143 | 5000 |      f7 |      50 |   107.0 |    90.0 |   15,89 |-0,0010 |1592521523416 |[0.811751, 0.080953896, 0.8930782, 0.23719704, 0.20008314, 0.2652691, 0.861797] |
|13 |   70 |  0.45 | 5000 |      f7 |      50 |   107.0 |    90.0 |   15,89 |-0,0010 |1592521523416 |[0.811751, 0.080953896, 0.8930782, 0.23719704, 0.20008314, 0.2652691, 0.861797] |
|13 |   70 |0.27142859 | 5000 |      f7 |      50 |   107.0 |    90.0 |   15,89 |-0,0010 |1592521523416 |[0.811751, 0.080953896, 0.8930782, 0.23719704, 0.20008314, 0.2652691, 0.861797] |
|13 |   75 |0.32857144 | 5000 |      f7 |      50 |   107.0 |    90.0 |   15,89 |-0,0010 |1592521523416 |[0.811751, 0.080953896, 0.8930782, 0.23719704, 0.20008314, 0.2652691, 0.861797] |
|13 |   75 |  0.45 | 5000 |      f7 |      50 |   107.0 |    90.0 |   15,89 |-0,0010 |1592521523416 |[0.811751, 0.080953896, 0.8930782, 0.23719704, 0.20008314, 0.2652691, 0.861797] |
|13 |   75 |  0.45 | 5000 |      f7 |      50 |   107.0 |    90.0 |   15,89 |  2,2 |1592521523416 |[0.811751, 0.080953896, 0.8930782, 0.23719704, 0.20008314, 0.2652691, 0.861797] |
|14 |   50 |  0.25 | 5000 |      f7 |      50 |   107.0 |    90.0 |   15,89 |-0,0060 |1592521525670 |[0.8097296, 0.5396624, 0.28604656, 0.91277176, 0.024239779, 0.24829829, 0.9820001] |
|14 |   50 |  0.26 | 5000 |      f7 |      50 |   107.0 |    90.0 |   15,89 |-0,0060 |1592521525670 |[0.8097296, 0.5396624, 0.28604656, 0.91277176, 0.024239779, 0.24829829, 0.9820001] |
|14 |   50 |   0.3 | 5000 |      f7 |      50 |   107.0 |    90.0 |   15,89 |-0,0060 |1592521525670 |[0.8097296, 0.5396624, 0.28604656, 0.91277176, 0.024239779, 0.24829829, 0.9820001] |
|14 |   55 |  0.36 | 5000 |      f7 |      50 |   107.0 |    90.0 |   15,89 |-0,0060 |1592521525670 |[0.8097296, 0.5396624, 0.28604656, 0.91277176, 0.024239779, 0.24829829, 0.9820001] |
|14 |   55 |  0.45 | 5000 |      f7 |      50 |   107.0 |    90.0 |   15,89 |-0,0060 |1592521525670 |[0.8097296, 0.5396624, 0.28604656, 0.91277176, 0.024239779, 0.24829829, 0.9820001] |
|14 |   55 |0.3272727 | 5000 |      f7 |      50 |   107.0 |    90.0 |   15,89 |-0,0060 |1592521525670 |[0.8097296, 0.5396624, 0.28604656, 0.91277176, 0.024239779, 0.24829829, 0.9820001] |
|14 |   55 |0.43636364 | 5000 |      f7 |      50 |   107.0 |    90.0 |   15,89 |-0,0060 |1592521525670 |[0.8097296, 0.5396624, 0.28604656, 0.91277176, 0.024239779, 0.24829829, 0.9820001] |
|14 |   60 |0.34545454 | 5000 |      f7 |      50 |   107.0 |    90.0 |   15,89 |-0,0060 |1592521525670 |[0.8097296, 0.5396624, 0.28604656, 0.91277176, 0.024239779, 0.24829829, 0.9820001] |
|14 |   60 |  0.45 | 5000 |      f7 |      50 |   107.0 |    90.0 |   15,89 |-0,0060 |1592521525670 |[0.6157471, 0.57278526, 0.44765013, 0.7298423, 0.4455515, 0.99886537, 0.24173874] |
|14 |   60 |  0.45 | 5000 |      f7 |      50 |   107.0 |    90.0 |   15,89 |-0,0060 |1592521525670 |[0.6157471, 0.57278526, 0.44765013, 0.7298423, 0.4455515, 0.99886537, 0.24173874] |
|14 |   60 |0.33333334 | 5000 |      f7 |      50 |   107.0 |    90.0 |   15,89 |-0,0060 |1592521525670 |[0.6157471, 0.57278526, 0.44765013, 0.7298423, 0.4455515, 0.99886537, 0.24173874] |
|14 |   65 |  0.35 | 5000 |      f7 |      50 |   107.0 |    90.0 |   15,89 |-0,0060 |1592521525670 |[0.6157471, 0.57278526, 0.44765013, 0.7298423, 0.4455515, 0.99886537, 0.24173874] |
|14 |   65 |  0.45 | 5000 |      f7 |      50 |   107.0 |    90.0 |   15,89 |-0,0060 |1592521525670 |[0.6157471, 0.57278526, 0.44765013, 0.7298423, 0.4455515, 0.99886537, 0.24173874] |
|14 |   65 |0.3846154 | 5000 |      f7 |      50 |   107.0 |    90.0 |   15,89 |-0,0060 |1592521525670 |[0.6157471, 0.57278526, 0.44765013, 0.7298423, 0.4455515, 0.99886537, 0.24173874] |
|14 |   65 |0.43076923 | 5000 |      f7 |      50 |   107.0 |    90.0 |   15,89 |-0,0060 |1592521525670 |[0.6157471, 0.57278526, 0.44765013, 0.7298423, 0.4455515, 0.99886537, 0.24173874] |
|14 |   70 |0.3846154 | 5000 |      f7 |      50 |   107.0 |    90.0 |   15,89 |-0,0060 |1592521525670 |[0.6157471, 0.57278526, 0.44765013, 0.7298423, 0.4455515, 0.99886537, 0.24173874] |
|14 |   70 |  0.45 | 5000 |      f7 |      50 |   107.0 |    90.0 |   15,89 |-0,0060 |1592521525670 |[0.6157471, 0.57278526, 0.44765013, 0.7298423, 0.4455515, 0.99886537, 0.24173874] |
|14 |   70 |0.32857144 | 5000 |      f7 |      50 |   107.0 |    90.0 |   15,89 |-0,0060 |1592521525670 |[0.6157471, 0.57278526, 0.44765013, 0.7298423, 0.4455515, 0.99886537, 0.24173874] |
|14 |   70 |0.34285715 | 5000 |      f7 |      50 |   107.0 |    90.0 |   15,89 |-0,0060 |1592521525670 |[0.6157471, 0.57278526, 0.44765013, 0.7298423, 0.4455515, 0.99886537, 0.24173874] |
|14 |   75 |0.31428573 | 5000 |      f7 |      50 |   107.0 |    90.0 |   15,89 |-0,0060 |1592521525670 |[0.6157471, 0.57278526, 0.44765013, 0.7298423, 0.4455515, 0.99886537, 0.24173874] |
|14 |   75 |  0.45 | 5000 |      f7 |      50 |   107.0 |    90.0 |   15,89 |-0,0060 |1592521525670 |[0.6157471, 0.57278526, 0.44765013, 0.7298423, 0.4455515, 0.99886537, 0.24173874] |
|14 |   75 |  0.45 | 5000 |      f7 |      50 |   107.0 |    90.0 |   15,89 |  2,2 |1592521525670 |[0.6157471, 0.57278526, 0.44765013, 0.7298423, 0.4455515, 0.99886537, 0.24173874] |
|15 |   50 |  0.25 | 5000 |      f7 |      50 |   107.0 |    90.0 |   15,89 |-0,0050 |1592521527912 |[0.088805854, 0.95404506, 0.30184537, 0.0103725195, 0.77249175, 0.49031878, 0.59926844] |
|15 |   50 |  0.26 | 5000 |      f7 |      50 |   107.0 |    90.0 |   15,89 |-0,0050 |1592521527912 |[0.088805854, 0.95404506, 0.30184537, 0.0103725195, 0.77249175, 0.49031878, 0.59926844] |
|15 |   50 |  0.28 | 5000 |      f7 |      50 |   107.0 |    90.0 |   15,89 |-0,0050 |1592521527912 |[0.088805854, 0.95404506, 0.30184537, 0.0103725195, 0.77249175, 0.49031878, 0.59926844] |
|15 |   55 |   0.3 | 5000 |      f7 |      50 |   107.0 |    90.0 |   15,89 |-0,0050 |1592521527912 |[0.088805854, 0.95404506, 0.30184537, 0.0103725195, 0.77249175, 0.49031878, 0.59926844] |
|15 |   55 |  0.45 | 5000 |      f7 |      50 |   107.0 |    90.0 |   15,89 |-0,0050 |1592521527912 |[0.088805854, 0.95404506, 0.30184537, 0.0103725195, 0.77249175, 0.49031878, 0.59926844] |
|15 |   55 |0.43636364 | 5000 |      f7 |      50 |   107.0 |    90.0 |   15,89 |-0,0050 |1592521527912 |[0.088805854, 0.95404506, 0.30184537, 0.0103725195, 0.77249175, 0.49031878, 0.59926844] |
|15 |   55 |0.36363637 | 5000 |      f7 |      50 |   107.0 |    90.0 |   15,89 |-0,0050 |1592521527912 |[0.02174151, 0.111322284, 0.058077693, 0.067068994, 0.40020126, 0.24064302, 0.22362363] |
|15 |   60 |0.27272728 | 5000 |      f7 |      50 |   107.0 |    90.0 |   15,89 |-0,0050 |1592521527912 |[0.02174151, 0.111322284, 0.058077693, 0.067068994, 0.40020126, 0.24064302, 0.22362363] |
|15 |   60 |0.36666667 | 5000 |      f7 |      50 |   107.0 |    90.0 |   15,89 |-0,0050 |1592521527912 |[0.02174151, 0.111322284, 0.058077693, 0.067068994, 0.40020126, 0.24064302, 0.22362363] |
|15 |   60 |0.31666666 | 5000 |      f7 |      50 |   107.0 |    90.0 |   15,89 |-0,0050 |1592521527912 |[0.02174151, 0.111322284, 0.058077693, 0.067068994, 0.40020126, 0.24064302, 0.22362363] |
|15 |   60 |0.38333333 | 5000 |      f7 |      50 |   107.0 |    90.0 |   15,89 |-0,0050 |1592521527912 |[0.9487561, 0.32130116, 0.27286822, 0.6748657, 0.87985003, 0.080227375, 0.35601747] |
|15 |   65 |   0.3 | 5000 |      f7 |      50 |   107.0 |    90.0 |   15,89 |-0,0050 |1592521527912 |[0.9487561, 0.32130116, 0.27286822, 0.6748657, 0.87985003, 0.080227375, 0.35601747] |
|15 |   65 |  0.45 | 5000 |      f7 |      50 |   107.0 |    90.0 |   15,89 |-0,0050 |1592521527912 |[0.9487561, 0.32130116, 0.27286822, 0.6748657, 0.87985003, 0.080227375, 0.35601747] |
|15 |   65 |0.36923078 | 5000 |      f7 |      50 |   107.0 |    90.0 |   15,89 |-0,0050 |1592521527912 |[0.9487561, 0.32130116, 0.27286822, 0.6748657, 0.87985003, 0.080227375, 0.35601747] |
|15 |   65 |0.33846155 | 5000 |      f7 |      50 |   107.0 |    90.0 |   15,89 |-0,0050 |1592521527912 |[0.9487561, 0.32130116, 0.27286822, 0.6748657, 0.87985003, 0.080227375, 0.35601747] |
|15 |   70 |0.36923078 | 5000 |      f7 |      50 |   107.0 |    90.0 |   15,89 |-0,0050 |1592521527912 |[0.9487561, 0.32130116, 0.27286822, 0.6748657, 0.87985003, 0.080227375, 0.35601747] |
|15 |   70 |0.3857143 | 5000 |      f7 |      50 |   107.0 |    90.0 |   15,89 |-0,0050 |1592521527912 |[0.9487561, 0.32130116, 0.27286822, 0.6748657, 0.87985003, 0.080227375, 0.35601747] |
|15 |   70 |0.32857144 | 5000 |      f7 |      50 |   107.0 |    90.0 |   15,89 |-0,0050 |1592521527912 |[0.9487561, 0.32130116, 0.27286822, 0.6748657, 0.87985003, 0.080227375, 0.35601747] |
|15 |   70 |0.3857143 | 5000 |      f7 |      50 |   107.0 |    90.0 |   15,89 |-0,0050 |1592521527912 |[0.9487561, 0.32130116, 0.27286822, 0.6748657, 0.87985003, 0.080227375, 0.35601747] |
|15 |   75 |0.32857144 | 5000 |      f7 |      50 |   107.0 |    90.0 |   15,89 |-0,0050 |1592521527912 |[0.9487561, 0.32130116, 0.27286822, 0.6748657, 0.87985003, 0.080227375, 0.35601747] |
|15 |   75 |  0.45 | 5000 |      f7 |      50 |   107.0 |    90.0 |   15,89 |-0,0050 |1592521527912 |[0.9487561, 0.32130116, 0.27286822, 0.6748657, 0.87985003, 0.080227375, 0.35601747] |
|15 |   75 |  0.45 | 5000 |      f7 |      50 |   107.0 |    90.0 |   15,89 |  2,2 |1592521527912 |[0.9487561, 0.32130116, 0.27286822, 0.6748657, 0.87985003, 0.080227375, 0.35601747] |
