| # | Nest | %Desc |#Iter |Instancia | CapMoch |ValOptmo | BestFit |     RDP | time |      semilla |VectorSolucion |
-------------------------------------------------------------------------------------------------
| 1 |   30 |  0.25 | 2500 |      f2 |     878 |  1024.0 |  1018.0 |    0,59 |-1,6e+09 |1592509183046 |[0.117886126, 0.074014306, 0.01826793, 0.7054344, 0.46628428, 0.9123502, 0.093191445, 0.042258322, 0.85461146, 0.85727954, 0.86373985, 0.21426368, 0.9204524, 0.74486053, 0.09659678, 0.6487587, 0.8176961, 0.51991004, 0.76634866, 0.7123436] |
| 1 |   30 |   0.1 | 2500 |      f2 |     878 |  1024.0 |  1018.0 |    0,59 |-1,6e+09 |1592509183046 |[0.117886126, 0.074014306, 0.01826793, 0.7054344, 0.46628428, 0.9123502, 0.093191445, 0.042258322, 0.85461146, 0.85727954, 0.86373985, 0.21426368, 0.9204524, 0.74486053, 0.09659678, 0.6487587, 0.8176961, 0.51991004, 0.76634866, 0.7123436] |
| 1 |   30 |   0.1 | 2500 |      f2 |     878 |  1024.0 |  1018.0 |    0,59 |-1,6e+09 |1592509183046 |[0.0, 0.0, 0.0, 0.0, 0.0, 0.0, 0.0, 0.0, 0.0, 0.0, 0.0, 0.0, 0.0, 0.0, 0.0, 0.0, 0.0, 0.0, 0.0, 0.0] |
| 1 |   30 |  0.25 | 2500 |      f2 |     878 |  1024.0 |  1018.0 |    0,59 |-1,6e+09 |1592509183046 |[0.0, 0.0, 0.0, 0.0, 0.0, 0.0, 0.0, 0.0, 0.0, 0.0, 0.0, 0.0, 0.0, 0.0, 0.0, 0.0, 0.0, 0.0, 0.0, 0.0] |
| 2 |   30 |  0.25 | 2500 |      f2 |     878 |  1024.0 |  1018.0 |    0,59 |-0,0010 |1592509185942 |[0.57652634, 0.15920287, 0.5639058, 0.3708501, 0.3139385, 0.04106623, 0.86767167, 0.9665479, 0.7888204, 0.0054220557, 0.8890944, 0.50734514, 0.1815263, 0.4485662, 0.7775787, 0.406644, 0.2866761, 0.60183585, 0.74016863, 0.12678027] |
| 2 |   30 |   0.1 | 2500 |      f2 |     878 |  1024.0 |  1018.0 |    0,59 |-0,0010 |1592509185942 |[0.57652634, 0.15920287, 0.5639058, 0.3708501, 0.3139385, 0.04106623, 0.86767167, 0.9665479, 0.7888204, 0.0054220557, 0.8890944, 0.50734514, 0.1815263, 0.4485662, 0.7775787, 0.406644, 0.2866761, 0.60183585, 0.74016863, 0.12678027] |
| 2 |   30 |   0.1 | 2500 |      f2 |     878 |  1024.0 |  1018.0 |    0,59 |-0,0010 |1592509185942 |[0.0, 0.0, 0.0, 0.0, 0.0, 0.0, 0.0, 0.0, 0.0, 0.0, 0.0, 0.0, 0.0, 0.0, 0.0, 0.0, 0.0, 0.0, 0.0, 0.0] |
| 2 |   30 |  0.25 | 2500 |      f2 |     878 |  1024.0 |  1018.0 |    0,59 |-0,0010 |1592509185942 |[0.0, 0.0, 0.0, 0.0, 0.0, 0.0, 0.0, 0.0, 0.0, 0.0, 0.0, 0.0, 0.0, 0.0, 0.0, 0.0, 0.0, 0.0, 0.0, 0.0] |
| 3 |   30 |  0.25 | 2500 |      f2 |     878 |  1024.0 |  1018.0 |    0,59 |-0,0010 |1592509188837 |[0.19442654, 0.46111017, 0.4064231, 0.75527376, 0.4065138, 0.24993855, 0.09787542, 0.8041828, 0.66891885, 0.64789665, 0.76749945, 0.6219782, 0.2341674, 0.3605501, 0.60827297, 0.49043977, 0.60642457, 0.52371144, 0.84351915, 0.41283894] |
| 3 |   30 |   0.1 | 2500 |      f2 |     878 |  1024.0 |  1018.0 |    0,59 |-0,0010 |1592509188837 |[0.19442654, 0.46111017, 0.4064231, 0.75527376, 0.4065138, 0.24993855, 0.09787542, 0.8041828, 0.66891885, 0.64789665, 0.76749945, 0.6219782, 0.2341674, 0.3605501, 0.60827297, 0.49043977, 0.60642457, 0.52371144, 0.84351915, 0.41283894] |
| 3 |   30 |   0.1 | 2500 |      f2 |     878 |  1024.0 |  1018.0 |    0,59 |-0,0010 |1592509188837 |[0.0, 0.0, 0.0, 0.0, 0.0, 0.0, 0.0, 0.0, 0.0, 0.0, 0.0, 0.0, 0.0, 0.0, 0.0, 0.0, 0.0, 0.0, 0.0, 0.0] |
| 3 |   30 |  0.25 | 2500 |      f2 |     878 |  1024.0 |  1018.0 |    0,59 |-0,0010 |1592509188837 |[0.0, 0.0, 0.0, 0.0, 0.0, 0.0, 0.0, 0.0, 0.0, 0.0, 0.0, 0.0, 0.0, 0.0, 0.0, 0.0, 0.0, 0.0, 0.0, 0.0] |
| 4 |   30 |  0.25 | 2500 |      f2 |     878 |  1024.0 |  1018.0 |    0,59 |-0,0010 |1592509191706 |[0.26662362, 0.14449644, 0.030596256, 0.03036338, 0.44215965, 0.42329776, 0.9243466, 0.6507722, 0.3532135, 0.98079485, 0.6913295, 0.8956463, 0.7425687, 0.94240093, 0.92650306, 0.44746196, 0.53394413, 0.6358142, 0.5759444, 0.9244381] |
| 4 |   30 |   0.1 | 2500 |      f2 |     878 |  1024.0 |  1018.0 |    0,59 |-0,0010 |1592509191706 |[0.26662362, 0.14449644, 0.030596256, 0.03036338, 0.44215965, 0.42329776, 0.9243466, 0.6507722, 0.3532135, 0.98079485, 0.6913295, 0.8956463, 0.7425687, 0.94240093, 0.92650306, 0.44746196, 0.53394413, 0.6358142, 0.5759444, 0.9244381] |
| 4 |   30 |   0.1 | 2500 |      f2 |     878 |  1024.0 |  1018.0 |    0,59 |-0,0010 |1592509191706 |[0.0, 0.0, 0.0, 0.0, 0.0, 0.0, 0.0, 0.0, 0.0, 0.0, 0.0, 0.0, 0.0, 0.0, 0.0, 0.0, 0.0, 0.0, 0.0, 0.0] |
| 4 |   30 |  0.25 | 2500 |      f2 |     878 |  1024.0 |  1018.0 |    0,59 |-0,0010 |1592509191706 |[0.0, 0.0, 0.0, 0.0, 0.0, 0.0, 0.0, 0.0, 0.0, 0.0, 0.0, 0.0, 0.0, 0.0, 0.0, 0.0, 0.0, 0.0, 0.0, 0.0] |
| 5 |   30 |  0.25 | 2500 |      f2 |     878 |  1024.0 |  1018.0 |    0,59 |  0,0 |1592509194545 |[0.4128704, 0.5298313, 0.91576195, 0.5124524, 0.83429325, 0.5677519, 0.12519717, 0.4091739, 0.71839947, 0.3692851, 0.86038417, 0.298527, 0.84694403, 0.30912185, 0.16040689, 0.05316341, 0.449089, 0.21902448, 0.51113665, 0.34580213] |
| 5 |   30 |   0.1 | 2500 |      f2 |     878 |  1024.0 |  1018.0 |    0,59 |  0,0 |1592509194545 |[0.4128704, 0.5298313, 0.91576195, 0.5124524, 0.83429325, 0.5677519, 0.12519717, 0.4091739, 0.71839947, 0.3692851, 0.86038417, 0.298527, 0.84694403, 0.30912185, 0.16040689, 0.05316341, 0.449089, 0.21902448, 0.51113665, 0.34580213] |
| 5 |   30 |   0.1 | 2500 |      f2 |     878 |  1024.0 |  1018.0 |    0,59 |  0,0 |1592509194545 |[0.0, 0.0, 0.0, 0.0, 0.0, 0.0, 0.0, 0.0, 0.0, 0.0, 0.0, 0.0, 0.0, 0.0, 0.0, 0.0, 0.0, 0.0, 0.0, 0.0] |
| 5 |   30 |  0.25 | 2500 |      f2 |     878 |  1024.0 |  1018.0 |    0,59 |  0,0 |1592509194545 |[0.0, 0.0, 0.0, 0.0, 0.0, 0.0, 0.0, 0.0, 0.0, 0.0, 0.0, 0.0, 0.0, 0.0, 0.0, 0.0, 0.0, 0.0, 0.0, 0.0] |
| 6 |   30 |  0.25 | 2500 |      f2 |     878 |  1024.0 |  1018.0 |    0,59 |  0,0 |1592509197432 |[0.0, 0.0, 0.0, 0.0, 0.0, 0.0, 0.0, 0.0, 0.0, 0.0, 0.0, 0.0, 0.0, 0.0, 0.0, 0.0, 0.0, 0.0, 0.0, 0.0] |
| 6 |   30 |   0.1 | 2500 |      f2 |     878 |  1024.0 |  1018.0 |    0,59 |  0,0 |1592509197432 |[0.0, 0.0, 0.0, 0.0, 0.0, 0.0, 0.0, 0.0, 0.0, 0.0, 0.0, 0.0, 0.0, 0.0, 0.0, 0.0, 0.0, 0.0, 0.0, 0.0] |
| 6 |   30 |  0.25 | 2500 |      f2 |     878 |  1024.0 |  1018.0 |    0,59 |  0,0 |1592509197432 |[0.0, 0.0, 0.0, 0.0, 0.0, 0.0, 0.0, 0.0, 0.0, 0.0, 0.0, 0.0, 0.0, 0.0, 0.0, 0.0, 0.0, 0.0, 0.0, 0.0] |
| 6 |   30 |  0.25 | 2500 |      f2 |     878 |  1024.0 |  1018.0 |    0,59 |  0,0 |1592509197432 |[0.0, 0.0, 0.0, 0.0, 0.0, 0.0, 0.0, 0.0, 0.0, 0.0, 0.0, 0.0, 0.0, 0.0, 0.0, 0.0, 0.0, 0.0, 0.0, 0.0] |
| 7 |   30 |  0.25 | 2500 |      f2 |     878 |  1024.0 |  1018.0 |    0,59 |  0,0 |1592509200332 |[0.5069428, 0.3918208, 0.33644748, 0.073663294, 0.0326218, 0.732017, 0.5289497, 0.13899094, 0.17895335, 0.9199788, 0.9134145, 0.60628116, 0.56770873, 0.0799368, 0.7861087, 0.7199288, 0.62154746, 0.42656934, 0.4430192, 0.54323226] |
| 7 |   30 |   0.1 | 2500 |      f2 |     878 |  1024.0 |  1018.0 |    0,59 |  0,0 |1592509200332 |[0.5069428, 0.3918208, 0.33644748, 0.073663294, 0.0326218, 0.732017, 0.5289497, 0.13899094, 0.17895335, 0.9199788, 0.9134145, 0.60628116, 0.56770873, 0.0799368, 0.7861087, 0.7199288, 0.62154746, 0.42656934, 0.4430192, 0.54323226] |
| 7 |   30 |   0.1 | 2500 |      f2 |     878 |  1024.0 |  1018.0 |    0,59 |  0,0 |1592509200332 |[0.0, 0.0, 0.0, 0.0, 0.0, 0.0, 0.0, 0.0, 0.0, 0.0, 0.0, 0.0, 0.0, 0.0, 0.0, 0.0, 0.0, 0.0, 0.0, 0.0] |
| 7 |   30 |  0.25 | 2500 |      f2 |     878 |  1024.0 |  1018.0 |    0,59 |  0,0 |1592509200332 |[0.0, 0.0, 0.0, 0.0, 0.0, 0.0, 0.0, 0.0, 0.0, 0.0, 0.0, 0.0, 0.0, 0.0, 0.0, 0.0, 0.0, 0.0, 0.0, 0.0] |
| 8 |   30 |  0.25 | 2500 |      f2 |     878 |  1024.0 |  1018.0 |    0,59 |  0,0 |1592509203197 |[0.7300722, 0.2872343, 0.75611925, 0.08335215, 0.5255391, 0.2836057, 0.7374827, 0.9980777, 0.27332443, 0.41548622, 0.7880602, 0.4186607, 0.85452944, 0.4743818, 0.3782428, 0.47392154, 0.46387976, 0.8931569, 0.03537488, 0.34938812] |
| 8 |   30 |   0.1 | 2500 |      f2 |     878 |  1024.0 |  1018.0 |    0,59 |  0,0 |1592509203197 |[0.7300722, 0.2872343, 0.75611925, 0.08335215, 0.5255391, 0.2836057, 0.7374827, 0.9980777, 0.27332443, 0.41548622, 0.7880602, 0.4186607, 0.85452944, 0.4743818, 0.3782428, 0.47392154, 0.46387976, 0.8931569, 0.03537488, 0.34938812] |
| 8 |   30 |   0.1 | 2500 |      f2 |     878 |  1024.0 |  1018.0 |    0,59 |  0,0 |1592509203197 |[0.0, 0.0, 0.0, 0.0, 0.0, 0.0, 0.0, 0.0, 0.0, 0.0, 0.0, 0.0, 0.0, 0.0, 0.0, 0.0, 0.0, 0.0, 0.0, 0.0] |
| 8 |   30 |  0.25 | 2500 |      f2 |     878 |  1024.0 |  1018.0 |    0,59 |  0,0 |1592509203197 |[0.0, 0.0, 0.0, 0.0, 0.0, 0.0, 0.0, 0.0, 0.0, 0.0, 0.0, 0.0, 0.0, 0.0, 0.0, 0.0, 0.0, 0.0, 0.0, 0.0] |
| 9 |   30 |  0.25 | 2500 |      f2 |     878 |  1024.0 |  1018.0 |    0,59 |  0,0 |1592509206063 |[0.31166035, 0.82012707, 0.983469, 0.43271685, 0.27543813, 0.7687686, 0.84585756, 0.2657798, 0.7917943, 0.55320823, 0.5505897, 0.57924926, 0.25535828, 0.38725817, 0.7794659, 0.6981409, 0.8178909, 0.8016402, 0.5293436, 0.8041375] |
| 9 |   30 |   0.1 | 2500 |      f2 |     878 |  1024.0 |  1018.0 |    0,59 |  0,0 |1592509206063 |[0.31166035, 0.82012707, 0.983469, 0.43271685, 0.27543813, 0.7687686, 0.84585756, 0.2657798, 0.7917943, 0.55320823, 0.5505897, 0.57924926, 0.25535828, 0.38725817, 0.7794659, 0.6981409, 0.8178909, 0.8016402, 0.5293436, 0.8041375] |
| 9 |   30 |   0.1 | 2500 |      f2 |     878 |  1024.0 |  1018.0 |    0,59 |  0,0 |1592509206063 |[0.0, 0.0, 0.0, 0.0, 0.0, 0.0, 0.0, 0.0, 0.0, 0.0, 0.0, 0.0, 0.0, 0.0, 0.0, 0.0, 0.0, 0.0, 0.0, 0.0] |
| 9 |   30 |  0.25 | 2500 |      f2 |     878 |  1024.0 |  1018.0 |    0,59 |  0,0 |1592509206063 |[0.0, 0.0, 0.0, 0.0, 0.0, 0.0, 0.0, 0.0, 0.0, 0.0, 0.0, 0.0, 0.0, 0.0, 0.0, 0.0, 0.0, 0.0, 0.0, 0.0] |
|10 |   30 |  0.25 | 2500 |      f2 |     878 |  1024.0 |  1018.0 |    0,59 |  0,0 |1592509208919 |[0.323007, 0.4598297, 0.46243602, 0.9250349, 0.8588704, 0.16470885, 0.37701124, 0.39058965, 0.41410762, 0.020415008, 0.60272646, 0.78056103, 0.55917215, 0.55547714, 0.7111208, 0.8423255, 0.43335646, 0.19986033, 0.09656072, 0.17051858] |
|10 |   30 |   0.1 | 2500 |      f2 |     878 |  1024.0 |  1018.0 |    0,59 |  0,0 |1592509208919 |[0.323007, 0.4598297, 0.46243602, 0.9250349, 0.8588704, 0.16470885, 0.37701124, 0.39058965, 0.41410762, 0.020415008, 0.60272646, 0.78056103, 0.55917215, 0.55547714, 0.7111208, 0.8423255, 0.43335646, 0.19986033, 0.09656072, 0.17051858] |
|10 |   30 |   0.1 | 2500 |      f2 |     878 |  1024.0 |  1018.0 |    0,59 |  0,0 |1592509208919 |[0.0, 0.0, 0.0, 0.0, 0.0, 0.0, 0.0, 0.0, 0.0, 0.0, 0.0, 0.0, 0.0, 0.0, 0.0, 0.0, 0.0, 0.0, 0.0, 0.0] |
|10 |   30 |  0.25 | 2500 |      f2 |     878 |  1024.0 |  1018.0 |    0,59 |  0,0 |1592509208919 |[0.0, 0.0, 0.0, 0.0, 0.0, 0.0, 0.0, 0.0, 0.0, 0.0, 0.0, 0.0, 0.0, 0.0, 0.0, 0.0, 0.0, 0.0, 0.0, 0.0] |
|11 |   30 |  0.25 | 2500 |      f2 |     878 |  1024.0 |  1018.0 |    0,59 |-0,0010 |1592509211794 |[0.8731421, 0.2177797, 0.68625104, 0.12030953, 0.46375936, 0.53194326, 0.7170393, 0.74311674, 0.80870724, 0.30095416, 0.7402499, 0.6594798, 0.94708127, 0.8873917, 0.61970997, 0.7431142, 0.6856488, 0.7629453, 0.072215915, 0.29659915] |
|11 |   30 |   0.1 | 2500 |      f2 |     878 |  1024.0 |  1018.0 |    0,59 |-0,0010 |1592509211794 |[0.8731421, 0.2177797, 0.68625104, 0.12030953, 0.46375936, 0.53194326, 0.7170393, 0.74311674, 0.80870724, 0.30095416, 0.7402499, 0.6594798, 0.94708127, 0.8873917, 0.61970997, 0.7431142, 0.6856488, 0.7629453, 0.072215915, 0.29659915] |
|11 |   30 |   0.1 | 2500 |      f2 |     878 |  1024.0 |  1018.0 |    0,59 |-0,0010 |1592509211794 |[0.0, 0.0, 0.0, 0.0, 0.0, 0.0, 0.0, 0.0, 0.0, 0.0, 0.0, 0.0, 0.0, 0.0, 0.0, 0.0, 0.0, 0.0, 0.0, 0.0] |
|11 |   30 |  0.25 | 2500 |      f2 |     878 |  1024.0 |  1018.0 |    0,59 |-0,0010 |1592509211794 |[0.0, 0.0, 0.0, 0.0, 0.0, 0.0, 0.0, 0.0, 0.0, 0.0, 0.0, 0.0, 0.0, 0.0, 0.0, 0.0, 0.0, 0.0, 0.0, 0.0] |
|12 |   30 |  0.25 | 2500 |      f2 |     878 |  1024.0 |  1018.0 |    0,59 |  0,0 |1592509214630 |[0.9938579, 0.5704971, 0.76488775, 0.45951957, 0.5347133, 0.37060577, 0.3498122, 0.34859467, 0.53251654, 0.34221822, 0.33234954, 0.23695022, 0.9186661, 0.19322985, 0.027027786, 0.5218368, 0.7093117, 0.62023777, 0.97997975, 0.13234651] |
|12 |   30 |   0.1 | 2500 |      f2 |     878 |  1024.0 |  1018.0 |    0,59 |  0,0 |1592509214630 |[0.9938579, 0.5704971, 0.76488775, 0.45951957, 0.5347133, 0.37060577, 0.3498122, 0.34859467, 0.53251654, 0.34221822, 0.33234954, 0.23695022, 0.9186661, 0.19322985, 0.027027786, 0.5218368, 0.7093117, 0.62023777, 0.97997975, 0.13234651] |
|12 |   30 |   0.1 | 2500 |      f2 |     878 |  1024.0 |  1018.0 |    0,59 |  0,0 |1592509214630 |[0.0, 0.0, 0.0, 0.0, 0.0, 0.0, 0.0, 0.0, 0.0, 0.0, 0.0, 0.0, 0.0, 0.0, 0.0, 0.0, 0.0, 0.0, 0.0, 0.0] |
|12 |   30 |  0.25 | 2500 |      f2 |     878 |  1024.0 |  1018.0 |    0,59 |  0,0 |1592509214630 |[0.0, 0.0, 0.0, 0.0, 0.0, 0.0, 0.0, 0.0, 0.0, 0.0, 0.0, 0.0, 0.0, 0.0, 0.0, 0.0, 0.0, 0.0, 0.0, 0.0] |
|13 |   30 |  0.25 | 2500 |      f2 |     878 |  1024.0 |  1018.0 |    0,59 |  0,0 |1592509217487 |[0.29932404, 0.4143293, 0.3921808, 0.37820548, 0.46642667, 0.12289846, 0.037436485, 0.16380626, 0.68609786, 0.6105037, 0.1584785, 0.59076506, 0.7026621, 0.84260154, 0.10233247, 0.5146878, 0.9207143, 0.39605254, 0.41768962, 0.42291707] |
|13 |   30 |   0.1 | 2500 |      f2 |     878 |  1024.0 |  1018.0 |    0,59 |  0,0 |1592509217487 |[0.29932404, 0.4143293, 0.3921808, 0.37820548, 0.46642667, 0.12289846, 0.037436485, 0.16380626, 0.68609786, 0.6105037, 0.1584785, 0.59076506, 0.7026621, 0.84260154, 0.10233247, 0.5146878, 0.9207143, 0.39605254, 0.41768962, 0.42291707] |
|13 |   30 |   0.1 | 2500 |      f2 |     878 |  1024.0 |  1018.0 |    0,59 |  0,0 |1592509217487 |[0.0, 0.0, 0.0, 0.0, 0.0, 0.0, 0.0, 0.0, 0.0, 0.0, 0.0, 0.0, 0.0, 0.0, 0.0, 0.0, 0.0, 0.0, 0.0, 0.0] |
|13 |   30 |  0.25 | 2500 |      f2 |     878 |  1024.0 |  1018.0 |    0,59 |  0,0 |1592509217487 |[0.0, 0.0, 0.0, 0.0, 0.0, 0.0, 0.0, 0.0, 0.0, 0.0, 0.0, 0.0, 0.0, 0.0, 0.0, 0.0, 0.0, 0.0, 0.0, 0.0] |
| 1 |   30 |  0.25 | 2500 |      f2 |     878 |  1024.0 |  1018.0 |    0,59 |-1,6e+09 |1592509794066 |[0.73487425, 0.31813514, 0.6416306, 0.6199177, 0.8277818, 0.48759902, 0.6289077, 0.9610184, 0.49640805, 0.52156264, 0.22639531, 0.4402802, 0.25049692, 0.8338972, 0.22415173, 0.90151596, 0.33110178, 0.59455556, 0.079181135, 0.54981977] |
| 1 |   30 |   0.1 | 2500 |      f2 |     878 |  1024.0 |  1018.0 |    0,59 |-1,6e+09 |1592509794066 |[0.73487425, 0.31813514, 0.6416306, 0.6199177, 0.8277818, 0.48759902, 0.6289077, 0.9610184, 0.49640805, 0.52156264, 0.22639531, 0.4402802, 0.25049692, 0.8338972, 0.22415173, 0.90151596, 0.33110178, 0.59455556, 0.079181135, 0.54981977] |
| 1 |   30 |   0.1 | 2500 |      f2 |     878 |  1024.0 |  1018.0 |    0,59 |-1,6e+09 |1592509794066 |[0.0, 0.0, 0.0, 0.0, 0.0, 0.0, 0.0, 0.0, 0.0, 0.0, 0.0, 0.0, 0.0, 0.0, 0.0, 0.0, 0.0, 0.0, 0.0, 0.0] |
| 1 |   30 |  0.25 | 2500 |      f2 |     878 |  1024.0 |  1018.0 |    0,59 |-1,6e+09 |1592509794066 |[0.0, 0.0, 0.0, 0.0, 0.0, 0.0, 0.0, 0.0, 0.0, 0.0, 0.0, 0.0, 0.0, 0.0, 0.0, 0.0, 0.0, 0.0, 0.0, 0.0] |
| 2 |   30 |  0.25 | 2500 |      f2 |     878 |  1024.0 |  1018.0 |    0,59 |-0,0010 |1592509796979 |[0.5025788, 0.6458645, 0.9640287, 0.6317211, 0.93538725, 0.49988663, 0.49176502, 0.72797674, 0.048620224, 0.025277257, 0.870328, 0.08350873, 0.7732355, 0.57508796, 0.95388657, 0.5526956, 0.43209213, 0.5738651, 0.65161777, 0.13422096] |
| 2 |   30 |   0.1 | 2500 |      f2 |     878 |  1024.0 |  1018.0 |    0,59 |-0,0010 |1592509796979 |[0.5025788, 0.6458645, 0.9640287, 0.6317211, 0.93538725, 0.49988663, 0.49176502, 0.72797674, 0.048620224, 0.025277257, 0.870328, 0.08350873, 0.7732355, 0.57508796, 0.95388657, 0.5526956, 0.43209213, 0.5738651, 0.65161777, 0.13422096] |
| 2 |   30 |   0.1 | 2500 |      f2 |     878 |  1024.0 |  1018.0 |    0,59 |-0,0010 |1592509796979 |[0.0, 0.0, 0.0, 0.0, 0.0, 0.0, 0.0, 0.0, 0.0, 0.0, 0.0, 0.0, 0.0, 0.0, 0.0, 0.0, 0.0, 0.0, 0.0, 0.0] |
| 2 |   30 |  0.25 | 2500 |      f2 |     878 |  1024.0 |  1018.0 |    0,59 |-0,0010 |1592509796979 |[0.0, 0.0, 0.0, 0.0, 0.0, 0.0, 0.0, 0.0, 0.0, 0.0, 0.0, 0.0, 0.0, 0.0, 0.0, 0.0, 0.0, 0.0, 0.0, 0.0] |
| 3 |   30 |  0.25 | 2500 |      f2 |     878 |  1024.0 |  1018.0 |    0,59 |  0,0 |1592509799847 |[0.17823136, 0.7109103, 0.30421472, 0.043625712, 0.6770001, 0.7672392, 0.5213023, 0.4829002, 0.49998242, 0.33769375, 0.3386361, 0.20723408, 0.6400057, 0.59841233, 0.6257126, 0.072794855, 0.80650145, 0.09689063, 0.05117649, 0.33068818] |
| 3 |   30 |   0.1 | 2500 |      f2 |     878 |  1024.0 |  1018.0 |    0,59 |  0,0 |1592509799847 |[0.17823136, 0.7109103, 0.30421472, 0.043625712, 0.6770001, 0.7672392, 0.5213023, 0.4829002, 0.49998242, 0.33769375, 0.3386361, 0.20723408, 0.6400057, 0.59841233, 0.6257126, 0.072794855, 0.80650145, 0.09689063, 0.05117649, 0.33068818] |
| 3 |   30 |   0.1 | 2500 |      f2 |     878 |  1024.0 |  1018.0 |    0,59 |  0,0 |1592509799847 |[0.0, 0.0, 0.0, 0.0, 0.0, 0.0, 0.0, 0.0, 0.0, 0.0, 0.0, 0.0, 0.0, 0.0, 0.0, 0.0, 0.0, 0.0, 0.0, 0.0] |
| 3 |   30 |  0.25 | 2500 |      f2 |     878 |  1024.0 |  1018.0 |    0,59 |  0,0 |1592509799847 |[0.0, 0.0, 0.0, 0.0, 0.0, 0.0, 0.0, 0.0, 0.0, 0.0, 0.0, 0.0, 0.0, 0.0, 0.0, 0.0, 0.0, 0.0, 0.0, 0.0] |
| 4 |   30 |  0.25 | 2500 |      f2 |     878 |  1024.0 |  1018.0 |    0,59 |-0,0010 |1592509802723 |[0.052223146, 0.33974206, 0.11390233, 0.7478407, 0.86810887, 0.2053175, 0.37515634, 0.17515403, 0.48971057, 0.23320198, 0.3832398, 0.53126454, 0.58502126, 0.4078011, 0.35343528, 0.6979738, 0.5412709, 0.43129998, 0.028257966, 0.46258223] |
| 4 |   30 |   0.1 | 2500 |      f2 |     878 |  1024.0 |  1018.0 |    0,59 |-0,0010 |1592509802723 |[0.052223146, 0.33974206, 0.11390233, 0.7478407, 0.86810887, 0.2053175, 0.37515634, 0.17515403, 0.48971057, 0.23320198, 0.3832398, 0.53126454, 0.58502126, 0.4078011, 0.35343528, 0.6979738, 0.5412709, 0.43129998, 0.028257966, 0.46258223] |
| 4 |   30 |   0.1 | 2500 |      f2 |     878 |  1024.0 |  1018.0 |    0,59 |-0,0010 |1592509802723 |[0.0, 0.0, 0.0, 0.0, 0.0, 0.0, 0.0, 0.0, 0.0, 0.0, 0.0, 0.0, 0.0, 0.0, 0.0, 0.0, 0.0, 0.0, 0.0, 0.0] |
| 4 |   30 |  0.25 | 2500 |      f2 |     878 |  1024.0 |  1018.0 |    0,59 |-0,0010 |1592509802723 |[0.0, 0.0, 0.0, 0.0, 0.0, 0.0, 0.0, 0.0, 0.0, 0.0, 0.0, 0.0, 0.0, 0.0, 0.0, 0.0, 0.0, 0.0, 0.0, 0.0] |
| 1 |   30 |  0.32 | 2500 |      f2 |     878 |  1024.0 |  1018.0 |    0,59 |-1,6e+09 |1592510516999 |[0.18507683, 0.41612995, 0.96693385, 0.22940803, 0.22519368, 0.28652823, 0.47896045, 0.3213063, 0.6291642, 0.24548572, 0.683828, 0.4690457, 0.5147441, 0.5919893, 0.47951382, 0.747212, 0.75260633, 0.4713769, 0.031241536, 0.45349365] |
| 1 |   30 |  0.45 | 2500 |      f2 |     878 |  1024.0 |  1018.0 |    0,59 |-1,6e+09 |1592510516999 |[0.18507683, 0.41612995, 0.96693385, 0.22940803, 0.22519368, 0.28652823, 0.47896045, 0.3213063, 0.6291642, 0.24548572, 0.683828, 0.4690457, 0.5147441, 0.5919893, 0.47951382, 0.747212, 0.75260633, 0.4713769, 0.031241536, 0.45349365] |
| 1 |   30 |0.36666667 | 2500 |      f2 |     878 |  1024.0 |  1018.0 |    0,59 |-1,6e+09 |1592510516999 |[0.18507683, 0.41612995, 0.96693385, 0.22940803, 0.22519368, 0.28652823, 0.47896045, 0.3213063, 0.6291642, 0.24548572, 0.683828, 0.4690457, 0.5147441, 0.5919893, 0.47951382, 0.747212, 0.75260633, 0.4713769, 0.031241536, 0.45349365] |
| 1 |   30 |   0.3 | 2500 |      f2 |     878 |  1024.0 |  1018.0 |    0,59 |-1,6e+09 |1592510516999 |[0.18507683, 0.41612995, 0.96693385, 0.22940803, 0.22519368, 0.28652823, 0.47896045, 0.3213063, 0.6291642, 0.24548572, 0.683828, 0.4690457, 0.5147441, 0.5919893, 0.47951382, 0.747212, 0.75260633, 0.4713769, 0.031241536, 0.45349365] |
| 2 |   30 |  0.32 | 2500 |      f2 |     878 |  1024.0 |  1018.0 |    0,59 |  0,0 |1592510519868 |[0.44321603, 0.35009664, 0.35773003, 0.38938558, 0.7301754, 0.13465023, 0.08067548, 0.97790927, 0.6364589, 0.09070206, 0.59558487, 0.75314724, 0.2988832, 0.3609947, 0.07958305, 0.7748095, 0.99896747, 0.8313933, 0.33827293, 0.70060056] |
| 2 |   30 |  0.45 | 2500 |      f2 |     878 |  1024.0 |  1018.0 |    0,59 |  0,0 |1592510519868 |[0.44321603, 0.35009664, 0.35773003, 0.38938558, 0.7301754, 0.13465023, 0.08067548, 0.97790927, 0.6364589, 0.09070206, 0.59558487, 0.75314724, 0.2988832, 0.3609947, 0.07958305, 0.7748095, 0.99896747, 0.8313933, 0.33827293, 0.70060056] |
| 2 |   30 |  0.45 | 2500 |      f2 |     878 |  1024.0 |  1018.0 |    0,59 |  0,0 |1592510519868 |[0.44321603, 0.35009664, 0.35773003, 0.38938558, 0.7301754, 0.13465023, 0.08067548, 0.97790927, 0.6364589, 0.09070206, 0.59558487, 0.75314724, 0.2988832, 0.3609947, 0.07958305, 0.7748095, 0.99896747, 0.8313933, 0.33827293, 0.70060056] |
| 2 |   30 |0.33333334 | 2500 |      f2 |     878 |  1024.0 |  1018.0 |    0,59 |  0,0 |1592510519868 |[0.44321603, 0.35009664, 0.35773003, 0.38938558, 0.7301754, 0.13465023, 0.08067548, 0.97790927, 0.6364589, 0.09070206, 0.59558487, 0.75314724, 0.2988832, 0.3609947, 0.07958305, 0.7748095, 0.99896747, 0.8313933, 0.33827293, 0.70060056] |
| 3 |   30 |  0.45 | 2500 |      f2 |     878 |  1024.0 |  1018.0 |    0,59 |-0,0010 |1592510522725 |[0.118005216, 0.29512691, 0.9657642, 0.85308725, 0.1800034, 0.72609293, 0.73009944, 0.8565283, 0.973794, 0.63680375, 0.15090245, 0.20036149, 0.36488032, 0.7833707, 0.73642427, 0.28807747, 0.215078, 0.6777335, 0.15498626, 0.52470565] |
| 3 |   30 |  0.45 | 2500 |      f2 |     878 |  1024.0 |  1018.0 |    0,59 |-0,0010 |1592510522725 |[0.118005216, 0.29512691, 0.9657642, 0.85308725, 0.1800034, 0.72609293, 0.73009944, 0.8565283, 0.973794, 0.63680375, 0.15090245, 0.20036149, 0.36488032, 0.7833707, 0.73642427, 0.28807747, 0.215078, 0.6777335, 0.15498626, 0.52470565] |
| 3 |   30 |0.43333334 | 2500 |      f2 |     878 |  1024.0 |  1018.0 |    0,59 |-0,0010 |1592510522725 |[0.118005216, 0.29512691, 0.9657642, 0.85308725, 0.1800034, 0.72609293, 0.73009944, 0.8565283, 0.973794, 0.63680375, 0.15090245, 0.20036149, 0.36488032, 0.7833707, 0.73642427, 0.28807747, 0.215078, 0.6777335, 0.15498626, 0.52470565] |
| 3 |   30 |0.26666668 | 2500 |      f2 |     878 |  1024.0 |  1018.0 |    0,59 |-0,0010 |1592510522725 |[0.118005216, 0.29512691, 0.9657642, 0.85308725, 0.1800034, 0.72609293, 0.73009944, 0.8565283, 0.973794, 0.63680375, 0.15090245, 0.20036149, 0.36488032, 0.7833707, 0.73642427, 0.28807747, 0.215078, 0.6777335, 0.15498626, 0.52470565] |
| 4 |   30 |  0.28 | 2500 |      f2 |     878 |  1024.0 |  1018.0 |    0,59 |  0,0 |1592510525558 |[0.037534714, 0.91304606, 0.84648615, 0.7087754, 0.50915617, 0.3520311, 0.17090255, 0.68692726, 0.66828, 0.49421316, 0.17054886, 0.7710433, 0.004765868, 0.26666546, 0.59216416, 0.54929894, 0.5184812, 0.7125015, 0.9007755, 0.0690546] |
| 4 |   30 |  0.45 | 2500 |      f2 |     878 |  1024.0 |  1018.0 |    0,59 |  0,0 |1592510525558 |[0.037534714, 0.91304606, 0.84648615, 0.7087754, 0.50915617, 0.3520311, 0.17090255, 0.68692726, 0.66828, 0.49421316, 0.17054886, 0.7710433, 0.004765868, 0.26666546, 0.59216416, 0.54929894, 0.5184812, 0.7125015, 0.9007755, 0.0690546] |
| 4 |   30 |0.36666667 | 2500 |      f2 |     878 |  1024.0 |  1018.0 |    0,59 |  0,0 |1592510525558 |[0.037534714, 0.91304606, 0.84648615, 0.7087754, 0.50915617, 0.3520311, 0.17090255, 0.68692726, 0.66828, 0.49421316, 0.17054886, 0.7710433, 0.004765868, 0.26666546, 0.59216416, 0.54929894, 0.5184812, 0.7125015, 0.9007755, 0.0690546] |
| 4 |   30 |   0.3 | 2500 |      f2 |     878 |  1024.0 |  1018.0 |    0,59 |  0,0 |1592510525558 |[0.037534714, 0.91304606, 0.84648615, 0.7087754, 0.50915617, 0.3520311, 0.17090255, 0.68692726, 0.66828, 0.49421316, 0.17054886, 0.7710433, 0.004765868, 0.26666546, 0.59216416, 0.54929894, 0.5184812, 0.7125015, 0.9007755, 0.0690546] |
| 5 |   30 |   0.2 | 2500 |      f2 |     878 |  1024.0 |  1018.0 |    0,59 |  0,0 |1592510528361 |[0.19530654, 0.5498594, 0.3939675, 0.91890377, 0.7721223, 0.92788506, 0.8334602, 0.91270006, 0.7732458, 0.38122702, 0.20328045, 0.55140114, 0.8614317, 0.6596822, 0.53255373, 0.3915943, 0.50257665, 0.20267129, 0.27108943, 0.15538079] |
| 5 |   30 |  0.45 | 2500 |      f2 |     878 |  1024.0 |  1018.0 |    0,59 |  0,0 |1592510528361 |[0.19530654, 0.5498594, 0.3939675, 0.91890377, 0.7721223, 0.92788506, 0.8334602, 0.91270006, 0.7732458, 0.38122702, 0.20328045, 0.55140114, 0.8614317, 0.6596822, 0.53255373, 0.3915943, 0.50257665, 0.20267129, 0.27108943, 0.15538079] |
| 5 |   30 |0.26666668 | 2500 |      f2 |     878 |  1024.0 |  1018.0 |    0,59 |  0,0 |1592510528361 |[0.19530654, 0.5498594, 0.3939675, 0.91890377, 0.7721223, 0.92788506, 0.8334602, 0.91270006, 0.7732458, 0.38122702, 0.20328045, 0.55140114, 0.8614317, 0.6596822, 0.53255373, 0.3915943, 0.50257665, 0.20267129, 0.27108943, 0.15538079] |
| 5 |   30 |   0.2 | 2500 |      f2 |     878 |  1024.0 |  1018.0 |    0,59 |  0,0 |1592510528361 |[0.19530654, 0.5498594, 0.3939675, 0.91890377, 0.7721223, 0.92788506, 0.8334602, 0.91270006, 0.7732458, 0.38122702, 0.20328045, 0.55140114, 0.8614317, 0.6596822, 0.53255373, 0.3915943, 0.50257665, 0.20267129, 0.27108943, 0.15538079] |
| 6 |   30 |  0.24 | 2500 |      f2 |     878 |  1024.0 |  1018.0 |    0,59 |  0,0 |1592510531185 |[0.6549466, 0.5916589, 0.56548744, 0.6263366, 0.14325309, 0.82524896, 0.686996, 0.2408033, 0.8551717, 0.64794576, 0.89960855, 0.634256, 0.58735585, 0.17006189, 0.8117557, 0.41666526, 0.69396555, 0.36634445, 0.66992706, 0.5481161] |
| 6 |   30 |  0.45 | 2500 |      f2 |     878 |  1024.0 |  1018.0 |    0,59 |  0,0 |1592510531185 |[0.6549466, 0.5916589, 0.56548744, 0.6263366, 0.14325309, 0.82524896, 0.686996, 0.2408033, 0.8551717, 0.64794576, 0.89960855, 0.634256, 0.58735585, 0.17006189, 0.8117557, 0.41666526, 0.69396555, 0.36634445, 0.66992706, 0.5481161] |
| 6 |   30 |   0.4 | 2500 |      f2 |     878 |  1024.0 |  1018.0 |    0,59 |  0,0 |1592510531185 |[0.6549466, 0.5916589, 0.56548744, 0.6263366, 0.14325309, 0.82524896, 0.686996, 0.2408033, 0.8551717, 0.64794576, 0.89960855, 0.634256, 0.58735585, 0.17006189, 0.8117557, 0.41666526, 0.69396555, 0.36634445, 0.66992706, 0.5481161] |
| 6 |   30 |   0.3 | 2500 |      f2 |     878 |  1024.0 |  1018.0 |    0,59 |  0,0 |1592510531185 |[0.6549466, 0.5916589, 0.56548744, 0.6263366, 0.14325309, 0.82524896, 0.686996, 0.2408033, 0.8551717, 0.64794576, 0.89960855, 0.634256, 0.58735585, 0.17006189, 0.8117557, 0.41666526, 0.69396555, 0.36634445, 0.66992706, 0.5481161] |
| 7 |   30 |  0.32 | 2500 |      f2 |     878 |  1024.0 |  1018.0 |    0,59 |  0,0 |1592510534031 |[0.7388579, 0.52675563, 0.48558515, 0.7359902, 0.5426038, 0.5412676, 0.20799863, 0.40507108, 0.08152759, 0.35946524, 0.70382315, 0.6027598, 0.5299817, 0.5164557, 0.13496482, 0.7246122, 0.3312022, 0.8764485, 0.94740605, 0.30278683] |
| 7 |   30 |  0.45 | 2500 |      f2 |     878 |  1024.0 |  1018.0 |    0,59 |  0,0 |1592510534031 |[0.7388579, 0.52675563, 0.48558515, 0.7359902, 0.5426038, 0.5412676, 0.20799863, 0.40507108, 0.08152759, 0.35946524, 0.70382315, 0.6027598, 0.5299817, 0.5164557, 0.13496482, 0.7246122, 0.3312022, 0.8764485, 0.94740605, 0.30278683] |
| 7 |   30 |  0.45 | 2500 |      f2 |     878 |  1024.0 |  1018.0 |    0,59 |  0,0 |1592510534031 |[0.7388579, 0.52675563, 0.48558515, 0.7359902, 0.5426038, 0.5412676, 0.20799863, 0.40507108, 0.08152759, 0.35946524, 0.70382315, 0.6027598, 0.5299817, 0.5164557, 0.13496482, 0.7246122, 0.3312022, 0.8764485, 0.94740605, 0.30278683] |
| 7 |   30 |   0.4 | 2500 |      f2 |     878 |  1024.0 |  1018.0 |    0,59 |  0,0 |1592510534031 |[0.7388579, 0.52675563, 0.48558515, 0.7359902, 0.5426038, 0.5412676, 0.20799863, 0.40507108, 0.08152759, 0.35946524, 0.70382315, 0.6027598, 0.5299817, 0.5164557, 0.13496482, 0.7246122, 0.3312022, 0.8764485, 0.94740605, 0.30278683] |
| 8 |   30 |  0.28 | 2500 |      f2 |     878 |  1024.0 |  1018.0 |    0,59 |  0,0 |1592510536871 |[0.73140955, 0.3538401, 0.28782845, 0.5136204, 0.716008, 0.79369867, 0.7332392, 0.6441568, 0.26792854, 0.24902558, 0.092441976, 0.97319, 0.44683534, 0.79468906, 0.51675206, 0.3382318, 0.7298736, 0.014640152, 0.0044174194, 0.0031479597] |
| 8 |   30 |  0.45 | 2500 |      f2 |     878 |  1024.0 |  1018.0 |    0,59 |  0,0 |1592510536871 |[0.73140955, 0.3538401, 0.28782845, 0.5136204, 0.716008, 0.79369867, 0.7332392, 0.6441568, 0.26792854, 0.24902558, 0.092441976, 0.97319, 0.44683534, 0.79468906, 0.51675206, 0.3382318, 0.7298736, 0.014640152, 0.0044174194, 0.0031479597] |
| 8 |   30 |   0.2 | 2500 |      f2 |     878 |  1024.0 |  1018.0 |    0,59 |  0,0 |1592510536871 |[0.73140955, 0.3538401, 0.28782845, 0.5136204, 0.716008, 0.79369867, 0.7332392, 0.6441568, 0.26792854, 0.24902558, 0.092441976, 0.97319, 0.44683534, 0.79468906, 0.51675206, 0.3382318, 0.7298736, 0.014640152, 0.0044174194, 0.0031479597] |
| 8 |   30 |   0.3 | 2500 |      f2 |     878 |  1024.0 |  1018.0 |    0,59 |  0,0 |1592510536871 |[0.73140955, 0.3538401, 0.28782845, 0.5136204, 0.716008, 0.79369867, 0.7332392, 0.6441568, 0.26792854, 0.24902558, 0.092441976, 0.97319, 0.44683534, 0.79468906, 0.51675206, 0.3382318, 0.7298736, 0.014640152, 0.0044174194, 0.0031479597] |
| 9 |   30 |  0.36 | 2500 |      f2 |     878 |  1024.0 |  1018.0 |    0,59 |-0,0070 |1592510539702 |[0.038570166, 0.30909926, 0.82173485, 0.64116067, 0.65758675, 0.46795875, 0.16339308, 0.05502695, 0.46371126, 0.12654221, 0.6079122, 0.6183764, 0.1443932, 0.13101482, 0.15764898, 0.3760221, 0.6280387, 0.33317614, 0.96577066, 0.40054125] |
| 9 |   30 |  0.45 | 2500 |      f2 |     878 |  1024.0 |  1018.0 |    0,59 |-0,0070 |1592510539702 |[0.038570166, 0.30909926, 0.82173485, 0.64116067, 0.65758675, 0.46795875, 0.16339308, 0.05502695, 0.46371126, 0.12654221, 0.6079122, 0.6183764, 0.1443932, 0.13101482, 0.15764898, 0.3760221, 0.6280387, 0.33317614, 0.96577066, 0.40054125] |
| 9 |   30 |   0.3 | 2500 |      f2 |     878 |  1024.0 |  1018.0 |    0,59 |-0,0070 |1592510539702 |[0.038570166, 0.30909926, 0.82173485, 0.64116067, 0.65758675, 0.46795875, 0.16339308, 0.05502695, 0.46371126, 0.12654221, 0.6079122, 0.6183764, 0.1443932, 0.13101482, 0.15764898, 0.3760221, 0.6280387, 0.33317614, 0.96577066, 0.40054125] |
| 9 |   30 |  0.45 | 2500 |      f2 |     878 |  1024.0 |  1018.0 |    0,59 |-0,0070 |1592510539702 |[0.038570166, 0.30909926, 0.82173485, 0.64116067, 0.65758675, 0.46795875, 0.16339308, 0.05502695, 0.46371126, 0.12654221, 0.6079122, 0.6183764, 0.1443932, 0.13101482, 0.15764898, 0.3760221, 0.6280387, 0.33317614, 0.96577066, 0.40054125] |
|10 |   30 |   0.4 | 2500 |      f2 |     878 |  1024.0 |  1018.0 |    0,59 |-0,0010 |1592510542513 |[0.9741079, 0.40065378, 0.49995887, 0.85500336, 0.2809285, 0.31783932, 0.73365587, 0.22207993, 0.55669594, 0.7594226, 0.6087652, 0.85718435, 0.6179015, 0.07428962, 0.15875626, 0.4485445, 0.5970113, 0.72193664, 0.5457869, 0.8273936] |
|10 |   30 |  0.45 | 2500 |      f2 |     878 |  1024.0 |  1018.0 |    0,59 |-0,0010 |1592510542513 |[0.9741079, 0.40065378, 0.49995887, 0.85500336, 0.2809285, 0.31783932, 0.73365587, 0.22207993, 0.55669594, 0.7594226, 0.6087652, 0.85718435, 0.6179015, 0.07428962, 0.15875626, 0.4485445, 0.5970113, 0.72193664, 0.5457869, 0.8273936] |
|10 |   30 |0.33333334 | 2500 |      f2 |     878 |  1024.0 |  1018.0 |    0,59 |-0,0010 |1592510542513 |[0.9741079, 0.40065378, 0.49995887, 0.85500336, 0.2809285, 0.31783932, 0.73365587, 0.22207993, 0.55669594, 0.7594226, 0.6087652, 0.85718435, 0.6179015, 0.07428962, 0.15875626, 0.4485445, 0.5970113, 0.72193664, 0.5457869, 0.8273936] |
|10 |   30 |   0.3 | 2500 |      f2 |     878 |  1024.0 |  1018.0 |    0,59 |-0,0010 |1592510542513 |[0.9741079, 0.40065378, 0.49995887, 0.85500336, 0.2809285, 0.31783932, 0.73365587, 0.22207993, 0.55669594, 0.7594226, 0.6087652, 0.85718435, 0.6179015, 0.07428962, 0.15875626, 0.4485445, 0.5970113, 0.72193664, 0.5457869, 0.8273936] |
|11 |   30 |   0.4 | 2500 |      f2 |     878 |  1024.0 |  1018.0 |    0,59 |  0,0 |1592510545317 |[0.836248, 0.039911926, 0.6135738, 0.3161496, 0.4605896, 0.4683751, 0.1498403, 0.8823763, 0.5620085, 0.9244354, 0.054342747, 0.43508548, 0.20077848, 0.9968982, 0.28831422, 0.47810042, 0.44184023, 0.42659086, 0.008891225, 0.6615854] |
|11 |   30 |  0.45 | 2500 |      f2 |     878 |  1024.0 |  1018.0 |    0,59 |  0,0 |1592510545317 |[0.836248, 0.039911926, 0.6135738, 0.3161496, 0.4605896, 0.4683751, 0.1498403, 0.8823763, 0.5620085, 0.9244354, 0.054342747, 0.43508548, 0.20077848, 0.9968982, 0.28831422, 0.47810042, 0.44184023, 0.42659086, 0.008891225, 0.6615854] |
|11 |   30 |0.26666668 | 2500 |      f2 |     878 |  1024.0 |  1018.0 |    0,59 |  0,0 |1592510545317 |[0.836248, 0.039911926, 0.6135738, 0.3161496, 0.4605896, 0.4683751, 0.1498403, 0.8823763, 0.5620085, 0.9244354, 0.054342747, 0.43508548, 0.20077848, 0.9968982, 0.28831422, 0.47810042, 0.44184023, 0.42659086, 0.008891225, 0.6615854] |
|11 |   30 |0.36666667 | 2500 |      f2 |     878 |  1024.0 |  1018.0 |    0,59 |  0,0 |1592510545317 |[0.836248, 0.039911926, 0.6135738, 0.3161496, 0.4605896, 0.4683751, 0.1498403, 0.8823763, 0.5620085, 0.9244354, 0.054342747, 0.43508548, 0.20077848, 0.9968982, 0.28831422, 0.47810042, 0.44184023, 0.42659086, 0.008891225, 0.6615854] |
|12 |   30 |  0.28 | 2500 |      f2 |     878 |  1024.0 |  1018.0 |    0,59 |-0,0010 |1592510548147 |[0.5794594, 0.5342102, 0.94932127, 0.15736425, 0.7239295, 0.772637, 0.7008139, 0.68987584, 0.8053676, 0.5796133, 0.5275718, 0.82113624, 0.91404694, 0.7119499, 0.190472, 0.0056959987, 0.7907664, 0.9218808, 0.14558756, 0.19656163] |
|12 |   30 |  0.45 | 2500 |      f2 |     878 |  1024.0 |  1018.0 |    0,59 |-0,0010 |1592510548147 |[0.5794594, 0.5342102, 0.94932127, 0.15736425, 0.7239295, 0.772637, 0.7008139, 0.68987584, 0.8053676, 0.5796133, 0.5275718, 0.82113624, 0.91404694, 0.7119499, 0.190472, 0.0056959987, 0.7907664, 0.9218808, 0.14558756, 0.19656163] |
|12 |   30 |  0.45 | 2500 |      f2 |     878 |  1024.0 |  1018.0 |    0,59 |-0,0010 |1592510548147 |[0.5794594, 0.5342102, 0.94932127, 0.15736425, 0.7239295, 0.772637, 0.7008139, 0.68987584, 0.8053676, 0.5796133, 0.5275718, 0.82113624, 0.91404694, 0.7119499, 0.190472, 0.0056959987, 0.7907664, 0.9218808, 0.14558756, 0.19656163] |
|12 |   30 |0.26666668 | 2500 |      f2 |     878 |  1024.0 |  1018.0 |    0,59 |-0,0010 |1592510548147 |[0.5794594, 0.5342102, 0.94932127, 0.15736425, 0.7239295, 0.772637, 0.7008139, 0.68987584, 0.8053676, 0.5796133, 0.5275718, 0.82113624, 0.91404694, 0.7119499, 0.190472, 0.0056959987, 0.7907664, 0.9218808, 0.14558756, 0.19656163] |
|13 |   30 |   0.2 | 2500 |      f2 |     878 |  1024.0 |  1018.0 |    0,59 |-0,0010 |1592510550994 |[0.8293185, 0.50337577, 0.9585682, 0.008381665, 0.7819127, 0.73320824, 0.023999453, 0.7884376, 0.30037022, 0.5561847, 0.48985666, 0.0043105483, 0.36688268, 0.96692264, 0.23723167, 0.30915815, 0.62542015, 0.10381305, 0.12045169, 0.91257113] |
|13 |   30 |  0.45 | 2500 |      f2 |     878 |  1024.0 |  1018.0 |    0,59 |-0,0010 |1592510550994 |[0.8293185, 0.50337577, 0.9585682, 0.008381665, 0.7819127, 0.73320824, 0.023999453, 0.7884376, 0.30037022, 0.5561847, 0.48985666, 0.0043105483, 0.36688268, 0.96692264, 0.23723167, 0.30915815, 0.62542015, 0.10381305, 0.12045169, 0.91257113] |
|13 |   30 |0.43333334 | 2500 |      f2 |     878 |  1024.0 |  1018.0 |    0,59 |-0,0010 |1592510550994 |[0.8293185, 0.50337577, 0.9585682, 0.008381665, 0.7819127, 0.73320824, 0.023999453, 0.7884376, 0.30037022, 0.5561847, 0.48985666, 0.0043105483, 0.36688268, 0.96692264, 0.23723167, 0.30915815, 0.62542015, 0.10381305, 0.12045169, 0.91257113] |
|13 |   30 |   0.4 | 2500 |      f2 |     878 |  1024.0 |  1018.0 |    0,59 |-0,0010 |1592510550994 |[0.8293185, 0.50337577, 0.9585682, 0.008381665, 0.7819127, 0.73320824, 0.023999453, 0.7884376, 0.30037022, 0.5561847, 0.48985666, 0.0043105483, 0.36688268, 0.96692264, 0.23723167, 0.30915815, 0.62542015, 0.10381305, 0.12045169, 0.91257113] |
|14 |   30 |  0.28 | 2500 |      f2 |     878 |  1024.0 |  1018.0 |    0,59 |  0,0 |1592510553796 |[0.003917694, 0.018464506, 0.8857103, 0.23456424, 0.42734253, 8.1449747E-4, 0.21241128, 0.28270084, 0.19285142, 0.740634, 0.8752103, 0.92325634, 0.38443232, 0.8702136, 0.7582353, 0.7324252, 0.39789814, 0.9847813, 0.29579085, 0.055680156] |
|14 |   30 |  0.45 | 2500 |      f2 |     878 |  1024.0 |  1018.0 |    0,59 |  0,0 |1592510553796 |[0.003917694, 0.018464506, 0.8857103, 0.23456424, 0.42734253, 8.1449747E-4, 0.21241128, 0.28270084, 0.19285142, 0.740634, 0.8752103, 0.92325634, 0.38443232, 0.8702136, 0.7582353, 0.7324252, 0.39789814, 0.9847813, 0.29579085, 0.055680156] |
|14 |   30 |0.43333334 | 2500 |      f2 |     878 |  1024.0 |  1018.0 |    0,59 |  0,0 |1592510553796 |[0.38128823, 0.05736047, 0.76827675, 0.11697692, 0.4737748, 0.8188103, 0.5410713, 0.3855639, 0.61678296, 0.67477196, 0.8864913, 0.14209133, 0.9300991, 0.9422879, 0.5817605, 0.8625774, 0.5476965, 0.052731514, 0.5777901, 0.12795377] |
|14 |   30 |0.16666667 | 2500 |      f2 |     878 |  1024.0 |  1018.0 |    0,59 |  0,0 |1592510553796 |[0.2956208, 0.2978999, 0.4210956, 0.7400645, 0.26265955, 0.39246076, 0.83907706, 0.37864983, 0.07470024, 0.93652827, 0.8408652, 0.42575634, 0.6269707, 0.43368155, 0.81273514, 0.85634047, 0.07415575, 0.11994153, 0.18974936, 0.13668782] |
|15 |   30 |  0.28 | 2500 |      f2 |     878 |  1024.0 |  1018.0 |    0,59 |  0,0 |1592510556621 |[0.528869, 0.6573634, 0.74484, 0.51141787, 0.24285376, 0.3290658, 0.49909365, 0.043349028, 0.6689798, 0.79049796, 0.44137013, 0.17800963, 0.8944611, 0.42630494, 0.9788514, 0.2258411, 0.13544095, 0.018786132, 0.49408793, 0.5428314] |
|15 |   30 |  0.45 | 2500 |      f2 |     878 |  1024.0 |  1018.0 |    0,59 |  0,0 |1592510556621 |[0.528869, 0.6573634, 0.74484, 0.51141787, 0.24285376, 0.3290658, 0.49909365, 0.043349028, 0.6689798, 0.79049796, 0.44137013, 0.17800963, 0.8944611, 0.42630494, 0.9788514, 0.2258411, 0.13544095, 0.018786132, 0.49408793, 0.5428314] |
|15 |   30 |   0.4 | 2500 |      f2 |     878 |  1024.0 |  1018.0 |    0,59 |  0,0 |1592510556621 |[0.528869, 0.6573634, 0.74484, 0.51141787, 0.24285376, 0.3290658, 0.49909365, 0.043349028, 0.6689798, 0.79049796, 0.44137013, 0.17800963, 0.8944611, 0.42630494, 0.9788514, 0.2258411, 0.13544095, 0.018786132, 0.49408793, 0.5428314] |
|15 |   30 |0.23333333 | 2500 |      f2 |     878 |  1024.0 |  1018.0 |    0,59 |  0,0 |1592510556621 |[0.528869, 0.6573634, 0.74484, 0.51141787, 0.24285376, 0.3290658, 0.49909365, 0.043349028, 0.6689798, 0.79049796, 0.44137013, 0.17800963, 0.8944611, 0.42630494, 0.9788514, 0.2258411, 0.13544095, 0.018786132, 0.49408793, 0.5428314] |
| 1 |   30 |  0.24 | 2500 |      f2 |     878 |  1024.0 |  1018.0 |    0,59 |-1,6e+09 |1592511931189 |[0.41302037, 0.250017, 0.8340699, 0.9691875, 0.6646665, 0.9978632, 0.13071823, 0.66554886, 0.5174034, 0.90674794, 0.97609454, 0.13739777, 0.07496953, 0.81165296, 0.82514536, 0.9096335, 0.0918479, 0.8447937, 0.5423603, 0.98812044] |
| 1 |   30 |  0.45 | 2500 |      f2 |     878 |  1024.0 |  1018.0 |    0,59 |-1,6e+09 |1592511931189 |[0.41302037, 0.250017, 0.8340699, 0.9691875, 0.6646665, 0.9978632, 0.13071823, 0.66554886, 0.5174034, 0.90674794, 0.97609454, 0.13739777, 0.07496953, 0.81165296, 0.82514536, 0.9096335, 0.0918479, 0.8447937, 0.5423603, 0.98812044] |
| 1 |   30 |0.26666668 | 2500 |      f2 |     878 |  1024.0 |  1018.0 |    0,59 |-1,6e+09 |1592511931189 |[0.41302037, 0.250017, 0.8340699, 0.9691875, 0.6646665, 0.9978632, 0.13071823, 0.66554886, 0.5174034, 0.90674794, 0.97609454, 0.13739777, 0.07496953, 0.81165296, 0.82514536, 0.9096335, 0.0918479, 0.8447937, 0.5423603, 0.98812044] |
| 1 |   30 |0.43333334 | 2500 |      f2 |     878 |  1024.0 |  1018.0 |    0,59 |-1,6e+09 |1592511931189 |[0.41302037, 0.250017, 0.8340699, 0.9691875, 0.6646665, 0.9978632, 0.13071823, 0.66554886, 0.5174034, 0.90674794, 0.97609454, 0.13739777, 0.07496953, 0.81165296, 0.82514536, 0.9096335, 0.0918479, 0.8447937, 0.5423603, 0.98812044] |
| 2 |   30 |  0.44 | 2500 |      f2 |     878 |  1024.0 |  1018.0 |    0,59 |  0,0 |1592511934079 |[0.6161115, 0.8333162, 0.46963644, 0.4547584, 0.6783296, 0.403818, 0.9178294, 0.4672528, 0.81684446, 0.6433371, 0.25927407, 0.30598217, 0.8764733, 0.63479835, 0.057251334, 0.34482455, 0.65104115, 0.20259738, 0.90616995, 0.8825894] |
| 2 |   30 |  0.45 | 2500 |      f2 |     878 |  1024.0 |  1018.0 |    0,59 |  0,0 |1592511934079 |[0.6161115, 0.8333162, 0.46963644, 0.4547584, 0.6783296, 0.403818, 0.9178294, 0.4672528, 0.81684446, 0.6433371, 0.25927407, 0.30598217, 0.8764733, 0.63479835, 0.057251334, 0.34482455, 0.65104115, 0.20259738, 0.90616995, 0.8825894] |
| 2 |   30 |0.33333334 | 2500 |      f2 |     878 |  1024.0 |  1018.0 |    0,59 |  0,0 |1592511934079 |[0.6161115, 0.8333162, 0.46963644, 0.4547584, 0.6783296, 0.403818, 0.9178294, 0.4672528, 0.81684446, 0.6433371, 0.25927407, 0.30598217, 0.8764733, 0.63479835, 0.057251334, 0.34482455, 0.65104115, 0.20259738, 0.90616995, 0.8825894] |
| 2 |   30 |0.36666667 | 2500 |      f2 |     878 |  1024.0 |  1018.0 |    0,59 |  0,0 |1592511934079 |[0.6161115, 0.8333162, 0.46963644, 0.4547584, 0.6783296, 0.403818, 0.9178294, 0.4672528, 0.81684446, 0.6433371, 0.25927407, 0.30598217, 0.8764733, 0.63479835, 0.057251334, 0.34482455, 0.65104115, 0.20259738, 0.90616995, 0.8825894] |
| 3 |   30 |  0.36 | 2500 |      f2 |     878 |  1024.0 |  1018.0 |    0,59 |-0,0010 |1592511936938 |[0.019634783, 0.25553048, 0.7661396, 0.09788656, 0.66613656, 0.7298968, 0.90435594, 0.49105793, 0.27523828, 0.90311176, 0.66379803, 0.5305789, 0.8644754, 0.5859729, 0.2770506, 0.84400886, 0.6463987, 0.24469173, 0.6758023, 0.02974993] |
| 3 |   30 |  0.45 | 2500 |      f2 |     878 |  1024.0 |  1018.0 |    0,59 |-0,0010 |1592511936938 |[0.019634783, 0.25553048, 0.7661396, 0.09788656, 0.66613656, 0.7298968, 0.90435594, 0.49105793, 0.27523828, 0.90311176, 0.66379803, 0.5305789, 0.8644754, 0.5859729, 0.2770506, 0.84400886, 0.6463987, 0.24469173, 0.6758023, 0.02974993] |
| 3 |   30 |   0.4 | 2500 |      f2 |     878 |  1024.0 |  1018.0 |    0,59 |-0,0010 |1592511936938 |[0.019634783, 0.25553048, 0.7661396, 0.09788656, 0.66613656, 0.7298968, 0.90435594, 0.49105793, 0.27523828, 0.90311176, 0.66379803, 0.5305789, 0.8644754, 0.5859729, 0.2770506, 0.84400886, 0.6463987, 0.24469173, 0.6758023, 0.02974993] |
| 3 |   30 |   0.4 | 2500 |      f2 |     878 |  1024.0 |  1018.0 |    0,59 |-0,0010 |1592511936938 |[0.019634783, 0.25553048, 0.7661396, 0.09788656, 0.66613656, 0.7298968, 0.90435594, 0.49105793, 0.27523828, 0.90311176, 0.66379803, 0.5305789, 0.8644754, 0.5859729, 0.2770506, 0.84400886, 0.6463987, 0.24469173, 0.6758023, 0.02974993] |
| 4 |   30 |  0.24 | 2500 |      f2 |     878 |  1024.0 |  1018.0 |    0,59 |  0,0 |1592511939788 |[0.33619535, 0.8787042, 0.38247746, 0.7559306, 0.33333886, 0.7269663, 0.91836005, 0.09027368, 0.4801677, 0.23432654, 0.5747945, 0.12255174, 0.01245749, 0.9938253, 0.729062, 0.48894024, 0.54412764, 0.61255544, 0.34449053, 0.3718124] |
| 4 |   30 |  0.45 | 2500 |      f2 |     878 |  1024.0 |  1018.0 |    0,59 |  0,0 |1592511939788 |[0.33619535, 0.8787042, 0.38247746, 0.7559306, 0.33333886, 0.7269663, 0.91836005, 0.09027368, 0.4801677, 0.23432654, 0.5747945, 0.12255174, 0.01245749, 0.9938253, 0.729062, 0.48894024, 0.54412764, 0.61255544, 0.34449053, 0.3718124] |
| 4 |   30 |   0.3 | 2500 |      f2 |     878 |  1024.0 |  1018.0 |    0,59 |  0,0 |1592511939788 |[0.33619535, 0.8787042, 0.38247746, 0.7559306, 0.33333886, 0.7269663, 0.91836005, 0.09027368, 0.4801677, 0.23432654, 0.5747945, 0.12255174, 0.01245749, 0.9938253, 0.729062, 0.48894024, 0.54412764, 0.61255544, 0.34449053, 0.3718124] |
| 4 |   30 |   0.2 | 2500 |      f2 |     878 |  1024.0 |  1018.0 |    0,59 |  0,0 |1592511939788 |[0.33619535, 0.8787042, 0.38247746, 0.7559306, 0.33333886, 0.7269663, 0.91836005, 0.09027368, 0.4801677, 0.23432654, 0.5747945, 0.12255174, 0.01245749, 0.9938253, 0.729062, 0.48894024, 0.54412764, 0.61255544, 0.34449053, 0.3718124] |
| 5 |   30 |   0.2 | 2500 |      f2 |     878 |  1024.0 |  1018.0 |    0,59 |  0,0 |1592511942639 |[0.7739478, 0.42504412, 0.79870486, 0.13960701, 0.15008515, 0.8294227, 0.030018806, 0.16141462, 0.7909905, 0.031360865, 0.5964992, 0.6341704, 0.960313, 0.0770694, 0.22185087, 0.51049346, 0.16757435, 0.16504788, 0.022287607, 0.93292004] |
| 5 |   30 |  0.45 | 2500 |      f2 |     878 |  1024.0 |  1018.0 |    0,59 |  0,0 |1592511942639 |[0.7739478, 0.42504412, 0.79870486, 0.13960701, 0.15008515, 0.8294227, 0.030018806, 0.16141462, 0.7909905, 0.031360865, 0.5964992, 0.6341704, 0.960313, 0.0770694, 0.22185087, 0.51049346, 0.16757435, 0.16504788, 0.022287607, 0.93292004] |
| 5 |   30 |   0.4 | 2500 |      f2 |     878 |  1024.0 |  1018.0 |    0,59 |  0,0 |1592511942639 |[0.7739478, 0.42504412, 0.79870486, 0.13960701, 0.15008515, 0.8294227, 0.030018806, 0.16141462, 0.7909905, 0.031360865, 0.5964992, 0.6341704, 0.960313, 0.0770694, 0.22185087, 0.51049346, 0.16757435, 0.16504788, 0.022287607, 0.93292004] |
| 5 |   30 |0.33333334 | 2500 |      f2 |     878 |  1024.0 |  1018.0 |    0,59 |  0,0 |1592511942639 |[0.7739478, 0.42504412, 0.79870486, 0.13960701, 0.15008515, 0.8294227, 0.030018806, 0.16141462, 0.7909905, 0.031360865, 0.5964992, 0.6341704, 0.960313, 0.0770694, 0.22185087, 0.51049346, 0.16757435, 0.16504788, 0.022287607, 0.93292004] |
| 1 |   30 |   0.4 | 2500 |      f2 |     878 |  1024.0 |  1018.0 |    0,59 |-1,6e+09 |1592512500681 |[0.56518334, 0.9370904, 0.49015808, 0.24223489, 0.98325336, 0.3137669, 0.44373345, 0.1603874, 0.4544382, 0.3001784, 0.32939988, 0.6201041, 0.89130396, 0.03988415, 0.42467594, 0.06696862, 0.10699648, 0.85382026, 0.6616857, 0.07332653] |
| 1 |   30 |  0.45 | 2500 |      f2 |     878 |  1024.0 |  1018.0 |    0,59 |-1,6e+09 |1592512500681 |[0.37585914, 0.8699418, 0.43920636, 0.25542212, 0.11077744, 0.680024, 0.50304824, 0.93201274, 0.6398173, 0.5764447, 0.51834166, 0.64741945, 0.27167588, 0.6626902, 0.8712924, 0.4180916, 0.87863964, 0.90906656, 0.23267275, 0.4406085] |
| 1 |   30 |   0.4 | 2500 |      f2 |     878 |  1024.0 |  1018.0 |    0,59 |-1,6e+09 |1592512500681 |[0.37585914, 0.8699418, 0.43920636, 0.25542212, 0.11077744, 0.680024, 0.50304824, 0.93201274, 0.6398173, 0.5764447, 0.51834166, 0.64741945, 0.27167588, 0.6626902, 0.8712924, 0.4180916, 0.87863964, 0.90906656, 0.23267275, 0.4406085] |
| 1 |   30 |  0.45 | 2500 |      f2 |     878 |  1024.0 |  1018.0 |    0,59 |-1,6e+09 |1592512500681 |[0.37585914, 0.8699418, 0.43920636, 0.25542212, 0.11077744, 0.680024, 0.50304824, 0.93201274, 0.6398173, 0.5764447, 0.51834166, 0.64741945, 0.27167588, 0.6626902, 0.8712924, 0.4180916, 0.87863964, 0.90906656, 0.23267275, 0.4406085] |
| 2 |   30 |  0.32 | 2500 |      f2 |     878 |  1024.0 |  1018.0 |    0,59 |  0,0 |1592512503531 |[0.14373744, 0.22066218, 0.92642677, 0.17416877, 0.92471796, 0.4461518, 0.71261865, 0.96656716, 0.6260098, 0.53213733, 0.1456759, 0.79111534, 0.1326319, 0.4695319, 0.65500766, 0.61699235, 0.39471728, 0.66405576, 0.081608355, 0.8998098] |
| 2 |   30 |  0.45 | 2500 |      f2 |     878 |  1024.0 |  1018.0 |    0,59 |  0,0 |1592512503531 |[0.14373744, 0.22066218, 0.92642677, 0.17416877, 0.92471796, 0.4461518, 0.71261865, 0.96656716, 0.6260098, 0.53213733, 0.1456759, 0.79111534, 0.1326319, 0.4695319, 0.65500766, 0.61699235, 0.39471728, 0.66405576, 0.081608355, 0.8998098] |
| 2 |   30 |0.36666667 | 2500 |      f2 |     878 |  1024.0 |  1018.0 |    0,59 |  0,0 |1592512503531 |[0.14373744, 0.22066218, 0.92642677, 0.17416877, 0.92471796, 0.4461518, 0.71261865, 0.96656716, 0.6260098, 0.53213733, 0.1456759, 0.79111534, 0.1326319, 0.4695319, 0.65500766, 0.61699235, 0.39471728, 0.66405576, 0.081608355, 0.8998098] |
| 2 |   30 |0.36666667 | 2500 |      f2 |     878 |  1024.0 |  1018.0 |    0,59 |  0,0 |1592512503531 |[0.14373744, 0.22066218, 0.92642677, 0.17416877, 0.92471796, 0.4461518, 0.71261865, 0.96656716, 0.6260098, 0.53213733, 0.1456759, 0.79111534, 0.1326319, 0.4695319, 0.65500766, 0.61699235, 0.39471728, 0.66405576, 0.081608355, 0.8998098] |
| 3 |   30 |  0.28 | 2500 |      f2 |     878 |  1024.0 |  1018.0 |    0,59 |-0,0010 |1592512506377 |[0.0065901875, 0.84861165, 0.06886679, 0.9347732, 0.25356925, 0.64656717, 0.6152862, 0.43854225, 0.067135155, 0.06802124, 0.35086554, 0.34033954, 0.88756984, 0.041885972, 0.8780952, 0.3985315, 0.67161524, 0.87787044, 0.20148629, 0.43314356] |
| 3 |   30 |  0.45 | 2500 |      f2 |     878 |  1024.0 |  1018.0 |    0,59 |-0,0010 |1592512506377 |[0.0065901875, 0.84861165, 0.06886679, 0.9347732, 0.25356925, 0.64656717, 0.6152862, 0.43854225, 0.067135155, 0.06802124, 0.35086554, 0.34033954, 0.88756984, 0.041885972, 0.8780952, 0.3985315, 0.67161524, 0.87787044, 0.20148629, 0.43314356] |
| 3 |   30 |0.36666667 | 2500 |      f2 |     878 |  1024.0 |  1018.0 |    0,59 |-0,0010 |1592512506377 |[0.0065901875, 0.84861165, 0.06886679, 0.9347732, 0.25356925, 0.64656717, 0.6152862, 0.43854225, 0.067135155, 0.06802124, 0.35086554, 0.34033954, 0.88756984, 0.041885972, 0.8780952, 0.3985315, 0.67161524, 0.87787044, 0.20148629, 0.43314356] |
| 3 |   30 |0.26666668 | 2500 |      f2 |     878 |  1024.0 |  1018.0 |    0,59 |-0,0010 |1592512506377 |[0.0065901875, 0.84861165, 0.06886679, 0.9347732, 0.25356925, 0.64656717, 0.6152862, 0.43854225, 0.067135155, 0.06802124, 0.35086554, 0.34033954, 0.88756984, 0.041885972, 0.8780952, 0.3985315, 0.67161524, 0.87787044, 0.20148629, 0.43314356] |
| 4 |   30 |   0.2 | 2500 |      f2 |     878 |  1024.0 |  1018.0 |    0,59 |  0,0 |1592512509182 |[0.3168313, 0.955975, 0.20845681, 0.9924841, 0.6761712, 0.91098946, 0.095870376, 0.28276187, 0.94330496, 0.29458505, 0.6157348, 0.7636972, 0.78412855, 0.39722353, 0.3121239, 0.41282982, 0.22497457, 0.7743909, 0.8293112, 0.038380027] |
| 4 |   30 |  0.45 | 2500 |      f2 |     878 |  1024.0 |  1018.0 |    0,59 |  0,0 |1592512509182 |[0.3168313, 0.955975, 0.20845681, 0.9924841, 0.6761712, 0.91098946, 0.095870376, 0.28276187, 0.94330496, 0.29458505, 0.6157348, 0.7636972, 0.78412855, 0.39722353, 0.3121239, 0.41282982, 0.22497457, 0.7743909, 0.8293112, 0.038380027] |
| 4 |   30 |   0.4 | 2500 |      f2 |     878 |  1024.0 |  1018.0 |    0,59 |  0,0 |1592512509182 |[0.3168313, 0.955975, 0.20845681, 0.9924841, 0.6761712, 0.91098946, 0.095870376, 0.28276187, 0.94330496, 0.29458505, 0.6157348, 0.7636972, 0.78412855, 0.39722353, 0.3121239, 0.41282982, 0.22497457, 0.7743909, 0.8293112, 0.038380027] |
| 4 |   30 |   0.3 | 2500 |      f2 |     878 |  1024.0 |  1018.0 |    0,59 |  0,0 |1592512509182 |[0.3168313, 0.955975, 0.20845681, 0.9924841, 0.6761712, 0.91098946, 0.095870376, 0.28276187, 0.94330496, 0.29458505, 0.6157348, 0.7636972, 0.78412855, 0.39722353, 0.3121239, 0.41282982, 0.22497457, 0.7743909, 0.8293112, 0.038380027] |
| 5 |   30 |  0.24 | 2500 |      f2 |     878 |  1024.0 |  1018.0 |    0,59 |-0,0010 |1592512512049 |[0.7644979, 0.32707107, 0.4160965, 0.4722752, 0.3593102, 0.618622, 0.9054126, 0.78301495, 0.04784465, 0.7965594, 0.31933862, 0.80878943, 0.92262995, 0.5551704, 0.18894613, 0.79300725, 0.23146188, 0.5451326, 0.0187248, 0.39032054] |
| 5 |   30 |  0.45 | 2500 |      f2 |     878 |  1024.0 |  1018.0 |    0,59 |-0,0010 |1592512512049 |[0.7644979, 0.32707107, 0.4160965, 0.4722752, 0.3593102, 0.618622, 0.9054126, 0.78301495, 0.04784465, 0.7965594, 0.31933862, 0.80878943, 0.92262995, 0.5551704, 0.18894613, 0.79300725, 0.23146188, 0.5451326, 0.0187248, 0.39032054] |
| 5 |   30 |0.33333334 | 2500 |      f2 |     878 |  1024.0 |  1018.0 |    0,59 |-0,0010 |1592512512049 |[0.7644979, 0.32707107, 0.4160965, 0.4722752, 0.3593102, 0.618622, 0.9054126, 0.78301495, 0.04784465, 0.7965594, 0.31933862, 0.80878943, 0.92262995, 0.5551704, 0.18894613, 0.79300725, 0.23146188, 0.5451326, 0.0187248, 0.39032054] |
| 5 |   30 |0.26666668 | 2500 |      f2 |     878 |  1024.0 |  1018.0 |    0,59 |-0,0010 |1592512512049 |[0.7644979, 0.32707107, 0.4160965, 0.4722752, 0.3593102, 0.618622, 0.9054126, 0.78301495, 0.04784465, 0.7965594, 0.31933862, 0.80878943, 0.92262995, 0.5551704, 0.18894613, 0.79300725, 0.23146188, 0.5451326, 0.0187248, 0.39032054] |
| 6 |   30 |  0.28 | 2500 |      f2 |     878 |  1024.0 |  1018.0 |    0,59 |-0,0010 |1592512514882 |[0.41742927, 0.9497729, 0.061271727, 0.26422834, 0.7217635, 0.8010635, 0.17271948, 0.8111178, 0.084815204, 0.8707548, 0.21355397, 0.9082835, 0.61642194, 0.69070524, 0.2449336, 0.7772959, 0.45865935, 0.11797637, 0.29891676, 0.08225733] |
| 6 |   30 |  0.45 | 2500 |      f2 |     878 |  1024.0 |  1018.0 |    0,59 |-0,0010 |1592512514882 |[0.41742927, 0.9497729, 0.061271727, 0.26422834, 0.7217635, 0.8010635, 0.17271948, 0.8111178, 0.084815204, 0.8707548, 0.21355397, 0.9082835, 0.61642194, 0.69070524, 0.2449336, 0.7772959, 0.45865935, 0.11797637, 0.29891676, 0.08225733] |
| 6 |   30 |0.33333334 | 2500 |      f2 |     878 |  1024.0 |  1018.0 |    0,59 |-0,0010 |1592512514882 |[0.6532583, 0.18009567, 0.26478946, 0.98820883, 0.034754872, 0.7880456, 0.023752451, 0.24351805, 0.5437706, 0.75358176, 0.2195757, 0.11253196, 0.111839175, 0.26901037, 0.5038731, 0.39484644, 0.44135833, 0.4069873, 0.30253637, 0.8050026] |
| 6 |   30 |0.23333333 | 2500 |      f2 |     878 |  1024.0 |  1018.0 |    0,59 |-0,0010 |1592512514882 |[0.6532583, 0.18009567, 0.26478946, 0.98820883, 0.034754872, 0.7880456, 0.023752451, 0.24351805, 0.5437706, 0.75358176, 0.2195757, 0.11253196, 0.111839175, 0.26901037, 0.5038731, 0.39484644, 0.44135833, 0.4069873, 0.30253637, 0.8050026] |
