| # | Nest | %Desc |#Iter |Instancia | CapMoch |ValOptmo | BestFit |     RDP | time |      semilla |VectorSolucion |
-------------------------------------------------------------------------------------------------
| 1 |   40 |0.31428573 | 2500 |      f5 |     375 |481.0694 |   477.0 |    0,85 |-1,6e+09 |1592510564637 |[0.4601758, 0.043789983, 0.26666832, 0.43739247, 0.24571711, 0.6119534, 0.8570732, 0.395791, 0.40061545, 0.39445496, 0.10423875, 0.6010113, 0.34245765, 0.98385245, 0.59437484] |
| 1 |   40 |  0.45 | 2500 |      f5 |     375 |481.0694 |   477.0 |    0,85 |-1,6e+09 |1592510564637 |[0.4601758, 0.043789983, 0.26666832, 0.43739247, 0.24571711, 0.6119534, 0.8570732, 0.395791, 0.40061545, 0.39445496, 0.10423875, 0.6010113, 0.34245765, 0.98385245, 0.59437484] |
| 2 |   40 |0.25714287 | 2500 |      f5 |     375 |481.0694 |   477.0 |    0,85 |  0,0 |1592510566328 |[0.25394225, 0.08518547, 0.81489813, 0.42345297, 0.80408967, 0.8312276, 0.75102305, 0.45912784, 0.7857803, 0.9988668, 0.45933622, 0.5567587, 0.972098, 0.30675954, 0.84009784] |
| 2 |   40 |  0.45 | 2500 |      f5 |     375 |481.0694 |   477.0 |    0,85 |  0,0 |1592510566328 |[0.25394225, 0.08518547, 0.81489813, 0.42345297, 0.80408967, 0.8312276, 0.75102305, 0.45912784, 0.7857803, 0.9988668, 0.45933622, 0.5567587, 0.972098, 0.30675954, 0.84009784] |
| 3 |   40 |0.2857143 | 2500 |      f5 |     375 |481.0694 |   477.0 |    0,85 |  0,0 |1592510568001 |[0.936059, 0.030077875, 0.036872864, 0.33684105, 0.6052997, 0.91347736, 0.6238671, 0.55671704, 0.9882638, 0.6292598, 0.38408476, 0.17521524, 0.00587517, 0.04415524, 0.9493192] |
| 3 |   40 |  0.45 | 2500 |      f5 |     375 |481.0694 |   477.0 |    0,85 |  0,0 |1592510568001 |[0.936059, 0.030077875, 0.036872864, 0.33684105, 0.6052997, 0.91347736, 0.6238671, 0.55671704, 0.9882638, 0.6292598, 0.38408476, 0.17521524, 0.00587517, 0.04415524, 0.9493192] |
| 4 |   40 |0.22857143 | 2500 |      f5 |     375 |481.0694 |   477.0 |    0,85 |-0,0010 |1592510569690 |[0.8470059, 0.24795097, 0.47766382, 0.55244344, 0.31931967, 0.50777173, 0.8375994, 0.93410033, 0.9651689, 0.6247118, 0.7382494, 0.20032203, 0.2032159, 0.17347187, 0.38139206] |
| 4 |   40 |  0.45 | 2500 |      f5 |     375 |481.0694 |   477.0 |    0,85 |-0,0010 |1592510569690 |[0.8600648, 0.25915658, 0.8104817, 0.45126975, 0.38799387, 0.9917295, 0.14957416, 0.6621709, 0.90702105, 0.39962727, 0.45272493, 0.77470565, 0.48843694, 0.7482522, 0.3573535] |
| 5 |   40 |0.25714287 | 2500 |      f5 |     375 |481.0694 |   477.0 |    0,85 |  0,0 |1592510571382 |[0.517236, 0.11596537, 0.74778354, 0.64417213, 0.41395485, 0.3157941, 0.7721337, 0.15576631, 0.46340644, 0.33238858, 0.55566126, 0.9141806, 0.5914782, 0.9196741, 0.020554781] |
| 5 |   40 |  0.45 | 2500 |      f5 |     375 |481.0694 |   477.0 |    0,85 |  0,0 |1592510571382 |[0.517236, 0.11596537, 0.74778354, 0.64417213, 0.41395485, 0.3157941, 0.7721337, 0.15576631, 0.46340644, 0.33238858, 0.55566126, 0.9141806, 0.5914782, 0.9196741, 0.020554781] |
| 6 |   40 |0.42857143 | 2500 |      f5 |     375 |481.0694 |   477.0 |    0,85 |  0,0 |1592510573032 |[0.97672826, 0.6327831, 0.6258252, 0.42283964, 0.19312972, 0.15366125, 0.5241315, 0.4954934, 0.23538268, 0.29532456, 0.69912523, 0.74336314, 0.48666, 0.9450039, 0.15140098] |
| 6 |   40 |  0.45 | 2500 |      f5 |     375 |481.0694 |   477.0 |    0,85 |  0,0 |1592510573032 |[0.97672826, 0.6327831, 0.6258252, 0.42283964, 0.19312972, 0.15366125, 0.5241315, 0.4954934, 0.23538268, 0.29532456, 0.69912523, 0.74336314, 0.48666, 0.9450039, 0.15140098] |
| 7 |   40 |0.25714287 | 2500 |      f5 |     375 |481.0694 |   477.0 |    0,85 |-0,0010 |1592510574675 |[0.46623522, 0.59322023, 0.46268117, 0.57995737, 0.6075493, 0.3057633, 0.33211517, 0.54286045, 0.3126688, 0.3657546, 0.20171785, 0.26834643, 0.32889038, 0.955716, 0.5574346] |
| 7 |   40 |  0.45 | 2500 |      f5 |     375 |481.0694 |   477.0 |    0,85 |-0,0010 |1592510574675 |[0.46623522, 0.59322023, 0.46268117, 0.57995737, 0.6075493, 0.3057633, 0.33211517, 0.54286045, 0.3126688, 0.3657546, 0.20171785, 0.26834643, 0.32889038, 0.955716, 0.5574346] |
| 8 |   40 |0.31428573 | 2500 |      f5 |     375 |481.0694 |   477.0 |    0,85 |  0,0 |1592510576357 |[0.43912846, 0.12232494, 0.16915596, 0.65265995, 0.06541628, 0.03243071, 0.28478193, 0.8846822, 0.50122046, 0.8586956, 0.22739846, 0.42814124, 0.6324571, 0.86442864, 0.029206336] |
| 8 |   40 |  0.45 | 2500 |      f5 |     375 |481.0694 |   477.0 |    0,85 |  0,0 |1592510576357 |[0.43912846, 0.12232494, 0.16915596, 0.65265995, 0.06541628, 0.03243071, 0.28478193, 0.8846822, 0.50122046, 0.8586956, 0.22739846, 0.42814124, 0.6324571, 0.86442864, 0.029206336] |
| 9 |   40 |0.31428573 | 2500 |      f5 |     375 |481.0694 |   477.0 |    0,85 |-0,0010 |1592510578001 |[0.34338945, 0.28531373, 0.74410176, 0.81063765, 0.8280917, 0.5734888, 0.43526578, 0.046917856, 0.31030387, 0.3790838, 0.6081699, 0.8813343, 0.4379732, 0.522641, 0.2701714] |
| 9 |   40 |  0.45 | 2500 |      f5 |     375 |481.0694 |   477.0 |    0,85 |-0,0010 |1592510578001 |[0.34338945, 0.28531373, 0.74410176, 0.81063765, 0.8280917, 0.5734888, 0.43526578, 0.046917856, 0.31030387, 0.3790838, 0.6081699, 0.8813343, 0.4379732, 0.522641, 0.2701714] |
|10 |   40 |0.2857143 | 2500 |      f5 |     375 |481.0694 |   477.0 |    0,85 |  0,0 |1592510579657 |[0.48772103, 0.6517157, 0.14919156, 0.30076092, 0.96649355, 0.7102322, 0.63690585, 0.007756233, 0.05775571, 0.27497858, 0.8110739, 0.26473325, 0.7599445, 0.6091871, 0.99022835] |
|10 |   40 |  0.45 | 2500 |      f5 |     375 |481.0694 |   477.0 |    0,85 |  0,0 |1592510579657 |[0.48772103, 0.6517157, 0.14919156, 0.30076092, 0.96649355, 0.7102322, 0.63690585, 0.007756233, 0.05775571, 0.27497858, 0.8110739, 0.26473325, 0.7599445, 0.6091871, 0.99022835] |
|11 |   40 |0.37142858 | 2500 |      f5 |     375 |481.0694 |   477.0 |    0,85 |-0,0010 |1592510581307 |[0.8049009, 0.6619757, 0.48370588, 0.13130158, 0.054567933, 0.87459093, 0.47076768, 0.53684956, 0.19321334, 0.71508193, 0.76772267, 0.53319645, 0.74861807, 0.4468367, 0.5819369] |
|11 |   40 |  0.45 | 2500 |      f5 |     375 |481.0694 |   477.0 |    0,85 |-0,0010 |1592510581307 |[0.8049009, 0.6619757, 0.48370588, 0.13130158, 0.054567933, 0.87459093, 0.47076768, 0.53684956, 0.19321334, 0.71508193, 0.76772267, 0.53319645, 0.74861807, 0.4468367, 0.5819369] |
|12 |   40 |0.34285715 | 2500 |      f5 |     375 |481.0694 |   477.0 |    0,85 |  0,0 |1592510582959 |[0.12579334, 0.9040213, 0.55640537, 0.26152778, 0.4018376, 0.5873741, 0.14019102, 0.42155564, 0.06646901, 0.49866992, 0.4771878, 0.23282766, 0.68081737, 0.5589828, 0.46978962] |
|12 |   40 |  0.45 | 2500 |      f5 |     375 |481.0694 |   477.0 |    0,85 |  0,0 |1592510582959 |[0.12579334, 0.9040213, 0.55640537, 0.26152778, 0.4018376, 0.5873741, 0.14019102, 0.42155564, 0.06646901, 0.49866992, 0.4771878, 0.23282766, 0.68081737, 0.5589828, 0.46978962] |
|13 |   40 |0.25714287 | 2500 |      f5 |     375 |481.0694 |   477.0 |    0,85 |  0,0 |1592510584602 |[0.30426943, 0.12227744, 0.8642792, 0.016877055, 0.13455832, 0.16070431, 0.93006927, 0.2786389, 0.91557133, 0.656093, 0.34348184, 0.9489274, 0.16479254, 0.90384465, 0.7579837] |
|13 |   40 |  0.45 | 2500 |      f5 |     375 |481.0694 |   477.0 |    0,85 |  0,0 |1592510584602 |[0.30426943, 0.12227744, 0.8642792, 0.016877055, 0.13455832, 0.16070431, 0.93006927, 0.2786389, 0.91557133, 0.656093, 0.34348184, 0.9489274, 0.16479254, 0.90384465, 0.7579837] |
|14 |   40 |   0.4 | 2500 |      f5 |     375 |481.0694 |   477.0 |    0,85 |-0,0010 |1592510586251 |[0.26778328, 0.070981026, 0.25076228, 0.42904562, 0.24437094, 0.67513984, 0.2164076, 0.17438614, 0.24483746, 0.30644554, 0.3176962, 0.8270109, 0.87225664, 0.104418516, 0.53344077] |
|14 |   40 |  0.45 | 2500 |      f5 |     375 |481.0694 |   477.0 |    0,85 |-0,0010 |1592510586251 |[0.26778328, 0.070981026, 0.25076228, 0.42904562, 0.24437094, 0.67513984, 0.2164076, 0.17438614, 0.24483746, 0.30644554, 0.3176962, 0.8270109, 0.87225664, 0.104418516, 0.53344077] |
|15 |   40 |0.31428573 | 2500 |      f5 |     375 |481.0694 |   477.0 |    0,85 |  0,0 |1592510587909 |[0.5913599, 0.35438788, 0.9594376, 0.70118785, 0.4264307, 0.3867033, 0.24659777, 0.07948917, 0.95726573, 0.66220975, 0.8642088, 0.35396886, 0.18954957, 0.16513968, 0.15918148] |
|15 |   40 |  0.45 | 2500 |      f5 |     375 |481.0694 |   477.0 |    0,85 |  0,0 |1592510587909 |[0.5913599, 0.35438788, 0.9594376, 0.70118785, 0.4264307, 0.3867033, 0.24659777, 0.07948917, 0.95726573, 0.66220975, 0.8642088, 0.35396886, 0.18954957, 0.16513968, 0.15918148] |
