| # | Nest | %Desc |#Iter |Instancia | CapMoch |ValOptmo | BestFit |     RDP | time |      semilla |VectorSolucion |
-------------------------------------------------------------------------------------------------
| 1 |   25 |  0.25 | 2500 |      f2 |     878 |  1024.0 |  1018.0 |    0,59 |-1,6e+09 |1592511931189 |[0.8150049, 0.4592712, 0.9370128, 0.20506245, 0.7521693, 0.77994615, 0.8002081, 0.025543392, 0.032090485, 0.031129658, 0.97052145, 0.72532123, 0.12938768, 0.77505875, 0.98085517, 0.25781447, 0.68299395, 0.42114693, 0.5618171, 0.8856553] |
| 1 |   40 |  0.45 | 2500 |      f2 |     878 |  1024.0 |  1018.0 |    0,59 |  2,9 |1592511931189 |[0.41302037, 0.250017, 0.8340699, 0.9691875, 0.6646665, 0.9978632, 0.13071823, 0.66554886, 0.5174034, 0.90674794, 0.97609454, 0.13739777, 0.07496953, 0.81165296, 0.82514536, 0.9096335, 0.0918479, 0.8447937, 0.5423603, 0.98812044] |
| 2 |   25 |  0.25 | 2500 |      f2 |     878 |  1024.0 |  1018.0 |    0,59 |  0,0 |1592511934079 |[0.6161115, 0.8333162, 0.46963644, 0.4547584, 0.6783296, 0.403818, 0.9178294, 0.4672528, 0.81684446, 0.6433371, 0.25927407, 0.30598217, 0.8764733, 0.63479835, 0.057251334, 0.34482455, 0.65104115, 0.20259738, 0.90616995, 0.8825894] |
| 2 |   40 |  0.45 | 2500 |      f2 |     878 |  1024.0 |  1018.0 |    0,59 |  2,9 |1592511934079 |[0.6161115, 0.8333162, 0.46963644, 0.4547584, 0.6783296, 0.403818, 0.9178294, 0.4672528, 0.81684446, 0.6433371, 0.25927407, 0.30598217, 0.8764733, 0.63479835, 0.057251334, 0.34482455, 0.65104115, 0.20259738, 0.90616995, 0.8825894] |
| 3 |   25 |  0.25 | 2500 |      f2 |     878 |  1024.0 |  1018.0 |    0,59 |-0,0010 |1592511936938 |[0.019634783, 0.25553048, 0.7661396, 0.09788656, 0.66613656, 0.7298968, 0.90435594, 0.49105793, 0.27523828, 0.90311176, 0.66379803, 0.5305789, 0.8644754, 0.5859729, 0.2770506, 0.84400886, 0.6463987, 0.24469173, 0.6758023, 0.02974993] |
| 3 |   40 |  0.45 | 2500 |      f2 |     878 |  1024.0 |  1018.0 |    0,59 |  2,8 |1592511936938 |[0.019634783, 0.25553048, 0.7661396, 0.09788656, 0.66613656, 0.7298968, 0.90435594, 0.49105793, 0.27523828, 0.90311176, 0.66379803, 0.5305789, 0.8644754, 0.5859729, 0.2770506, 0.84400886, 0.6463987, 0.24469173, 0.6758023, 0.02974993] |
| 4 |   25 |  0.25 | 2500 |      f2 |     878 |  1024.0 |  1018.0 |    0,59 |  0,0 |1592511939788 |[0.33619535, 0.8787042, 0.38247746, 0.7559306, 0.33333886, 0.7269663, 0.91836005, 0.09027368, 0.4801677, 0.23432654, 0.5747945, 0.12255174, 0.01245749, 0.9938253, 0.729062, 0.48894024, 0.54412764, 0.61255544, 0.34449053, 0.3718124] |
| 4 |   40 |  0.45 | 2500 |      f2 |     878 |  1024.0 |  1018.0 |    0,59 |  2,9 |1592511939788 |[0.33619535, 0.8787042, 0.38247746, 0.7559306, 0.33333886, 0.7269663, 0.91836005, 0.09027368, 0.4801677, 0.23432654, 0.5747945, 0.12255174, 0.01245749, 0.9938253, 0.729062, 0.48894024, 0.54412764, 0.61255544, 0.34449053, 0.3718124] |
| 5 |   25 |  0.25 | 2500 |      f2 |     878 |  1024.0 |  1018.0 |    0,59 |  0,0 |1592511942639 |[0.7739478, 0.42504412, 0.79870486, 0.13960701, 0.15008515, 0.8294227, 0.030018806, 0.16141462, 0.7909905, 0.031360865, 0.5964992, 0.6341704, 0.960313, 0.0770694, 0.22185087, 0.51049346, 0.16757435, 0.16504788, 0.022287607, 0.93292004] |
