|Instancia |Ejecucion |Iteracion |Iter Max |Nidos |   %Pa |tipoDiscretizacion |tipoBinarizacion | CapMoch |   Optmo |OptimoObtenido |     RDP | time |      semilla |VectorSolucionReal |VectorSolucionBinario |
-------------------------------------------------------------------------------------------------
|      f1 | 1 |       1 |    5000 |   50 |  0.25 |standard | sshape3 |     269 |   295.0 |   295.0 |    0,00 |-1,6e+09 |1592654804467 |[1.0, 0.15357502, 0.49568468, 0.94416445, 0.18443389, 0.31782803, 0.19542223, 0.6682326, 0.08255555, 0.15507512] |[1.0, 0.0, 0.0, 1.0, 1.0, 1.0, 0.0, 0.0, 0.0, 1.0] |
|      f1 | 1 |       2 |    5000 |   50 |  0.25 |standard | sshape3 |     269 |   295.0 |   295.0 |    0,00 |0,020 |1592654804467 |[1.0, 0.15357502, 0.49568468, 0.94416445, 0.18443389, 0.31782803, 0.19542223, 0.6682326, 0.08255555, 0.15507512] |[1.0, 0.0, 0.0, 1.0, 1.0, 1.0, 0.0, 0.0, 0.0, 1.0] |
|      f1 | 2 |       1 |    5000 |   50 |  0.25 |standard | sshape3 |     269 |   295.0 |   295.0 |    0,00 |-0,0020 |1592654804489 |[0.24266072, 0.8826563, 0.77902853, 0.6774171, 0.6927844, 0.5999926, 0.17368844, 0.8820192, 0.22027527, 0.11793723] |[0.0, 1.0, 1.0, 1.0, 0.0, 0.0, 0.0, 1.0, 1.0, 1.0] |
|      f1 | 2 |       2 |    5000 |   50 |  0.25 |standard | sshape3 |     269 |   295.0 |   295.0 |    0,00 |0,0030 |1592654804489 |[0.24266072, 0.8826563, 0.77902853, 0.6774171, 0.6927844, 0.5999926, 0.17368844, 0.8820192, 0.22027527, 0.11793723] |[0.0, 1.0, 1.0, 1.0, 0.0, 0.0, 0.0, 1.0, 1.0, 1.0] |
|      f1 | 3 |       1 |    5000 |   50 |  0.25 |standard | sshape3 |     269 |   295.0 |   295.0 |    0,00 |-0,0020 |1592654804494 |[0.9521748, 0.38199067, 0.13031983, 0.83335865, 0.4992172, 0.7467426, 0.5692043, 0.278005, 0.45052153, 0.4257037] |[1.0, 1.0, 1.0, 0.0, 1.0, 0.0, 0.0, 0.0, 1.0, 0.0] |
|      f1 | 3 |       2 |    5000 |   50 |  0.25 |standard | sshape3 |     269 |   295.0 |   295.0 |    0,00 |0,0020 |1592654804494 |[0.9521748, 0.38199067, 0.13031983, 0.83335865, 0.4992172, 0.7467426, 0.5692043, 0.278005, 0.45052153, 0.4257037] |[1.0, 1.0, 1.0, 0.0, 1.0, 0.0, 0.0, 0.0, 1.0, 0.0] |
|      f1 | 4 |       1 |    5000 |   50 |  0.25 |standard | sshape3 |     269 |   295.0 |   295.0 |    0,00 |-0,0020 |1592654804498 |[0.59306395, 0.6115871, 1.0, 0.71567845, 0.4781235, 0.6210014, 0.027212165, 0.79488885, 0.2813282, 1.0] |[0.0, 1.0, 1.0, 1.0, 0.0, 0.0, 0.0, 1.0, 1.0, 1.0] |
|      f1 | 4 |       2 |    5000 |   50 |  0.25 |standard | sshape3 |     269 |   295.0 |   295.0 |    0,00 |0,0030 |1592654804498 |[0.59306395, 0.6115871, 1.0, 0.71567845, 0.4781235, 0.6210014, 0.027212165, 0.79488885, 0.2813282, 1.0] |[0.0, 1.0, 1.0, 1.0, 0.0, 0.0, 0.0, 1.0, 1.0, 1.0] |
|      f1 | 5 |       1 |    5000 |   50 |  0.25 |standard | sshape3 |     269 |   295.0 |   295.0 |    0,00 |-0,0010 |1592654804502 |[0.35080862, 0.7337192, 0.19378036, 0.0036192536, 0.2019118, 0.87109196, 0.4644391, 0.9915644, 0.6596431, 0.7988127] |[0.0, 1.0, 0.0, 0.0, 0.0, 1.0, 0.0, 1.0, 1.0, 1.0] |
|      f1 | 5 |       2 |    5000 |   50 |  0.25 |standard | sshape3 |     269 |   295.0 |   295.0 |    0,00 |0,0030 |1592654804502 |[0.35080862, 0.7337192, 0.19378036, 0.0036192536, 0.2019118, 0.87109196, 0.4644391, 0.9915644, 0.6596431, 0.7988127] |[0.0, 1.0, 0.0, 0.0, 0.0, 1.0, 0.0, 1.0, 1.0, 1.0] |
|      f1 | 6 |       1 |    5000 |   50 |  0.25 |standard | sshape3 |     269 |   295.0 |   295.0 |    0,00 |-0,0010 |1592654804506 |[0.26614612, 0.9567826, 0.4182884, 0.44047925, 0.21210295, 0.09212177, 0.3128444, 0.18551745, 0.52031124, 0.42133307] |[0.0, 1.0, 1.0, 0.0, 1.0, 0.0, 0.0, 1.0, 1.0, 1.0] |
|      f1 | 6 |       2 |    5000 |   50 |  0.25 |standard | sshape3 |     269 |   295.0 |   295.0 |    0,00 |0,0020 |1592654804506 |[0.26614612, 0.9567826, 0.4182884, 0.44047925, 0.21210295, 0.09212177, 0.3128444, 0.18551745, 0.52031124, 0.42133307] |[0.0, 1.0, 1.0, 0.0, 1.0, 0.0, 0.0, 1.0, 1.0, 1.0] |
|      f1 | 7 |       1 |    5000 |   50 |  0.25 |standard | sshape3 |     269 |   295.0 |   295.0 |    0,00 |-0,0020 |1592654804510 |[0.0025711125, 0.2410784, 0.65661854, 0.6937671, 0.36054197, 0.26894316, 0.981468, 0.47852534, 0.42523167, 0.09845267] |[1.0, 1.0, 0.0, 1.0, 0.0, 0.0, 0.0, 0.0, 1.0, 1.0] |
|      f1 | 7 |       2 |    5000 |   50 |  0.25 |standard | sshape3 |     269 |   295.0 |   295.0 |    0,00 |0,0020 |1592654804510 |[0.0025711125, 0.2410784, 0.65661854, 0.6937671, 0.36054197, 0.26894316, 0.981468, 0.47852534, 0.42523167, 0.09845267] |[1.0, 1.0, 0.0, 1.0, 0.0, 0.0, 0.0, 0.0, 1.0, 1.0] |
|      f1 | 8 |       1 |    5000 |   50 |  0.25 |standard | sshape3 |     269 |   295.0 |   295.0 |    0,00 |-0,0020 |1592654804514 |[0.024361799, 0.5747095, 0.36789823, 0.9663089, 0.6097444, 0.69839185, 0.14688556, 0.8399337, 0.62769485, 0.32032397] |[0.0, 1.0, 1.0, 0.0, 1.0, 1.0, 0.0, 1.0, 0.0, 1.0] |
|      f1 | 8 |       2 |    5000 |   50 |  0.25 |standard | sshape3 |     269 |   295.0 |   295.0 |    0,00 |0,0020 |1592654804514 |[0.024361799, 0.5747095, 0.36789823, 0.9663089, 0.6097444, 0.69839185, 0.14688556, 0.8399337, 0.62769485, 0.32032397] |[0.0, 1.0, 1.0, 0.0, 1.0, 1.0, 0.0, 1.0, 0.0, 1.0] |
|      f1 | 9 |       1 |    5000 |   50 |  0.25 |standard | sshape3 |     269 |   295.0 |   295.0 |    0,00 |-0,0010 |1592654804517 |[0.61621577, 0.6315129, 0.17541379, 0.7917797, 0.2597232, 0.102636755, 0.8752122, 0.88313246, 0.093066394, 0.65010345] |[1.0, 0.0, 0.0, 0.0, 0.0, 0.0, 0.0, 1.0, 1.0, 1.0] |
|      f1 | 9 |       2 |    5000 |   50 |  0.25 |standard | sshape3 |     269 |   295.0 |   295.0 |    0,00 |0,0020 |1592654804517 |[0.61621577, 0.6315129, 0.17541379, 0.7917797, 0.2597232, 0.102636755, 0.8752122, 0.88313246, 0.093066394, 0.65010345] |[1.0, 0.0, 0.0, 0.0, 0.0, 0.0, 0.0, 1.0, 1.0, 1.0] |
|      f1 |10 |       1 |    5000 |   50 |  0.25 |standard | sshape3 |     269 |   295.0 |   295.0 |    0,00 |-0,0010 |1592654804520 |[0.8185554, 0.6935297, 0.5515975, 0.7685013, 0.38468498, 0.123712204, 0.0915127, 0.06387602, 0.9557201, 0.5365594] |[0.0, 1.0, 1.0, 0.0, 1.0, 1.0, 0.0, 0.0, 0.0, 1.0] |
|      f1 |10 |       2 |    5000 |   50 |  0.25 |standard | sshape3 |     269 |   295.0 |   295.0 |    0,00 |0,0020 |1592654804520 |[0.8185554, 0.6935297, 0.5515975, 0.7685013, 0.38468498, 0.123712204, 0.0915127, 0.06387602, 0.9557201, 0.5365594] |[0.0, 1.0, 1.0, 0.0, 1.0, 1.0, 0.0, 0.0, 0.0, 1.0] |
|      f1 |11 |       1 |    5000 |   50 |  0.25 |standard | sshape3 |     269 |   295.0 |   295.0 |    0,00 |-0,0020 |1592654804524 |[0.27432048, 0.23888794, 0.47891572, 1.0, 0.19512907, 0.44297576, 0.27097476, 0.33936712, 0.7666117, 0.15609965] |[0.0, 1.0, 1.0, 1.0, 0.0, 0.0, 0.0, 1.0, 1.0, 1.0] |
|      f1 |11 |       2 |    5000 |   50 |  0.25 |standard | sshape3 |     269 |   295.0 |   295.0 |    0,00 |0,0020 |1592654804524 |[0.27432048, 0.23888794, 0.47891572, 1.0, 0.19512907, 0.44297576, 0.27097476, 0.33936712, 0.7666117, 0.15609965] |[0.0, 1.0, 1.0, 1.0, 0.0, 0.0, 0.0, 1.0, 1.0, 1.0] |
|      f1 |12 |       1 |    5000 |   50 |  0.25 |standard | sshape3 |     269 |   295.0 |   295.0 |    0,00 |-0,0010 |1592654804527 |[1.0E-12, 1.0E-12, 0.48097175, 0.415973, 0.20904799, 1.0, 0.22098948, 0.37470102, 1.0, 1.0E-12] |[0.0, 1.0, 1.0, 1.0, 0.0, 0.0, 0.0, 1.0, 1.0, 1.0] |
|      f1 |12 |       2 |    5000 |   50 |  0.25 |standard | sshape3 |     269 |   295.0 |   295.0 |    0,00 |0,0020 |1592654804527 |[1.0E-12, 1.0E-12, 0.48097175, 0.415973, 0.20904799, 1.0, 0.22098948, 0.37470102, 1.0, 1.0E-12] |[0.0, 1.0, 1.0, 1.0, 0.0, 0.0, 0.0, 1.0, 1.0, 1.0] |
|      f1 |13 |       1 |    5000 |   50 |  0.25 |standard | sshape3 |     269 |   295.0 |   295.0 |    0,00 |-0,0020 |1592654804531 |[0.44957387, 0.2934234, 0.30870706, 0.39763987, 0.3236094, 0.04905051, 0.87791985, 0.8644239, 0.9849714, 0.7631004] |[0.0, 1.0, 1.0, 0.0, 1.0, 0.0, 0.0, 1.0, 1.0, 1.0] |
|      f1 |13 |       2 |    5000 |   50 |  0.25 |standard | sshape3 |     269 |   295.0 |   295.0 |    0,00 |0,0010 |1592654804531 |[0.44957387, 0.2934234, 0.30870706, 0.39763987, 0.3236094, 0.04905051, 0.87791985, 0.8644239, 0.9849714, 0.7631004] |[0.0, 1.0, 1.0, 0.0, 1.0, 0.0, 0.0, 1.0, 1.0, 1.0] |
|      f1 |14 |       1 |    5000 |   50 |  0.25 |standard | sshape3 |     269 |   295.0 |   295.0 |    0,00 |-0,0020 |1592654804534 |[0.07790768, 0.84110427, 0.5588718, 0.4294334, 0.499641, 0.027080119, 0.23360497, 0.99246335, 0.24882948, 0.55932796] |[0.0, 1.0, 1.0, 1.0, 0.0, 0.0, 0.0, 1.0, 1.0, 1.0] |
|      f1 |14 |       2 |    5000 |   50 |  0.25 |standard | sshape3 |     269 |   295.0 |   295.0 |    0,00 |0,0010 |1592654804534 |[0.07790768, 0.84110427, 0.5588718, 0.4294334, 0.499641, 0.027080119, 0.23360497, 0.99246335, 0.24882948, 0.55932796] |[0.0, 1.0, 1.0, 1.0, 0.0, 0.0, 0.0, 1.0, 1.0, 1.0] |
|      f1 |15 |       1 |    5000 |   50 |  0.25 |standard | sshape3 |     269 |   295.0 |   295.0 |    0,00 |-0,0010 |1592654804536 |[0.45173842, 0.72530454, 0.9920754, 0.2408083, 0.25080296, 0.7654866, 0.4830092, 0.8908242, 0.60239923, 0.33391857] |[0.0, 1.0, 1.0, 0.0, 0.0, 1.0, 0.0, 0.0, 1.0, 1.0] |
|      f1 |15 |       2 |    5000 |   50 |  0.25 |standard | sshape3 |     269 |   295.0 |   295.0 |    0,00 |0,0020 |1592654804536 |[0.45173842, 0.72530454, 0.9920754, 0.2408083, 0.25080296, 0.7654866, 0.4830092, 0.8908242, 0.60239923, 0.33391857] |[0.0, 1.0, 1.0, 0.0, 0.0, 1.0, 0.0, 0.0, 1.0, 1.0] |
|      f1 |16 |       1 |    5000 |   50 |  0.25 |standard | sshape3 |     269 |   295.0 |   295.0 |    0,00 |-0,0010 |1592654804539 |[0.027801743, 0.13106035, 0.794908, 0.52594006, 0.548789, 0.40913182, 0.6632315, 0.51552236, 0.70008826, 0.8170321] |[0.0, 1.0, 1.0, 0.0, 0.0, 1.0, 0.0, 1.0, 1.0, 0.0] |
|      f1 |16 |       2 |    5000 |   50 |  0.25 |standard | sshape3 |     269 |   295.0 |   295.0 |    0,00 |0,0010 |1592654804539 |[0.027801743, 0.13106035, 0.794908, 0.52594006, 0.548789, 0.40913182, 0.6632315, 0.51552236, 0.70008826, 0.8170321] |[0.0, 1.0, 1.0, 0.0, 0.0, 1.0, 0.0, 1.0, 1.0, 0.0] |
|      f1 |17 |       1 |    5000 |   50 |  0.25 |standard | sshape3 |     269 |   295.0 |   295.0 |    0,00 |-0,0010 |1592654804541 |[0.81541604, 0.9030313, 0.09037934, 0.37723342, 0.20356634, 0.33925402, 0.034476116, 0.80463207, 1.0, 0.19572863] |[0.0, 1.0, 1.0, 1.0, 0.0, 0.0, 0.0, 1.0, 1.0, 1.0] |
|      f1 |17 |       2 |    5000 |   50 |  0.25 |standard | sshape3 |     269 |   295.0 |   295.0 |    0,00 |0,0010 |1592654804541 |[0.81541604, 0.9030313, 0.09037934, 0.37723342, 0.20356634, 0.33925402, 0.034476116, 0.80463207, 1.0, 0.19572863] |[0.0, 1.0, 1.0, 1.0, 0.0, 0.0, 0.0, 1.0, 1.0, 1.0] |
|      f1 |18 |       1 |    5000 |   50 |  0.25 |standard | sshape3 |     269 |   295.0 |   295.0 |    0,00 |-0,0010 |1592654804543 |[0.6671415, 0.41849363, 0.68414474, 0.3159507, 0.89215547, 0.70124763, 0.10751647, 0.79503447, 0.14644688, 0.9552191] |[0.0, 1.0, 0.0, 1.0, 1.0, 0.0, 0.0, 1.0, 1.0, 1.0] |
|      f1 |18 |       2 |    5000 |   50 |  0.25 |standard | sshape3 |     269 |   295.0 |   295.0 |    0,00 |0,0010 |1592654804543 |[0.6671415, 0.41849363, 0.68414474, 0.3159507, 0.89215547, 0.70124763, 0.10751647, 0.79503447, 0.14644688, 0.9552191] |[0.0, 1.0, 0.0, 1.0, 1.0, 0.0, 0.0, 1.0, 1.0, 1.0] |
|      f1 |19 |       1 |    5000 |   50 |  0.25 |standard | sshape3 |     269 |   295.0 |   295.0 |    0,00 |-0,0010 |1592654804545 |[0.3999924, 0.38335937, 0.02616638, 0.5010289, 0.034365535, 0.11083549, 0.18858123, 0.95399797, 0.18525213, 0.27400523] |[0.0, 1.0, 0.0, 0.0, 1.0, 0.0, 1.0, 0.0, 1.0, 1.0] |
|      f1 |19 |       2 |    5000 |   50 |  0.25 |standard | sshape3 |     269 |   295.0 |   295.0 |    0,00 |0,0010 |1592654804545 |[0.3999924, 0.38335937, 0.02616638, 0.5010289, 0.034365535, 0.11083549, 0.18858123, 0.95399797, 0.18525213, 0.27400523] |[0.0, 1.0, 0.0, 0.0, 1.0, 0.0, 1.0, 0.0, 1.0, 1.0] |
|      f1 |20 |       1 |    5000 |   50 |  0.25 |standard | sshape3 |     269 |   295.0 |   295.0 |    0,00 |-0,0010 |1592654804547 |[0.30166277, 0.9546855, 0.9108981, 0.8306044, 0.5679725, 0.059902072, 0.5412372, 0.29726148, 0.53109956, 0.49752474] |[0.0, 1.0, 1.0, 0.0, 1.0, 0.0, 1.0, 0.0, 1.0, 0.0] |
|      f1 |20 |       2 |    5000 |   50 |  0.25 |standard | sshape3 |     269 |   295.0 |   295.0 |    0,00 |0,0010 |1592654804547 |[0.30166277, 0.9546855, 0.9108981, 0.8306044, 0.5679725, 0.059902072, 0.5412372, 0.29726148, 0.53109956, 0.49752474] |[0.0, 1.0, 1.0, 0.0, 1.0, 0.0, 1.0, 0.0, 1.0, 0.0] |
|      f1 |21 |       1 |    5000 |   50 |  0.25 |standard | sshape3 |     269 |   295.0 |   295.0 |    0,00 |-0,0010 |1592654804549 |[0.41401678, 1.0, 0.31583506, 0.17055184, 0.0996276, 0.79581904, 0.585644, 0.81073475, 0.7731773, 0.20595288] |[0.0, 1.0, 1.0, 1.0, 0.0, 0.0, 0.0, 1.0, 1.0, 1.0] |
|      f1 |21 |       2 |    5000 |   50 |  0.25 |standard | sshape3 |     269 |   295.0 |   295.0 |    0,00 |0,0010 |1592654804549 |[0.41401678, 1.0, 0.31583506, 0.17055184, 0.0996276, 0.79581904, 0.585644, 0.81073475, 0.7731773, 0.20595288] |[0.0, 1.0, 1.0, 1.0, 0.0, 0.0, 0.0, 1.0, 1.0, 1.0] |
|      f1 |22 |       1 |    5000 |   50 |  0.25 |standard | sshape3 |     269 |   295.0 |   295.0 |    0,00 |-0,0010 |1592654804551 |[0.19703823, 0.76254356, 0.5209799, 0.53904265, 0.37974143, 0.31554222, 0.23785841, 0.07781249, 0.3786043, 0.07829195] |[0.0, 1.0, 1.0, 0.0, 0.0, 1.0, 0.0, 1.0, 1.0, 0.0] |
|      f1 |22 |       2 |    5000 |   50 |  0.25 |standard | sshape3 |     269 |   295.0 |   295.0 |    0,00 |0,0010 |1592654804551 |[0.19703823, 0.76254356, 0.5209799, 0.53904265, 0.37974143, 0.31554222, 0.23785841, 0.07781249, 0.3786043, 0.07829195] |[0.0, 1.0, 1.0, 0.0, 0.0, 1.0, 0.0, 1.0, 1.0, 0.0] |
|      f1 |23 |       1 |    5000 |   50 |  0.25 |standard | sshape3 |     269 |   295.0 |   295.0 |    0,00 |-0,0010 |1592654804553 |[0.8080079, 0.5360426, 0.7880019, 0.7305613, 0.30124676, 0.363455, 0.79106236, 0.92910993, 0.93032616, 0.12476057] |[0.0, 1.0, 0.0, 0.0, 1.0, 0.0, 1.0, 0.0, 1.0, 1.0] |
|      f1 |23 |       2 |    5000 |   50 |  0.25 |standard | sshape3 |     269 |   295.0 |   295.0 |    0,00 |0,0010 |1592654804553 |[0.8080079, 0.5360426, 0.7880019, 0.7305613, 0.30124676, 0.363455, 0.79106236, 0.92910993, 0.93032616, 0.12476057] |[0.0, 1.0, 0.0, 0.0, 1.0, 0.0, 1.0, 0.0, 1.0, 1.0] |
|      f1 |24 |       1 |    5000 |   50 |  0.25 |standard | sshape3 |     269 |   295.0 |   295.0 |    0,00 |  0,0 |1592654804554 |[0.6575166, 0.8010342, 0.65614426, 0.7958384, 0.23166348, 0.28798944, 0.55203235, 0.46096253, 0.7155138, 0.46544746] |[0.0, 1.0, 1.0, 1.0, 0.0, 0.0, 0.0, 1.0, 1.0, 1.0] |
|      f1 |24 |       2 |    5000 |   50 |  0.25 |standard | sshape3 |     269 |   295.0 |   295.0 |    0,00 |0,0010 |1592654804554 |[0.6575166, 0.8010342, 0.65614426, 0.7958384, 0.23166348, 0.28798944, 0.55203235, 0.46096253, 0.7155138, 0.46544746] |[0.0, 1.0, 1.0, 1.0, 0.0, 0.0, 0.0, 1.0, 1.0, 1.0] |
|      f1 |25 |       1 |    5000 |   50 |  0.25 |standard | sshape3 |     269 |   295.0 |   295.0 |    0,00 |-0,0010 |1592654804556 |[0.68505096, 0.9023957, 0.74629104, 0.61602557, 0.6358197, 0.8315408, 0.6601049, 0.66056937, 0.7443311, 0.5106152] |[0.0, 1.0, 1.0, 1.0, 0.0, 0.0, 0.0, 1.0, 1.0, 1.0] |
|      f1 |25 |       2 |    5000 |   50 |  0.25 |standard | sshape3 |     269 |   295.0 |   295.0 |    0,00 |0,0010 |1592654804556 |[0.68505096, 0.9023957, 0.74629104, 0.61602557, 0.6358197, 0.8315408, 0.6601049, 0.66056937, 0.7443311, 0.5106152] |[0.0, 1.0, 1.0, 1.0, 0.0, 0.0, 0.0, 1.0, 1.0, 1.0] |
|      f1 |26 |       1 |    5000 |   50 |  0.25 |standard | sshape3 |     269 |   295.0 |   295.0 |    0,00 |-0,0010 |1592654804558 |[0.90840846, 0.3596892, 0.67954785, 0.60003453, 0.90752184, 0.12154533, 0.22673024, 0.8716534, 0.6870391, 0.9705206] |[0.0, 1.0, 1.0, 0.0, 0.0, 0.0, 0.0, 1.0, 1.0, 1.0] |
|      f1 |26 |       2 |    5000 |   50 |  0.25 |standard | sshape3 |     269 |   295.0 |   295.0 |    0,00 |0,0010 |1592654804558 |[0.90840846, 0.3596892, 0.67954785, 0.60003453, 0.90752184, 0.12154533, 0.22673024, 0.8716534, 0.6870391, 0.9705206] |[0.0, 1.0, 1.0, 0.0, 0.0, 0.0, 0.0, 1.0, 1.0, 1.0] |
|      f1 |27 |       1 |    5000 |   50 |  0.25 |standard | sshape3 |     269 |   295.0 |   295.0 |    0,00 |-0,0010 |1592654804560 |[0.9300044, 0.73778564, 0.6002289, 0.82343644, 0.9147227, 0.69900656, 0.8799089, 0.2611797, 0.22814389, 0.8047958] |[0.0, 1.0, 0.0, 1.0, 0.0, 1.0, 0.0, 0.0, 1.0, 1.0] |
|      f1 |27 |       2 |    5000 |   50 |  0.25 |standard | sshape3 |     269 |   295.0 |   295.0 |    0,00 |0,0010 |1592654804560 |[0.9300044, 0.73778564, 0.6002289, 0.82343644, 0.9147227, 0.69900656, 0.8799089, 0.2611797, 0.22814389, 0.8047958] |[0.0, 1.0, 0.0, 1.0, 0.0, 1.0, 0.0, 0.0, 1.0, 1.0] |
|      f1 |28 |       1 |    5000 |   50 |  0.25 |standard | sshape3 |     269 |   295.0 |   295.0 |    0,00 |-0,0010 |1592654804562 |[0.0531466, 0.8728613, 0.4194662, 0.8924833, 0.25159007, 0.697738, 0.14492887, 0.7094574, 0.18496406, 0.2519974] |[0.0, 1.0, 1.0, 1.0, 0.0, 0.0, 0.0, 1.0, 1.0, 1.0] |
|      f1 |28 |       2 |    5000 |   50 |  0.25 |standard | sshape3 |     269 |   295.0 |   295.0 |    0,00 |0,0010 |1592654804562 |[0.0531466, 0.8728613, 0.4194662, 0.8924833, 0.25159007, 0.697738, 0.14492887, 0.7094574, 0.18496406, 0.2519974] |[0.0, 1.0, 1.0, 1.0, 0.0, 0.0, 0.0, 1.0, 1.0, 1.0] |
|      f1 |29 |       1 |    5000 |   50 |  0.25 |standard | sshape3 |     269 |   295.0 |   295.0 |    0,00 |  0,0 |1592654804563 |[0.6685492, 0.3527915, 0.1479851, 0.6363774, 0.4543062, 0.07328583, 0.90048975, 0.8120002, 0.25955933, 0.22712167] |[1.0, 1.0, 0.0, 1.0, 1.0, 0.0, 0.0, 0.0, 1.0, 1.0] |
|      f1 |29 |       2 |    5000 |   50 |  0.25 |standard | sshape3 |     269 |   295.0 |   295.0 |    0,00 |0,0010 |1592654804563 |[0.6685492, 0.3527915, 0.1479851, 0.6363774, 0.4543062, 0.07328583, 0.90048975, 0.8120002, 0.25955933, 0.22712167] |[1.0, 1.0, 0.0, 1.0, 1.0, 0.0, 0.0, 0.0, 1.0, 1.0] |
|      f1 |30 |       1 |    5000 |   50 |  0.25 |standard | sshape3 |     269 |   295.0 |   295.0 |    0,00 |-0,0010 |1592654804565 |[0.24700212, 0.8087229, 0.6232147, 0.44599319, 0.91469055, 0.8363464, 0.7202817, 0.9918293, 0.56716675, 0.27989548] |[0.0, 1.0, 1.0, 0.0, 0.0, 0.0, 0.0, 1.0, 1.0, 1.0] |
|      f1 |30 |       2 |    5000 |   50 |  0.25 |standard | sshape3 |     269 |   295.0 |   295.0 |    0,00 |0,0010 |1592654804565 |[0.24700212, 0.8087229, 0.6232147, 0.44599319, 0.91469055, 0.8363464, 0.7202817, 0.9918293, 0.56716675, 0.27989548] |[0.0, 1.0, 1.0, 0.0, 0.0, 0.0, 0.0, 1.0, 1.0, 1.0] |
|      f1 |31 |       1 |    5000 |   50 |  0.25 |standard | sshape3 |     269 |   295.0 |   295.0 |    0,00 |  0,0 |1592654804566 |[0.7019862, 1.0, 0.116554484, 0.28406963, 0.77782685, 0.237997, 0.3416593, 1.0, 0.3736181, 0.021053463] |[0.0, 1.0, 1.0, 1.0, 0.0, 0.0, 0.0, 1.0, 1.0, 1.0] |
|      f1 |31 |       2 |    5000 |   50 |  0.25 |standard | sshape3 |     269 |   295.0 |   295.0 |    0,00 |0,0010 |1592654804566 |[0.7019862, 1.0, 0.116554484, 0.28406963, 0.77782685, 0.237997, 0.3416593, 1.0, 0.3736181, 0.021053463] |[0.0, 1.0, 1.0, 1.0, 0.0, 0.0, 0.0, 1.0, 1.0, 1.0] |
