| # | Nest | %Desc |#Iter |Instancia | CapMoch |ValOptmo | BestFit |     RDP | time |      semilla |VectorSolucion |
-------------------------------------------------------------------------------------------------
| 1 |   50 |  0.25 | 5000 |      f7 |      50 |   107.0 |    90.0 |   15,89 |-1,6e+09 |1592513136688 |[0.5861476, 0.5555411, 0.47454178, 0.6550307, 0.48146194, 0.6585254, 0.07519513] |
| 1 |   50 |  0.32 | 5000 |      f7 |      50 |   107.0 |    90.0 |   15,89 |-1,6e+09 |1592513136688 |[0.5861476, 0.5555411, 0.47454178, 0.6550307, 0.48146194, 0.6585254, 0.07519513] |
| 1 |   50 |  0.42 | 5000 |      f7 |      50 |   107.0 |    90.0 |   15,89 |-1,6e+09 |1592513136688 |[0.5861476, 0.5555411, 0.47454178, 0.6550307, 0.48146194, 0.6585254, 0.07519513] |
| 1 |   55 |  0.34 | 5000 |      f7 |      50 |   107.0 |    90.0 |   15,89 |-1,6e+09 |1592513136688 |[0.5861476, 0.5555411, 0.47454178, 0.6550307, 0.48146194, 0.6585254, 0.07519513] |
| 1 |   55 |0.43636364 | 5000 |      f7 |      50 |   107.0 |    90.0 |   15,89 |-1,6e+09 |1592513136688 |[0.5861476, 0.5555411, 0.47454178, 0.6550307, 0.48146194, 0.6585254, 0.07519513] |
| 1 |   55 |0.25454545 | 5000 |      f7 |      50 |   107.0 |    90.0 |   15,89 |-1,6e+09 |1592513136688 |[0.5861476, 0.5555411, 0.47454178, 0.6550307, 0.48146194, 0.6585254, 0.07519513] |
| 1 |   55 |0.4181818 | 5000 |      f7 |      50 |   107.0 |    90.0 |   15,89 |-1,6e+09 |1592513136688 |[0.5861476, 0.5555411, 0.47454178, 0.6550307, 0.48146194, 0.6585254, 0.07519513] |
| 1 |   60 |0.27272728 | 5000 |      f7 |      50 |   107.0 |    90.0 |   15,89 |-1,6e+09 |1592513136688 |[0.5861476, 0.5555411, 0.47454178, 0.6550307, 0.48146194, 0.6585254, 0.07519513] |
| 1 |   60 |  0.45 | 5000 |      f7 |      50 |   107.0 |    90.0 |   15,89 |-1,6e+09 |1592513136688 |[0.5861476, 0.5555411, 0.47454178, 0.6550307, 0.48146194, 0.6585254, 0.07519513] |
| 1 |   60 |0.41666666 | 5000 |      f7 |      50 |   107.0 |    90.0 |   15,89 |-1,6e+09 |1592513136688 |[0.5861476, 0.5555411, 0.47454178, 0.6550307, 0.48146194, 0.6585254, 0.07519513] |
| 1 |   60 |0.33333334 | 5000 |      f7 |      50 |   107.0 |    90.0 |   15,89 |-1,6e+09 |1592513136688 |[0.5861476, 0.5555411, 0.47454178, 0.6550307, 0.48146194, 0.6585254, 0.07519513] |
| 1 |   65 |  0.35 | 5000 |      f7 |      50 |   107.0 |    90.0 |   15,89 |-1,6e+09 |1592513136688 |[0.5861476, 0.5555411, 0.47454178, 0.6550307, 0.48146194, 0.6585254, 0.07519513] |
| 1 |   65 |   0.4 | 5000 |      f7 |      50 |   107.0 |    90.0 |   15,89 |-1,6e+09 |1592513136688 |[0.5861476, 0.5555411, 0.47454178, 0.6550307, 0.48146194, 0.6585254, 0.07519513] |
| 1 |   65 |0.32307693 | 5000 |      f7 |      50 |   107.0 |    90.0 |   15,89 |-1,6e+09 |1592513136688 |[0.5861476, 0.5555411, 0.47454178, 0.6550307, 0.48146194, 0.6585254, 0.07519513] |
| 1 |   65 |0.2923077 | 5000 |      f7 |      50 |   107.0 |    90.0 |   15,89 |-1,6e+09 |1592513136688 |[0.5861476, 0.5555411, 0.47454178, 0.6550307, 0.48146194, 0.6585254, 0.07519513] |
| 1 |   70 |0.35384616 | 5000 |      f7 |      50 |   107.0 |    90.0 |   15,89 |-1,6e+09 |1592513136688 |[0.5861476, 0.5555411, 0.47454178, 0.6550307, 0.48146194, 0.6585254, 0.07519513] |
| 1 |   70 |  0.45 | 5000 |      f7 |      50 |   107.0 |    90.0 |   15,89 |-1,6e+09 |1592513136688 |[0.5861476, 0.5555411, 0.47454178, 0.6550307, 0.48146194, 0.6585254, 0.07519513] |
| 1 |   70 |  0.45 | 5000 |      f7 |      50 |   107.0 |    90.0 |   15,89 |-1,6e+09 |1592513136688 |[0.5861476, 0.5555411, 0.47454178, 0.6550307, 0.48146194, 0.6585254, 0.07519513] |
| 1 |   70 |0.35714287 | 5000 |      f7 |      50 |   107.0 |    90.0 |   15,89 |-1,6e+09 |1592513136688 |[0.5861476, 0.5555411, 0.47454178, 0.6550307, 0.48146194, 0.6585254, 0.07519513] |
| 1 |   75 |0.37142858 | 5000 |      f7 |      50 |   107.0 |    90.0 |   15,89 |-1,6e+09 |1592513136688 |[0.5861476, 0.5555411, 0.47454178, 0.6550307, 0.48146194, 0.6585254, 0.07519513] |
| 1 |   75 |0.37333333 | 5000 |      f7 |      50 |   107.0 |    90.0 |   15,89 |-1,6e+09 |1592513136688 |[0.5861476, 0.5555411, 0.47454178, 0.6550307, 0.48146194, 0.6585254, 0.07519513] |
| 1 |   75 |0.37333333 | 5000 |      f7 |      50 |   107.0 |    90.0 |   15,89 |  2,3 |1592513136688 |[0.5861476, 0.5555411, 0.47454178, 0.6550307, 0.48146194, 0.6585254, 0.07519513] |
| 2 |   50 |  0.25 | 5000 |      f7 |      50 |   107.0 |    90.0 |   15,89 |-0,0060 |1592513138979 |[0.7285843, 0.4217385, 0.8562823, 0.59580576, 0.74624026, 0.15251386, 0.69099045] |
| 2 |   50 |  0.38 | 5000 |      f7 |      50 |   107.0 |    90.0 |   15,89 |-0,0060 |1592513138979 |[0.7285843, 0.4217385, 0.8562823, 0.59580576, 0.74624026, 0.15251386, 0.69099045] |
| 2 |   50 |  0.26 | 5000 |      f7 |      50 |   107.0 |    90.0 |   15,89 |-0,0060 |1592513138979 |[0.7285843, 0.4217385, 0.8562823, 0.59580576, 0.74624026, 0.15251386, 0.69099045] |
| 2 |   55 |  0.32 | 5000 |      f7 |      50 |   107.0 |    90.0 |   15,89 |-0,0060 |1592513138979 |[0.7285843, 0.4217385, 0.8562823, 0.59580576, 0.74624026, 0.15251386, 0.69099045] |
| 2 |   55 |  0.45 | 5000 |      f7 |      50 |   107.0 |    90.0 |   15,89 |-0,0060 |1592513138979 |[0.7285843, 0.4217385, 0.8562823, 0.59580576, 0.74624026, 0.15251386, 0.69099045] |
| 2 |   55 |0.36363637 | 5000 |      f7 |      50 |   107.0 |    90.0 |   15,89 |-0,0060 |1592513138979 |[0.7285843, 0.4217385, 0.8562823, 0.59580576, 0.74624026, 0.15251386, 0.69099045] |
| 2 |   55 |0.3272727 | 5000 |      f7 |      50 |   107.0 |    90.0 |   15,89 |-0,0060 |1592513138979 |[0.7285843, 0.4217385, 0.8562823, 0.59580576, 0.74624026, 0.15251386, 0.69099045] |
| 2 |   60 |0.36363637 | 5000 |      f7 |      50 |   107.0 |    90.0 |   15,89 |-0,0060 |1592513138979 |[0.7285843, 0.4217385, 0.8562823, 0.59580576, 0.74624026, 0.15251386, 0.69099045] |
| 2 |   60 |  0.45 | 5000 |      f7 |      50 |   107.0 |    90.0 |   15,89 |-0,0060 |1592513138979 |[0.7285843, 0.4217385, 0.8562823, 0.59580576, 0.74624026, 0.15251386, 0.69099045] |
| 2 |   60 |  0.45 | 5000 |      f7 |      50 |   107.0 |    90.0 |   15,89 |-0,0060 |1592513138979 |[0.7285843, 0.4217385, 0.8562823, 0.59580576, 0.74624026, 0.15251386, 0.69099045] |
| 2 |   60 |0.31666666 | 5000 |      f7 |      50 |   107.0 |    90.0 |   15,89 |-0,0060 |1592513138979 |[0.7285843, 0.4217385, 0.8562823, 0.59580576, 0.74624026, 0.15251386, 0.69099045] |
| 2 |   65 |0.28333333 | 5000 |      f7 |      50 |   107.0 |    90.0 |   15,89 |-0,0060 |1592513138979 |[0.7285843, 0.4217385, 0.8562823, 0.59580576, 0.74624026, 0.15251386, 0.69099045] |
| 2 |   65 |  0.45 | 5000 |      f7 |      50 |   107.0 |    90.0 |   15,89 |-0,0060 |1592513138979 |[0.7285843, 0.4217385, 0.8562823, 0.59580576, 0.74624026, 0.15251386, 0.69099045] |
| 2 |   65 |0.2769231 | 5000 |      f7 |      50 |   107.0 |    90.0 |   15,89 |-0,0060 |1592513138979 |[0.7285843, 0.4217385, 0.8562823, 0.59580576, 0.74624026, 0.15251386, 0.69099045] |
| 2 |   65 |0.2923077 | 5000 |      f7 |      50 |   107.0 |    90.0 |   15,89 |-0,0060 |1592513138979 |[0.7285843, 0.4217385, 0.8562823, 0.59580576, 0.74624026, 0.15251386, 0.69099045] |
| 2 |   70 |0.33846155 | 5000 |      f7 |      50 |   107.0 |    90.0 |   15,89 |-0,0060 |1592513138979 |[0.7285843, 0.4217385, 0.8562823, 0.59580576, 0.74624026, 0.15251386, 0.69099045] |
| 2 |   70 |  0.45 | 5000 |      f7 |      50 |   107.0 |    90.0 |   15,89 |-0,0060 |1592513138979 |[0.7285843, 0.4217385, 0.8562823, 0.59580576, 0.74624026, 0.15251386, 0.69099045] |
| 2 |   70 |0.37142858 | 5000 |      f7 |      50 |   107.0 |    90.0 |   15,89 |-0,0060 |1592513138979 |[0.7285843, 0.4217385, 0.8562823, 0.59580576, 0.74624026, 0.15251386, 0.69099045] |
| 2 |   70 |0.34285715 | 5000 |      f7 |      50 |   107.0 |    90.0 |   15,89 |-0,0060 |1592513138979 |[0.7285843, 0.4217385, 0.8562823, 0.59580576, 0.74624026, 0.15251386, 0.69099045] |
| 2 |   75 |0.35714287 | 5000 |      f7 |      50 |   107.0 |    90.0 |   15,89 |-0,0060 |1592513138979 |[0.7285843, 0.4217385, 0.8562823, 0.59580576, 0.74624026, 0.15251386, 0.69099045] |
| 2 |   75 |  0.45 | 5000 |      f7 |      50 |   107.0 |    90.0 |   15,89 |-0,0060 |1592513138979 |[0.7285843, 0.4217385, 0.8562823, 0.59580576, 0.74624026, 0.15251386, 0.69099045] |
| 2 |   75 |  0.45 | 5000 |      f7 |      50 |   107.0 |    90.0 |   15,89 |  2,3 |1592513138979 |[0.7285843, 0.4217385, 0.8562823, 0.59580576, 0.74624026, 0.15251386, 0.69099045] |
| 3 |   50 |  0.25 | 5000 |      f7 |      50 |   107.0 |    90.0 |   15,89 |-0,0060 |1592513141278 |[0.535234, 0.13790876, 0.40780383, 0.7133541, 0.8229432, 0.34825742, 0.8158579] |
| 3 |   50 |  0.36 | 5000 |      f7 |      50 |   107.0 |    90.0 |   15,89 |-0,0060 |1592513141278 |[0.535234, 0.13790876, 0.40780383, 0.7133541, 0.8229432, 0.34825742, 0.8158579] |
| 3 |   50 |  0.32 | 5000 |      f7 |      50 |   107.0 |    90.0 |   15,89 |-0,0060 |1592513141278 |[0.535234, 0.13790876, 0.40780383, 0.7133541, 0.8229432, 0.34825742, 0.8158579] |
| 3 |   55 |  0.42 | 5000 |      f7 |      50 |   107.0 |    90.0 |   15,89 |-0,0060 |1592513141278 |[0.535234, 0.13790876, 0.40780383, 0.7133541, 0.8229432, 0.34825742, 0.8158579] |
| 3 |   55 |  0.45 | 5000 |      f7 |      50 |   107.0 |    90.0 |   15,89 |-0,0060 |1592513141278 |[0.535234, 0.13790876, 0.40780383, 0.7133541, 0.8229432, 0.34825742, 0.8158579] |
| 3 |   55 |0.38181818 | 5000 |      f7 |      50 |   107.0 |    90.0 |   15,89 |-0,0060 |1592513141278 |[0.535234, 0.13790876, 0.40780383, 0.7133541, 0.8229432, 0.34825742, 0.8158579] |
| 3 |   55 |0.36363637 | 5000 |      f7 |      50 |   107.0 |    90.0 |   15,89 |-0,0060 |1592513141278 |[0.535234, 0.13790876, 0.40780383, 0.7133541, 0.8229432, 0.34825742, 0.8158579] |
| 3 |   60 |0.27272728 | 5000 |      f7 |      50 |   107.0 |    90.0 |   15,89 |-0,0060 |1592513141278 |[0.535234, 0.13790876, 0.40780383, 0.7133541, 0.8229432, 0.34825742, 0.8158579] |
| 3 |   60 |  0.45 | 5000 |      f7 |      50 |   107.0 |    90.0 |   15,89 |-0,0060 |1592513141278 |[0.535234, 0.13790876, 0.40780383, 0.7133541, 0.8229432, 0.34825742, 0.8158579] |
| 3 |   60 |0.31666666 | 5000 |      f7 |      50 |   107.0 |    90.0 |   15,89 |-0,0060 |1592513141278 |[0.535234, 0.13790876, 0.40780383, 0.7133541, 0.8229432, 0.34825742, 0.8158579] |
| 3 |   60 |0.38333333 | 5000 |      f7 |      50 |   107.0 |    90.0 |   15,89 |-0,0060 |1592513141278 |[0.535234, 0.13790876, 0.40780383, 0.7133541, 0.8229432, 0.34825742, 0.8158579] |
| 3 |   65 |  0.45 | 5000 |      f7 |      50 |   107.0 |    90.0 |   15,89 |-0,0060 |1592513141278 |[0.535234, 0.13790876, 0.40780383, 0.7133541, 0.8229432, 0.34825742, 0.8158579] |
| 3 |   65 |  0.45 | 5000 |      f7 |      50 |   107.0 |    90.0 |   15,89 |-0,0060 |1592513141278 |[0.535234, 0.13790876, 0.40780383, 0.7133541, 0.8229432, 0.34825742, 0.8158579] |
| 3 |   65 |0.35384616 | 5000 |      f7 |      50 |   107.0 |    90.0 |   15,89 |-0,0060 |1592513141278 |[0.535234, 0.13790876, 0.40780383, 0.7133541, 0.8229432, 0.34825742, 0.8158579] |
| 3 |   65 |0.2923077 | 5000 |      f7 |      50 |   107.0 |    90.0 |   15,89 |-0,0060 |1592513141278 |[0.535234, 0.13790876, 0.40780383, 0.7133541, 0.8229432, 0.34825742, 0.8158579] |
| 3 |   70 |0.33846155 | 5000 |      f7 |      50 |   107.0 |    90.0 |   15,89 |-0,0060 |1592513141278 |[0.535234, 0.13790876, 0.40780383, 0.7133541, 0.8229432, 0.34825742, 0.8158579] |
| 3 |   70 |0.44285715 | 5000 |      f7 |      50 |   107.0 |    90.0 |   15,89 |-0,0060 |1592513141278 |[0.535234, 0.13790876, 0.40780383, 0.7133541, 0.8229432, 0.34825742, 0.8158579] |
| 3 |   70 |   0.4 | 5000 |      f7 |      50 |   107.0 |    90.0 |   15,89 |-0,0060 |1592513141278 |[0.535234, 0.13790876, 0.40780383, 0.7133541, 0.8229432, 0.34825742, 0.8158579] |
| 3 |   70 |0.35714287 | 5000 |      f7 |      50 |   107.0 |    90.0 |   15,89 |-0,0060 |1592513141278 |[0.535234, 0.13790876, 0.40780383, 0.7133541, 0.8229432, 0.34825742, 0.8158579] |
| 3 |   75 |0.41428572 | 5000 |      f7 |      50 |   107.0 |    90.0 |   15,89 |-0,0060 |1592513141278 |[0.535234, 0.13790876, 0.40780383, 0.7133541, 0.8229432, 0.34825742, 0.8158579] |
| 3 |   75 |  0.45 | 5000 |      f7 |      50 |   107.0 |    90.0 |   15,89 |-0,0060 |1592513141278 |[0.535234, 0.13790876, 0.40780383, 0.7133541, 0.8229432, 0.34825742, 0.8158579] |
| 3 |   75 |  0.45 | 5000 |      f7 |      50 |   107.0 |    90.0 |   15,89 |  2,3 |1592513141278 |[0.535234, 0.13790876, 0.40780383, 0.7133541, 0.8229432, 0.34825742, 0.8158579] |
| 4 |   50 |  0.25 | 5000 |      f7 |      50 |   107.0 |    90.0 |   15,89 |-0,0060 |1592513143548 |[0.49112785, 0.14927137, 0.2512514, 0.62141216, 0.69647974, 0.8800549, 0.20775479] |
| 4 |   50 |  0.36 | 5000 |      f7 |      50 |   107.0 |    90.0 |   15,89 |-0,0060 |1592513143548 |[0.49112785, 0.14927137, 0.2512514, 0.62141216, 0.69647974, 0.8800549, 0.20775479] |
| 4 |   50 |   0.4 | 5000 |      f7 |      50 |   107.0 |    90.0 |   15,89 |-0,0060 |1592513143548 |[0.49112785, 0.14927137, 0.2512514, 0.62141216, 0.69647974, 0.8800549, 0.20775479] |
| 4 |   55 |  0.45 | 5000 |      f7 |      50 |   107.0 |    90.0 |   15,89 |-0,0060 |1592513143548 |[0.49112785, 0.14927137, 0.2512514, 0.62141216, 0.69647974, 0.8800549, 0.20775479] |
| 4 |   55 |  0.45 | 5000 |      f7 |      50 |   107.0 |    90.0 |   15,89 |-0,0060 |1592513143548 |[0.27312917, 0.13963634, 0.25026786, 0.99128824, 0.7985174, 0.2862317, 0.33766055] |
| 4 |   55 |   0.4 | 5000 |      f7 |      50 |   107.0 |    90.0 |   15,89 |-0,0060 |1592513143548 |[0.27312917, 0.13963634, 0.25026786, 0.99128824, 0.7985174, 0.2862317, 0.33766055] |
| 4 |   55 |0.38181818 | 5000 |      f7 |      50 |   107.0 |    90.0 |   15,89 |-0,0060 |1592513143548 |[0.27312917, 0.13963634, 0.25026786, 0.99128824, 0.7985174, 0.2862317, 0.33766055] |
| 4 |   60 |   0.4 | 5000 |      f7 |      50 |   107.0 |    90.0 |   15,89 |-0,0060 |1592513143548 |[0.27312917, 0.13963634, 0.25026786, 0.99128824, 0.7985174, 0.2862317, 0.33766055] |
| 4 |   60 |  0.45 | 5000 |      f7 |      50 |   107.0 |    90.0 |   15,89 |-0,0060 |1592513143548 |[0.27312917, 0.13963634, 0.25026786, 0.99128824, 0.7985174, 0.2862317, 0.33766055] |
| 4 |   60 |0.41666666 | 5000 |      f7 |      50 |   107.0 |    90.0 |   15,89 |-0,0060 |1592513143548 |[0.27312917, 0.13963634, 0.25026786, 0.99128824, 0.7985174, 0.2862317, 0.33766055] |
| 4 |   60 |0.31666666 | 5000 |      f7 |      50 |   107.0 |    90.0 |   15,89 |-0,0060 |1592513143548 |[0.27312917, 0.13963634, 0.25026786, 0.99128824, 0.7985174, 0.2862317, 0.33766055] |
| 4 |   65 |0.28333333 | 5000 |      f7 |      50 |   107.0 |    90.0 |   15,89 |-0,0060 |1592513143548 |[0.27312917, 0.13963634, 0.25026786, 0.99128824, 0.7985174, 0.2862317, 0.33766055] |
| 4 |   65 |0.41538462 | 5000 |      f7 |      50 |   107.0 |    90.0 |   15,89 |-0,0060 |1592513143548 |[0.27312917, 0.13963634, 0.25026786, 0.99128824, 0.7985174, 0.2862317, 0.33766055] |
| 4 |   65 |0.36923078 | 5000 |      f7 |      50 |   107.0 |    90.0 |   15,89 |-0,0060 |1592513143548 |[0.27312917, 0.13963634, 0.25026786, 0.99128824, 0.7985174, 0.2862317, 0.33766055] |
| 4 |   65 |0.32307693 | 5000 |      f7 |      50 |   107.0 |    90.0 |   15,89 |-0,0060 |1592513143548 |[0.27312917, 0.13963634, 0.25026786, 0.99128824, 0.7985174, 0.2862317, 0.33766055] |
| 4 |   70 |0.32307693 | 5000 |      f7 |      50 |   107.0 |    90.0 |   15,89 |-0,0060 |1592513143548 |[0.27312917, 0.13963634, 0.25026786, 0.99128824, 0.7985174, 0.2862317, 0.33766055] |
| 4 |   70 |0.44285715 | 5000 |      f7 |      50 |   107.0 |    90.0 |   15,89 |-0,0060 |1592513143548 |[0.27312917, 0.13963634, 0.25026786, 0.99128824, 0.7985174, 0.2862317, 0.33766055] |
| 4 |   70 |0.35714287 | 5000 |      f7 |      50 |   107.0 |    90.0 |   15,89 |-0,0060 |1592513143548 |[0.27312917, 0.13963634, 0.25026786, 0.99128824, 0.7985174, 0.2862317, 0.33766055] |
| 4 |   70 |0.34285715 | 5000 |      f7 |      50 |   107.0 |    90.0 |   15,89 |-0,0060 |1592513143548 |[0.27312917, 0.13963634, 0.25026786, 0.99128824, 0.7985174, 0.2862317, 0.33766055] |
| 4 |   75 |0.3857143 | 5000 |      f7 |      50 |   107.0 |    90.0 |   15,89 |-0,0060 |1592513143548 |[0.27312917, 0.13963634, 0.25026786, 0.99128824, 0.7985174, 0.2862317, 0.33766055] |
| 4 |   75 |0.42666668 | 5000 |      f7 |      50 |   107.0 |    90.0 |   15,89 |-0,0060 |1592513143548 |[0.5649756, 0.62405723, 0.39394414, 0.54465604, 0.12465948, 0.252092, 0.0804795] |
| 4 |   75 |0.42666668 | 5000 |      f7 |      50 |   107.0 |    90.0 |   15,89 |  2,3 |1592513143548 |[0.5649756, 0.62405723, 0.39394414, 0.54465604, 0.12465948, 0.252092, 0.0804795] |
| 5 |   50 |  0.25 | 5000 |      f7 |      50 |   107.0 |    90.0 |   15,89 |  0,0 |1592513145822 |[0.91887605, 0.75071025, 0.054350436, 0.78463274, 0.6845335, 0.37161404, 0.08502042] |
| 5 |   50 |  0.36 | 5000 |      f7 |      50 |   107.0 |    90.0 |   15,89 |  0,0 |1592513145822 |[0.9463344, 0.4613307, 0.4797377, 0.08659363, 0.0032927394, 0.1609407, 0.15577286] |
| 5 |   50 |  0.42 | 5000 |      f7 |      50 |   107.0 |    90.0 |   15,89 |  0,0 |1592513145822 |[0.9463344, 0.4613307, 0.4797377, 0.08659363, 0.0032927394, 0.1609407, 0.15577286] |
| 5 |   55 |  0.42 | 5000 |      f7 |      50 |   107.0 |    90.0 |   15,89 |  0,0 |1592513145822 |[0.9463344, 0.4613307, 0.4797377, 0.08659363, 0.0032927394, 0.1609407, 0.15577286] |
| 5 |   55 |  0.45 | 5000 |      f7 |      50 |   107.0 |    90.0 |   15,89 |  0,0 |1592513145822 |[0.9463344, 0.4613307, 0.4797377, 0.08659363, 0.0032927394, 0.1609407, 0.15577286] |
| 5 |   55 |  0.45 | 5000 |      f7 |      50 |   107.0 |    90.0 |   15,89 |  0,0 |1592513145822 |[0.9463344, 0.4613307, 0.4797377, 0.08659363, 0.0032927394, 0.1609407, 0.15577286] |
| 5 |   55 |0.34545454 | 5000 |      f7 |      50 |   107.0 |    90.0 |   15,89 |  0,0 |1592513145822 |[0.9463344, 0.4613307, 0.4797377, 0.08659363, 0.0032927394, 0.1609407, 0.15577286] |
| 5 |   60 |   0.4 | 5000 |      f7 |      50 |   107.0 |    90.0 |   15,89 |  0,0 |1592513145822 |[0.9463344, 0.4613307, 0.4797377, 0.08659363, 0.0032927394, 0.1609407, 0.15577286] |
| 5 |   60 |  0.45 | 5000 |      f7 |      50 |   107.0 |    90.0 |   15,89 |  0,0 |1592513145822 |[0.9463344, 0.4613307, 0.4797377, 0.08659363, 0.0032927394, 0.1609407, 0.15577286] |
| 5 |   60 |0.31666666 | 5000 |      f7 |      50 |   107.0 |    90.0 |   15,89 |  0,0 |1592513145822 |[0.9463344, 0.4613307, 0.4797377, 0.08659363, 0.0032927394, 0.1609407, 0.15577286] |
| 5 |   60 |0.38333333 | 5000 |      f7 |      50 |   107.0 |    90.0 |   15,89 |  0,0 |1592513145822 |[0.9463344, 0.4613307, 0.4797377, 0.08659363, 0.0032927394, 0.1609407, 0.15577286] |
| 5 |   65 |0.33333334 | 5000 |      f7 |      50 |   107.0 |    90.0 |   15,89 |  0,0 |1592513145822 |[0.9463344, 0.4613307, 0.4797377, 0.08659363, 0.0032927394, 0.1609407, 0.15577286] |
| 5 |   65 |0.44615385 | 5000 |      f7 |      50 |   107.0 |    90.0 |   15,89 |  0,0 |1592513145822 |[0.9463344, 0.4613307, 0.4797377, 0.08659363, 0.0032927394, 0.1609407, 0.15577286] |
| 5 |   65 |0.44615385 | 5000 |      f7 |      50 |   107.0 |    90.0 |   15,89 |  0,0 |1592513145822 |[0.9463344, 0.4613307, 0.4797377, 0.08659363, 0.0032927394, 0.1609407, 0.15577286] |
| 5 |   65 |   0.4 | 5000 |      f7 |      50 |   107.0 |    90.0 |   15,89 |  0,0 |1592513145822 |[0.9463344, 0.4613307, 0.4797377, 0.08659363, 0.0032927394, 0.1609407, 0.15577286] |
| 5 |   70 |0.3846154 | 5000 |      f7 |      50 |   107.0 |    90.0 |   15,89 |  0,0 |1592513145822 |[0.9463344, 0.4613307, 0.4797377, 0.08659363, 0.0032927394, 0.1609407, 0.15577286] |
| 5 |   70 |0.44285715 | 5000 |      f7 |      50 |   107.0 |    90.0 |   15,89 |  0,0 |1592513145822 |[0.9463344, 0.4613307, 0.4797377, 0.08659363, 0.0032927394, 0.1609407, 0.15577286] |
| 5 |   70 |0.3857143 | 5000 |      f7 |      50 |   107.0 |    90.0 |   15,89 |  0,0 |1592513145822 |[0.9463344, 0.4613307, 0.4797377, 0.08659363, 0.0032927394, 0.1609407, 0.15577286] |
| 5 |   70 |  0.45 | 5000 |      f7 |      50 |   107.0 |    90.0 |   15,89 |  0,0 |1592513145822 |[0.9463344, 0.4613307, 0.4797377, 0.08659363, 0.0032927394, 0.1609407, 0.15577286] |
| 5 |   75 |0.37142858 | 5000 |      f7 |      50 |   107.0 |    90.0 |   15,89 |  0,0 |1592513145822 |[0.9463344, 0.4613307, 0.4797377, 0.08659363, 0.0032927394, 0.1609407, 0.15577286] |
| 5 |   75 |  0.45 | 5000 |      f7 |      50 |   107.0 |    90.0 |   15,89 |  0,0 |1592513145822 |[0.9463344, 0.4613307, 0.4797377, 0.08659363, 0.0032927394, 0.1609407, 0.15577286] |
| 5 |   75 |  0.45 | 5000 |      f7 |      50 |   107.0 |    90.0 |   15,89 |  2,3 |1592513145822 |[0.9463344, 0.4613307, 0.4797377, 0.08659363, 0.0032927394, 0.1609407, 0.15577286] |
| 6 |   50 |  0.25 | 5000 |      f7 |      50 |   107.0 |    90.0 |   15,89 |-0,0050 |1592513148078 |[0.081344426, 0.42673594, 0.438016, 0.5791969, 0.8741594, 0.49088925, 0.9163636] |
| 6 |   50 |  0.24 | 5000 |      f7 |      50 |   107.0 |    90.0 |   15,89 |-0,0050 |1592513148078 |[0.081344426, 0.42673594, 0.438016, 0.5791969, 0.8741594, 0.49088925, 0.9163636] |
| 6 |   50 |  0.26 | 5000 |      f7 |      50 |   107.0 |    90.0 |   15,89 |-0,0050 |1592513148078 |[0.081344426, 0.42673594, 0.438016, 0.5791969, 0.8741594, 0.49088925, 0.9163636] |
| 6 |   55 |  0.32 | 5000 |      f7 |      50 |   107.0 |    90.0 |   15,89 |-0,0050 |1592513148078 |[0.081344426, 0.42673594, 0.438016, 0.5791969, 0.8741594, 0.49088925, 0.9163636] |
| 6 |   55 |  0.45 | 5000 |      f7 |      50 |   107.0 |    90.0 |   15,89 |-0,0050 |1592513148078 |[0.081344426, 0.42673594, 0.438016, 0.5791969, 0.8741594, 0.49088925, 0.9163636] |
| 6 |   55 |0.36363637 | 5000 |      f7 |      50 |   107.0 |    90.0 |   15,89 |-0,0050 |1592513148078 |[0.081344426, 0.42673594, 0.438016, 0.5791969, 0.8741594, 0.49088925, 0.9163636] |
| 6 |   55 |0.3090909 | 5000 |      f7 |      50 |   107.0 |    90.0 |   15,89 |-0,0050 |1592513148078 |[0.081344426, 0.42673594, 0.438016, 0.5791969, 0.8741594, 0.49088925, 0.9163636] |
| 6 |   60 |0.38181818 | 5000 |      f7 |      50 |   107.0 |    90.0 |   15,89 |-0,0050 |1592513148078 |[0.081344426, 0.42673594, 0.438016, 0.5791969, 0.8741594, 0.49088925, 0.9163636] |
| 6 |   60 |  0.45 | 5000 |      f7 |      50 |   107.0 |    90.0 |   15,89 |-0,0050 |1592513148078 |[0.081344426, 0.42673594, 0.438016, 0.5791969, 0.8741594, 0.49088925, 0.9163636] |
| 6 |   60 |0.33333334 | 5000 |      f7 |      50 |   107.0 |    90.0 |   15,89 |-0,0050 |1592513148078 |[0.081344426, 0.42673594, 0.438016, 0.5791969, 0.8741594, 0.49088925, 0.9163636] |
| 6 |   60 |0.36666667 | 5000 |      f7 |      50 |   107.0 |    90.0 |   15,89 |-0,0050 |1592513148078 |[0.081344426, 0.42673594, 0.438016, 0.5791969, 0.8741594, 0.49088925, 0.9163636] |
| 6 |   65 |0.31666666 | 5000 |      f7 |      50 |   107.0 |    90.0 |   15,89 |-0,0050 |1592513148078 |[0.081344426, 0.42673594, 0.438016, 0.5791969, 0.8741594, 0.49088925, 0.9163636] |
| 6 |   65 |0.41538462 | 5000 |      f7 |      50 |   107.0 |    90.0 |   15,89 |-0,0050 |1592513148078 |[0.081344426, 0.42673594, 0.438016, 0.5791969, 0.8741594, 0.49088925, 0.9163636] |
| 6 |   65 |0.36923078 | 5000 |      f7 |      50 |   107.0 |    90.0 |   15,89 |-0,0050 |1592513148078 |[0.081344426, 0.42673594, 0.438016, 0.5791969, 0.8741594, 0.49088925, 0.9163636] |
| 6 |   65 |   0.4 | 5000 |      f7 |      50 |   107.0 |    90.0 |   15,89 |-0,0050 |1592513148078 |[0.081344426, 0.42673594, 0.438016, 0.5791969, 0.8741594, 0.49088925, 0.9163636] |
| 6 |   70 |0.2923077 | 5000 |      f7 |      50 |   107.0 |    90.0 |   15,89 |-0,0050 |1592513148078 |[0.081344426, 0.42673594, 0.438016, 0.5791969, 0.8741594, 0.49088925, 0.9163636] |
| 6 |   70 |0.3857143 | 5000 |      f7 |      50 |   107.0 |    90.0 |   15,89 |-0,0050 |1592513148078 |[0.081344426, 0.42673594, 0.438016, 0.5791969, 0.8741594, 0.49088925, 0.9163636] |
| 6 |   70 |  0.45 | 5000 |      f7 |      50 |   107.0 |    90.0 |   15,89 |-0,0050 |1592513148078 |[0.081344426, 0.42673594, 0.438016, 0.5791969, 0.8741594, 0.49088925, 0.9163636] |
| 6 |   70 |0.42857143 | 5000 |      f7 |      50 |   107.0 |    90.0 |   15,89 |-0,0050 |1592513148078 |[0.081344426, 0.42673594, 0.438016, 0.5791969, 0.8741594, 0.49088925, 0.9163636] |
| 6 |   75 |0.42857143 | 5000 |      f7 |      50 |   107.0 |    90.0 |   15,89 |-0,0050 |1592513148078 |[0.081344426, 0.42673594, 0.438016, 0.5791969, 0.8741594, 0.49088925, 0.9163636] |
| 6 |   75 |  0.45 | 5000 |      f7 |      50 |   107.0 |    90.0 |   15,89 |-0,0050 |1592513148078 |[0.081344426, 0.42673594, 0.438016, 0.5791969, 0.8741594, 0.49088925, 0.9163636] |
| 6 |   75 |  0.45 | 5000 |      f7 |      50 |   107.0 |    90.0 |   15,89 |  2,3 |1592513148078 |[0.081344426, 0.42673594, 0.438016, 0.5791969, 0.8741594, 0.49088925, 0.9163636] |
| 7 |   50 |  0.25 | 5000 |      f7 |      50 |   107.0 |    90.0 |   15,89 |-0,0050 |1592513150359 |[0.87493074, 0.1117416, 0.9614861, 0.075250745, 0.868345, 0.24600035, 0.33989048] |
| 7 |   50 |  0.36 | 5000 |      f7 |      50 |   107.0 |    90.0 |   15,89 |-0,0050 |1592513150359 |[0.87493074, 0.1117416, 0.9614861, 0.075250745, 0.868345, 0.24600035, 0.33989048] |
| 7 |   50 |  0.36 | 5000 |      f7 |      50 |   107.0 |    90.0 |   15,89 |-0,0050 |1592513150359 |[0.87493074, 0.1117416, 0.9614861, 0.075250745, 0.868345, 0.24600035, 0.33989048] |
| 7 |   55 |  0.34 | 5000 |      f7 |      50 |   107.0 |    90.0 |   15,89 |-0,0050 |1592513150359 |[0.87493074, 0.1117416, 0.9614861, 0.075250745, 0.868345, 0.24600035, 0.33989048] |
| 7 |   55 |  0.45 | 5000 |      f7 |      50 |   107.0 |    90.0 |   15,89 |-0,0050 |1592513150359 |[0.87493074, 0.1117416, 0.9614861, 0.075250745, 0.868345, 0.24600035, 0.33989048] |
| 7 |   55 |0.3272727 | 5000 |      f7 |      50 |   107.0 |    90.0 |   15,89 |-0,0050 |1592513150359 |[0.87493074, 0.1117416, 0.9614861, 0.075250745, 0.868345, 0.24600035, 0.33989048] |
| 7 |   55 |0.3090909 | 5000 |      f7 |      50 |   107.0 |    90.0 |   15,89 |-0,0050 |1592513150359 |[0.87493074, 0.1117416, 0.9614861, 0.075250745, 0.868345, 0.24600035, 0.33989048] |
| 7 |   60 |0.43636364 | 5000 |      f7 |      50 |   107.0 |    90.0 |   15,89 |-0,0050 |1592513150359 |[0.87493074, 0.1117416, 0.9614861, 0.075250745, 0.868345, 0.24600035, 0.33989048] |
| 7 |   60 |  0.45 | 5000 |      f7 |      50 |   107.0 |    90.0 |   15,89 |-0,0050 |1592513150359 |[0.87493074, 0.1117416, 0.9614861, 0.075250745, 0.868345, 0.24600035, 0.33989048] |
| 7 |   60 |   0.4 | 5000 |      f7 |      50 |   107.0 |    90.0 |   15,89 |-0,0050 |1592513150359 |[0.87493074, 0.1117416, 0.9614861, 0.075250745, 0.868345, 0.24600035, 0.33989048] |
| 7 |   60 |0.36666667 | 5000 |      f7 |      50 |   107.0 |    90.0 |   15,89 |-0,0050 |1592513150359 |[0.87493074, 0.1117416, 0.9614861, 0.075250745, 0.868345, 0.24600035, 0.33989048] |
| 7 |   65 |0.33333334 | 5000 |      f7 |      50 |   107.0 |    90.0 |   15,89 |-0,0050 |1592513150359 |[0.87493074, 0.1117416, 0.9614861, 0.075250745, 0.868345, 0.24600035, 0.33989048] |
| 7 |   65 |   0.4 | 5000 |      f7 |      50 |   107.0 |    90.0 |   15,89 |-0,0050 |1592513150359 |[0.5652144, 0.112884104, 0.5046791, 0.72095823, 0.7433683, 0.3502069, 0.4554531] |
| 7 |   65 |  0.45 | 5000 |      f7 |      50 |   107.0 |    90.0 |   15,89 |-0,0050 |1592513150359 |[0.5652144, 0.112884104, 0.5046791, 0.72095823, 0.7433683, 0.3502069, 0.4554531] |
| 7 |   65 |0.43076923 | 5000 |      f7 |      50 |   107.0 |    90.0 |   15,89 |-0,0050 |1592513150359 |[0.5652144, 0.112884104, 0.5046791, 0.72095823, 0.7433683, 0.3502069, 0.4554531] |
| 7 |   70 |0.3846154 | 5000 |      f7 |      50 |   107.0 |    90.0 |   15,89 |-0,0050 |1592513150359 |[0.5652144, 0.112884104, 0.5046791, 0.72095823, 0.7433683, 0.3502069, 0.4554531] |
| 7 |   70 |  0.45 | 5000 |      f7 |      50 |   107.0 |    90.0 |   15,89 |-0,0050 |1592513150359 |[0.5652144, 0.112884104, 0.5046791, 0.72095823, 0.7433683, 0.3502069, 0.4554531] |
| 7 |   70 |0.34285715 | 5000 |      f7 |      50 |   107.0 |    90.0 |   15,89 |-0,0050 |1592513150359 |[0.5652144, 0.112884104, 0.5046791, 0.72095823, 0.7433683, 0.3502069, 0.4554531] |
| 7 |   70 |0.24285714 | 5000 |      f7 |      50 |   107.0 |    90.0 |   15,89 |-0,0050 |1592513150359 |[0.5652144, 0.112884104, 0.5046791, 0.72095823, 0.7433683, 0.3502069, 0.4554531] |
| 7 |   75 |0.34285715 | 5000 |      f7 |      50 |   107.0 |    90.0 |   15,89 |-0,0050 |1592513150359 |[0.5652144, 0.112884104, 0.5046791, 0.72095823, 0.7433683, 0.3502069, 0.4554531] |
| 7 |   75 |0.42666668 | 5000 |      f7 |      50 |   107.0 |    90.0 |   15,89 |-0,0050 |1592513150359 |[0.5652144, 0.112884104, 0.5046791, 0.72095823, 0.7433683, 0.3502069, 0.4554531] |
| 7 |   75 |0.42666668 | 5000 |      f7 |      50 |   107.0 |    90.0 |   15,89 |  2,3 |1592513150359 |[0.5652144, 0.112884104, 0.5046791, 0.72095823, 0.7433683, 0.3502069, 0.4554531] |
| 8 |   50 |  0.25 | 5000 |      f7 |      50 |   107.0 |    90.0 |   15,89 |-0,0060 |1592513152657 |[0.10216367, 0.898639, 0.06387627, 0.5503788, 0.7524001, 0.35232842, 0.19727695] |
| 8 |   50 |   0.4 | 5000 |      f7 |      50 |   107.0 |    90.0 |   15,89 |-0,0060 |1592513152657 |[0.10216367, 0.898639, 0.06387627, 0.5503788, 0.7524001, 0.35232842, 0.19727695] |
| 8 |   50 |  0.32 | 5000 |      f7 |      50 |   107.0 |    90.0 |   15,89 |-0,0060 |1592513152657 |[0.10216367, 0.898639, 0.06387627, 0.5503788, 0.7524001, 0.35232842, 0.19727695] |
| 8 |   55 |  0.28 | 5000 |      f7 |      50 |   107.0 |    90.0 |   15,89 |-0,0060 |1592513152657 |[0.10216367, 0.898639, 0.06387627, 0.5503788, 0.7524001, 0.35232842, 0.19727695] |
| 8 |   55 |  0.45 | 5000 |      f7 |      50 |   107.0 |    90.0 |   15,89 |-0,0060 |1592513152657 |[0.10216367, 0.898639, 0.06387627, 0.5503788, 0.7524001, 0.35232842, 0.19727695] |
| 8 |   55 |0.36363637 | 5000 |      f7 |      50 |   107.0 |    90.0 |   15,89 |-0,0060 |1592513152657 |[0.10216367, 0.898639, 0.06387627, 0.5503788, 0.7524001, 0.35232842, 0.19727695] |
| 8 |   55 |0.3090909 | 5000 |      f7 |      50 |   107.0 |    90.0 |   15,89 |-0,0060 |1592513152657 |[0.10216367, 0.898639, 0.06387627, 0.5503788, 0.7524001, 0.35232842, 0.19727695] |
| 8 |   60 |0.27272728 | 5000 |      f7 |      50 |   107.0 |    90.0 |   15,89 |-0,0060 |1592513152657 |[0.50094026, 0.9023057, 0.5171602, 0.002902627, 0.12939167, 0.50824773, 0.340028] |
| 8 |   60 |  0.45 | 5000 |      f7 |      50 |   107.0 |    90.0 |   15,89 |-0,0060 |1592513152657 |[0.50094026, 0.9023057, 0.5171602, 0.002902627, 0.12939167, 0.50824773, 0.340028] |
| 8 |   60 |0.38333333 | 5000 |      f7 |      50 |   107.0 |    90.0 |   15,89 |-0,0060 |1592513152657 |[0.50094026, 0.9023057, 0.5171602, 0.002902627, 0.12939167, 0.50824773, 0.340028] |
| 8 |   60 |0.41666666 | 5000 |      f7 |      50 |   107.0 |    90.0 |   15,89 |-0,0060 |1592513152657 |[0.50094026, 0.9023057, 0.5171602, 0.002902627, 0.12939167, 0.50824773, 0.340028] |
| 8 |   65 |0.33333334 | 5000 |      f7 |      50 |   107.0 |    90.0 |   15,89 |-0,0060 |1592513152657 |[0.50094026, 0.9023057, 0.5171602, 0.002902627, 0.12939167, 0.50824773, 0.340028] |
| 8 |   65 |  0.45 | 5000 |      f7 |      50 |   107.0 |    90.0 |   15,89 |-0,0060 |1592513152657 |[0.50094026, 0.9023057, 0.5171602, 0.002902627, 0.12939167, 0.50824773, 0.340028] |
| 8 |   65 |0.3846154 | 5000 |      f7 |      50 |   107.0 |    90.0 |   15,89 |-0,0060 |1592513152657 |[0.50094026, 0.9023057, 0.5171602, 0.002902627, 0.12939167, 0.50824773, 0.340028] |
| 8 |   65 |0.41538462 | 5000 |      f7 |      50 |   107.0 |    90.0 |   15,89 |-0,0060 |1592513152657 |[0.50094026, 0.9023057, 0.5171602, 0.002902627, 0.12939167, 0.50824773, 0.340028] |
| 8 |   70 |0.3846154 | 5000 |      f7 |      50 |   107.0 |    90.0 |   15,89 |-0,0060 |1592513152657 |[0.50094026, 0.9023057, 0.5171602, 0.002902627, 0.12939167, 0.50824773, 0.340028] |
| 8 |   70 |  0.45 | 5000 |      f7 |      50 |   107.0 |    90.0 |   15,89 |-0,0060 |1592513152657 |[0.50094026, 0.9023057, 0.5171602, 0.002902627, 0.12939167, 0.50824773, 0.340028] |
| 8 |   70 |0.37142858 | 5000 |      f7 |      50 |   107.0 |    90.0 |   15,89 |-0,0060 |1592513152657 |[0.50094026, 0.9023057, 0.5171602, 0.002902627, 0.12939167, 0.50824773, 0.340028] |
| 8 |   70 |0.34285715 | 5000 |      f7 |      50 |   107.0 |    90.0 |   15,89 |-0,0060 |1592513152657 |[0.50094026, 0.9023057, 0.5171602, 0.002902627, 0.12939167, 0.50824773, 0.340028] |
| 8 |   75 |0.37142858 | 5000 |      f7 |      50 |   107.0 |    90.0 |   15,89 |-0,0060 |1592513152657 |[0.50094026, 0.9023057, 0.5171602, 0.002902627, 0.12939167, 0.50824773, 0.340028] |
| 8 |   75 |  0.45 | 5000 |      f7 |      50 |   107.0 |    90.0 |   15,89 |-0,0060 |1592513152657 |[0.50094026, 0.9023057, 0.5171602, 0.002902627, 0.12939167, 0.50824773, 0.340028] |
| 8 |   75 |  0.45 | 5000 |      f7 |      50 |   107.0 |    90.0 |   15,89 |  2,3 |1592513152657 |[0.50094026, 0.9023057, 0.5171602, 0.002902627, 0.12939167, 0.50824773, 0.340028] |
| 9 |   50 |  0.25 | 5000 |      f7 |      50 |   107.0 |    90.0 |   15,89 |-0,0050 |1592513154967 |[0.249641, 0.6279778, 0.82202303, 0.6558358, 0.8808106, 0.2908765, 0.5193278] |
| 9 |   50 |  0.34 | 5000 |      f7 |      50 |   107.0 |    90.0 |   15,89 |-0,0050 |1592513154967 |[0.249641, 0.6279778, 0.82202303, 0.6558358, 0.8808106, 0.2908765, 0.5193278] |
| 9 |   50 |   0.4 | 5000 |      f7 |      50 |   107.0 |    90.0 |   15,89 |-0,0050 |1592513154967 |[0.23943692, 0.87080556, 0.051440895, 0.79895157, 0.8971793, 0.9363445, 0.672736] |
| 9 |   55 |  0.44 | 5000 |      f7 |      50 |   107.0 |    90.0 |   15,89 |-0,0050 |1592513154967 |[0.22367913, 0.43067533, 0.71340144, 0.36068034, 0.8597317, 1.5717745E-4, 0.0056639314] |
| 9 |   55 |  0.45 | 5000 |      f7 |      50 |   107.0 |    90.0 |   15,89 |-0,0050 |1592513154967 |[0.22367913, 0.43067533, 0.71340144, 0.36068034, 0.8597317, 1.5717745E-4, 0.0056639314] |
| 9 |   55 |0.34545454 | 5000 |      f7 |      50 |   107.0 |    90.0 |   15,89 |-0,0050 |1592513154967 |[0.22367913, 0.43067533, 0.71340144, 0.36068034, 0.8597317, 1.5717745E-4, 0.0056639314] |
| 9 |   55 |0.3272727 | 5000 |      f7 |      50 |   107.0 |    90.0 |   15,89 |-0,0050 |1592513154967 |[0.22367913, 0.43067533, 0.71340144, 0.36068034, 0.8597317, 1.5717745E-4, 0.0056639314] |
| 9 |   60 |0.38181818 | 5000 |      f7 |      50 |   107.0 |    90.0 |   15,89 |-0,0050 |1592513154967 |[0.22367913, 0.43067533, 0.71340144, 0.36068034, 0.8597317, 1.5717745E-4, 0.0056639314] |
| 9 |   60 |  0.45 | 5000 |      f7 |      50 |   107.0 |    90.0 |   15,89 |-0,0050 |1592513154967 |[0.22367913, 0.43067533, 0.71340144, 0.36068034, 0.8597317, 1.5717745E-4, 0.0056639314] |
| 9 |   60 |  0.45 | 5000 |      f7 |      50 |   107.0 |    90.0 |   15,89 |-0,0050 |1592513154967 |[0.22367913, 0.43067533, 0.71340144, 0.36068034, 0.8597317, 1.5717745E-4, 0.0056639314] |
| 9 |   60 |0.41666666 | 5000 |      f7 |      50 |   107.0 |    90.0 |   15,89 |-0,0050 |1592513154967 |[0.82094455, 0.62535524, 0.3667773, 0.066170335, 0.6969626, 0.39685464, 0.814478] |
| 9 |   65 |0.31666666 | 5000 |      f7 |      50 |   107.0 |    90.0 |   15,89 |-0,0050 |1592513154967 |[0.82094455, 0.62535524, 0.3667773, 0.066170335, 0.6969626, 0.39685464, 0.814478] |
| 9 |   65 |  0.45 | 5000 |      f7 |      50 |   107.0 |    90.0 |   15,89 |-0,0050 |1592513154967 |[0.82094455, 0.62535524, 0.3667773, 0.066170335, 0.6969626, 0.39685464, 0.814478] |
| 9 |   65 |0.35384616 | 5000 |      f7 |      50 |   107.0 |    90.0 |   15,89 |-0,0050 |1592513154967 |[0.82094455, 0.62535524, 0.3667773, 0.066170335, 0.6969626, 0.39685464, 0.814478] |
| 9 |   65 |0.35384616 | 5000 |      f7 |      50 |   107.0 |    90.0 |   15,89 |-0,0050 |1592513154967 |[0.82094455, 0.62535524, 0.3667773, 0.066170335, 0.6969626, 0.39685464, 0.814478] |
| 9 |   70 |0.36923078 | 5000 |      f7 |      50 |   107.0 |    90.0 |   15,89 |-0,0050 |1592513154967 |[0.82094455, 0.62535524, 0.3667773, 0.066170335, 0.6969626, 0.39685464, 0.814478] |
| 9 |   70 |  0.45 | 5000 |      f7 |      50 |   107.0 |    90.0 |   15,89 |-0,0050 |1592513154967 |[0.82094455, 0.62535524, 0.3667773, 0.066170335, 0.6969626, 0.39685464, 0.814478] |
| 9 |   70 |0.35714287 | 5000 |      f7 |      50 |   107.0 |    90.0 |   15,89 |-0,0050 |1592513154967 |[0.82094455, 0.62535524, 0.3667773, 0.066170335, 0.6969626, 0.39685464, 0.814478] |
| 9 |   70 |0.3857143 | 5000 |      f7 |      50 |   107.0 |    90.0 |   15,89 |-0,0050 |1592513154967 |[0.82094455, 0.62535524, 0.3667773, 0.066170335, 0.6969626, 0.39685464, 0.814478] |
| 9 |   75 |   0.3 | 5000 |      f7 |      50 |   107.0 |    90.0 |   15,89 |-0,0050 |1592513154967 |[0.82094455, 0.62535524, 0.3667773, 0.066170335, 0.6969626, 0.39685464, 0.814478] |
| 9 |   75 |0.42666668 | 5000 |      f7 |      50 |   107.0 |    90.0 |   15,89 |-0,0050 |1592513154967 |[0.82094455, 0.62535524, 0.3667773, 0.066170335, 0.6969626, 0.39685464, 0.814478] |
| 9 |   75 |0.42666668 | 5000 |      f7 |      50 |   107.0 |    90.0 |   15,89 |  2,4 |1592513154967 |[0.82094455, 0.62535524, 0.3667773, 0.066170335, 0.6969626, 0.39685464, 0.814478] |
|10 |   50 |  0.25 | 5000 |      f7 |      50 |   107.0 |    90.0 |   15,89 |-0,0050 |1592513157324 |[0.61529595, 0.9200007, 0.6748444, 0.35748804, 0.75522995, 0.55620366, 0.9948959] |
|10 |   50 |   0.3 | 5000 |      f7 |      50 |   107.0 |    90.0 |   15,89 |-0,0050 |1592513157324 |[0.61529595, 0.9200007, 0.6748444, 0.35748804, 0.75522995, 0.55620366, 0.9948959] |
|10 |   50 |  0.42 | 5000 |      f7 |      50 |   107.0 |    90.0 |   15,89 |-0,0050 |1592513157324 |[0.61529595, 0.9200007, 0.6748444, 0.35748804, 0.75522995, 0.55620366, 0.9948959] |
|10 |   55 |  0.36 | 5000 |      f7 |      50 |   107.0 |    90.0 |   15,89 |-0,0050 |1592513157324 |[0.61529595, 0.9200007, 0.6748444, 0.35748804, 0.75522995, 0.55620366, 0.9948959] |
|10 |   55 |  0.45 | 5000 |      f7 |      50 |   107.0 |    90.0 |   15,89 |-0,0050 |1592513157324 |[0.99028033, 0.14905417, 0.9003323, 0.06193447, 0.19048738, 0.50210816, 0.88788146] |
|10 |   55 |   0.4 | 5000 |      f7 |      50 |   107.0 |    90.0 |   15,89 |-0,0050 |1592513157324 |[0.9249452, 0.09577197, 0.40081495, 0.8408117, 0.628754, 0.37288105, 0.1825968] |
|10 |   55 |  0.45 | 5000 |      f7 |      50 |   107.0 |    90.0 |   15,89 |-0,0050 |1592513157324 |[0.9249452, 0.09577197, 0.40081495, 0.8408117, 0.628754, 0.37288105, 0.1825968] |
|10 |   60 |0.3090909 | 5000 |      f7 |      50 |   107.0 |    90.0 |   15,89 |-0,0050 |1592513157324 |[0.9249452, 0.09577197, 0.40081495, 0.8408117, 0.628754, 0.37288105, 0.1825968] |
|10 |   60 |  0.45 | 5000 |      f7 |      50 |   107.0 |    90.0 |   15,89 |-0,0050 |1592513157324 |[0.9249452, 0.09577197, 0.40081495, 0.8408117, 0.628754, 0.37288105, 0.1825968] |
|10 |   60 |  0.45 | 5000 |      f7 |      50 |   107.0 |    90.0 |   15,89 |-0,0050 |1592513157324 |[0.9249452, 0.09577197, 0.40081495, 0.8408117, 0.628754, 0.37288105, 0.1825968] |
|10 |   60 |0.41666666 | 5000 |      f7 |      50 |   107.0 |    90.0 |   15,89 |-0,0050 |1592513157324 |[0.9249452, 0.09577197, 0.40081495, 0.8408117, 0.628754, 0.37288105, 0.1825968] |
|10 |   65 |  0.35 | 5000 |      f7 |      50 |   107.0 |    90.0 |   15,89 |-0,0050 |1592513157324 |[0.9249452, 0.09577197, 0.40081495, 0.8408117, 0.628754, 0.37288105, 0.1825968] |
|10 |   65 |  0.45 | 5000 |      f7 |      50 |   107.0 |    90.0 |   15,89 |-0,0050 |1592513157324 |[0.9249452, 0.09577197, 0.40081495, 0.8408117, 0.628754, 0.37288105, 0.1825968] |
|10 |   65 |0.32307693 | 5000 |      f7 |      50 |   107.0 |    90.0 |   15,89 |-0,0050 |1592513157324 |[0.385009, 0.55691534, 0.5548139, 0.41828674, 0.26304966, 0.20159137, 0.7350655] |
|10 |   65 |0.3846154 | 5000 |      f7 |      50 |   107.0 |    90.0 |   15,89 |-0,0050 |1592513157324 |[0.385009, 0.55691534, 0.5548139, 0.41828674, 0.26304966, 0.20159137, 0.7350655] |
|10 |   70 |0.41538462 | 5000 |      f7 |      50 |   107.0 |    90.0 |   15,89 |-0,0050 |1592513157324 |[0.385009, 0.55691534, 0.5548139, 0.41828674, 0.26304966, 0.20159137, 0.7350655] |
|10 |   70 |  0.45 | 5000 |      f7 |      50 |   107.0 |    90.0 |   15,89 |-0,0050 |1592513157324 |[0.385009, 0.55691534, 0.5548139, 0.41828674, 0.26304966, 0.20159137, 0.7350655] |
|10 |   70 |0.27142859 | 5000 |      f7 |      50 |   107.0 |    90.0 |   15,89 |-0,0050 |1592513157324 |[0.385009, 0.55691534, 0.5548139, 0.41828674, 0.26304966, 0.20159137, 0.7350655] |
|10 |   70 |0.25714287 | 5000 |      f7 |      50 |   107.0 |    90.0 |   15,89 |-0,0050 |1592513157324 |[0.385009, 0.55691534, 0.5548139, 0.41828674, 0.26304966, 0.20159137, 0.7350655] |
|10 |   75 |0.25714287 | 5000 |      f7 |      50 |   107.0 |    90.0 |   15,89 |-0,0050 |1592513157324 |[0.385009, 0.55691534, 0.5548139, 0.41828674, 0.26304966, 0.20159137, 0.7350655] |
|10 |   75 |  0.45 | 5000 |      f7 |      50 |   107.0 |    90.0 |   15,89 |-0,0050 |1592513157324 |[0.385009, 0.55691534, 0.5548139, 0.41828674, 0.26304966, 0.20159137, 0.7350655] |
|10 |   75 |  0.45 | 5000 |      f7 |      50 |   107.0 |    90.0 |   15,89 |  2,3 |1592513157324 |[0.385009, 0.55691534, 0.5548139, 0.41828674, 0.26304966, 0.20159137, 0.7350655] |
|11 |   50 |  0.25 | 5000 |      f7 |      50 |   107.0 |    90.0 |   15,89 |-0,0060 |1592513159617 |[0.27826995, 0.8030054, 0.26004553, 0.11077362, 0.23153698, 0.33770788, 0.19846147] |
|11 |   50 |  0.26 | 5000 |      f7 |      50 |   107.0 |    90.0 |   15,89 |-0,0060 |1592513159617 |[0.8391578, 0.8428125, 0.64174074, 0.9993823, 0.9184278, 0.7826125, 0.2841276] |
|11 |   50 |  0.38 | 5000 |      f7 |      50 |   107.0 |    90.0 |   15,89 |-0,0060 |1592513159617 |[0.8391578, 0.8428125, 0.64174074, 0.9993823, 0.9184278, 0.7826125, 0.2841276] |
|11 |   55 |  0.44 | 5000 |      f7 |      50 |   107.0 |    90.0 |   15,89 |-0,0060 |1592513159617 |[0.8391578, 0.8428125, 0.64174074, 0.9993823, 0.9184278, 0.7826125, 0.2841276] |
|11 |   55 |  0.45 | 5000 |      f7 |      50 |   107.0 |    90.0 |   15,89 |-0,0060 |1592513159617 |[0.8391578, 0.8428125, 0.64174074, 0.9993823, 0.9184278, 0.7826125, 0.2841276] |
|11 |   55 |  0.45 | 5000 |      f7 |      50 |   107.0 |    90.0 |   15,89 |-0,0060 |1592513159617 |[0.8391578, 0.8428125, 0.64174074, 0.9993823, 0.9184278, 0.7826125, 0.2841276] |
|11 |   55 |0.38181818 | 5000 |      f7 |      50 |   107.0 |    90.0 |   15,89 |-0,0060 |1592513159617 |[0.8391578, 0.8428125, 0.64174074, 0.9993823, 0.9184278, 0.7826125, 0.2841276] |
|11 |   60 |  0.45 | 5000 |      f7 |      50 |   107.0 |    90.0 |   15,89 |-0,0060 |1592513159617 |[0.8391578, 0.8428125, 0.64174074, 0.9993823, 0.9184278, 0.7826125, 0.2841276] |
|11 |   60 |  0.45 | 5000 |      f7 |      50 |   107.0 |    90.0 |   15,89 |-0,0060 |1592513159617 |[0.8391578, 0.8428125, 0.64174074, 0.9993823, 0.9184278, 0.7826125, 0.2841276] |
|11 |   60 |0.33333334 | 5000 |      f7 |      50 |   107.0 |    90.0 |   15,89 |-0,0060 |1592513159617 |[0.7103289, 0.5819984, 0.5025255, 0.50928783, 0.12120336, 0.11228508, 0.16572964] |
|11 |   60 |0.31666666 | 5000 |      f7 |      50 |   107.0 |    90.0 |   15,89 |-0,0060 |1592513159617 |[0.7103289, 0.5819984, 0.5025255, 0.50928783, 0.12120336, 0.11228508, 0.16572964] |
|11 |   65 |  0.45 | 5000 |      f7 |      50 |   107.0 |    90.0 |   15,89 |-0,0060 |1592513159617 |[0.7103289, 0.5819984, 0.5025255, 0.50928783, 0.12120336, 0.11228508, 0.16572964] |
|11 |   65 |0.44615385 | 5000 |      f7 |      50 |   107.0 |    90.0 |   15,89 |-0,0060 |1592513159617 |[0.7103289, 0.5819984, 0.5025255, 0.50928783, 0.12120336, 0.11228508, 0.16572964] |
|11 |   65 |0.33846155 | 5000 |      f7 |      50 |   107.0 |    90.0 |   15,89 |-0,0060 |1592513159617 |[0.7103289, 0.5819984, 0.5025255, 0.50928783, 0.12120336, 0.11228508, 0.16572964] |
|11 |   65 |0.32307693 | 5000 |      f7 |      50 |   107.0 |    90.0 |   15,89 |-0,0060 |1592513159617 |[0.7103289, 0.5819984, 0.5025255, 0.50928783, 0.12120336, 0.11228508, 0.16572964] |
|11 |   70 |0.35384616 | 5000 |      f7 |      50 |   107.0 |    90.0 |   15,89 |-0,0060 |1592513159617 |[0.7103289, 0.5819984, 0.5025255, 0.50928783, 0.12120336, 0.11228508, 0.16572964] |
|11 |   70 |0.44285715 | 5000 |      f7 |      50 |   107.0 |    90.0 |   15,89 |-0,0060 |1592513159617 |[0.7103289, 0.5819984, 0.5025255, 0.50928783, 0.12120336, 0.11228508, 0.16572964] |
|11 |   70 |0.44285715 | 5000 |      f7 |      50 |   107.0 |    90.0 |   15,89 |-0,0060 |1592513159617 |[0.7103289, 0.5819984, 0.5025255, 0.50928783, 0.12120336, 0.11228508, 0.16572964] |
|11 |   70 |0.44285715 | 5000 |      f7 |      50 |   107.0 |    90.0 |   15,89 |-0,0060 |1592513159617 |[0.7103289, 0.5819984, 0.5025255, 0.50928783, 0.12120336, 0.11228508, 0.16572964] |
|11 |   75 |0.42857143 | 5000 |      f7 |      50 |   107.0 |    90.0 |   15,89 |-0,0060 |1592513159617 |[0.7103289, 0.5819984, 0.5025255, 0.50928783, 0.12120336, 0.11228508, 0.16572964] |
|11 |   75 |  0.45 | 5000 |      f7 |      50 |   107.0 |    90.0 |   15,89 |-0,0060 |1592513159617 |[0.7103289, 0.5819984, 0.5025255, 0.50928783, 0.12120336, 0.11228508, 0.16572964] |
|11 |   75 |  0.45 | 5000 |      f7 |      50 |   107.0 |    90.0 |   15,89 |  2,3 |1592513159617 |[0.7103289, 0.5819984, 0.5025255, 0.50928783, 0.12120336, 0.11228508, 0.16572964] |
|12 |   50 |  0.25 | 5000 |      f7 |      50 |   107.0 |    90.0 |   15,89 |  0,0 |1592513161909 |[0.4106356, 0.34524018, 0.021415055, 0.21423554, 0.00764817, 0.6119995, 0.0131056905] |
|12 |   50 |  0.38 | 5000 |      f7 |      50 |   107.0 |    90.0 |   15,89 |  0,0 |1592513161909 |[0.4106356, 0.34524018, 0.021415055, 0.21423554, 0.00764817, 0.6119995, 0.0131056905] |
|12 |   50 |  0.36 | 5000 |      f7 |      50 |   107.0 |    90.0 |   15,89 |  0,0 |1592513161909 |[0.8643272, 0.33551675, 0.68162376, 0.6385504, 0.6765555, 0.80525476, 0.5465841] |
|12 |   55 |   0.4 | 5000 |      f7 |      50 |   107.0 |    90.0 |   15,89 |  0,0 |1592513161909 |[0.8643272, 0.33551675, 0.68162376, 0.6385504, 0.6765555, 0.80525476, 0.5465841] |
|12 |   55 |  0.45 | 5000 |      f7 |      50 |   107.0 |    90.0 |   15,89 |  0,0 |1592513161909 |[0.8643272, 0.33551675, 0.68162376, 0.6385504, 0.6765555, 0.80525476, 0.5465841] |
|12 |   55 |0.38181818 | 5000 |      f7 |      50 |   107.0 |    90.0 |   15,89 |  0,0 |1592513161909 |[0.8643272, 0.33551675, 0.68162376, 0.6385504, 0.6765555, 0.80525476, 0.5465841] |
|12 |   55 |0.38181818 | 5000 |      f7 |      50 |   107.0 |    90.0 |   15,89 |  0,0 |1592513161909 |[0.8643272, 0.33551675, 0.68162376, 0.6385504, 0.6765555, 0.80525476, 0.5465841] |
|12 |   60 |0.36363637 | 5000 |      f7 |      50 |   107.0 |    90.0 |   15,89 |  0,0 |1592513161909 |[0.8643272, 0.33551675, 0.68162376, 0.6385504, 0.6765555, 0.80525476, 0.5465841] |
|12 |   60 |0.36666667 | 5000 |      f7 |      50 |   107.0 |    90.0 |   15,89 |  0,0 |1592513161909 |[0.8643272, 0.33551675, 0.68162376, 0.6385504, 0.6765555, 0.80525476, 0.5465841] |
|12 |   60 |0.43333334 | 5000 |      f7 |      50 |   107.0 |    90.0 |   15,89 |  0,0 |1592513161909 |[0.8643272, 0.33551675, 0.68162376, 0.6385504, 0.6765555, 0.80525476, 0.5465841] |
|12 |   60 |   0.4 | 5000 |      f7 |      50 |   107.0 |    90.0 |   15,89 |  0,0 |1592513161909 |[0.8643272, 0.33551675, 0.68162376, 0.6385504, 0.6765555, 0.80525476, 0.5465841] |
|12 |   65 |0.28333333 | 5000 |      f7 |      50 |   107.0 |    90.0 |   15,89 |  0,0 |1592513161909 |[0.8643272, 0.33551675, 0.68162376, 0.6385504, 0.6765555, 0.80525476, 0.5465841] |
|12 |   65 |  0.45 | 5000 |      f7 |      50 |   107.0 |    90.0 |   15,89 |  0,0 |1592513161909 |[0.8643272, 0.33551675, 0.68162376, 0.6385504, 0.6765555, 0.80525476, 0.5465841] |
|12 |   65 |0.30769232 | 5000 |      f7 |      50 |   107.0 |    90.0 |   15,89 |  0,0 |1592513161909 |[0.8643272, 0.33551675, 0.68162376, 0.6385504, 0.6765555, 0.80525476, 0.5465841] |
|12 |   65 |0.3846154 | 5000 |      f7 |      50 |   107.0 |    90.0 |   15,89 |  0,0 |1592513161909 |[0.8643272, 0.33551675, 0.68162376, 0.6385504, 0.6765555, 0.80525476, 0.5465841] |
|12 |   70 |0.36923078 | 5000 |      f7 |      50 |   107.0 |    90.0 |   15,89 |  0,0 |1592513161909 |[0.8643272, 0.33551675, 0.68162376, 0.6385504, 0.6765555, 0.80525476, 0.5465841] |
|12 |   70 |  0.45 | 5000 |      f7 |      50 |   107.0 |    90.0 |   15,89 |  0,0 |1592513161909 |[0.8643272, 0.33551675, 0.68162376, 0.6385504, 0.6765555, 0.80525476, 0.5465841] |
|12 |   70 |0.27142859 | 5000 |      f7 |      50 |   107.0 |    90.0 |   15,89 |  0,0 |1592513161909 |[0.8643272, 0.33551675, 0.68162376, 0.6385504, 0.6765555, 0.80525476, 0.5465841] |
|12 |   70 |0.32857144 | 5000 |      f7 |      50 |   107.0 |    90.0 |   15,89 |  0,0 |1592513161909 |[0.8643272, 0.33551675, 0.68162376, 0.6385504, 0.6765555, 0.80525476, 0.5465841] |
|12 |   75 |   0.3 | 5000 |      f7 |      50 |   107.0 |    90.0 |   15,89 |  0,0 |1592513161909 |[0.8643272, 0.33551675, 0.68162376, 0.6385504, 0.6765555, 0.80525476, 0.5465841] |
|12 |   75 |  0.44 | 5000 |      f7 |      50 |   107.0 |    90.0 |   15,89 |  0,0 |1592513161909 |[0.8643272, 0.33551675, 0.68162376, 0.6385504, 0.6765555, 0.80525476, 0.5465841] |
|12 |   75 |  0.44 | 5000 |      f7 |      50 |   107.0 |    90.0 |   15,89 |  2,3 |1592513161909 |[0.8643272, 0.33551675, 0.68162376, 0.6385504, 0.6765555, 0.80525476, 0.5465841] |
|13 |   50 |  0.25 | 5000 |      f7 |      50 |   107.0 |    90.0 |   15,89 |-0,0050 |1592513164211 |[0.621166, 0.46937883, 0.5799502, 0.48745406, 0.7233684, 0.66968334, 0.5641682] |
|13 |   50 |  0.24 | 5000 |      f7 |      50 |   107.0 |    90.0 |   15,89 |-0,0050 |1592513164211 |[0.621166, 0.46937883, 0.5799502, 0.48745406, 0.7233684, 0.66968334, 0.5641682] |
|13 |   50 |  0.34 | 5000 |      f7 |      50 |   107.0 |    90.0 |   15,89 |-0,0050 |1592513164211 |[0.621166, 0.46937883, 0.5799502, 0.48745406, 0.7233684, 0.66968334, 0.5641682] |
|13 |   55 |  0.34 | 5000 |      f7 |      50 |   107.0 |    90.0 |   15,89 |-0,0050 |1592513164211 |[0.621166, 0.46937883, 0.5799502, 0.48745406, 0.7233684, 0.66968334, 0.5641682] |
|13 |   55 |  0.45 | 5000 |      f7 |      50 |   107.0 |    90.0 |   15,89 |-0,0050 |1592513164211 |[0.621166, 0.46937883, 0.5799502, 0.48745406, 0.7233684, 0.66968334, 0.5641682] |
|13 |   55 |0.38181818 | 5000 |      f7 |      50 |   107.0 |    90.0 |   15,89 |-0,0050 |1592513164211 |[0.621166, 0.46937883, 0.5799502, 0.48745406, 0.7233684, 0.66968334, 0.5641682] |
|13 |   55 |0.3272727 | 5000 |      f7 |      50 |   107.0 |    90.0 |   15,89 |-0,0050 |1592513164211 |[0.621166, 0.46937883, 0.5799502, 0.48745406, 0.7233684, 0.66968334, 0.5641682] |
|13 |   60 |  0.45 | 5000 |      f7 |      50 |   107.0 |    90.0 |   15,89 |-0,0050 |1592513164211 |[0.621166, 0.46937883, 0.5799502, 0.48745406, 0.7233684, 0.66968334, 0.5641682] |
|13 |   60 |  0.45 | 5000 |      f7 |      50 |   107.0 |    90.0 |   15,89 |-0,0050 |1592513164211 |[0.621166, 0.46937883, 0.5799502, 0.48745406, 0.7233684, 0.66968334, 0.5641682] |
|13 |   60 |0.38333333 | 5000 |      f7 |      50 |   107.0 |    90.0 |   15,89 |-0,0050 |1592513164211 |[0.621166, 0.46937883, 0.5799502, 0.48745406, 0.7233684, 0.66968334, 0.5641682] |
|13 |   60 |0.36666667 | 5000 |      f7 |      50 |   107.0 |    90.0 |   15,89 |-0,0050 |1592513164211 |[0.621166, 0.46937883, 0.5799502, 0.48745406, 0.7233684, 0.66968334, 0.5641682] |
|13 |   65 |0.38333333 | 5000 |      f7 |      50 |   107.0 |    90.0 |   15,89 |-0,0050 |1592513164211 |[0.621166, 0.46937883, 0.5799502, 0.48745406, 0.7233684, 0.66968334, 0.5641682] |
|13 |   65 |  0.45 | 5000 |      f7 |      50 |   107.0 |    90.0 |   15,89 |-0,0050 |1592513164211 |[0.621166, 0.46937883, 0.5799502, 0.48745406, 0.7233684, 0.66968334, 0.5641682] |
|13 |   65 |  0.45 | 5000 |      f7 |      50 |   107.0 |    90.0 |   15,89 |-0,0050 |1592513164211 |[0.621166, 0.46937883, 0.5799502, 0.48745406, 0.7233684, 0.66968334, 0.5641682] |
|13 |   65 |   0.4 | 5000 |      f7 |      50 |   107.0 |    90.0 |   15,89 |-0,0050 |1592513164211 |[0.621166, 0.46937883, 0.5799502, 0.48745406, 0.7233684, 0.66968334, 0.5641682] |
|13 |   70 |0.33846155 | 5000 |      f7 |      50 |   107.0 |    90.0 |   15,89 |-0,0050 |1592513164211 |[0.621166, 0.46937883, 0.5799502, 0.48745406, 0.7233684, 0.66968334, 0.5641682] |
|13 |   70 |0.37142858 | 5000 |      f7 |      50 |   107.0 |    90.0 |   15,89 |-0,0050 |1592513164211 |[0.621166, 0.46937883, 0.5799502, 0.48745406, 0.7233684, 0.66968334, 0.5641682] |
|13 |   70 |   0.4 | 5000 |      f7 |      50 |   107.0 |    90.0 |   15,89 |-0,0050 |1592513164211 |[0.621166, 0.46937883, 0.5799502, 0.48745406, 0.7233684, 0.66968334, 0.5641682] |
|13 |   70 |   0.4 | 5000 |      f7 |      50 |   107.0 |    90.0 |   15,89 |-0,0050 |1592513164211 |[0.621166, 0.46937883, 0.5799502, 0.48745406, 0.7233684, 0.66968334, 0.5641682] |
|13 |   75 |0.37142858 | 5000 |      f7 |      50 |   107.0 |    90.0 |   15,89 |-0,0050 |1592513164211 |[0.621166, 0.46937883, 0.5799502, 0.48745406, 0.7233684, 0.66968334, 0.5641682] |
|13 |   75 |0.42666668 | 5000 |      f7 |      50 |   107.0 |    90.0 |   15,89 |-0,0050 |1592513164211 |[0.621166, 0.46937883, 0.5799502, 0.48745406, 0.7233684, 0.66968334, 0.5641682] |
|13 |   75 |0.42666668 | 5000 |      f7 |      50 |   107.0 |    90.0 |   15,89 |  2,3 |1592513164211 |[0.621166, 0.46937883, 0.5799502, 0.48745406, 0.7233684, 0.66968334, 0.5641682] |
|14 |   50 |  0.25 | 5000 |      f7 |      50 |   107.0 |    90.0 |   15,89 |  0,0 |1592513166508 |[0.97921574, 0.8795122, 0.8773401, 0.8264184, 0.9406452, 0.043303788, 0.8840113] |
|14 |   50 |  0.34 | 5000 |      f7 |      50 |   107.0 |    90.0 |   15,89 |  0,0 |1592513166508 |[0.97921574, 0.8795122, 0.8773401, 0.8264184, 0.9406452, 0.043303788, 0.8840113] |
|14 |   50 |  0.26 | 5000 |      f7 |      50 |   107.0 |    90.0 |   15,89 |  0,0 |1592513166508 |[0.97921574, 0.8795122, 0.8773401, 0.8264184, 0.9406452, 0.043303788, 0.8840113] |
|14 |   55 |  0.32 | 5000 |      f7 |      50 |   107.0 |    90.0 |   15,89 |  0,0 |1592513166508 |[0.97921574, 0.8795122, 0.8773401, 0.8264184, 0.9406452, 0.043303788, 0.8840113] |
|14 |   55 |  0.45 | 5000 |      f7 |      50 |   107.0 |    90.0 |   15,89 |  0,0 |1592513166508 |[0.97921574, 0.8795122, 0.8773401, 0.8264184, 0.9406452, 0.043303788, 0.8840113] |
|14 |   55 |0.3272727 | 5000 |      f7 |      50 |   107.0 |    90.0 |   15,89 |  0,0 |1592513166508 |[0.97921574, 0.8795122, 0.8773401, 0.8264184, 0.9406452, 0.043303788, 0.8840113] |
|14 |   55 |   0.4 | 5000 |      f7 |      50 |   107.0 |    90.0 |   15,89 |  0,0 |1592513166508 |[0.97921574, 0.8795122, 0.8773401, 0.8264184, 0.9406452, 0.043303788, 0.8840113] |
|14 |   60 |  0.45 | 5000 |      f7 |      50 |   107.0 |    90.0 |   15,89 |  0,0 |1592513166508 |[0.97921574, 0.8795122, 0.8773401, 0.8264184, 0.9406452, 0.043303788, 0.8840113] |
|14 |   60 |  0.45 | 5000 |      f7 |      50 |   107.0 |    90.0 |   15,89 |  0,0 |1592513166508 |[0.97921574, 0.8795122, 0.8773401, 0.8264184, 0.9406452, 0.043303788, 0.8840113] |
|14 |   60 |0.41666666 | 5000 |      f7 |      50 |   107.0 |    90.0 |   15,89 |  0,0 |1592513166508 |[0.97921574, 0.8795122, 0.8773401, 0.8264184, 0.9406452, 0.043303788, 0.8840113] |
|14 |   60 |0.41666666 | 5000 |      f7 |      50 |   107.0 |    90.0 |   15,89 |  0,0 |1592513166508 |[0.97921574, 0.8795122, 0.8773401, 0.8264184, 0.9406452, 0.043303788, 0.8840113] |
|14 |   65 |  0.35 | 5000 |      f7 |      50 |   107.0 |    90.0 |   15,89 |  0,0 |1592513166508 |[0.97921574, 0.8795122, 0.8773401, 0.8264184, 0.9406452, 0.043303788, 0.8840113] |
|14 |   65 |  0.45 | 5000 |      f7 |      50 |   107.0 |    90.0 |   15,89 |  0,0 |1592513166508 |[0.97921574, 0.8795122, 0.8773401, 0.8264184, 0.9406452, 0.043303788, 0.8840113] |
|14 |   65 |0.43076923 | 5000 |      f7 |      50 |   107.0 |    90.0 |   15,89 |  0,0 |1592513166508 |[0.97921574, 0.8795122, 0.8773401, 0.8264184, 0.9406452, 0.043303788, 0.8840113] |
|14 |   65 |0.35384616 | 5000 |      f7 |      50 |   107.0 |    90.0 |   15,89 |  0,0 |1592513166508 |[0.97921574, 0.8795122, 0.8773401, 0.8264184, 0.9406452, 0.043303788, 0.8840113] |
|14 |   70 |0.30769232 | 5000 |      f7 |      50 |   107.0 |    90.0 |   15,89 |  0,0 |1592513166508 |[0.97921574, 0.8795122, 0.8773401, 0.8264184, 0.9406452, 0.043303788, 0.8840113] |
|14 |   70 |  0.45 | 5000 |      f7 |      50 |   107.0 |    90.0 |   15,89 |  0,0 |1592513166508 |[0.97921574, 0.8795122, 0.8773401, 0.8264184, 0.9406452, 0.043303788, 0.8840113] |
|14 |   70 |0.31428573 | 5000 |      f7 |      50 |   107.0 |    90.0 |   15,89 |  0,0 |1592513166508 |[0.97921574, 0.8795122, 0.8773401, 0.8264184, 0.9406452, 0.043303788, 0.8840113] |
|14 |   70 |0.3857143 | 5000 |      f7 |      50 |   107.0 |    90.0 |   15,89 |  0,0 |1592513166508 |[0.97921574, 0.8795122, 0.8773401, 0.8264184, 0.9406452, 0.043303788, 0.8840113] |
|14 |   75 |0.34285715 | 5000 |      f7 |      50 |   107.0 |    90.0 |   15,89 |  0,0 |1592513166508 |[0.97921574, 0.8795122, 0.8773401, 0.8264184, 0.9406452, 0.043303788, 0.8840113] |
|14 |   75 |  0.45 | 5000 |      f7 |      50 |   107.0 |    90.0 |   15,89 |  0,0 |1592513166508 |[0.97921574, 0.8795122, 0.8773401, 0.8264184, 0.9406452, 0.043303788, 0.8840113] |
|14 |   75 |  0.45 | 5000 |      f7 |      50 |   107.0 |    90.0 |   15,89 |  2,3 |1592513166508 |[0.97921574, 0.8795122, 0.8773401, 0.8264184, 0.9406452, 0.043303788, 0.8840113] |
|15 |   50 |  0.25 | 5000 |      f7 |      50 |   107.0 |    90.0 |   15,89 |-0,0010 |1592513168787 |[0.34045386, 0.13788718, 0.057786107, 0.39331925, 0.2103709, 0.650784, 0.006096542] |
|15 |   50 |  0.34 | 5000 |      f7 |      50 |   107.0 |    90.0 |   15,89 |-0,0010 |1592513168787 |[0.34045386, 0.13788718, 0.057786107, 0.39331925, 0.2103709, 0.650784, 0.006096542] |
|15 |   50 |   0.4 | 5000 |      f7 |      50 |   107.0 |    90.0 |   15,89 |-0,0010 |1592513168787 |[0.34045386, 0.13788718, 0.057786107, 0.39331925, 0.2103709, 0.650784, 0.006096542] |
|15 |   55 |  0.34 | 5000 |      f7 |      50 |   107.0 |    90.0 |   15,89 |-0,0010 |1592513168787 |[0.34045386, 0.13788718, 0.057786107, 0.39331925, 0.2103709, 0.650784, 0.006096542] |
|15 |   55 |  0.45 | 5000 |      f7 |      50 |   107.0 |    90.0 |   15,89 |-0,0010 |1592513168787 |[0.34045386, 0.13788718, 0.057786107, 0.39331925, 0.2103709, 0.650784, 0.006096542] |
|15 |   55 |0.34545454 | 5000 |      f7 |      50 |   107.0 |    90.0 |   15,89 |-0,0010 |1592513168787 |[0.34045386, 0.13788718, 0.057786107, 0.39331925, 0.2103709, 0.650784, 0.006096542] |
|15 |   55 |0.27272728 | 5000 |      f7 |      50 |   107.0 |    90.0 |   15,89 |-0,0010 |1592513168787 |[0.34045386, 0.13788718, 0.057786107, 0.39331925, 0.2103709, 0.650784, 0.006096542] |
|15 |   60 |0.38181818 | 5000 |      f7 |      50 |   107.0 |    90.0 |   15,89 |-0,0010 |1592513168787 |[0.34045386, 0.13788718, 0.057786107, 0.39331925, 0.2103709, 0.650784, 0.006096542] |
|15 |   60 |  0.45 | 5000 |      f7 |      50 |   107.0 |    90.0 |   15,89 |-0,0010 |1592513168787 |[0.34045386, 0.13788718, 0.057786107, 0.39331925, 0.2103709, 0.650784, 0.006096542] |
|15 |   60 |0.36666667 | 5000 |      f7 |      50 |   107.0 |    90.0 |   15,89 |-0,0010 |1592513168787 |[0.34045386, 0.13788718, 0.057786107, 0.39331925, 0.2103709, 0.650784, 0.006096542] |
|15 |   60 |0.36666667 | 5000 |      f7 |      50 |   107.0 |    90.0 |   15,89 |-0,0010 |1592513168787 |[0.34045386, 0.13788718, 0.057786107, 0.39331925, 0.2103709, 0.650784, 0.006096542] |
|15 |   65 |   0.3 | 5000 |      f7 |      50 |   107.0 |    90.0 |   15,89 |-0,0010 |1592513168787 |[0.34045386, 0.13788718, 0.057786107, 0.39331925, 0.2103709, 0.650784, 0.006096542] |
|15 |   65 |0.3846154 | 5000 |      f7 |      50 |   107.0 |    90.0 |   15,89 |-0,0010 |1592513168787 |[0.34045386, 0.13788718, 0.057786107, 0.39331925, 0.2103709, 0.650784, 0.006096542] |
|15 |   65 |  0.45 | 5000 |      f7 |      50 |   107.0 |    90.0 |   15,89 |-0,0010 |1592513168787 |[0.34045386, 0.13788718, 0.057786107, 0.39331925, 0.2103709, 0.650784, 0.006096542] |
|15 |   65 |0.41538462 | 5000 |      f7 |      50 |   107.0 |    90.0 |   15,89 |-0,0010 |1592513168787 |[0.34045386, 0.13788718, 0.057786107, 0.39331925, 0.2103709, 0.650784, 0.006096542] |
|15 |   70 |  0.45 | 5000 |      f7 |      50 |   107.0 |    90.0 |   15,89 |-0,0010 |1592513168787 |[0.34045386, 0.13788718, 0.057786107, 0.39331925, 0.2103709, 0.650784, 0.006096542] |
|15 |   70 |  0.45 | 5000 |      f7 |      50 |   107.0 |    90.0 |   15,89 |-0,0010 |1592513168787 |[0.34045386, 0.13788718, 0.057786107, 0.39331925, 0.2103709, 0.650784, 0.006096542] |
|15 |   70 |  0.45 | 5000 |      f7 |      50 |   107.0 |    90.0 |   15,89 |-0,0010 |1592513168787 |[0.34045386, 0.13788718, 0.057786107, 0.39331925, 0.2103709, 0.650784, 0.006096542] |
|15 |   70 |0.42857143 | 5000 |      f7 |      50 |   107.0 |    90.0 |   15,89 |-0,0010 |1592513168787 |[0.34045386, 0.13788718, 0.057786107, 0.39331925, 0.2103709, 0.650784, 0.006096542] |
|15 |   75 |0.42857143 | 5000 |      f7 |      50 |   107.0 |    90.0 |   15,89 |-0,0010 |1592513168787 |[0.34045386, 0.13788718, 0.057786107, 0.39331925, 0.2103709, 0.650784, 0.006096542] |
|15 |   75 |0.38666666 | 5000 |      f7 |      50 |   107.0 |    90.0 |   15,89 |-0,0010 |1592513168787 |[0.34045386, 0.13788718, 0.057786107, 0.39331925, 0.2103709, 0.650784, 0.006096542] |
|15 |   75 |0.38666666 | 5000 |      f7 |      50 |   107.0 |    90.0 |   15,89 |  2,3 |1592513168787 |[0.34045386, 0.13788718, 0.057786107, 0.39331925, 0.2103709, 0.650784, 0.006096542] |
