|Instancia |Ejecucion |Iteracion |Iter Max |Nidos |   %Pa |tipoDiscretizacion |tipoBinarizacion | CapMoch |   Optmo |OptimoObtenido |     RDP | time |      semilla |VectorSolucionReal |VectorSolucionBinario |
-------------------------------------------------------------------------------------------------
| Hf2_100 | 1 |       1 |    5000 |   25 |  0.25 |standard | sshape3 |     995 |  1514.0 |   865.0 |   42,87 |-1,6e+09 |1593226817366 |   [0.83613145] |          [1.0] |
| Hf2_100 | 1 |     500 |    5000 |   25 |  0.32 |standard | sshape3 |     995 |  1514.0 |   865.0 |   42,87 |-1,6e+09 |1593226817366 |   [0.83613145] |          [1.0] |
| Hf2_100 | 1 |    1000 |    5000 |   25 |  0.32 |standard | sshape3 |     995 |  1514.0 |   865.0 |   42,87 |-1,6e+09 |1593226817366 |   [0.83613145] |          [1.0] |
| Hf2_100 | 1 |    1500 |    5000 |   30 |  0.32 |standard | sshape3 |     995 |  1514.0 |   865.0 |   42,87 |-1,6e+09 |1593226817366 |   [0.83613145] |          [0.0] |
| Hf2_100 | 1 |    2000 |    5000 |   30 |   0.3 |standard | sshape3 |     995 |  1514.0 |   865.0 |   42,87 |-1,6e+09 |1593226817366 |   [0.83613145] |          [1.0] |
| Hf2_100 | 1 |    2500 |    5000 |   30 |   0.3 |standard | sshape3 |     995 |  1514.0 |   865.0 |   42,87 |-1,6e+09 |1593226817366 |   [0.83613145] |          [1.0] |
| Hf2_100 | 1 |    3000 |    5000 |   30 |0.36666667 |standard | sshape3 |     995 |  1514.0 |   865.0 |   42,87 |-1,6e+09 |1593226817366 |   [0.83613145] |          [1.0] |
| Hf2_100 | 1 |    3500 |    5000 |   35 |   0.3 |standard | sshape3 |     995 |  1514.0 |   865.0 |   42,87 |-1,6e+09 |1593226817366 |   [0.83613145] |          [0.0] |
| Hf2_100 | 1 |    4000 |    5000 |   35 |0.25714287 |standard | sshape3 |     995 |  1514.0 |   865.0 |   42,87 |-1,6e+09 |1593226817366 |   [0.83613145] |          [1.0] |
| Hf2_100 | 1 |    4500 |    5000 |   35 |0.22857143 |standard | sshape3 |     995 |  1514.0 |   865.0 |   42,87 |-1,6e+09 |1593226817366 |   [0.83613145] |          [1.0] |
| Hf2_100 | 1 |    5000 |    5000 |   35 |0.25714287 |standard | sshape3 |     995 |  1514.0 |   865.0 |   42,87 |-1,6e+09 |1593226817366 |   [0.83613145] |          [1.0] |
| Hf2_100 | 1 |    5001 |    5000 |   35 |0.25714287 |standard | sshape3 |     995 |  1514.0 |   865.0 |   42,87 | 0,22 |1593226817366 |   [0.83613145] |          [1.0] |
| Hf2_100 | 2 |       1 |    5000 |   25 |  0.25 |standard | sshape3 |     995 |  1514.0 |   865.0 |   42,87 |-0,0020 |1593226817591 |   [0.18693233] |          [1.0] |
| Hf2_100 | 2 |     500 |    5000 |   30 |  0.24 |standard | sshape3 |     995 |  1514.0 |   865.0 |   42,87 |-0,0020 |1593226817591 |   [0.18693233] |          [0.0] |
| Hf2_100 | 2 |    1000 |    5000 |   30 |   0.3 |standard | sshape3 |     995 |  1514.0 |   865.0 |   42,87 |-0,0020 |1593226817591 |   [0.18693233] |          [1.0] |
| Hf2_100 | 2 |    1500 |    5000 |   30 |0.36666667 |standard | sshape3 |     995 |  1514.0 |   865.0 |   42,87 |-0,0020 |1593226817591 |   [0.18693233] |          [1.0] |
| Hf2_100 | 2 |    2000 |    5000 |   30 |  0.45 |standard | sshape3 |     995 |  1514.0 |   865.0 |   42,87 |-0,0020 |1593226817591 |   [0.18693233] |          [1.0] |
| Hf2_100 | 2 |    2500 |    5000 |   35 |   0.3 |standard | sshape3 |     995 |  1514.0 |   865.0 |   42,87 |-0,0020 |1593226817591 |   [0.18693233] |          [0.0] |
| Hf2_100 | 2 |    3000 |    5000 |   35 |0.37142858 |standard | sshape3 |     995 |  1514.0 |   865.0 |   42,87 |-0,0020 |1593226817591 |   [0.18693233] |          [1.0] |
| Hf2_100 | 2 |    3500 |    5000 |   35 |  0.45 |standard | sshape3 |     995 |  1514.0 |   865.0 |   42,87 |-0,0020 |1593226817591 |   [0.18693233] |          [1.0] |
| Hf2_100 | 2 |    4000 |    5000 |   35 |0.22857143 |standard | sshape3 |     995 |  1514.0 |   865.0 |   42,87 |-0,0020 |1593226817591 |   [0.18693233] |          [1.0] |
| Hf2_100 | 2 |    4500 |    5000 |   40 |0.2857143 |standard | sshape3 |     995 |  1514.0 |   865.0 |   42,87 |-0,0020 |1593226817591 |   [0.18693233] |          [0.0] |
| Hf2_100 | 2 |    5000 |    5000 |   40 | 0.375 |standard | sshape3 |     995 |  1514.0 |   865.0 |   42,87 |-0,0020 |1593226817591 |   [0.22001123] |          [1.0] |
| Hf2_100 | 2 |    5001 |    5000 |   40 | 0.375 |standard | sshape3 |     995 |  1514.0 |   865.0 |   42,87 | 0,14 |1593226817591 |   [0.22001123] |          [1.0] |
| Hf2_100 | 3 |       1 |    5000 |   25 |  0.25 |standard | sshape3 |     995 |  1514.0 |   865.0 |   42,87 |-0,0010 |1593226817733 |    [0.6317299] |          [1.0] |
| Hf2_100 | 3 |     500 |    5000 |   25 |  0.32 |standard | sshape3 |     995 |  1514.0 |   865.0 |   42,87 |-0,0010 |1593226817733 |    [0.6317299] |          [1.0] |
| Hf2_100 | 3 |    1000 |    5000 |   25 |  0.24 |standard | sshape3 |     995 |  1514.0 |   865.0 |   42,87 |-0,0010 |1593226817733 |    [0.6317299] |          [1.0] |
| Hf2_100 | 3 |    1500 |    5000 |   30 |  0.28 |standard | sshape3 |     995 |  1514.0 |   865.0 |   42,87 |-0,0010 |1593226817733 |    [0.6317299] |          [0.0] |
| Hf2_100 | 3 |    2000 |    5000 |   30 |0.33333334 |standard | sshape3 |     995 |  1514.0 |   865.0 |   42,87 |-0,0010 |1593226817733 |    [0.6317299] |          [1.0] |
| Hf2_100 | 3 |    2500 |    5000 |   30 |0.43333334 |standard | sshape3 |     995 |  1514.0 |   865.0 |   42,87 |-0,0010 |1593226817733 |    [0.6317299] |          [1.0] |
| Hf2_100 | 3 |    3000 |    5000 |   30 |0.26666668 |standard | sshape3 |     995 |  1514.0 |   865.0 |   42,87 |-0,0010 |1593226817733 |    [0.6317299] |          [1.0] |
| Hf2_100 | 3 |    3500 |    5000 |   35 |   0.2 |standard | sshape3 |     995 |  1514.0 |   865.0 |   42,87 |-0,0010 |1593226817733 |    [0.6317299] |          [0.0] |
| Hf2_100 | 3 |    4000 |    5000 |   35 |0.37142858 |standard | sshape3 |     995 |  1514.0 |   865.0 |   42,87 |-0,0010 |1593226817733 |    [0.6317299] |          [1.0] |
| Hf2_100 | 3 |    4500 |    5000 |   35 |0.25714287 |standard | sshape3 |     995 |  1514.0 |   865.0 |   42,87 |-0,0010 |1593226817733 |    [0.6317299] |          [1.0] |
| Hf2_100 | 3 |    5000 |    5000 |   35 |   0.4 |standard | sshape3 |     995 |  1514.0 |   865.0 |   42,87 |-0,0010 |1593226817733 |    [0.6317299] |          [1.0] |
| Hf2_100 | 3 |    5001 |    5000 |   35 |   0.4 |standard | sshape3 |     995 |  1514.0 |   865.0 |   42,87 | 0,11 |1593226817733 |    [0.6317299] |          [1.0] |
| Hf2_100 | 4 |       1 |    5000 |   25 |  0.25 |standard | sshape3 |     995 |  1514.0 |   865.0 |   42,87 |-0,0010 |1593226817846 |    [0.5746941] |          [1.0] |
| Hf2_100 | 4 |     500 |    5000 |   30 |  0.44 |standard | sshape3 |     995 |  1514.0 |   865.0 |   42,87 |-0,0010 |1593226817846 |    [0.5746941] |          [0.0] |
| Hf2_100 | 4 |    1000 |    5000 |   30 |   0.4 |standard | sshape3 |     995 |  1514.0 |   865.0 |   42,87 |-0,0010 |1593226817846 |    [0.5746941] |          [1.0] |
| Hf2_100 | 4 |    1500 |    5000 |   30 |  0.45 |standard | sshape3 |     995 |  1514.0 |   865.0 |   42,87 |-0,0010 |1593226817846 |    [0.5746941] |          [1.0] |
| Hf2_100 | 4 |    2000 |    5000 |   30 |0.33333334 |standard | sshape3 |     995 |  1514.0 |   865.0 |   42,87 |-0,0010 |1593226817846 |    [0.5746941] |          [1.0] |
| Hf2_100 | 4 |    2500 |    5000 |   35 |   0.4 |standard | sshape3 |     995 |  1514.0 |   865.0 |   42,87 |-0,0010 |1593226817846 |    [0.5746941] |          [0.0] |
| Hf2_100 | 4 |    3000 |    5000 |   35 |0.37142858 |standard | sshape3 |     995 |  1514.0 |   865.0 |   42,87 |-0,0010 |1593226817846 |    [0.5746941] |          [1.0] |
| Hf2_100 | 4 |    3500 |    5000 |   35 |0.2857143 |standard | sshape3 |     995 |  1514.0 |   865.0 |   42,87 |-0,0010 |1593226817846 |    [0.5746941] |          [1.0] |
| Hf2_100 | 4 |    4000 |    5000 |   35 |0.42857143 |standard | sshape3 |     995 |  1514.0 |   865.0 |   42,87 |-0,0010 |1593226817846 |    [0.5746941] |          [1.0] |
| Hf2_100 | 4 |    4500 |    5000 |   40 |   0.4 |standard | sshape3 |     995 |  1514.0 |   865.0 |   42,87 |-0,0010 |1593226817846 |    [0.5746941] |          [0.0] |
| Hf2_100 | 4 |    5000 |    5000 |   40 |   0.3 |standard | sshape3 |     995 |  1514.0 |   865.0 |   42,87 |-0,0010 |1593226817846 |    [0.5746941] |          [1.0] |
| Hf2_100 | 4 |    5001 |    5000 |   40 |   0.3 |standard | sshape3 |     995 |  1514.0 |   865.0 |   42,87 | 0,12 |1593226817846 |    [0.5746941] |          [1.0] |
| Hf2_100 | 5 |       1 |    5000 |   25 |  0.25 |standard | sshape3 |     995 |  1514.0 |   865.0 |   42,87 |  0,0 |1593226817970 |    [0.2223689] |          [1.0] |
| Hf2_100 | 5 |     500 |    5000 |   25 |  0.36 |standard | sshape3 |     995 |  1514.0 |   865.0 |   42,87 |  0,0 |1593226817970 |    [0.2223689] |          [1.0] |
| Hf2_100 | 5 |    1000 |    5000 |   25 |  0.32 |standard | sshape3 |     995 |  1514.0 |   865.0 |   42,87 |  0,0 |1593226817970 |    [0.2223689] |          [1.0] |
| Hf2_100 | 5 |    1500 |    5000 |   30 |  0.16 |standard | sshape3 |     995 |  1514.0 |   865.0 |   42,87 |  0,0 |1593226817970 |    [0.2223689] |          [0.0] |
| Hf2_100 | 5 |    2000 |    5000 |   30 |0.33333334 |standard | sshape3 |     995 |  1514.0 |   865.0 |   42,87 |  0,0 |1593226817970 |    [0.2223689] |          [1.0] |
| Hf2_100 | 5 |    2500 |    5000 |   30 |0.13333334 |standard | sshape3 |     995 |  1514.0 |   865.0 |   42,87 |  0,0 |1593226817970 |   [0.90559024] |          [1.0] |
| Hf2_100 | 5 |    3000 |    5000 |   30 |0.33333334 |standard | sshape3 |     995 |  1514.0 |   865.0 |   42,87 |  0,0 |1593226817970 |   [0.90559024] |          [1.0] |
| Hf2_100 | 5 |    3500 |    5000 |   35 |   0.3 |standard | sshape3 |     995 |  1514.0 |   865.0 |   42,87 |  0,0 |1593226817970 |   [0.90559024] |          [0.0] |
| Hf2_100 | 5 |    4000 |    5000 |   35 |0.37142858 |standard | sshape3 |     995 |  1514.0 |   865.0 |   42,87 |  0,0 |1593226817970 |   [0.90559024] |          [1.0] |
| Hf2_100 | 5 |    4500 |    5000 |   35 |0.2857143 |standard | sshape3 |     995 |  1514.0 |   865.0 |   42,87 |  0,0 |1593226817970 |   [0.90559024] |          [1.0] |
| Hf2_100 | 5 |    5000 |    5000 |   35 |0.34285715 |standard | sshape3 |     995 |  1514.0 |   865.0 |   42,87 |  0,0 |1593226817970 |   [0.90559024] |          [1.0] |
| Hf2_100 | 5 |    5001 |    5000 |   35 |0.34285715 |standard | sshape3 |     995 |  1514.0 |   865.0 |   42,87 | 0,10 |1593226817970 |   [0.90559024] |          [1.0] |
| Hf2_100 | 6 |       1 |    5000 |   25 |  0.25 |standard | sshape3 |     995 |  1514.0 |   865.0 |   42,87 |-0,0010 |1593226818074 |   [0.86371034] |          [1.0] |
| Hf2_100 | 6 |     500 |    5000 |   30 |  0.32 |standard | sshape3 |     995 |  1514.0 |   865.0 |   42,87 |-0,0010 |1593226818074 |   [0.86371034] |          [0.0] |
| Hf2_100 | 6 |    1000 |    5000 |   30 |   0.3 |standard | sshape3 |     995 |  1514.0 |   865.0 |   42,87 |-0,0010 |1593226818074 |   [0.86371034] |          [1.0] |
| Hf2_100 | 6 |    1500 |    5000 |   30 |   0.3 |standard | sshape3 |     995 |  1514.0 |   865.0 |   42,87 |-0,0010 |1593226818074 |   [0.86371034] |          [1.0] |
| Hf2_100 | 6 |    2000 |    5000 |   30 |   0.4 |standard | sshape3 |     995 |  1514.0 |   865.0 |   42,87 |-0,0010 |1593226818074 |   [0.86371034] |          [1.0] |
| Hf2_100 | 6 |    2500 |    5000 |   35 |0.33333334 |standard | sshape3 |     995 |  1514.0 |   865.0 |   42,87 |-0,0010 |1593226818074 |   [0.86371034] |          [0.0] |
| Hf2_100 | 6 |    3000 |    5000 |   35 |0.37142858 |standard | sshape3 |     995 |  1514.0 |   865.0 |   42,87 |-0,0010 |1593226818074 |   [0.86371034] |          [1.0] |
| Hf2_100 | 6 |    3500 |    5000 |   35 |  0.45 |standard | sshape3 |     995 |  1514.0 |   865.0 |   42,87 |-0,0010 |1593226818074 |   [0.86371034] |          [1.0] |
| Hf2_100 | 6 |    4000 |    5000 |   35 |0.25714287 |standard | sshape3 |     995 |  1514.0 |   865.0 |   42,87 |-0,0010 |1593226818074 |   [0.86371034] |          [1.0] |
| Hf2_100 | 6 |    4500 |    5000 |   40 |0.25714287 |standard | sshape3 |     995 |  1514.0 |   865.0 |   42,87 |-0,0010 |1593226818074 |   [0.86371034] |          [0.0] |
| Hf2_100 | 6 |    5000 |    5000 |   40 | 0.375 |standard | sshape3 |     995 |  1514.0 |   865.0 |   42,87 |-0,0010 |1593226818074 |   [0.86371034] |          [1.0] |
| Hf2_100 | 6 |    5001 |    5000 |   40 | 0.375 |standard | sshape3 |     995 |  1514.0 |   865.0 |   42,87 | 0,11 |1593226818074 |   [0.86371034] |          [1.0] |
| Hf2_100 | 7 |       1 |    5000 |   25 |  0.25 |standard | sshape3 |     995 |  1514.0 |   865.0 |   42,87 |  0,0 |1593226818183 |  [0.047911525] |          [1.0] |
| Hf2_100 | 7 |     500 |    5000 |   25 |  0.32 |standard | sshape3 |     995 |  1514.0 |   865.0 |   42,87 |  0,0 |1593226818183 |  [0.047911525] |          [1.0] |
| Hf2_100 | 7 |    1000 |    5000 |   25 |   0.4 |standard | sshape3 |     995 |  1514.0 |   865.0 |   42,87 |  0,0 |1593226818183 |  [0.047911525] |          [1.0] |
| Hf2_100 | 7 |    1500 |    5000 |   30 |  0.16 |standard | sshape3 |     995 |  1514.0 |   865.0 |   42,87 |  0,0 |1593226818183 |  [0.047911525] |          [0.0] |
| Hf2_100 | 7 |    2000 |    5000 |   30 |0.26666668 |standard | sshape3 |     995 |  1514.0 |   865.0 |   42,87 |  0,0 |1593226818183 |  [0.047911525] |          [1.0] |
| Hf2_100 | 7 |    2500 |    5000 |   30 |0.26666668 |standard | sshape3 |     995 |  1514.0 |   865.0 |   42,87 |  0,0 |1593226818183 |   [0.15465617] |          [1.0] |
| Hf2_100 | 7 |    3000 |    5000 |   30 |0.33333334 |standard | sshape3 |     995 |  1514.0 |   865.0 |   42,87 |  0,0 |1593226818183 |   [0.15465617] |          [1.0] |
| Hf2_100 | 7 |    3500 |    5000 |   35 |0.26666668 |standard | sshape3 |     995 |  1514.0 |   865.0 |   42,87 |  0,0 |1593226818183 |   [0.15465617] |          [0.0] |
| Hf2_100 | 7 |    4000 |    5000 |   35 |   0.4 |standard | sshape3 |     995 |  1514.0 |   865.0 |   42,87 |  0,0 |1593226818183 |   [0.15465617] |          [1.0] |
| Hf2_100 | 7 |    4500 |    5000 |   35 |0.2857143 |standard | sshape3 |     995 |  1514.0 |   865.0 |   42,87 |  0,0 |1593226818183 |   [0.15465617] |          [1.0] |
| Hf2_100 | 7 |    5000 |    5000 |   35 |0.25714287 |standard | sshape3 |     995 |  1514.0 |   865.0 |   42,87 |  0,0 |1593226818183 |   [0.15465617] |          [1.0] |
| Hf2_100 | 7 |    5001 |    5000 |   35 |0.25714287 |standard | sshape3 |     995 |  1514.0 |   865.0 |   42,87 |0,099 |1593226818183 |   [0.15465617] |          [1.0] |
| Hf2_100 | 8 |       1 |    5000 |   25 |  0.25 |standard | sshape3 |     995 |  1514.0 |   865.0 |   42,87 |  0,0 |1593226818282 |   [0.92754674] |          [1.0] |
| Hf2_100 | 8 |     500 |    5000 |   30 |  0.24 |standard | sshape3 |     995 |  1514.0 |   865.0 |   42,87 |  0,0 |1593226818282 |   [0.92754674] |          [0.0] |
| Hf2_100 | 8 |    1000 |    5000 |   30 |  0.45 |standard | sshape3 |     995 |  1514.0 |   865.0 |   42,87 |  0,0 |1593226818282 |   [0.92754674] |          [1.0] |
| Hf2_100 | 8 |    1500 |    5000 |   30 |0.36666667 |standard | sshape3 |     995 |  1514.0 |   865.0 |   42,87 |  0,0 |1593226818282 |   [0.92754674] |          [1.0] |
| Hf2_100 | 8 |    2000 |    5000 |   30 |   0.3 |standard | sshape3 |     995 |  1514.0 |   865.0 |   42,87 |  0,0 |1593226818282 |   [0.92754674] |          [1.0] |
| Hf2_100 | 8 |    2500 |    5000 |   35 |0.33333334 |standard | sshape3 |     995 |  1514.0 |   865.0 |   42,87 |  0,0 |1593226818282 |   [0.92754674] |          [0.0] |
| Hf2_100 | 8 |    3000 |    5000 |   35 |0.34285715 |standard | sshape3 |     995 |  1514.0 |   865.0 |   42,87 |  0,0 |1593226818282 |   [0.92754674] |          [1.0] |
| Hf2_100 | 8 |    3500 |    5000 |   35 |0.34285715 |standard | sshape3 |     995 |  1514.0 |   865.0 |   42,87 |  0,0 |1593226818282 |   [0.92754674] |          [1.0] |
| Hf2_100 | 8 |    4000 |    5000 |   35 |0.2857143 |standard | sshape3 |     995 |  1514.0 |   865.0 |   42,87 |  0,0 |1593226818282 |   [0.92754674] |          [1.0] |
| Hf2_100 | 8 |    4500 |    5000 |   40 |0.22857143 |standard | sshape3 |     995 |  1514.0 |   865.0 |   42,87 |  0,0 |1593226818282 |   [0.92754674] |          [0.0] |
| Hf2_100 | 8 |    5000 |    5000 |   40 |  0.35 |standard | sshape3 |     995 |  1514.0 |   865.0 |   42,87 |  0,0 |1593226818282 |   [0.92754674] |          [1.0] |
| Hf2_100 | 8 |    5001 |    5000 |   40 |  0.35 |standard | sshape3 |     995 |  1514.0 |   865.0 |   42,87 | 0,10 |1593226818282 |   [0.92754674] |          [1.0] |
| Hf2_100 | 9 |       1 |    5000 |   25 |  0.25 |standard | sshape3 |     995 |  1514.0 |   865.0 |   42,87 |  0,0 |1593226818387 |    [0.8848564] |          [1.0] |
| Hf2_100 | 9 |     500 |    5000 |   25 |  0.24 |standard | sshape3 |     995 |  1514.0 |   865.0 |   42,87 |  0,0 |1593226818387 |    [0.8848564] |          [1.0] |
| Hf2_100 | 9 |    1000 |    5000 |   25 |  0.24 |standard | sshape3 |     995 |  1514.0 |   865.0 |   42,87 |  0,0 |1593226818387 |    [0.8848564] |          [1.0] |
| Hf2_100 | 9 |    1500 |    5000 |   30 |   0.2 |standard | sshape3 |     995 |  1514.0 |   865.0 |   42,87 |  0,0 |1593226818387 |    [0.8848564] |          [0.0] |
| Hf2_100 | 9 |    2000 |    5000 |   30 |   0.2 |standard | sshape3 |     995 |  1514.0 |   865.0 |   42,87 |  0,0 |1593226818387 |    [0.8848564] |          [1.0] |
| Hf2_100 | 9 |    2500 |    5000 |   30 |  0.45 |standard | sshape3 |     995 |  1514.0 |   865.0 |   42,87 |  0,0 |1593226818387 |    [0.8848564] |          [1.0] |
| Hf2_100 | 9 |    3000 |    5000 |   30 |0.26666668 |standard | sshape3 |     995 |  1514.0 |   865.0 |   42,87 |  0,0 |1593226818387 |    [0.8848564] |          [1.0] |
| Hf2_100 | 9 |    3500 |    5000 |   35 |0.23333333 |standard | sshape3 |     995 |  1514.0 |   865.0 |   42,87 |  0,0 |1593226818387 |    [0.8848564] |          [0.0] |
| Hf2_100 | 9 |    4000 |    5000 |   35 |0.31428573 |standard | sshape3 |     995 |  1514.0 |   865.0 |   42,87 |  0,0 |1593226818387 |    [0.8848564] |          [1.0] |
| Hf2_100 | 9 |    4500 |    5000 |   35 |0.2857143 |standard | sshape3 |     995 |  1514.0 |   865.0 |   42,87 |  0,0 |1593226818387 |    [0.8848564] |          [1.0] |
| Hf2_100 | 9 |    5000 |    5000 |   35 |   0.4 |standard | sshape3 |     995 |  1514.0 |   865.0 |   42,87 |  0,0 |1593226818387 |    [0.8848564] |          [1.0] |
| Hf2_100 | 9 |    5001 |    5000 |   35 |   0.4 |standard | sshape3 |     995 |  1514.0 |   865.0 |   42,87 |0,092 |1593226818387 |    [0.8848564] |          [1.0] |
| Hf2_100 |10 |       1 |    5000 |   25 |  0.25 |standard | sshape3 |     995 |  1514.0 |   865.0 |   42,87 |-0,0010 |1593226818480 |   [0.70930415] |          [1.0] |
| Hf2_100 |10 |     500 |    5000 |   30 |  0.28 |standard | sshape3 |     995 |  1514.0 |   865.0 |   42,87 |-0,0010 |1593226818480 |   [0.70930415] |          [0.0] |
| Hf2_100 |10 |    1000 |    5000 |   30 |   0.2 |standard | sshape3 |     995 |  1514.0 |   865.0 |   42,87 |-0,0010 |1593226818480 |   [0.70930415] |          [1.0] |
| Hf2_100 |10 |    1500 |    5000 |   30 |0.23333333 |standard | sshape3 |     995 |  1514.0 |   865.0 |   42,87 |-0,0010 |1593226818480 |   [0.70930415] |          [1.0] |
| Hf2_100 |10 |    2000 |    5000 |   30 |0.36666667 |standard | sshape3 |     995 |  1514.0 |   865.0 |   42,87 |-0,0010 |1593226818480 |   [0.70930415] |          [1.0] |
| Hf2_100 |10 |    2500 |    5000 |   35 |   0.4 |standard | sshape3 |     995 |  1514.0 |   865.0 |   42,87 |-0,0010 |1593226818480 |   [0.70930415] |          [0.0] |
| Hf2_100 |10 |    3000 |    5000 |   35 |0.2857143 |standard | sshape3 |     995 |  1514.0 |   865.0 |   42,87 |-0,0010 |1593226818480 |   [0.70930415] |          [1.0] |
| Hf2_100 |10 |    3500 |    5000 |   35 |   0.2 |standard | sshape3 |     995 |  1514.0 |   865.0 |   42,87 |-0,0010 |1593226818480 |   [0.70930415] |          [1.0] |
| Hf2_100 |10 |    4000 |    5000 |   35 |0.25714287 |standard | sshape3 |     995 |  1514.0 |   865.0 |   42,87 |-0,0010 |1593226818480 |   [0.70930415] |          [1.0] |
| Hf2_100 |10 |    4500 |    5000 |   40 |0.34285715 |standard | sshape3 |     995 |  1514.0 |   865.0 |   42,87 |-0,0010 |1593226818480 |   [0.70930415] |          [0.0] |
| Hf2_100 |10 |    5000 |    5000 |   40 |   0.3 |standard | sshape3 |     995 |  1514.0 |   865.0 |   42,87 |-0,0010 |1593226818480 |   [0.70930415] |          [1.0] |
| Hf2_100 |10 |    5001 |    5000 |   40 |   0.3 |standard | sshape3 |     995 |  1514.0 |   865.0 |   42,87 | 0,12 |1593226818480 |   [0.70930415] |          [1.0] |
| Hf2_100 |11 |       1 |    5000 |   25 |  0.25 |standard | sshape3 |     995 |  1514.0 |   865.0 |   42,87 |  0,0 |1593226818598 |  [0.017480731] |          [1.0] |
| Hf2_100 |11 |     500 |    5000 |   25 |  0.28 |standard | sshape3 |     995 |  1514.0 |   865.0 |   42,87 |  0,0 |1593226818598 |  [0.017480731] |          [1.0] |
| Hf2_100 |11 |    1000 |    5000 |   25 |   0.4 |standard | sshape3 |     995 |  1514.0 |   865.0 |   42,87 |  0,0 |1593226818598 |  [0.017480731] |          [1.0] |
| Hf2_100 |11 |    1500 |    5000 |   30 |  0.45 |standard | sshape3 |     995 |  1514.0 |   865.0 |   42,87 |  0,0 |1593226818598 |  [0.017480731] |          [0.0] |
| Hf2_100 |11 |    2000 |    5000 |   30 |   0.3 |standard | sshape3 |     995 |  1514.0 |   865.0 |   42,87 |  0,0 |1593226818598 |  [0.017480731] |          [1.0] |
| Hf2_100 |11 |    2500 |    5000 |   30 |   0.3 |standard | sshape3 |     995 |  1514.0 |   865.0 |   42,87 |  0,0 |1593226818598 |  [0.017480731] |          [1.0] |
| Hf2_100 |11 |    3000 |    5000 |   30 |0.36666667 |standard | sshape3 |     995 |  1514.0 |   865.0 |   42,87 |  0,0 |1593226818598 |  [0.017480731] |          [1.0] |
| Hf2_100 |11 |    3500 |    5000 |   35 |0.43333334 |standard | sshape3 |     995 |  1514.0 |   865.0 |   42,87 |  0,0 |1593226818598 |  [0.017480731] |          [0.0] |
| Hf2_100 |11 |    4000 |    5000 |   35 |0.22857143 |standard | sshape3 |     995 |  1514.0 |   865.0 |   42,87 |  0,0 |1593226818598 |  [0.017480731] |          [1.0] |
| Hf2_100 |11 |    4500 |    5000 |   35 |   0.4 |standard | sshape3 |     995 |  1514.0 |   865.0 |   42,87 |  0,0 |1593226818598 |  [0.017480731] |          [1.0] |
| Hf2_100 |11 |    5000 |    5000 |   35 |   0.4 |standard | sshape3 |     995 |  1514.0 |   865.0 |   42,87 |  0,0 |1593226818598 |  [0.017480731] |          [1.0] |
| Hf2_100 |11 |    5001 |    5000 |   35 |   0.4 |standard | sshape3 |     995 |  1514.0 |   865.0 |   42,87 | 0,12 |1593226818598 |  [0.017480731] |          [1.0] |
| Hf2_100 |12 |       1 |    5000 |   25 |  0.25 |standard | sshape3 |     995 |  1514.0 |   865.0 |   42,87 |  0,0 |1593226818716 |   [0.19831187] |          [1.0] |
| Hf2_100 |12 |     500 |    5000 |   30 |  0.28 |standard | sshape3 |     995 |  1514.0 |   865.0 |   42,87 |  0,0 |1593226818716 |   [0.19831187] |          [0.0] |
| Hf2_100 |12 |    1000 |    5000 |   30 |   0.3 |standard | sshape3 |     995 |  1514.0 |   865.0 |   42,87 |  0,0 |1593226818716 |   [0.19831187] |          [1.0] |
| Hf2_100 |12 |    1500 |    5000 |   30 |0.36666667 |standard | sshape3 |     995 |  1514.0 |   865.0 |   42,87 |  0,0 |1593226818716 |   [0.19831187] |          [1.0] |
| Hf2_100 |12 |    2000 |    5000 |   30 |  0.45 |standard | sshape3 |     995 |  1514.0 |   865.0 |   42,87 |  0,0 |1593226818716 |   [0.19831187] |          [1.0] |
| Hf2_100 |12 |    2500 |    5000 |   35 |0.43333334 |standard | sshape3 |     995 |  1514.0 |   865.0 |   42,87 |  0,0 |1593226818716 |   [0.19831187] |          [0.0] |
| Hf2_100 |12 |    3000 |    5000 |   35 |0.37142858 |standard | sshape3 |     995 |  1514.0 |   865.0 |   42,87 |  0,0 |1593226818716 |   [0.19831187] |          [1.0] |
| Hf2_100 |12 |    3500 |    5000 |   35 |   0.4 |standard | sshape3 |     995 |  1514.0 |   865.0 |   42,87 |  0,0 |1593226818716 |   [0.94837713] |          [1.0] |
| Hf2_100 |12 |    4000 |    5000 |   35 |0.42857143 |standard | sshape3 |     995 |  1514.0 |   865.0 |   42,87 |  0,0 |1593226818716 |   [0.12826544] |          [1.0] |
| Hf2_100 |12 |    4500 |    5000 |   40 |0.2857143 |standard | sshape3 |     995 |  1514.0 |   865.0 |   42,87 |  0,0 |1593226818716 |   [0.12826544] |          [0.0] |
| Hf2_100 |12 |    5000 |    5000 |   40 | 0.425 |standard | sshape3 |     995 |  1514.0 |   865.0 |   42,87 |  0,0 |1593226818716 |   [0.12826544] |          [1.0] |
| Hf2_100 |12 |    5001 |    5000 |   40 | 0.425 |standard | sshape3 |     995 |  1514.0 |   865.0 |   42,87 | 0,12 |1593226818716 |   [0.12826544] |          [1.0] |
| Hf2_100 |13 |       1 |    5000 |   25 |  0.25 |standard | sshape3 |     995 |  1514.0 |   865.0 |   42,87 |  0,0 |1593226818831 |   [0.19165075] |          [1.0] |
| Hf2_100 |13 |     500 |    5000 |   25 |  0.32 |standard | sshape3 |     995 |  1514.0 |   865.0 |   42,87 |  0,0 |1593226818831 |   [0.19165075] |          [1.0] |
| Hf2_100 |13 |    1000 |    5000 |   25 |  0.28 |standard | sshape3 |     995 |  1514.0 |   865.0 |   42,87 |  0,0 |1593226818831 |   [0.19165075] |          [1.0] |
| Hf2_100 |13 |    1500 |    5000 |   30 |  0.28 |standard | sshape3 |     995 |  1514.0 |   865.0 |   42,87 |  0,0 |1593226818831 |   [0.19165075] |          [0.0] |
| Hf2_100 |13 |    2000 |    5000 |   30 |0.26666668 |standard | sshape3 |     995 |  1514.0 |   865.0 |   42,87 |  0,0 |1593226818831 |    [0.9273254] |          [1.0] |
| Hf2_100 |13 |    2500 |    5000 |   30 |0.23333333 |standard | sshape3 |     995 |  1514.0 |   865.0 |   42,87 |  0,0 |1593226818831 |    [0.9273254] |          [1.0] |
| Hf2_100 |13 |    3000 |    5000 |   30 |0.33333334 |standard | sshape3 |     995 |  1514.0 |   865.0 |   42,87 |  0,0 |1593226818831 |    [0.9273254] |          [1.0] |
| Hf2_100 |13 |    3500 |    5000 |   35 |0.43333334 |standard | sshape3 |     995 |  1514.0 |   865.0 |   42,87 |  0,0 |1593226818831 |    [0.9273254] |          [0.0] |
| Hf2_100 |13 |    4000 |    5000 |   35 |0.37142858 |standard | sshape3 |     995 |  1514.0 |   865.0 |   42,87 |  0,0 |1593226818831 |    [0.9273254] |          [1.0] |
| Hf2_100 |13 |    4500 |    5000 |   35 |0.37142858 |standard | sshape3 |     995 |  1514.0 |   865.0 |   42,87 |  0,0 |1593226818831 |    [0.9273254] |          [1.0] |
| Hf2_100 |13 |    5000 |    5000 |   35 |0.37142858 |standard | sshape3 |     995 |  1514.0 |   865.0 |   42,87 |  0,0 |1593226818831 |    [0.9273254] |          [1.0] |
| Hf2_100 |13 |    5001 |    5000 |   35 |0.37142858 |standard | sshape3 |     995 |  1514.0 |   865.0 |   42,87 | 0,10 |1593226818831 |    [0.9273254] |          [1.0] |
| Hf2_100 |14 |       1 |    5000 |   25 |  0.25 |standard | sshape3 |     995 |  1514.0 |   865.0 |   42,87 |  0,0 |1593226818931 |   [0.76558346] |          [1.0] |
| Hf2_100 |14 |     500 |    5000 |   30 |   0.4 |standard | sshape3 |     995 |  1514.0 |   865.0 |   42,87 |  0,0 |1593226818931 |   [0.76558346] |          [0.0] |
| Hf2_100 |14 |    1000 |    5000 |   30 |   0.4 |standard | sshape3 |     995 |  1514.0 |   865.0 |   42,87 |  0,0 |1593226818931 |   [0.76558346] |          [1.0] |
| Hf2_100 |14 |    1500 |    5000 |   30 |   0.4 |standard | sshape3 |     995 |  1514.0 |   865.0 |   42,87 |  0,0 |1593226818931 |   [0.76558346] |          [1.0] |
| Hf2_100 |14 |    2000 |    5000 |   30 |   0.3 |standard | sshape3 |     995 |  1514.0 |   865.0 |   42,87 |  0,0 |1593226818931 |   [0.76558346] |          [1.0] |
| Hf2_100 |14 |    2500 |    5000 |   35 |0.33333334 |standard | sshape3 |     995 |  1514.0 |   865.0 |   42,87 |  0,0 |1593226818931 |   [0.76558346] |          [0.0] |
| Hf2_100 |14 |    3000 |    5000 |   35 |0.37142858 |standard | sshape3 |     995 |  1514.0 |   865.0 |   42,87 |  0,0 |1593226818931 |   [0.76558346] |          [1.0] |
| Hf2_100 |14 |    3500 |    5000 |   35 |0.17142858 |standard | sshape3 |     995 |  1514.0 |   865.0 |   42,87 |  0,0 |1593226818931 |   [0.76558346] |          [1.0] |
| Hf2_100 |14 |    4000 |    5000 |   35 |0.37142858 |standard | sshape3 |     995 |  1514.0 |   865.0 |   42,87 |  0,0 |1593226818931 |   [0.76558346] |          [1.0] |
| Hf2_100 |14 |    4500 |    5000 |   40 |  0.45 |standard | sshape3 |     995 |  1514.0 |   865.0 |   42,87 |  0,0 |1593226818931 |   [0.76558346] |          [0.0] |
| Hf2_100 |14 |    5000 |    5000 |   40 | 0.375 |standard | sshape3 |     995 |  1514.0 |   865.0 |   42,87 |  0,0 |1593226818931 |   [0.76558346] |          [1.0] |
| Hf2_100 |14 |    5001 |    5000 |   40 | 0.375 |standard | sshape3 |     995 |  1514.0 |   865.0 |   42,87 | 0,10 |1593226818931 |   [0.76558346] |          [1.0] |
| Hf2_100 |15 |       1 |    5000 |   25 |  0.25 |standard | sshape3 |     995 |  1514.0 |   865.0 |   42,87 |  0,0 |1593226819034 |   [0.61831266] |          [1.0] |
| Hf2_100 |15 |     500 |    5000 |   25 |  0.32 |standard | sshape3 |     995 |  1514.0 |   865.0 |   42,87 |  0,0 |1593226819034 |   [0.61831266] |          [1.0] |
| Hf2_100 |15 |    1000 |    5000 |   25 |  0.45 |standard | sshape3 |     995 |  1514.0 |   865.0 |   42,87 |  0,0 |1593226819034 |   [0.61831266] |          [1.0] |
| Hf2_100 |15 |    1500 |    5000 |   30 |  0.36 |standard | sshape3 |     995 |  1514.0 |   865.0 |   42,87 |  0,0 |1593226819034 |   [0.61831266] |          [0.0] |
| Hf2_100 |15 |    2000 |    5000 |   30 |  0.45 |standard | sshape3 |     995 |  1514.0 |   865.0 |   42,87 |  0,0 |1593226819034 |   [0.61831266] |          [1.0] |
| Hf2_100 |15 |    2500 |    5000 |   30 |  0.45 |standard | sshape3 |     995 |  1514.0 |   865.0 |   42,87 |  0,0 |1593226819034 |   [0.61831266] |          [1.0] |
| Hf2_100 |15 |    3000 |    5000 |   30 |0.33333334 |standard | sshape3 |     995 |  1514.0 |   865.0 |   42,87 |  0,0 |1593226819034 |   [0.61831266] |          [1.0] |
| Hf2_100 |15 |    3500 |    5000 |   35 |   0.4 |standard | sshape3 |     995 |  1514.0 |   865.0 |   42,87 |  0,0 |1593226819034 |   [0.61831266] |          [0.0] |
| Hf2_100 |15 |    4000 |    5000 |   35 |0.2857143 |standard | sshape3 |     995 |  1514.0 |   865.0 |   42,87 |  0,0 |1593226819034 |   [0.61831266] |          [1.0] |
| Hf2_100 |15 |    4500 |    5000 |   35 |0.2857143 |standard | sshape3 |     995 |  1514.0 |   865.0 |   42,87 |  0,0 |1593226819034 |   [0.61831266] |          [1.0] |
| Hf2_100 |15 |    5000 |    5000 |   35 |0.31428573 |standard | sshape3 |     995 |  1514.0 |   865.0 |   42,87 |  0,0 |1593226819034 |   [0.61831266] |          [1.0] |
| Hf2_100 |15 |    5001 |    5000 |   35 |0.31428573 |standard | sshape3 |     995 |  1514.0 |   865.0 |   42,87 |0,097 |1593226819034 |   [0.61831266] |          [1.0] |
