| # | Nest | %Desc |#Iter |Instancia | CapMoch |ValOptmo | BestFit |     RDP | time |      semilla |VectorSolucion |
-------------------------------------------------------------------------------------------------
| 1 |   25 |  0.25 | 2500 |      f9 |      80 |   130.0 |   130.0 |    0,00 |-1,6e+09 |1592499290757 |[0.18657327, 0.45652115, 0.45005095, 0.69801533, 0.3451776] |
| 2 |   25 |  0.25 | 2500 |      f9 |      80 |   130.0 |   130.0 |    0,00 |-0,0010 |1592499290758 |[0.3739696, 0.22108072, 0.630369, 0.17437887, 0.60802186] |
| 3 |   25 |  0.25 | 2500 |      f9 |      80 |   130.0 |   130.0 |    0,00 |-0,0010 |1592499290760 |[0.2425713, 0.3597123, 0.24441206, 0.7455512, 0.708116] |
| 4 |   25 |  0.25 | 2500 |      f9 |      80 |   130.0 |   130.0 |    0,00 |  0,0 |1592499290761 |[0.67913973, 0.63205385, 0.035007477, 0.42242593, 0.9653389] |
| 5 |   25 |  0.25 | 2500 |      f9 |      80 |   130.0 |   130.0 |    0,00 |  0,0 |1592499290762 |[0.5865975, 0.6411273, 0.86607975, 0.14841884, 0.82205003] |
| 6 |   25 |  0.25 | 2500 |      f9 |      80 |   130.0 |   130.0 |    0,00 |  0,0 |1592499290762 |[0.6509192, 0.8651206, 0.5015901, 0.33430672, 0.40931994] |
| 7 |   25 |  0.25 | 2500 |      f9 |      80 |   130.0 |   130.0 |    0,00 |  0,0 |1592499290763 |[0.55537486, 0.7536887, 0.61396384, 0.2416271, 0.91002953] |
| 8 |   25 |  0.25 | 2500 |      f9 |      80 |   130.0 |   130.0 |    0,00 |  0,0 |1592499290764 |[0.6182349, 0.7519974, 0.54093474, 0.3556561, 0.9200185] |
| 9 |   25 |  0.25 | 2500 |      f9 |      80 |   130.0 |   130.0 |    0,00 |-0,0010 |1592499290765 |[0.26790917, 0.20778334, 0.13806045, 0.4114042, 0.3480612] |
|10 |   25 |  0.25 | 2500 |      f9 |      80 |   130.0 |   130.0 |    0,00 |-0,0010 |1592499290766 |[0.70123833, 0.99969226, 0.018430352, 0.5724755, 0.11719358] |
|11 |   25 |  0.25 | 2500 |      f9 |      80 |   130.0 |   130.0 |    0,00 |-0,0010 |1592499290767 |[0.30329382, 0.7239994, 0.22209805, 0.160195, 0.1211341] |
|12 |   25 |  0.25 | 2500 |      f9 |      80 |   130.0 |   130.0 |    0,00 |-0,0010 |1592499290768 |[0.79133946, 0.44301498, 0.9078048, 0.63838726, 0.3862958] |
|13 |   25 |  0.25 | 2500 |      f9 |      80 |   130.0 |   130.0 |    0,00 |  0,0 |1592499290769 |[0.5154412, 0.9415957, 0.8890902, 0.7806618, 0.2999143] |
|14 |   25 |  0.25 | 2500 |      f9 |      80 |   130.0 |   130.0 |    0,00 |  0,0 |1592499290770 |[0.9494974, 0.97534055, 0.57476854, 0.540741, 0.6185459] |
|15 |   25 |  0.25 | 2500 |      f9 |      80 |   130.0 |   130.0 |    0,00 |-0,0010 |1592499290772 |[0.2602995, 0.5646856, 0.39817882, 0.9450159, 0.8642831] |
