| # | Nest | %Desc |#Iter |Instancia | CapMoch |ValOptmo | BestFit |     RDP | time |      semilla |VectorSolucion |
-------------------------------------------------------------------------------------------------
| 1 |   50 |  0.25 | 5000 |      f1 |     269 |   295.0 |   290.0 |    1,69 |-1,6e+09 |1592521168785 |[0.56426334, 0.3716756, 0.9007725, 0.49830973, 0.40595067, 0.13133061, 0.7558906, 0.48767835, 0.8583857, 0.101891994] |
| 1 |   50 |  0.34 | 5000 |      f1 |     269 |   295.0 |   290.0 |    1,69 |-1,6e+09 |1592521168785 |[0.56426334, 0.3716756, 0.9007725, 0.49830973, 0.40595067, 0.13133061, 0.7558906, 0.48767835, 0.8583857, 0.101891994] |
| 1 |   50 |  0.32 | 5000 |      f1 |     269 |   295.0 |   290.0 |    1,69 |-1,6e+09 |1592521168785 |[0.56426334, 0.3716756, 0.9007725, 0.49830973, 0.40595067, 0.13133061, 0.7558906, 0.48767835, 0.8583857, 0.101891994] |
| 1 |   55 |  0.34 | 5000 |      f1 |     269 |   295.0 |   290.0 |    1,69 |-1,6e+09 |1592521168785 |[0.56426334, 0.3716756, 0.9007725, 0.49830973, 0.40595067, 0.13133061, 0.7558906, 0.48767835, 0.8583857, 0.101891994] |
| 1 |   55 |  0.45 | 5000 |      f1 |     269 |   295.0 |   290.0 |    1,69 |-1,6e+09 |1592521168785 |[0.56426334, 0.3716756, 0.9007725, 0.49830973, 0.40595067, 0.13133061, 0.7558906, 0.48767835, 0.8583857, 0.101891994] |
| 1 |   55 |0.34545454 | 5000 |      f1 |     269 |   295.0 |   290.0 |    1,69 |-1,6e+09 |1592521168785 |[0.29399717, 0.39093637, 0.94990563, 0.62870777, 0.9555115, 0.18479955, 0.37787366, 0.69916475, 0.6201849, 0.029099941] |
| 1 |   55 |0.3090909 | 5000 |      f1 |     269 |   295.0 |   290.0 |    1,69 |-1,6e+09 |1592521168785 |[0.235142, 0.9186705, 0.9081611, 0.15524435, 0.57955056, 0.83358806, 0.5856267, 0.61972266, 0.012164533, 0.42597395] |
| 1 |   60 |0.25454545 | 5000 |      f1 |     269 |   295.0 |   290.0 |    1,69 |-1,6e+09 |1592521168785 |[0.235142, 0.9186705, 0.9081611, 0.15524435, 0.57955056, 0.83358806, 0.5856267, 0.61972266, 0.012164533, 0.42597395] |
| 1 |   60 |  0.45 | 5000 |      f1 |     269 |   295.0 |   290.0 |    1,69 |-1,6e+09 |1592521168785 |[0.235142, 0.9186705, 0.9081611, 0.15524435, 0.57955056, 0.83358806, 0.5856267, 0.61972266, 0.012164533, 0.42597395] |
| 1 |   60 |  0.35 | 5000 |      f1 |     269 |   295.0 |   290.0 |    1,69 |-1,6e+09 |1592521168785 |[0.235142, 0.9186705, 0.9081611, 0.15524435, 0.57955056, 0.83358806, 0.5856267, 0.61972266, 0.012164533, 0.42597395] |
| 1 |   60 |0.41666666 | 5000 |      f1 |     269 |   295.0 |   290.0 |    1,69 |-1,6e+09 |1592521168785 |[0.235142, 0.9186705, 0.9081611, 0.15524435, 0.57955056, 0.83358806, 0.5856267, 0.61972266, 0.012164533, 0.42597395] |
| 1 |   65 |0.38333333 | 5000 |      f1 |     269 |   295.0 |   290.0 |    1,69 |-1,6e+09 |1592521168785 |[0.235142, 0.9186705, 0.9081611, 0.15524435, 0.57955056, 0.83358806, 0.5856267, 0.61972266, 0.012164533, 0.42597395] |
| 1 |   65 |  0.45 | 5000 |      f1 |     269 |   295.0 |   290.0 |    1,69 |-1,6e+09 |1592521168785 |[0.235142, 0.9186705, 0.9081611, 0.15524435, 0.57955056, 0.83358806, 0.5856267, 0.61972266, 0.012164533, 0.42597395] |
| 1 |   65 |0.41538462 | 5000 |      f1 |     269 |   295.0 |   290.0 |    1,69 |-1,6e+09 |1592521168785 |[0.235142, 0.9186705, 0.9081611, 0.15524435, 0.57955056, 0.83358806, 0.5856267, 0.61972266, 0.012164533, 0.42597395] |
| 1 |   65 |0.43076923 | 5000 |      f1 |     269 |   295.0 |   290.0 |    1,69 |-1,6e+09 |1592521168785 |[0.235142, 0.9186705, 0.9081611, 0.15524435, 0.57955056, 0.83358806, 0.5856267, 0.61972266, 0.012164533, 0.42597395] |
| 1 |   70 |0.33846155 | 5000 |      f1 |     269 |   295.0 |   290.0 |    1,69 |-1,6e+09 |1592521168785 |[0.235142, 0.9186705, 0.9081611, 0.15524435, 0.57955056, 0.83358806, 0.5856267, 0.61972266, 0.012164533, 0.42597395] |
| 1 |   70 |  0.45 | 5000 |      f1 |     269 |   295.0 |   290.0 |    1,69 |-1,6e+09 |1592521168785 |[0.235142, 0.9186705, 0.9081611, 0.15524435, 0.57955056, 0.83358806, 0.5856267, 0.61972266, 0.012164533, 0.42597395] |
| 1 |   70 |0.32857144 | 5000 |      f1 |     269 |   295.0 |   290.0 |    1,69 |-1,6e+09 |1592521168785 |[0.235142, 0.9186705, 0.9081611, 0.15524435, 0.57955056, 0.83358806, 0.5856267, 0.61972266, 0.012164533, 0.42597395] |
| 1 |   70 |0.35714287 | 5000 |      f1 |     269 |   295.0 |   290.0 |    1,69 |-1,6e+09 |1592521168785 |[0.235142, 0.9186705, 0.9081611, 0.15524435, 0.57955056, 0.83358806, 0.5856267, 0.61972266, 0.012164533, 0.42597395] |
| 1 |   75 |0.3857143 | 5000 |      f1 |     269 |   295.0 |   290.0 |    1,69 |-1,6e+09 |1592521168785 |[0.235142, 0.9186705, 0.9081611, 0.15524435, 0.57955056, 0.83358806, 0.5856267, 0.61972266, 0.012164533, 0.42597395] |
| 1 |   75 |0.41333333 | 5000 |      f1 |     269 |   295.0 |   290.0 |    1,69 |-1,6e+09 |1592521168785 |[0.235142, 0.9186705, 0.9081611, 0.15524435, 0.57955056, 0.83358806, 0.5856267, 0.61972266, 0.012164533, 0.42597395] |
| 1 |   75 |0.41333333 | 5000 |      f1 |     269 |   295.0 |   290.0 |    1,69 |  3,6 |1592521168785 |[0.235142, 0.9186705, 0.9081611, 0.15524435, 0.57955056, 0.83358806, 0.5856267, 0.61972266, 0.012164533, 0.42597395] |
| 2 |   50 |  0.25 | 5000 |      f1 |     269 |   295.0 |   290.0 |    1,69 |-0,0050 |1592521172408 |[0.78449357, 0.8221618, 0.46811062, 0.31936795, 0.3541422, 0.035073698, 0.89329094, 0.1223197, 0.8333364, 0.603018] |
| 2 |   50 |  0.34 | 5000 |      f1 |     269 |   295.0 |   290.0 |    1,69 |-0,0050 |1592521172408 |[0.78449357, 0.8221618, 0.46811062, 0.31936795, 0.3541422, 0.035073698, 0.89329094, 0.1223197, 0.8333364, 0.603018] |
| 2 |   50 |  0.28 | 5000 |      f1 |     269 |   295.0 |   290.0 |    1,69 |-0,0050 |1592521172408 |[0.78449357, 0.8221618, 0.46811062, 0.31936795, 0.3541422, 0.035073698, 0.89329094, 0.1223197, 0.8333364, 0.603018] |
| 2 |   55 |  0.32 | 5000 |      f1 |     269 |   295.0 |   290.0 |    1,69 |-0,0050 |1592521172408 |[0.78449357, 0.8221618, 0.46811062, 0.31936795, 0.3541422, 0.035073698, 0.89329094, 0.1223197, 0.8333364, 0.603018] |
| 2 |   55 |  0.45 | 5000 |      f1 |     269 |   295.0 |   290.0 |    1,69 |-0,0050 |1592521172408 |[0.78449357, 0.8221618, 0.46811062, 0.31936795, 0.3541422, 0.035073698, 0.89329094, 0.1223197, 0.8333364, 0.603018] |
| 2 |   55 |0.3272727 | 5000 |      f1 |     269 |   295.0 |   290.0 |    1,69 |-0,0050 |1592521172408 |[0.78449357, 0.8221618, 0.46811062, 0.31936795, 0.3541422, 0.035073698, 0.89329094, 0.1223197, 0.8333364, 0.603018] |
| 2 |   55 |  0.45 | 5000 |      f1 |     269 |   295.0 |   290.0 |    1,69 |-0,0050 |1592521172408 |[0.78449357, 0.8221618, 0.46811062, 0.31936795, 0.3541422, 0.035073698, 0.89329094, 0.1223197, 0.8333364, 0.603018] |
| 2 |   60 |0.38181818 | 5000 |      f1 |     269 |   295.0 |   290.0 |    1,69 |-0,0050 |1592521172408 |[0.78449357, 0.8221618, 0.46811062, 0.31936795, 0.3541422, 0.035073698, 0.89329094, 0.1223197, 0.8333364, 0.603018] |
| 2 |   60 |  0.45 | 5000 |      f1 |     269 |   295.0 |   290.0 |    1,69 |-0,0050 |1592521172408 |[0.78449357, 0.8221618, 0.46811062, 0.31936795, 0.3541422, 0.035073698, 0.89329094, 0.1223197, 0.8333364, 0.603018] |
| 2 |   60 |  0.45 | 5000 |      f1 |     269 |   295.0 |   290.0 |    1,69 |-0,0050 |1592521172408 |[0.78449357, 0.8221618, 0.46811062, 0.31936795, 0.3541422, 0.035073698, 0.89329094, 0.1223197, 0.8333364, 0.603018] |
| 2 |   60 |0.43333334 | 5000 |      f1 |     269 |   295.0 |   290.0 |    1,69 |-0,0050 |1592521172408 |[0.78449357, 0.8221618, 0.46811062, 0.31936795, 0.3541422, 0.035073698, 0.89329094, 0.1223197, 0.8333364, 0.603018] |
| 2 |   65 |   0.3 | 5000 |      f1 |     269 |   295.0 |   290.0 |    1,69 |-0,0050 |1592521172408 |[0.78449357, 0.8221618, 0.46811062, 0.31936795, 0.3541422, 0.035073698, 0.89329094, 0.1223197, 0.8333364, 0.603018] |
| 2 |   65 |  0.45 | 5000 |      f1 |     269 |   295.0 |   290.0 |    1,69 |-0,0050 |1592521172408 |[0.78449357, 0.8221618, 0.46811062, 0.31936795, 0.3541422, 0.035073698, 0.89329094, 0.1223197, 0.8333364, 0.603018] |
| 2 |   65 |0.33846155 | 5000 |      f1 |     269 |   295.0 |   290.0 |    1,69 |-0,0050 |1592521172408 |[0.78449357, 0.8221618, 0.46811062, 0.31936795, 0.3541422, 0.035073698, 0.89329094, 0.1223197, 0.8333364, 0.603018] |
| 2 |   65 |0.30769232 | 5000 |      f1 |     269 |   295.0 |   290.0 |    1,69 |-0,0050 |1592521172408 |[0.78449357, 0.8221618, 0.46811062, 0.31936795, 0.3541422, 0.035073698, 0.89329094, 0.1223197, 0.8333364, 0.603018] |
| 2 |   70 |0.32307693 | 5000 |      f1 |     269 |   295.0 |   290.0 |    1,69 |-0,0050 |1592521172408 |[0.78449357, 0.8221618, 0.46811062, 0.31936795, 0.3541422, 0.035073698, 0.89329094, 0.1223197, 0.8333364, 0.603018] |
| 2 |   70 |  0.45 | 5000 |      f1 |     269 |   295.0 |   290.0 |    1,69 |-0,0050 |1592521172408 |[0.78449357, 0.8221618, 0.46811062, 0.31936795, 0.3541422, 0.035073698, 0.89329094, 0.1223197, 0.8333364, 0.603018] |
| 2 |   70 |0.42857143 | 5000 |      f1 |     269 |   295.0 |   290.0 |    1,69 |-0,0050 |1592521172408 |[0.78449357, 0.8221618, 0.46811062, 0.31936795, 0.3541422, 0.035073698, 0.89329094, 0.1223197, 0.8333364, 0.603018] |
| 2 |   70 |0.31428573 | 5000 |      f1 |     269 |   295.0 |   290.0 |    1,69 |-0,0050 |1592521172408 |[0.78449357, 0.8221618, 0.46811062, 0.31936795, 0.3541422, 0.035073698, 0.89329094, 0.1223197, 0.8333364, 0.603018] |
| 2 |   75 |0.34285715 | 5000 |      f1 |     269 |   295.0 |   290.0 |    1,69 |-0,0050 |1592521172408 |[0.78449357, 0.8221618, 0.46811062, 0.31936795, 0.3541422, 0.035073698, 0.89329094, 0.1223197, 0.8333364, 0.603018] |
| 2 |   75 |  0.45 | 5000 |      f1 |     269 |   295.0 |   290.0 |    1,69 |-0,0050 |1592521172408 |[0.78449357, 0.8221618, 0.46811062, 0.31936795, 0.3541422, 0.035073698, 0.89329094, 0.1223197, 0.8333364, 0.603018] |
| 2 |   75 |  0.45 | 5000 |      f1 |     269 |   295.0 |   290.0 |    1,69 |  3,5 |1592521172408 |[0.78449357, 0.8221618, 0.46811062, 0.31936795, 0.3541422, 0.035073698, 0.89329094, 0.1223197, 0.8333364, 0.603018] |
| 3 |   50 |  0.25 | 5000 |      f1 |     269 |   295.0 |   290.0 |    1,69 |-0,0050 |1592521175946 |[0.964104, 0.3198473, 0.7405968, 0.12333208, 0.39973426, 0.27944565, 0.955349, 0.33308172, 0.08563298, 0.21855754] |
| 3 |   50 |  0.26 | 5000 |      f1 |     269 |   295.0 |   290.0 |    1,69 |-0,0050 |1592521175946 |[0.964104, 0.3198473, 0.7405968, 0.12333208, 0.39973426, 0.27944565, 0.955349, 0.33308172, 0.08563298, 0.21855754] |
| 3 |   50 |  0.28 | 5000 |      f1 |     269 |   295.0 |   290.0 |    1,69 |-0,0050 |1592521175946 |[0.964104, 0.3198473, 0.7405968, 0.12333208, 0.39973426, 0.27944565, 0.955349, 0.33308172, 0.08563298, 0.21855754] |
| 3 |   55 |  0.24 | 5000 |      f1 |     269 |   295.0 |   290.0 |    1,69 |-0,0050 |1592521175946 |[0.964104, 0.3198473, 0.7405968, 0.12333208, 0.39973426, 0.27944565, 0.955349, 0.33308172, 0.08563298, 0.21855754] |
| 3 |   55 |  0.45 | 5000 |      f1 |     269 |   295.0 |   290.0 |    1,69 |-0,0050 |1592521175946 |[0.964104, 0.3198473, 0.7405968, 0.12333208, 0.39973426, 0.27944565, 0.955349, 0.33308172, 0.08563298, 0.21855754] |
| 3 |   55 |0.38181818 | 5000 |      f1 |     269 |   295.0 |   290.0 |    1,69 |-0,0050 |1592521175946 |[0.964104, 0.3198473, 0.7405968, 0.12333208, 0.39973426, 0.27944565, 0.955349, 0.33308172, 0.08563298, 0.21855754] |
| 3 |   55 |0.29090908 | 5000 |      f1 |     269 |   295.0 |   290.0 |    1,69 |-0,0050 |1592521175946 |[0.964104, 0.3198473, 0.7405968, 0.12333208, 0.39973426, 0.27944565, 0.955349, 0.33308172, 0.08563298, 0.21855754] |
| 3 |   60 |0.38181818 | 5000 |      f1 |     269 |   295.0 |   290.0 |    1,69 |-0,0050 |1592521175946 |[0.964104, 0.3198473, 0.7405968, 0.12333208, 0.39973426, 0.27944565, 0.955349, 0.33308172, 0.08563298, 0.21855754] |
| 3 |   60 |  0.45 | 5000 |      f1 |     269 |   295.0 |   290.0 |    1,69 |-0,0050 |1592521175946 |[0.964104, 0.3198473, 0.7405968, 0.12333208, 0.39973426, 0.27944565, 0.955349, 0.33308172, 0.08563298, 0.21855754] |
| 3 |   60 |0.38333333 | 5000 |      f1 |     269 |   295.0 |   290.0 |    1,69 |-0,0050 |1592521175946 |[0.964104, 0.3198473, 0.7405968, 0.12333208, 0.39973426, 0.27944565, 0.955349, 0.33308172, 0.08563298, 0.21855754] |
| 3 |   60 |0.38333333 | 5000 |      f1 |     269 |   295.0 |   290.0 |    1,69 |-0,0050 |1592521175946 |[0.964104, 0.3198473, 0.7405968, 0.12333208, 0.39973426, 0.27944565, 0.955349, 0.33308172, 0.08563298, 0.21855754] |
| 3 |   65 |  0.45 | 5000 |      f1 |     269 |   295.0 |   290.0 |    1,69 |-0,0050 |1592521175946 |[0.964104, 0.3198473, 0.7405968, 0.12333208, 0.39973426, 0.27944565, 0.955349, 0.33308172, 0.08563298, 0.21855754] |
| 3 |   65 |  0.45 | 5000 |      f1 |     269 |   295.0 |   290.0 |    1,69 |-0,0050 |1592521175946 |[0.964104, 0.3198473, 0.7405968, 0.12333208, 0.39973426, 0.27944565, 0.955349, 0.33308172, 0.08563298, 0.21855754] |
| 3 |   65 |  0.45 | 5000 |      f1 |     269 |   295.0 |   290.0 |    1,69 |-0,0050 |1592521175946 |[0.964104, 0.3198473, 0.7405968, 0.12333208, 0.39973426, 0.27944565, 0.955349, 0.33308172, 0.08563298, 0.21855754] |
| 3 |   65 |   0.4 | 5000 |      f1 |     269 |   295.0 |   290.0 |    1,69 |-0,0050 |1592521175946 |[0.964104, 0.3198473, 0.7405968, 0.12333208, 0.39973426, 0.27944565, 0.955349, 0.33308172, 0.08563298, 0.21855754] |
| 3 |   70 |0.3846154 | 5000 |      f1 |     269 |   295.0 |   290.0 |    1,69 |-0,0050 |1592521175946 |[0.964104, 0.3198473, 0.7405968, 0.12333208, 0.39973426, 0.27944565, 0.955349, 0.33308172, 0.08563298, 0.21855754] |
| 3 |   70 |  0.45 | 5000 |      f1 |     269 |   295.0 |   290.0 |    1,69 |-0,0050 |1592521175946 |[0.964104, 0.3198473, 0.7405968, 0.12333208, 0.39973426, 0.27944565, 0.955349, 0.33308172, 0.08563298, 0.21855754] |
| 3 |   70 |0.37142858 | 5000 |      f1 |     269 |   295.0 |   290.0 |    1,69 |-0,0050 |1592521175946 |[0.964104, 0.3198473, 0.7405968, 0.12333208, 0.39973426, 0.27944565, 0.955349, 0.33308172, 0.08563298, 0.21855754] |
| 3 |   70 |0.31428573 | 5000 |      f1 |     269 |   295.0 |   290.0 |    1,69 |-0,0050 |1592521175946 |[0.964104, 0.3198473, 0.7405968, 0.12333208, 0.39973426, 0.27944565, 0.955349, 0.33308172, 0.08563298, 0.21855754] |
| 3 |   75 |   0.3 | 5000 |      f1 |     269 |   295.0 |   290.0 |    1,69 |-0,0050 |1592521175946 |[0.964104, 0.3198473, 0.7405968, 0.12333208, 0.39973426, 0.27944565, 0.955349, 0.33308172, 0.08563298, 0.21855754] |
| 3 |   75 |  0.45 | 5000 |      f1 |     269 |   295.0 |   290.0 |    1,69 |-0,0050 |1592521175946 |[0.964104, 0.3198473, 0.7405968, 0.12333208, 0.39973426, 0.27944565, 0.955349, 0.33308172, 0.08563298, 0.21855754] |
| 3 |   75 |  0.45 | 5000 |      f1 |     269 |   295.0 |   290.0 |    1,69 |  3,5 |1592521175946 |[0.964104, 0.3198473, 0.7405968, 0.12333208, 0.39973426, 0.27944565, 0.955349, 0.33308172, 0.08563298, 0.21855754] |
| 4 |   50 |  0.25 | 5000 |      f1 |     269 |   295.0 |   290.0 |    1,69 |-0,0010 |1592521179402 |[0.45201486, 0.18356174, 0.26641715, 0.6447999, 0.08903837, 0.6294993, 0.86806995, 0.81211996, 0.86724883, 0.7494521] |
| 4 |   50 |  0.34 | 5000 |      f1 |     269 |   295.0 |   290.0 |    1,69 |-0,0010 |1592521179402 |[0.45201486, 0.18356174, 0.26641715, 0.6447999, 0.08903837, 0.6294993, 0.86806995, 0.81211996, 0.86724883, 0.7494521] |
| 4 |   50 |  0.34 | 5000 |      f1 |     269 |   295.0 |   290.0 |    1,69 |-0,0010 |1592521179402 |[0.45201486, 0.18356174, 0.26641715, 0.6447999, 0.08903837, 0.6294993, 0.86806995, 0.81211996, 0.86724883, 0.7494521] |
| 4 |   55 |  0.32 | 5000 |      f1 |     269 |   295.0 |   290.0 |    1,69 |-0,0010 |1592521179402 |[0.45201486, 0.18356174, 0.26641715, 0.6447999, 0.08903837, 0.6294993, 0.86806995, 0.81211996, 0.86724883, 0.7494521] |
| 4 |   55 |  0.45 | 5000 |      f1 |     269 |   295.0 |   290.0 |    1,69 |-0,0010 |1592521179402 |[0.45201486, 0.18356174, 0.26641715, 0.6447999, 0.08903837, 0.6294993, 0.86806995, 0.81211996, 0.86724883, 0.7494521] |
| 4 |   55 |0.4181818 | 5000 |      f1 |     269 |   295.0 |   290.0 |    1,69 |-0,0010 |1592521179402 |[0.45201486, 0.18356174, 0.26641715, 0.6447999, 0.08903837, 0.6294993, 0.86806995, 0.81211996, 0.86724883, 0.7494521] |
| 4 |   55 |0.29090908 | 5000 |      f1 |     269 |   295.0 |   290.0 |    1,69 |-0,0010 |1592521179402 |[0.45201486, 0.18356174, 0.26641715, 0.6447999, 0.08903837, 0.6294993, 0.86806995, 0.81211996, 0.86724883, 0.7494521] |
| 4 |   60 |0.3090909 | 5000 |      f1 |     269 |   295.0 |   290.0 |    1,69 |-0,0010 |1592521179402 |[0.45201486, 0.18356174, 0.26641715, 0.6447999, 0.08903837, 0.6294993, 0.86806995, 0.81211996, 0.86724883, 0.7494521] |
| 4 |   60 |  0.45 | 5000 |      f1 |     269 |   295.0 |   290.0 |    1,69 |-0,0010 |1592521179402 |[0.45201486, 0.18356174, 0.26641715, 0.6447999, 0.08903837, 0.6294993, 0.86806995, 0.81211996, 0.86724883, 0.7494521] |
| 4 |   60 |   0.3 | 5000 |      f1 |     269 |   295.0 |   290.0 |    1,69 |-0,0010 |1592521179402 |[0.45201486, 0.18356174, 0.26641715, 0.6447999, 0.08903837, 0.6294993, 0.86806995, 0.81211996, 0.86724883, 0.7494521] |
| 4 |   60 |0.41666666 | 5000 |      f1 |     269 |   295.0 |   290.0 |    1,69 |-0,0010 |1592521179402 |[0.45201486, 0.18356174, 0.26641715, 0.6447999, 0.08903837, 0.6294993, 0.86806995, 0.81211996, 0.86724883, 0.7494521] |
| 4 |   65 |0.36666667 | 5000 |      f1 |     269 |   295.0 |   290.0 |    1,69 |-0,0010 |1592521179402 |[0.45201486, 0.18356174, 0.26641715, 0.6447999, 0.08903837, 0.6294993, 0.86806995, 0.81211996, 0.86724883, 0.7494521] |
| 4 |   65 |  0.45 | 5000 |      f1 |     269 |   295.0 |   290.0 |    1,69 |-0,0010 |1592521179402 |[0.45201486, 0.18356174, 0.26641715, 0.6447999, 0.08903837, 0.6294993, 0.86806995, 0.81211996, 0.86724883, 0.7494521] |
| 4 |   65 |0.44615385 | 5000 |      f1 |     269 |   295.0 |   290.0 |    1,69 |-0,0010 |1592521179402 |[0.45201486, 0.18356174, 0.26641715, 0.6447999, 0.08903837, 0.6294993, 0.86806995, 0.81211996, 0.86724883, 0.7494521] |
| 4 |   65 |  0.45 | 5000 |      f1 |     269 |   295.0 |   290.0 |    1,69 |-0,0010 |1592521179402 |[0.45201486, 0.18356174, 0.26641715, 0.6447999, 0.08903837, 0.6294993, 0.86806995, 0.81211996, 0.86724883, 0.7494521] |
| 4 |   70 |  0.45 | 5000 |      f1 |     269 |   295.0 |   290.0 |    1,69 |-0,0010 |1592521179402 |[0.45201486, 0.18356174, 0.26641715, 0.6447999, 0.08903837, 0.6294993, 0.86806995, 0.81211996, 0.86724883, 0.7494521] |
| 4 |   70 |  0.45 | 5000 |      f1 |     269 |   295.0 |   290.0 |    1,69 |-0,0010 |1592521179402 |[0.45201486, 0.18356174, 0.26641715, 0.6447999, 0.08903837, 0.6294993, 0.86806995, 0.81211996, 0.86724883, 0.7494521] |
| 4 |   70 |  0.45 | 5000 |      f1 |     269 |   295.0 |   290.0 |    1,69 |-0,0010 |1592521179402 |[0.45201486, 0.18356174, 0.26641715, 0.6447999, 0.08903837, 0.6294993, 0.86806995, 0.81211996, 0.86724883, 0.7494521] |
| 4 |   70 |0.34285715 | 5000 |      f1 |     269 |   295.0 |   290.0 |    1,69 |-0,0010 |1592521179402 |[0.45201486, 0.18356174, 0.26641715, 0.6447999, 0.08903837, 0.6294993, 0.86806995, 0.81211996, 0.86724883, 0.7494521] |
| 4 |   75 |0.2857143 | 5000 |      f1 |     269 |   295.0 |   290.0 |    1,69 |-0,0010 |1592521179402 |[0.45201486, 0.18356174, 0.26641715, 0.6447999, 0.08903837, 0.6294993, 0.86806995, 0.81211996, 0.86724883, 0.7494521] |
| 4 |   75 |  0.45 | 5000 |      f1 |     269 |   295.0 |   290.0 |    1,69 |-0,0010 |1592521179402 |[0.45201486, 0.18356174, 0.26641715, 0.6447999, 0.08903837, 0.6294993, 0.86806995, 0.81211996, 0.86724883, 0.7494521] |
| 4 |   75 |  0.45 | 5000 |      f1 |     269 |   295.0 |   290.0 |    1,69 |  3,4 |1592521179402 |[0.45201486, 0.18356174, 0.26641715, 0.6447999, 0.08903837, 0.6294993, 0.86806995, 0.81211996, 0.86724883, 0.7494521] |
| 5 |   50 |  0.25 | 5000 |      f1 |     269 |   295.0 |   290.0 |    1,69 |-0,0010 |1592521182847 |[0.68345994, 0.6377517, 0.24438912, 0.5826362, 0.9666157, 0.12810975, 0.26293677, 0.5840362, 0.24650872, 0.4154173] |
| 5 |   50 |  0.18 | 5000 |      f1 |     269 |   295.0 |   290.0 |    1,69 |-0,0010 |1592521182847 |[0.68345994, 0.6377517, 0.24438912, 0.5826362, 0.9666157, 0.12810975, 0.26293677, 0.5840362, 0.24650872, 0.4154173] |
| 5 |   50 |   0.3 | 5000 |      f1 |     269 |   295.0 |   290.0 |    1,69 |-0,0010 |1592521182847 |[0.68345994, 0.6377517, 0.24438912, 0.5826362, 0.9666157, 0.12810975, 0.26293677, 0.5840362, 0.24650872, 0.4154173] |
| 5 |   55 |  0.42 | 5000 |      f1 |     269 |   295.0 |   290.0 |    1,69 |-0,0010 |1592521182847 |[0.68345994, 0.6377517, 0.24438912, 0.5826362, 0.9666157, 0.12810975, 0.26293677, 0.5840362, 0.24650872, 0.4154173] |
| 5 |   55 |  0.45 | 5000 |      f1 |     269 |   295.0 |   290.0 |    1,69 |-0,0010 |1592521182847 |[0.68345994, 0.6377517, 0.24438912, 0.5826362, 0.9666157, 0.12810975, 0.26293677, 0.5840362, 0.24650872, 0.4154173] |
| 5 |   55 |0.4181818 | 5000 |      f1 |     269 |   295.0 |   290.0 |    1,69 |-0,0010 |1592521182847 |[0.68345994, 0.6377517, 0.24438912, 0.5826362, 0.9666157, 0.12810975, 0.26293677, 0.5840362, 0.24650872, 0.4154173] |
| 5 |   55 |  0.45 | 5000 |      f1 |     269 |   295.0 |   290.0 |    1,69 |-0,0010 |1592521182847 |[0.68345994, 0.6377517, 0.24438912, 0.5826362, 0.9666157, 0.12810975, 0.26293677, 0.5840362, 0.24650872, 0.4154173] |
| 5 |   60 |0.27272728 | 5000 |      f1 |     269 |   295.0 |   290.0 |    1,69 |-0,0010 |1592521182847 |[0.68345994, 0.6377517, 0.24438912, 0.5826362, 0.9666157, 0.12810975, 0.26293677, 0.5840362, 0.24650872, 0.4154173] |
| 5 |   60 |  0.45 | 5000 |      f1 |     269 |   295.0 |   290.0 |    1,69 |-0,0010 |1592521182847 |[0.68345994, 0.6377517, 0.24438912, 0.5826362, 0.9666157, 0.12810975, 0.26293677, 0.5840362, 0.24650872, 0.4154173] |
| 5 |   60 |0.43333334 | 5000 |      f1 |     269 |   295.0 |   290.0 |    1,69 |-0,0010 |1592521182847 |[0.68345994, 0.6377517, 0.24438912, 0.5826362, 0.9666157, 0.12810975, 0.26293677, 0.5840362, 0.24650872, 0.4154173] |
| 5 |   60 |  0.45 | 5000 |      f1 |     269 |   295.0 |   290.0 |    1,69 |-0,0010 |1592521182847 |[0.68345994, 0.6377517, 0.24438912, 0.5826362, 0.9666157, 0.12810975, 0.26293677, 0.5840362, 0.24650872, 0.4154173] |
| 5 |   65 |0.26666668 | 5000 |      f1 |     269 |   295.0 |   290.0 |    1,69 |-0,0010 |1592521182847 |[0.68345994, 0.6377517, 0.24438912, 0.5826362, 0.9666157, 0.12810975, 0.26293677, 0.5840362, 0.24650872, 0.4154173] |
| 5 |   65 |  0.45 | 5000 |      f1 |     269 |   295.0 |   290.0 |    1,69 |-0,0010 |1592521182847 |[0.68345994, 0.6377517, 0.24438912, 0.5826362, 0.9666157, 0.12810975, 0.26293677, 0.5840362, 0.24650872, 0.4154173] |
| 5 |   65 |0.32307693 | 5000 |      f1 |     269 |   295.0 |   290.0 |    1,69 |-0,0010 |1592521182847 |[0.68345994, 0.6377517, 0.24438912, 0.5826362, 0.9666157, 0.12810975, 0.26293677, 0.5840362, 0.24650872, 0.4154173] |
| 5 |   65 |0.33846155 | 5000 |      f1 |     269 |   295.0 |   290.0 |    1,69 |-0,0010 |1592521182847 |[0.68345994, 0.6377517, 0.24438912, 0.5826362, 0.9666157, 0.12810975, 0.26293677, 0.5840362, 0.24650872, 0.4154173] |
| 5 |   70 |0.35384616 | 5000 |      f1 |     269 |   295.0 |   290.0 |    1,69 |-0,0010 |1592521182847 |[0.68345994, 0.6377517, 0.24438912, 0.5826362, 0.9666157, 0.12810975, 0.26293677, 0.5840362, 0.24650872, 0.4154173] |
| 5 |   70 |  0.45 | 5000 |      f1 |     269 |   295.0 |   290.0 |    1,69 |-0,0010 |1592521182847 |[0.68345994, 0.6377517, 0.24438912, 0.5826362, 0.9666157, 0.12810975, 0.26293677, 0.5840362, 0.24650872, 0.4154173] |
| 5 |   70 |0.3857143 | 5000 |      f1 |     269 |   295.0 |   290.0 |    1,69 |-0,0010 |1592521182847 |[0.68345994, 0.6377517, 0.24438912, 0.5826362, 0.9666157, 0.12810975, 0.26293677, 0.5840362, 0.24650872, 0.4154173] |
| 5 |   70 |0.42857143 | 5000 |      f1 |     269 |   295.0 |   290.0 |    1,69 |-0,0010 |1592521182847 |[0.68345994, 0.6377517, 0.24438912, 0.5826362, 0.9666157, 0.12810975, 0.26293677, 0.5840362, 0.24650872, 0.4154173] |
| 5 |   75 |0.37142858 | 5000 |      f1 |     269 |   295.0 |   290.0 |    1,69 |-0,0010 |1592521182847 |[0.68345994, 0.6377517, 0.24438912, 0.5826362, 0.9666157, 0.12810975, 0.26293677, 0.5840362, 0.24650872, 0.4154173] |
| 5 |   75 |  0.44 | 5000 |      f1 |     269 |   295.0 |   290.0 |    1,69 |-0,0010 |1592521182847 |[0.68345994, 0.6377517, 0.24438912, 0.5826362, 0.9666157, 0.12810975, 0.26293677, 0.5840362, 0.24650872, 0.4154173] |
| 5 |   75 |  0.44 | 5000 |      f1 |     269 |   295.0 |   290.0 |    1,69 |  3,4 |1592521182847 |[0.68345994, 0.6377517, 0.24438912, 0.5826362, 0.9666157, 0.12810975, 0.26293677, 0.5840362, 0.24650872, 0.4154173] |
| 6 |   50 |  0.25 | 5000 |      f1 |     269 |   295.0 |   290.0 |    1,69 |-0,0050 |1592521186277 |[0.61919564, 0.49445218, 0.3196177, 0.6408124, 0.05558741, 0.94519967, 0.48991, 0.24580836, 0.8048195, 0.72148156] |
| 6 |   50 |  0.24 | 5000 |      f1 |     269 |   295.0 |   290.0 |    1,69 |-0,0050 |1592521186277 |[0.61919564, 0.49445218, 0.3196177, 0.6408124, 0.05558741, 0.94519967, 0.48991, 0.24580836, 0.8048195, 0.72148156] |
| 6 |   50 |  0.38 | 5000 |      f1 |     269 |   295.0 |   290.0 |    1,69 |-0,0050 |1592521186277 |[0.61919564, 0.49445218, 0.3196177, 0.6408124, 0.05558741, 0.94519967, 0.48991, 0.24580836, 0.8048195, 0.72148156] |
| 6 |   55 |  0.38 | 5000 |      f1 |     269 |   295.0 |   290.0 |    1,69 |-0,0050 |1592521186277 |[0.61919564, 0.49445218, 0.3196177, 0.6408124, 0.05558741, 0.94519967, 0.48991, 0.24580836, 0.8048195, 0.72148156] |
| 6 |   55 |  0.45 | 5000 |      f1 |     269 |   295.0 |   290.0 |    1,69 |-0,0050 |1592521186277 |[0.61919564, 0.49445218, 0.3196177, 0.6408124, 0.05558741, 0.94519967, 0.48991, 0.24580836, 0.8048195, 0.72148156] |
| 6 |   55 |0.27272728 | 5000 |      f1 |     269 |   295.0 |   290.0 |    1,69 |-0,0050 |1592521186277 |[0.61919564, 0.49445218, 0.3196177, 0.6408124, 0.05558741, 0.94519967, 0.48991, 0.24580836, 0.8048195, 0.72148156] |
| 6 |   55 |0.36363637 | 5000 |      f1 |     269 |   295.0 |   290.0 |    1,69 |-0,0050 |1592521186277 |[0.61919564, 0.49445218, 0.3196177, 0.6408124, 0.05558741, 0.94519967, 0.48991, 0.24580836, 0.8048195, 0.72148156] |
| 6 |   60 |0.38181818 | 5000 |      f1 |     269 |   295.0 |   290.0 |    1,69 |-0,0050 |1592521186277 |[0.61919564, 0.49445218, 0.3196177, 0.6408124, 0.05558741, 0.94519967, 0.48991, 0.24580836, 0.8048195, 0.72148156] |
| 6 |   60 |  0.45 | 5000 |      f1 |     269 |   295.0 |   290.0 |    1,69 |-0,0050 |1592521186277 |[0.61919564, 0.49445218, 0.3196177, 0.6408124, 0.05558741, 0.94519967, 0.48991, 0.24580836, 0.8048195, 0.72148156] |
| 6 |   60 |0.38333333 | 5000 |      f1 |     269 |   295.0 |   290.0 |    1,69 |-0,0050 |1592521186277 |[0.61919564, 0.49445218, 0.3196177, 0.6408124, 0.05558741, 0.94519967, 0.48991, 0.24580836, 0.8048195, 0.72148156] |
| 6 |   60 |0.41666666 | 5000 |      f1 |     269 |   295.0 |   290.0 |    1,69 |-0,0050 |1592521186277 |[0.61919564, 0.49445218, 0.3196177, 0.6408124, 0.05558741, 0.94519967, 0.48991, 0.24580836, 0.8048195, 0.72148156] |
| 6 |   65 |0.38333333 | 5000 |      f1 |     269 |   295.0 |   290.0 |    1,69 |-0,0050 |1592521186277 |[0.61919564, 0.49445218, 0.3196177, 0.6408124, 0.05558741, 0.94519967, 0.48991, 0.24580836, 0.8048195, 0.72148156] |
| 6 |   65 |  0.45 | 5000 |      f1 |     269 |   295.0 |   290.0 |    1,69 |-0,0050 |1592521186277 |[0.61919564, 0.49445218, 0.3196177, 0.6408124, 0.05558741, 0.94519967, 0.48991, 0.24580836, 0.8048195, 0.72148156] |
| 6 |   65 |0.3846154 | 5000 |      f1 |     269 |   295.0 |   290.0 |    1,69 |-0,0050 |1592521186277 |[0.61919564, 0.49445218, 0.3196177, 0.6408124, 0.05558741, 0.94519967, 0.48991, 0.24580836, 0.8048195, 0.72148156] |
| 6 |   65 |0.36923078 | 5000 |      f1 |     269 |   295.0 |   290.0 |    1,69 |-0,0050 |1592521186277 |[0.61919564, 0.49445218, 0.3196177, 0.6408124, 0.05558741, 0.94519967, 0.48991, 0.24580836, 0.8048195, 0.72148156] |
| 6 |   70 |0.32307693 | 5000 |      f1 |     269 |   295.0 |   290.0 |    1,69 |-0,0050 |1592521186277 |[0.61919564, 0.49445218, 0.3196177, 0.6408124, 0.05558741, 0.94519967, 0.48991, 0.24580836, 0.8048195, 0.72148156] |
| 6 |   70 |0.44285715 | 5000 |      f1 |     269 |   295.0 |   290.0 |    1,69 |-0,0050 |1592521186277 |[0.61919564, 0.49445218, 0.3196177, 0.6408124, 0.05558741, 0.94519967, 0.48991, 0.24580836, 0.8048195, 0.72148156] |
| 6 |   70 |0.35714287 | 5000 |      f1 |     269 |   295.0 |   290.0 |    1,69 |-0,0050 |1592521186277 |[0.61919564, 0.49445218, 0.3196177, 0.6408124, 0.05558741, 0.94519967, 0.48991, 0.24580836, 0.8048195, 0.72148156] |
| 6 |   70 |0.32857144 | 5000 |      f1 |     269 |   295.0 |   290.0 |    1,69 |-0,0050 |1592521186277 |[0.61919564, 0.49445218, 0.3196177, 0.6408124, 0.05558741, 0.94519967, 0.48991, 0.24580836, 0.8048195, 0.72148156] |
| 6 |   75 |0.37142858 | 5000 |      f1 |     269 |   295.0 |   290.0 |    1,69 |-0,0050 |1592521186277 |[0.61919564, 0.49445218, 0.3196177, 0.6408124, 0.05558741, 0.94519967, 0.48991, 0.24580836, 0.8048195, 0.72148156] |
| 6 |   75 |  0.45 | 5000 |      f1 |     269 |   295.0 |   290.0 |    1,69 |-0,0050 |1592521186277 |[0.61919564, 0.49445218, 0.3196177, 0.6408124, 0.05558741, 0.94519967, 0.48991, 0.24580836, 0.8048195, 0.72148156] |
| 6 |   75 |  0.45 | 5000 |      f1 |     269 |   295.0 |   290.0 |    1,69 |  3,5 |1592521186277 |[0.61919564, 0.49445218, 0.3196177, 0.6408124, 0.05558741, 0.94519967, 0.48991, 0.24580836, 0.8048195, 0.72148156] |
| 7 |   50 |  0.25 | 5000 |      f1 |     269 |   295.0 |   290.0 |    1,69 |-0,0050 |1592521189744 |[0.43879575, 0.79746616, 0.8933737, 0.45007122, 0.54679173, 0.77267134, 0.29695415, 0.35755974, 0.57076234, 0.53643507] |
| 7 |   50 |  0.45 | 5000 |      f1 |     269 |   295.0 |   290.0 |    1,69 |-0,0050 |1592521189744 |[0.43879575, 0.79746616, 0.8933737, 0.45007122, 0.54679173, 0.77267134, 0.29695415, 0.35755974, 0.57076234, 0.53643507] |
| 7 |   50 |  0.26 | 5000 |      f1 |     269 |   295.0 |   290.0 |    1,69 |-0,0050 |1592521189744 |[0.43879575, 0.79746616, 0.8933737, 0.45007122, 0.54679173, 0.77267134, 0.29695415, 0.35755974, 0.57076234, 0.53643507] |
| 7 |   55 |  0.36 | 5000 |      f1 |     269 |   295.0 |   290.0 |    1,69 |-0,0050 |1592521189744 |[0.43879575, 0.79746616, 0.8933737, 0.45007122, 0.54679173, 0.77267134, 0.29695415, 0.35755974, 0.57076234, 0.53643507] |
| 7 |   55 |  0.45 | 5000 |      f1 |     269 |   295.0 |   290.0 |    1,69 |-0,0050 |1592521189744 |[0.43879575, 0.79746616, 0.8933737, 0.45007122, 0.54679173, 0.77267134, 0.29695415, 0.35755974, 0.57076234, 0.53643507] |
| 7 |   55 |0.3090909 | 5000 |      f1 |     269 |   295.0 |   290.0 |    1,69 |-0,0050 |1592521189744 |[0.43879575, 0.79746616, 0.8933737, 0.45007122, 0.54679173, 0.77267134, 0.29695415, 0.35755974, 0.57076234, 0.53643507] |
| 7 |   55 |0.29090908 | 5000 |      f1 |     269 |   295.0 |   290.0 |    1,69 |-0,0050 |1592521189744 |[0.43879575, 0.79746616, 0.8933737, 0.45007122, 0.54679173, 0.77267134, 0.29695415, 0.35755974, 0.57076234, 0.53643507] |
| 7 |   60 |0.29090908 | 5000 |      f1 |     269 |   295.0 |   290.0 |    1,69 |-0,0050 |1592521189744 |[0.43879575, 0.79746616, 0.8933737, 0.45007122, 0.54679173, 0.77267134, 0.29695415, 0.35755974, 0.57076234, 0.53643507] |
| 7 |   60 |  0.45 | 5000 |      f1 |     269 |   295.0 |   290.0 |    1,69 |-0,0050 |1592521189744 |[0.43879575, 0.79746616, 0.8933737, 0.45007122, 0.54679173, 0.77267134, 0.29695415, 0.35755974, 0.57076234, 0.53643507] |
| 7 |   60 |  0.45 | 5000 |      f1 |     269 |   295.0 |   290.0 |    1,69 |-0,0050 |1592521189744 |[0.43879575, 0.79746616, 0.8933737, 0.45007122, 0.54679173, 0.77267134, 0.29695415, 0.35755974, 0.57076234, 0.53643507] |
| 7 |   60 |0.41666666 | 5000 |      f1 |     269 |   295.0 |   290.0 |    1,69 |-0,0050 |1592521189744 |[0.43879575, 0.79746616, 0.8933737, 0.45007122, 0.54679173, 0.77267134, 0.29695415, 0.35755974, 0.57076234, 0.53643507] |
| 7 |   65 |0.43333334 | 5000 |      f1 |     269 |   295.0 |   290.0 |    1,69 |-0,0050 |1592521189744 |[0.43879575, 0.79746616, 0.8933737, 0.45007122, 0.54679173, 0.77267134, 0.29695415, 0.35755974, 0.57076234, 0.53643507] |
| 7 |   65 |0.44615385 | 5000 |      f1 |     269 |   295.0 |   290.0 |    1,69 |-0,0050 |1592521189744 |[0.43879575, 0.79746616, 0.8933737, 0.45007122, 0.54679173, 0.77267134, 0.29695415, 0.35755974, 0.57076234, 0.53643507] |
| 7 |   65 |0.36923078 | 5000 |      f1 |     269 |   295.0 |   290.0 |    1,69 |-0,0050 |1592521189744 |[0.43879575, 0.79746616, 0.8933737, 0.45007122, 0.54679173, 0.77267134, 0.29695415, 0.35755974, 0.57076234, 0.53643507] |
| 7 |   65 |0.2769231 | 5000 |      f1 |     269 |   295.0 |   290.0 |    1,69 |-0,0050 |1592521189744 |[0.43879575, 0.79746616, 0.8933737, 0.45007122, 0.54679173, 0.77267134, 0.29695415, 0.35755974, 0.57076234, 0.53643507] |
| 7 |   70 |0.3846154 | 5000 |      f1 |     269 |   295.0 |   290.0 |    1,69 |-0,0050 |1592521189744 |[0.43879575, 0.79746616, 0.8933737, 0.45007122, 0.54679173, 0.77267134, 0.29695415, 0.35755974, 0.57076234, 0.53643507] |
| 7 |   70 |0.41428572 | 5000 |      f1 |     269 |   295.0 |   290.0 |    1,69 |-0,0050 |1592521189744 |[0.43879575, 0.79746616, 0.8933737, 0.45007122, 0.54679173, 0.77267134, 0.29695415, 0.35755974, 0.57076234, 0.53643507] |
| 7 |   70 |0.31428573 | 5000 |      f1 |     269 |   295.0 |   290.0 |    1,69 |-0,0050 |1592521189744 |[0.43879575, 0.79746616, 0.8933737, 0.45007122, 0.54679173, 0.77267134, 0.29695415, 0.35755974, 0.57076234, 0.53643507] |
| 7 |   70 |0.34285715 | 5000 |      f1 |     269 |   295.0 |   290.0 |    1,69 |-0,0050 |1592521189744 |[0.43879575, 0.79746616, 0.8933737, 0.45007122, 0.54679173, 0.77267134, 0.29695415, 0.35755974, 0.57076234, 0.53643507] |
| 7 |   75 |0.41428572 | 5000 |      f1 |     269 |   295.0 |   290.0 |    1,69 |-0,0050 |1592521189744 |[0.43879575, 0.79746616, 0.8933737, 0.45007122, 0.54679173, 0.77267134, 0.29695415, 0.35755974, 0.57076234, 0.53643507] |
| 7 |   75 |  0.45 | 5000 |      f1 |     269 |   295.0 |   290.0 |    1,69 |-0,0050 |1592521189744 |[0.43879575, 0.79746616, 0.8933737, 0.45007122, 0.54679173, 0.77267134, 0.29695415, 0.35755974, 0.57076234, 0.53643507] |
| 7 |   75 |  0.45 | 5000 |      f1 |     269 |   295.0 |   290.0 |    1,69 |  3,7 |1592521189744 |[0.43879575, 0.79746616, 0.8933737, 0.45007122, 0.54679173, 0.77267134, 0.29695415, 0.35755974, 0.57076234, 0.53643507] |
| 8 |   50 |  0.25 | 5000 |      f1 |     269 |   295.0 |   290.0 |    1,69 |-0,0060 |1592521193403 |[0.93223846, 0.060420036, 0.39548087, 0.7617886, 0.63561094, 0.475861, 0.4527163, 0.64199823, 0.1138621, 0.5223804] |
| 8 |   50 |  0.36 | 5000 |      f1 |     269 |   295.0 |   290.0 |    1,69 |-0,0060 |1592521193403 |[0.93223846, 0.060420036, 0.39548087, 0.7617886, 0.63561094, 0.475861, 0.4527163, 0.64199823, 0.1138621, 0.5223804] |
| 8 |   50 |   0.3 | 5000 |      f1 |     269 |   295.0 |   290.0 |    1,69 |-0,0060 |1592521193403 |[0.93223846, 0.060420036, 0.39548087, 0.7617886, 0.63561094, 0.475861, 0.4527163, 0.64199823, 0.1138621, 0.5223804] |
| 8 |   55 |  0.34 | 5000 |      f1 |     269 |   295.0 |   290.0 |    1,69 |-0,0060 |1592521193403 |[0.93223846, 0.060420036, 0.39548087, 0.7617886, 0.63561094, 0.475861, 0.4527163, 0.64199823, 0.1138621, 0.5223804] |
| 8 |   55 |0.4181818 | 5000 |      f1 |     269 |   295.0 |   290.0 |    1,69 |-0,0060 |1592521193403 |[0.93223846, 0.060420036, 0.39548087, 0.7617886, 0.63561094, 0.475861, 0.4527163, 0.64199823, 0.1138621, 0.5223804] |
| 8 |   55 |  0.45 | 5000 |      f1 |     269 |   295.0 |   290.0 |    1,69 |-0,0060 |1592521193403 |[0.93223846, 0.060420036, 0.39548087, 0.7617886, 0.63561094, 0.475861, 0.4527163, 0.64199823, 0.1138621, 0.5223804] |
| 8 |   55 |0.38181818 | 5000 |      f1 |     269 |   295.0 |   290.0 |    1,69 |-0,0060 |1592521193403 |[0.93223846, 0.060420036, 0.39548087, 0.7617886, 0.63561094, 0.475861, 0.4527163, 0.64199823, 0.1138621, 0.5223804] |
| 8 |   60 |0.38181818 | 5000 |      f1 |     269 |   295.0 |   290.0 |    1,69 |-0,0060 |1592521193403 |[0.93223846, 0.060420036, 0.39548087, 0.7617886, 0.63561094, 0.475861, 0.4527163, 0.64199823, 0.1138621, 0.5223804] |
| 8 |   60 |  0.45 | 5000 |      f1 |     269 |   295.0 |   290.0 |    1,69 |-0,0060 |1592521193403 |[0.93223846, 0.060420036, 0.39548087, 0.7617886, 0.63561094, 0.475861, 0.4527163, 0.64199823, 0.1138621, 0.5223804] |
| 8 |   60 |0.28333333 | 5000 |      f1 |     269 |   295.0 |   290.0 |    1,69 |-0,0060 |1592521193403 |[0.93223846, 0.060420036, 0.39548087, 0.7617886, 0.63561094, 0.475861, 0.4527163, 0.64199823, 0.1138621, 0.5223804] |
| 8 |   60 |   0.4 | 5000 |      f1 |     269 |   295.0 |   290.0 |    1,69 |-0,0060 |1592521193403 |[0.93223846, 0.060420036, 0.39548087, 0.7617886, 0.63561094, 0.475861, 0.4527163, 0.64199823, 0.1138621, 0.5223804] |
| 8 |   65 |0.28333333 | 5000 |      f1 |     269 |   295.0 |   290.0 |    1,69 |-0,0060 |1592521193403 |[0.93223846, 0.060420036, 0.39548087, 0.7617886, 0.63561094, 0.475861, 0.4527163, 0.64199823, 0.1138621, 0.5223804] |
| 8 |   65 |  0.45 | 5000 |      f1 |     269 |   295.0 |   290.0 |    1,69 |-0,0060 |1592521193403 |[0.93223846, 0.060420036, 0.39548087, 0.7617886, 0.63561094, 0.475861, 0.4527163, 0.64199823, 0.1138621, 0.5223804] |
| 8 |   65 |0.41538462 | 5000 |      f1 |     269 |   295.0 |   290.0 |    1,69 |-0,0060 |1592521193403 |[0.93223846, 0.060420036, 0.39548087, 0.7617886, 0.63561094, 0.475861, 0.4527163, 0.64199823, 0.1138621, 0.5223804] |
| 8 |   65 |  0.45 | 5000 |      f1 |     269 |   295.0 |   290.0 |    1,69 |-0,0060 |1592521193403 |[0.93223846, 0.060420036, 0.39548087, 0.7617886, 0.63561094, 0.475861, 0.4527163, 0.64199823, 0.1138621, 0.5223804] |
| 8 |   70 |0.35384616 | 5000 |      f1 |     269 |   295.0 |   290.0 |    1,69 |-0,0060 |1592521193403 |[0.93223846, 0.060420036, 0.39548087, 0.7617886, 0.63561094, 0.475861, 0.4527163, 0.64199823, 0.1138621, 0.5223804] |
| 8 |   70 |  0.45 | 5000 |      f1 |     269 |   295.0 |   290.0 |    1,69 |-0,0060 |1592521193403 |[0.93223846, 0.060420036, 0.39548087, 0.7617886, 0.63561094, 0.475861, 0.4527163, 0.64199823, 0.1138621, 0.5223804] |
| 8 |   70 |   0.4 | 5000 |      f1 |     269 |   295.0 |   290.0 |    1,69 |-0,0060 |1592521193403 |[0.93223846, 0.060420036, 0.39548087, 0.7617886, 0.63561094, 0.475861, 0.4527163, 0.64199823, 0.1138621, 0.5223804] |
| 8 |   70 |0.35714287 | 5000 |      f1 |     269 |   295.0 |   290.0 |    1,69 |-0,0060 |1592521193403 |[0.93223846, 0.060420036, 0.39548087, 0.7617886, 0.63561094, 0.475861, 0.4527163, 0.64199823, 0.1138621, 0.5223804] |
| 8 |   75 |0.37142858 | 5000 |      f1 |     269 |   295.0 |   290.0 |    1,69 |-0,0060 |1592521193403 |[0.93223846, 0.060420036, 0.39548087, 0.7617886, 0.63561094, 0.475861, 0.4527163, 0.64199823, 0.1138621, 0.5223804] |
| 8 |   75 |  0.45 | 5000 |      f1 |     269 |   295.0 |   290.0 |    1,69 |-0,0060 |1592521193403 |[0.93223846, 0.060420036, 0.39548087, 0.7617886, 0.63561094, 0.475861, 0.4527163, 0.64199823, 0.1138621, 0.5223804] |
| 8 |   75 |  0.45 | 5000 |      f1 |     269 |   295.0 |   290.0 |    1,69 |  3,7 |1592521193403 |[0.93223846, 0.060420036, 0.39548087, 0.7617886, 0.63561094, 0.475861, 0.4527163, 0.64199823, 0.1138621, 0.5223804] |
| 9 |   50 |  0.25 | 5000 |      f1 |     269 |   295.0 |   290.0 |    1,69 |-0,0050 |1592521197092 |[0.120557845, 0.86099774, 0.95167524, 0.6729981, 0.9939804, 0.9113724, 0.07419759, 0.32948464, 0.52370334, 0.89491576] |
| 9 |   50 |  0.32 | 5000 |      f1 |     269 |   295.0 |   290.0 |    1,69 |-0,0050 |1592521197092 |[0.120557845, 0.86099774, 0.95167524, 0.6729981, 0.9939804, 0.9113724, 0.07419759, 0.32948464, 0.52370334, 0.89491576] |
| 9 |   50 |  0.36 | 5000 |      f1 |     269 |   295.0 |   290.0 |    1,69 |-0,0050 |1592521197092 |[0.120557845, 0.86099774, 0.95167524, 0.6729981, 0.9939804, 0.9113724, 0.07419759, 0.32948464, 0.52370334, 0.89491576] |
| 9 |   55 |  0.24 | 5000 |      f1 |     269 |   295.0 |   290.0 |    1,69 |-0,0050 |1592521197092 |[0.120557845, 0.86099774, 0.95167524, 0.6729981, 0.9939804, 0.9113724, 0.07419759, 0.32948464, 0.52370334, 0.89491576] |
| 9 |   55 |  0.45 | 5000 |      f1 |     269 |   295.0 |   290.0 |    1,69 |-0,0050 |1592521197092 |[0.120557845, 0.86099774, 0.95167524, 0.6729981, 0.9939804, 0.9113724, 0.07419759, 0.32948464, 0.52370334, 0.89491576] |
| 9 |   55 |0.38181818 | 5000 |      f1 |     269 |   295.0 |   290.0 |    1,69 |-0,0050 |1592521197092 |[0.120557845, 0.86099774, 0.95167524, 0.6729981, 0.9939804, 0.9113724, 0.07419759, 0.32948464, 0.52370334, 0.89491576] |
| 9 |   55 |0.36363637 | 5000 |      f1 |     269 |   295.0 |   290.0 |    1,69 |-0,0050 |1592521197092 |[0.60759526, 0.9485079, 0.46634132, 0.1498726, 0.41134572, 0.05867678, 0.11005074, 0.8414913, 0.28656358, 0.33916008] |
| 9 |   60 |   0.4 | 5000 |      f1 |     269 |   295.0 |   290.0 |    1,69 |-0,0050 |1592521197092 |[0.60759526, 0.9485079, 0.46634132, 0.1498726, 0.41134572, 0.05867678, 0.11005074, 0.8414913, 0.28656358, 0.33916008] |
| 9 |   60 |  0.45 | 5000 |      f1 |     269 |   295.0 |   290.0 |    1,69 |-0,0050 |1592521197092 |[0.60759526, 0.9485079, 0.46634132, 0.1498726, 0.41134572, 0.05867678, 0.11005074, 0.8414913, 0.28656358, 0.33916008] |
| 9 |   60 |0.43333334 | 5000 |      f1 |     269 |   295.0 |   290.0 |    1,69 |-0,0050 |1592521197092 |[0.60759526, 0.9485079, 0.46634132, 0.1498726, 0.41134572, 0.05867678, 0.11005074, 0.8414913, 0.28656358, 0.33916008] |
| 9 |   60 |0.41666666 | 5000 |      f1 |     269 |   295.0 |   290.0 |    1,69 |-0,0050 |1592521197092 |[0.60759526, 0.9485079, 0.46634132, 0.1498726, 0.41134572, 0.05867678, 0.11005074, 0.8414913, 0.28656358, 0.33916008] |
| 9 |   65 |0.38333333 | 5000 |      f1 |     269 |   295.0 |   290.0 |    1,69 |-0,0050 |1592521197092 |[0.45822364, 0.8063358, 0.031080842, 0.27903348, 0.07865739, 0.81705594, 0.75890696, 0.35329312, 0.1546771, 0.13309377] |
| 9 |   65 |  0.45 | 5000 |      f1 |     269 |   295.0 |   290.0 |    1,69 |-0,0050 |1592521197092 |[0.45822364, 0.8063358, 0.031080842, 0.27903348, 0.07865739, 0.81705594, 0.75890696, 0.35329312, 0.1546771, 0.13309377] |
| 9 |   65 |0.3846154 | 5000 |      f1 |     269 |   295.0 |   290.0 |    1,69 |-0,0050 |1592521197092 |[0.45822364, 0.8063358, 0.031080842, 0.27903348, 0.07865739, 0.81705594, 0.75890696, 0.35329312, 0.1546771, 0.13309377] |
| 9 |   65 |   0.4 | 5000 |      f1 |     269 |   295.0 |   290.0 |    1,69 |-0,0050 |1592521197092 |[0.45822364, 0.8063358, 0.031080842, 0.27903348, 0.07865739, 0.81705594, 0.75890696, 0.35329312, 0.1546771, 0.13309377] |
| 9 |   70 |0.2923077 | 5000 |      f1 |     269 |   295.0 |   290.0 |    1,69 |-0,0050 |1592521197092 |[0.45822364, 0.8063358, 0.031080842, 0.27903348, 0.07865739, 0.81705594, 0.75890696, 0.35329312, 0.1546771, 0.13309377] |
| 9 |   70 |  0.45 | 5000 |      f1 |     269 |   295.0 |   290.0 |    1,69 |-0,0050 |1592521197092 |[0.45822364, 0.8063358, 0.031080842, 0.27903348, 0.07865739, 0.81705594, 0.75890696, 0.35329312, 0.1546771, 0.13309377] |
| 9 |   70 |0.35714287 | 5000 |      f1 |     269 |   295.0 |   290.0 |    1,69 |-0,0050 |1592521197092 |[0.45822364, 0.8063358, 0.031080842, 0.27903348, 0.07865739, 0.81705594, 0.75890696, 0.35329312, 0.1546771, 0.13309377] |
| 9 |   70 |0.31428573 | 5000 |      f1 |     269 |   295.0 |   290.0 |    1,69 |-0,0050 |1592521197092 |[0.45822364, 0.8063358, 0.031080842, 0.27903348, 0.07865739, 0.81705594, 0.75890696, 0.35329312, 0.1546771, 0.13309377] |
| 9 |   75 |0.34285715 | 5000 |      f1 |     269 |   295.0 |   290.0 |    1,69 |-0,0050 |1592521197092 |[0.45822364, 0.8063358, 0.031080842, 0.27903348, 0.07865739, 0.81705594, 0.75890696, 0.35329312, 0.1546771, 0.13309377] |
| 9 |   75 |  0.45 | 5000 |      f1 |     269 |   295.0 |   290.0 |    1,69 |-0,0050 |1592521197092 |[0.45822364, 0.8063358, 0.031080842, 0.27903348, 0.07865739, 0.81705594, 0.75890696, 0.35329312, 0.1546771, 0.13309377] |
| 9 |   75 |  0.45 | 5000 |      f1 |     269 |   295.0 |   290.0 |    1,69 |  3,6 |1592521197092 |[0.45822364, 0.8063358, 0.031080842, 0.27903348, 0.07865739, 0.81705594, 0.75890696, 0.35329312, 0.1546771, 0.13309377] |
|10 |   50 |  0.25 | 5000 |      f1 |     269 |   295.0 |   290.0 |    1,69 |-0,0060 |1592521200689 |[0.52888626, 0.615039, 0.39204872, 0.5840693, 0.6740278, 0.8361294, 0.77012736, 0.05354768, 0.36899406, 0.48113424] |
|10 |   50 |  0.32 | 5000 |      f1 |     269 |   295.0 |   290.0 |    1,69 |-0,0060 |1592521200689 |[0.52888626, 0.615039, 0.39204872, 0.5840693, 0.6740278, 0.8361294, 0.77012736, 0.05354768, 0.36899406, 0.48113424] |
|10 |   50 |  0.32 | 5000 |      f1 |     269 |   295.0 |   290.0 |    1,69 |-0,0060 |1592521200689 |[0.52888626, 0.615039, 0.39204872, 0.5840693, 0.6740278, 0.8361294, 0.77012736, 0.05354768, 0.36899406, 0.48113424] |
|10 |   55 |  0.36 | 5000 |      f1 |     269 |   295.0 |   290.0 |    1,69 |-0,0060 |1592521200689 |[0.52888626, 0.615039, 0.39204872, 0.5840693, 0.6740278, 0.8361294, 0.77012736, 0.05354768, 0.36899406, 0.48113424] |
|10 |   55 |  0.45 | 5000 |      f1 |     269 |   295.0 |   290.0 |    1,69 |-0,0060 |1592521200689 |[0.52888626, 0.615039, 0.39204872, 0.5840693, 0.6740278, 0.8361294, 0.77012736, 0.05354768, 0.36899406, 0.48113424] |
|10 |   55 |  0.45 | 5000 |      f1 |     269 |   295.0 |   290.0 |    1,69 |-0,0060 |1592521200689 |[0.52888626, 0.615039, 0.39204872, 0.5840693, 0.6740278, 0.8361294, 0.77012736, 0.05354768, 0.36899406, 0.48113424] |
|10 |   55 |0.34545454 | 5000 |      f1 |     269 |   295.0 |   290.0 |    1,69 |-0,0060 |1592521200689 |[0.52888626, 0.615039, 0.39204872, 0.5840693, 0.6740278, 0.8361294, 0.77012736, 0.05354768, 0.36899406, 0.48113424] |
|10 |   60 |0.34545454 | 5000 |      f1 |     269 |   295.0 |   290.0 |    1,69 |-0,0060 |1592521200689 |[0.52888626, 0.615039, 0.39204872, 0.5840693, 0.6740278, 0.8361294, 0.77012736, 0.05354768, 0.36899406, 0.48113424] |
|10 |   60 |  0.45 | 5000 |      f1 |     269 |   295.0 |   290.0 |    1,69 |-0,0060 |1592521200689 |[0.52888626, 0.615039, 0.39204872, 0.5840693, 0.6740278, 0.8361294, 0.77012736, 0.05354768, 0.36899406, 0.48113424] |
|10 |   60 |0.38333333 | 5000 |      f1 |     269 |   295.0 |   290.0 |    1,69 |-0,0060 |1592521200689 |[0.52888626, 0.615039, 0.39204872, 0.5840693, 0.6740278, 0.8361294, 0.77012736, 0.05354768, 0.36899406, 0.48113424] |
|10 |   60 |0.43333334 | 5000 |      f1 |     269 |   295.0 |   290.0 |    1,69 |-0,0060 |1592521200689 |[0.52888626, 0.615039, 0.39204872, 0.5840693, 0.6740278, 0.8361294, 0.77012736, 0.05354768, 0.36899406, 0.48113424] |
|10 |   65 |   0.4 | 5000 |      f1 |     269 |   295.0 |   290.0 |    1,69 |-0,0060 |1592521200689 |[0.52888626, 0.615039, 0.39204872, 0.5840693, 0.6740278, 0.8361294, 0.77012736, 0.05354768, 0.36899406, 0.48113424] |
|10 |   65 |  0.45 | 5000 |      f1 |     269 |   295.0 |   290.0 |    1,69 |-0,0060 |1592521200689 |[0.52888626, 0.615039, 0.39204872, 0.5840693, 0.6740278, 0.8361294, 0.77012736, 0.05354768, 0.36899406, 0.48113424] |
|10 |   65 |0.32307693 | 5000 |      f1 |     269 |   295.0 |   290.0 |    1,69 |-0,0060 |1592521200689 |[0.52888626, 0.615039, 0.39204872, 0.5840693, 0.6740278, 0.8361294, 0.77012736, 0.05354768, 0.36899406, 0.48113424] |
|10 |   65 |0.3846154 | 5000 |      f1 |     269 |   295.0 |   290.0 |    1,69 |-0,0060 |1592521200689 |[0.52888626, 0.615039, 0.39204872, 0.5840693, 0.6740278, 0.8361294, 0.77012736, 0.05354768, 0.36899406, 0.48113424] |
|10 |   70 |  0.45 | 5000 |      f1 |     269 |   295.0 |   290.0 |    1,69 |-0,0060 |1592521200689 |[0.52888626, 0.615039, 0.39204872, 0.5840693, 0.6740278, 0.8361294, 0.77012736, 0.05354768, 0.36899406, 0.48113424] |
|10 |   70 |0.42857143 | 5000 |      f1 |     269 |   295.0 |   290.0 |    1,69 |-0,0060 |1592521200689 |[0.52888626, 0.615039, 0.39204872, 0.5840693, 0.6740278, 0.8361294, 0.77012736, 0.05354768, 0.36899406, 0.48113424] |
|10 |   70 |0.44285715 | 5000 |      f1 |     269 |   295.0 |   290.0 |    1,69 |-0,0060 |1592521200689 |[0.52888626, 0.615039, 0.39204872, 0.5840693, 0.6740278, 0.8361294, 0.77012736, 0.05354768, 0.36899406, 0.48113424] |
|10 |   70 |0.35714287 | 5000 |      f1 |     269 |   295.0 |   290.0 |    1,69 |-0,0060 |1592521200689 |[0.52888626, 0.615039, 0.39204872, 0.5840693, 0.6740278, 0.8361294, 0.77012736, 0.05354768, 0.36899406, 0.48113424] |
|10 |   75 |   0.4 | 5000 |      f1 |     269 |   295.0 |   290.0 |    1,69 |-0,0060 |1592521200689 |[0.52888626, 0.615039, 0.39204872, 0.5840693, 0.6740278, 0.8361294, 0.77012736, 0.05354768, 0.36899406, 0.48113424] |
|10 |   75 |  0.45 | 5000 |      f1 |     269 |   295.0 |   290.0 |    1,69 |-0,0060 |1592521200689 |[0.52888626, 0.615039, 0.39204872, 0.5840693, 0.6740278, 0.8361294, 0.77012736, 0.05354768, 0.36899406, 0.48113424] |
|10 |   75 |  0.45 | 5000 |      f1 |     269 |   295.0 |   290.0 |    1,69 |  3,6 |1592521200689 |[0.52888626, 0.615039, 0.39204872, 0.5840693, 0.6740278, 0.8361294, 0.77012736, 0.05354768, 0.36899406, 0.48113424] |
|11 |   50 |  0.25 | 5000 |      f1 |     269 |   295.0 |   290.0 |    1,69 |  0,0 |1592521204296 |[0.3805974, 0.6350285, 0.014603198, 0.56898, 0.80972016, 0.3716504, 0.2580405, 0.6623628, 0.25817025, 0.5749406] |
|11 |   50 |  0.28 | 5000 |      f1 |     269 |   295.0 |   290.0 |    1,69 |  0,0 |1592521204296 |[0.3805974, 0.6350285, 0.014603198, 0.56898, 0.80972016, 0.3716504, 0.2580405, 0.6623628, 0.25817025, 0.5749406] |
|11 |   50 |  0.28 | 5000 |      f1 |     269 |   295.0 |   290.0 |    1,69 |  0,0 |1592521204296 |[0.3805974, 0.6350285, 0.014603198, 0.56898, 0.80972016, 0.3716504, 0.2580405, 0.6623628, 0.25817025, 0.5749406] |
|11 |   55 |  0.34 | 5000 |      f1 |     269 |   295.0 |   290.0 |    1,69 |  0,0 |1592521204296 |[0.3805974, 0.6350285, 0.014603198, 0.56898, 0.80972016, 0.3716504, 0.2580405, 0.6623628, 0.25817025, 0.5749406] |
|11 |   55 |  0.45 | 5000 |      f1 |     269 |   295.0 |   290.0 |    1,69 |  0,0 |1592521204296 |[0.3805974, 0.6350285, 0.014603198, 0.56898, 0.80972016, 0.3716504, 0.2580405, 0.6623628, 0.25817025, 0.5749406] |
|11 |   55 |0.38181818 | 5000 |      f1 |     269 |   295.0 |   290.0 |    1,69 |  0,0 |1592521204296 |[0.3805974, 0.6350285, 0.014603198, 0.56898, 0.80972016, 0.3716504, 0.2580405, 0.6623628, 0.25817025, 0.5749406] |
|11 |   55 |0.38181818 | 5000 |      f1 |     269 |   295.0 |   290.0 |    1,69 |  0,0 |1592521204296 |[0.3805974, 0.6350285, 0.014603198, 0.56898, 0.80972016, 0.3716504, 0.2580405, 0.6623628, 0.25817025, 0.5749406] |
|11 |   60 |0.38181818 | 5000 |      f1 |     269 |   295.0 |   290.0 |    1,69 |  0,0 |1592521204296 |[0.3805974, 0.6350285, 0.014603198, 0.56898, 0.80972016, 0.3716504, 0.2580405, 0.6623628, 0.25817025, 0.5749406] |
|11 |   60 |  0.45 | 5000 |      f1 |     269 |   295.0 |   290.0 |    1,69 |  0,0 |1592521204296 |[0.3805974, 0.6350285, 0.014603198, 0.56898, 0.80972016, 0.3716504, 0.2580405, 0.6623628, 0.25817025, 0.5749406] |
|11 |   60 |0.38333333 | 5000 |      f1 |     269 |   295.0 |   290.0 |    1,69 |  0,0 |1592521204296 |[0.3805974, 0.6350285, 0.014603198, 0.56898, 0.80972016, 0.3716504, 0.2580405, 0.6623628, 0.25817025, 0.5749406] |
|11 |   60 |0.33333334 | 5000 |      f1 |     269 |   295.0 |   290.0 |    1,69 |  0,0 |1592521204296 |[0.3805974, 0.6350285, 0.014603198, 0.56898, 0.80972016, 0.3716504, 0.2580405, 0.6623628, 0.25817025, 0.5749406] |
|11 |   65 |   0.4 | 5000 |      f1 |     269 |   295.0 |   290.0 |    1,69 |  0,0 |1592521204296 |[0.3805974, 0.6350285, 0.014603198, 0.56898, 0.80972016, 0.3716504, 0.2580405, 0.6623628, 0.25817025, 0.5749406] |
|11 |   65 |  0.45 | 5000 |      f1 |     269 |   295.0 |   290.0 |    1,69 |  0,0 |1592521204296 |[0.3805974, 0.6350285, 0.014603198, 0.56898, 0.80972016, 0.3716504, 0.2580405, 0.6623628, 0.25817025, 0.5749406] |
|11 |   65 |0.36923078 | 5000 |      f1 |     269 |   295.0 |   290.0 |    1,69 |  0,0 |1592521204296 |[0.3805974, 0.6350285, 0.014603198, 0.56898, 0.80972016, 0.3716504, 0.2580405, 0.6623628, 0.25817025, 0.5749406] |
|11 |   65 |0.41538462 | 5000 |      f1 |     269 |   295.0 |   290.0 |    1,69 |  0,0 |1592521204296 |[0.3805974, 0.6350285, 0.014603198, 0.56898, 0.80972016, 0.3716504, 0.2580405, 0.6623628, 0.25817025, 0.5749406] |
|11 |   70 |0.35384616 | 5000 |      f1 |     269 |   295.0 |   290.0 |    1,69 |  0,0 |1592521204296 |[0.3805974, 0.6350285, 0.014603198, 0.56898, 0.80972016, 0.3716504, 0.2580405, 0.6623628, 0.25817025, 0.5749406] |
|11 |   70 |  0.45 | 5000 |      f1 |     269 |   295.0 |   290.0 |    1,69 |  0,0 |1592521204296 |[0.3805974, 0.6350285, 0.014603198, 0.56898, 0.80972016, 0.3716504, 0.2580405, 0.6623628, 0.25817025, 0.5749406] |
|11 |   70 |0.41428572 | 5000 |      f1 |     269 |   295.0 |   290.0 |    1,69 |  0,0 |1592521204296 |[0.3805974, 0.6350285, 0.014603198, 0.56898, 0.80972016, 0.3716504, 0.2580405, 0.6623628, 0.25817025, 0.5749406] |
|11 |   70 |0.37142858 | 5000 |      f1 |     269 |   295.0 |   290.0 |    1,69 |  0,0 |1592521204296 |[0.3805974, 0.6350285, 0.014603198, 0.56898, 0.80972016, 0.3716504, 0.2580405, 0.6623628, 0.25817025, 0.5749406] |
|11 |   75 |  0.45 | 5000 |      f1 |     269 |   295.0 |   290.0 |    1,69 |  0,0 |1592521204296 |[0.3805974, 0.6350285, 0.014603198, 0.56898, 0.80972016, 0.3716504, 0.2580405, 0.6623628, 0.25817025, 0.5749406] |
|11 |   75 |  0.45 | 5000 |      f1 |     269 |   295.0 |   290.0 |    1,69 |  0,0 |1592521204296 |[0.3805974, 0.6350285, 0.014603198, 0.56898, 0.80972016, 0.3716504, 0.2580405, 0.6623628, 0.25817025, 0.5749406] |
|11 |   75 |  0.45 | 5000 |      f1 |     269 |   295.0 |   290.0 |    1,69 |  3,6 |1592521204296 |[0.3805974, 0.6350285, 0.014603198, 0.56898, 0.80972016, 0.3716504, 0.2580405, 0.6623628, 0.25817025, 0.5749406] |
|12 |   50 |  0.25 | 5000 |      f1 |     269 |   295.0 |   290.0 |    1,69 |-0,0060 |1592521207897 |[0.20517659, 0.31607634, 0.4892133, 0.67414194, 0.9924328, 0.7072928, 0.68051684, 0.6187874, 0.58202136, 0.7218764] |
|12 |   50 |   0.4 | 5000 |      f1 |     269 |   295.0 |   290.0 |    1,69 |-0,0060 |1592521207897 |[0.20517659, 0.31607634, 0.4892133, 0.67414194, 0.9924328, 0.7072928, 0.68051684, 0.6187874, 0.58202136, 0.7218764] |
|12 |   50 |  0.32 | 5000 |      f1 |     269 |   295.0 |   290.0 |    1,69 |-0,0060 |1592521207897 |[0.20517659, 0.31607634, 0.4892133, 0.67414194, 0.9924328, 0.7072928, 0.68051684, 0.6187874, 0.58202136, 0.7218764] |
|12 |   55 |  0.38 | 5000 |      f1 |     269 |   295.0 |   290.0 |    1,69 |-0,0060 |1592521207897 |[0.20517659, 0.31607634, 0.4892133, 0.67414194, 0.9924328, 0.7072928, 0.68051684, 0.6187874, 0.58202136, 0.7218764] |
|12 |   55 |  0.45 | 5000 |      f1 |     269 |   295.0 |   290.0 |    1,69 |-0,0060 |1592521207897 |[0.20517659, 0.31607634, 0.4892133, 0.67414194, 0.9924328, 0.7072928, 0.68051684, 0.6187874, 0.58202136, 0.7218764] |
|12 |   55 |   0.4 | 5000 |      f1 |     269 |   295.0 |   290.0 |    1,69 |-0,0060 |1592521207897 |[0.20517659, 0.31607634, 0.4892133, 0.67414194, 0.9924328, 0.7072928, 0.68051684, 0.6187874, 0.58202136, 0.7218764] |
|12 |   55 |0.38181818 | 5000 |      f1 |     269 |   295.0 |   290.0 |    1,69 |-0,0060 |1592521207897 |[0.20517659, 0.31607634, 0.4892133, 0.67414194, 0.9924328, 0.7072928, 0.68051684, 0.6187874, 0.58202136, 0.7218764] |
|12 |   60 |0.3090909 | 5000 |      f1 |     269 |   295.0 |   290.0 |    1,69 |-0,0060 |1592521207897 |[0.20517659, 0.31607634, 0.4892133, 0.67414194, 0.9924328, 0.7072928, 0.68051684, 0.6187874, 0.58202136, 0.7218764] |
|12 |   60 |  0.45 | 5000 |      f1 |     269 |   295.0 |   290.0 |    1,69 |-0,0060 |1592521207897 |[0.20517659, 0.31607634, 0.4892133, 0.67414194, 0.9924328, 0.7072928, 0.68051684, 0.6187874, 0.58202136, 0.7218764] |
|12 |   60 |   0.3 | 5000 |      f1 |     269 |   295.0 |   290.0 |    1,69 |-0,0060 |1592521207897 |[0.20517659, 0.31607634, 0.4892133, 0.67414194, 0.9924328, 0.7072928, 0.68051684, 0.6187874, 0.58202136, 0.7218764] |
|12 |   60 |0.23333333 | 5000 |      f1 |     269 |   295.0 |   290.0 |    1,69 |-0,0060 |1592521207897 |[0.20517659, 0.31607634, 0.4892133, 0.67414194, 0.9924328, 0.7072928, 0.68051684, 0.6187874, 0.58202136, 0.7218764] |
|12 |   65 |  0.35 | 5000 |      f1 |     269 |   295.0 |   290.0 |    1,69 |-0,0060 |1592521207897 |[0.20517659, 0.31607634, 0.4892133, 0.67414194, 0.9924328, 0.7072928, 0.68051684, 0.6187874, 0.58202136, 0.7218764] |
|12 |   65 |  0.45 | 5000 |      f1 |     269 |   295.0 |   290.0 |    1,69 |-0,0060 |1592521207897 |[0.20517659, 0.31607634, 0.4892133, 0.67414194, 0.9924328, 0.7072928, 0.68051684, 0.6187874, 0.58202136, 0.7218764] |
|12 |   65 |0.41538462 | 5000 |      f1 |     269 |   295.0 |   290.0 |    1,69 |-0,0060 |1592521207897 |[0.20517659, 0.31607634, 0.4892133, 0.67414194, 0.9924328, 0.7072928, 0.68051684, 0.6187874, 0.58202136, 0.7218764] |
|12 |   65 |0.3846154 | 5000 |      f1 |     269 |   295.0 |   290.0 |    1,69 |-0,0060 |1592521207897 |[0.20517659, 0.31607634, 0.4892133, 0.67414194, 0.9924328, 0.7072928, 0.68051684, 0.6187874, 0.58202136, 0.7218764] |
|12 |   70 |0.35384616 | 5000 |      f1 |     269 |   295.0 |   290.0 |    1,69 |-0,0060 |1592521207897 |[0.20517659, 0.31607634, 0.4892133, 0.67414194, 0.9924328, 0.7072928, 0.68051684, 0.6187874, 0.58202136, 0.7218764] |
|12 |   70 |  0.45 | 5000 |      f1 |     269 |   295.0 |   290.0 |    1,69 |-0,0060 |1592521207897 |[0.20517659, 0.31607634, 0.4892133, 0.67414194, 0.9924328, 0.7072928, 0.68051684, 0.6187874, 0.58202136, 0.7218764] |
|12 |   70 |  0.45 | 5000 |      f1 |     269 |   295.0 |   290.0 |    1,69 |-0,0060 |1592521207897 |[0.20517659, 0.31607634, 0.4892133, 0.67414194, 0.9924328, 0.7072928, 0.68051684, 0.6187874, 0.58202136, 0.7218764] |
|12 |   70 |0.3857143 | 5000 |      f1 |     269 |   295.0 |   290.0 |    1,69 |-0,0060 |1592521207897 |[0.20517659, 0.31607634, 0.4892133, 0.67414194, 0.9924328, 0.7072928, 0.68051684, 0.6187874, 0.58202136, 0.7218764] |
|12 |   75 |0.32857144 | 5000 |      f1 |     269 |   295.0 |   290.0 |    1,69 |-0,0060 |1592521207897 |[0.20517659, 0.31607634, 0.4892133, 0.67414194, 0.9924328, 0.7072928, 0.68051684, 0.6187874, 0.58202136, 0.7218764] |
|12 |   75 |  0.45 | 5000 |      f1 |     269 |   295.0 |   290.0 |    1,69 |-0,0060 |1592521207897 |[0.20517659, 0.31607634, 0.4892133, 0.67414194, 0.9924328, 0.7072928, 0.68051684, 0.6187874, 0.58202136, 0.7218764] |
|12 |   75 |  0.45 | 5000 |      f1 |     269 |   295.0 |   290.0 |    1,69 |  3,6 |1592521207897 |[0.20517659, 0.31607634, 0.4892133, 0.67414194, 0.9924328, 0.7072928, 0.68051684, 0.6187874, 0.58202136, 0.7218764] |
|13 |   50 |  0.25 | 5000 |      f1 |     269 |   295.0 |   290.0 |    1,69 |-0,0060 |1592521211509 |[0.06733531, 0.5091448, 0.4583156, 0.20536387, 0.68873084, 0.11295253, 0.8225347, 0.46803594, 0.8578064, 0.2181797] |
|13 |   50 |  0.32 | 5000 |      f1 |     269 |   295.0 |   290.0 |    1,69 |-0,0060 |1592521211509 |[0.06733531, 0.5091448, 0.4583156, 0.20536387, 0.68873084, 0.11295253, 0.8225347, 0.46803594, 0.8578064, 0.2181797] |
|13 |   50 |  0.44 | 5000 |      f1 |     269 |   295.0 |   290.0 |    1,69 |-0,0060 |1592521211509 |[0.06733531, 0.5091448, 0.4583156, 0.20536387, 0.68873084, 0.11295253, 0.8225347, 0.46803594, 0.8578064, 0.2181797] |
|13 |   55 |  0.42 | 5000 |      f1 |     269 |   295.0 |   290.0 |    1,69 |-0,0060 |1592521211509 |[0.8280154, 0.9342044, 0.6702077, 0.7965173, 0.3404585, 0.15734345, 0.23395032, 0.8561619, 0.91112024, 0.2598521] |
|13 |   55 |  0.45 | 5000 |      f1 |     269 |   295.0 |   290.0 |    1,69 |-0,0060 |1592521211509 |[0.8280154, 0.9342044, 0.6702077, 0.7965173, 0.3404585, 0.15734345, 0.23395032, 0.8561619, 0.91112024, 0.2598521] |
|13 |   55 |0.34545454 | 5000 |      f1 |     269 |   295.0 |   290.0 |    1,69 |-0,0060 |1592521211509 |[0.8280154, 0.9342044, 0.6702077, 0.7965173, 0.3404585, 0.15734345, 0.23395032, 0.8561619, 0.91112024, 0.2598521] |
|13 |   55 |0.3272727 | 5000 |      f1 |     269 |   295.0 |   290.0 |    1,69 |-0,0060 |1592521211509 |[0.8280154, 0.9342044, 0.6702077, 0.7965173, 0.3404585, 0.15734345, 0.23395032, 0.8561619, 0.91112024, 0.2598521] |
|13 |   60 |0.36363637 | 5000 |      f1 |     269 |   295.0 |   290.0 |    1,69 |-0,0060 |1592521211509 |[0.8280154, 0.9342044, 0.6702077, 0.7965173, 0.3404585, 0.15734345, 0.23395032, 0.8561619, 0.91112024, 0.2598521] |
|13 |   60 |  0.45 | 5000 |      f1 |     269 |   295.0 |   290.0 |    1,69 |-0,0060 |1592521211509 |[0.8280154, 0.9342044, 0.6702077, 0.7965173, 0.3404585, 0.15734345, 0.23395032, 0.8561619, 0.91112024, 0.2598521] |
|13 |   60 |  0.45 | 5000 |      f1 |     269 |   295.0 |   290.0 |    1,69 |-0,0060 |1592521211509 |[0.8280154, 0.9342044, 0.6702077, 0.7965173, 0.3404585, 0.15734345, 0.23395032, 0.8561619, 0.91112024, 0.2598521] |
|13 |   60 |0.36666667 | 5000 |      f1 |     269 |   295.0 |   290.0 |    1,69 |-0,0060 |1592521211509 |[0.8280154, 0.9342044, 0.6702077, 0.7965173, 0.3404585, 0.15734345, 0.23395032, 0.8561619, 0.91112024, 0.2598521] |
|13 |   65 |  0.45 | 5000 |      f1 |     269 |   295.0 |   290.0 |    1,69 |-0,0060 |1592521211509 |[0.8280154, 0.9342044, 0.6702077, 0.7965173, 0.3404585, 0.15734345, 0.23395032, 0.8561619, 0.91112024, 0.2598521] |
|13 |   65 |  0.45 | 5000 |      f1 |     269 |   295.0 |   290.0 |    1,69 |-0,0060 |1592521211509 |[0.8280154, 0.9342044, 0.6702077, 0.7965173, 0.3404585, 0.15734345, 0.23395032, 0.8561619, 0.91112024, 0.2598521] |
|13 |   65 |0.44615385 | 5000 |      f1 |     269 |   295.0 |   290.0 |    1,69 |-0,0060 |1592521211509 |[0.8280154, 0.9342044, 0.6702077, 0.7965173, 0.3404585, 0.15734345, 0.23395032, 0.8561619, 0.91112024, 0.2598521] |
|13 |   65 |0.41538462 | 5000 |      f1 |     269 |   295.0 |   290.0 |    1,69 |-0,0060 |1592521211509 |[0.8280154, 0.9342044, 0.6702077, 0.7965173, 0.3404585, 0.15734345, 0.23395032, 0.8561619, 0.91112024, 0.2598521] |
|13 |   70 |0.36923078 | 5000 |      f1 |     269 |   295.0 |   290.0 |    1,69 |-0,0060 |1592521211509 |[0.8280154, 0.9342044, 0.6702077, 0.7965173, 0.3404585, 0.15734345, 0.23395032, 0.8561619, 0.91112024, 0.2598521] |
|13 |   70 |   0.4 | 5000 |      f1 |     269 |   295.0 |   290.0 |    1,69 |-0,0060 |1592521211509 |[0.8280154, 0.9342044, 0.6702077, 0.7965173, 0.3404585, 0.15734345, 0.23395032, 0.8561619, 0.91112024, 0.2598521] |
|13 |   70 |  0.45 | 5000 |      f1 |     269 |   295.0 |   290.0 |    1,69 |-0,0060 |1592521211509 |[0.8280154, 0.9342044, 0.6702077, 0.7965173, 0.3404585, 0.15734345, 0.23395032, 0.8561619, 0.91112024, 0.2598521] |
|13 |   70 |0.44285715 | 5000 |      f1 |     269 |   295.0 |   290.0 |    1,69 |-0,0060 |1592521211509 |[0.8280154, 0.9342044, 0.6702077, 0.7965173, 0.3404585, 0.15734345, 0.23395032, 0.8561619, 0.91112024, 0.2598521] |
|13 |   75 |0.3857143 | 5000 |      f1 |     269 |   295.0 |   290.0 |    1,69 |-0,0060 |1592521211509 |[0.8280154, 0.9342044, 0.6702077, 0.7965173, 0.3404585, 0.15734345, 0.23395032, 0.8561619, 0.91112024, 0.2598521] |
|13 |   75 |0.41333333 | 5000 |      f1 |     269 |   295.0 |   290.0 |    1,69 |-0,0060 |1592521211509 |[0.8280154, 0.9342044, 0.6702077, 0.7965173, 0.3404585, 0.15734345, 0.23395032, 0.8561619, 0.91112024, 0.2598521] |
|13 |   75 |0.41333333 | 5000 |      f1 |     269 |   295.0 |   290.0 |    1,69 |  3,6 |1592521211509 |[0.8280154, 0.9342044, 0.6702077, 0.7965173, 0.3404585, 0.15734345, 0.23395032, 0.8561619, 0.91112024, 0.2598521] |
|14 |   50 |  0.25 | 5000 |      f1 |     269 |   295.0 |   290.0 |    1,69 |-0,0050 |1592521215098 |[0.17853338, 0.16022706, 0.9438116, 0.7037493, 0.40770817, 0.24584204, 0.17360693, 0.028372645, 0.95155984, 0.16557235] |
|14 |   50 |  0.44 | 5000 |      f1 |     269 |   295.0 |   290.0 |    1,69 |-0,0050 |1592521215098 |[0.17853338, 0.16022706, 0.9438116, 0.7037493, 0.40770817, 0.24584204, 0.17360693, 0.028372645, 0.95155984, 0.16557235] |
|14 |   50 |  0.34 | 5000 |      f1 |     269 |   295.0 |   290.0 |    1,69 |-0,0050 |1592521215098 |[0.17853338, 0.16022706, 0.9438116, 0.7037493, 0.40770817, 0.24584204, 0.17360693, 0.028372645, 0.95155984, 0.16557235] |
|14 |   55 |  0.26 | 5000 |      f1 |     269 |   295.0 |   290.0 |    1,69 |-0,0050 |1592521215098 |[0.17853338, 0.16022706, 0.9438116, 0.7037493, 0.40770817, 0.24584204, 0.17360693, 0.028372645, 0.95155984, 0.16557235] |
|14 |   55 |  0.45 | 5000 |      f1 |     269 |   295.0 |   290.0 |    1,69 |-0,0050 |1592521215098 |[0.17853338, 0.16022706, 0.9438116, 0.7037493, 0.40770817, 0.24584204, 0.17360693, 0.028372645, 0.95155984, 0.16557235] |
|14 |   55 |0.43636364 | 5000 |      f1 |     269 |   295.0 |   290.0 |    1,69 |-0,0050 |1592521215098 |[0.17853338, 0.16022706, 0.9438116, 0.7037493, 0.40770817, 0.24584204, 0.17360693, 0.028372645, 0.95155984, 0.16557235] |
|14 |   55 |0.3090909 | 5000 |      f1 |     269 |   295.0 |   290.0 |    1,69 |-0,0050 |1592521215098 |[0.17853338, 0.16022706, 0.9438116, 0.7037493, 0.40770817, 0.24584204, 0.17360693, 0.028372645, 0.95155984, 0.16557235] |
|14 |   60 |0.29090908 | 5000 |      f1 |     269 |   295.0 |   290.0 |    1,69 |-0,0050 |1592521215098 |[0.17853338, 0.16022706, 0.9438116, 0.7037493, 0.40770817, 0.24584204, 0.17360693, 0.028372645, 0.95155984, 0.16557235] |
|14 |   60 |  0.45 | 5000 |      f1 |     269 |   295.0 |   290.0 |    1,69 |-0,0050 |1592521215098 |[0.17853338, 0.16022706, 0.9438116, 0.7037493, 0.40770817, 0.24584204, 0.17360693, 0.028372645, 0.95155984, 0.16557235] |
|14 |   60 |  0.45 | 5000 |      f1 |     269 |   295.0 |   290.0 |    1,69 |-0,0050 |1592521215098 |[0.17853338, 0.16022706, 0.9438116, 0.7037493, 0.40770817, 0.24584204, 0.17360693, 0.028372645, 0.95155984, 0.16557235] |
|14 |   60 |0.31666666 | 5000 |      f1 |     269 |   295.0 |   290.0 |    1,69 |-0,0050 |1592521215098 |[0.17853338, 0.16022706, 0.9438116, 0.7037493, 0.40770817, 0.24584204, 0.17360693, 0.028372645, 0.95155984, 0.16557235] |
|14 |   65 |0.38333333 | 5000 |      f1 |     269 |   295.0 |   290.0 |    1,69 |-0,0050 |1592521215098 |[0.17853338, 0.16022706, 0.9438116, 0.7037493, 0.40770817, 0.24584204, 0.17360693, 0.028372645, 0.95155984, 0.16557235] |
|14 |   65 |  0.45 | 5000 |      f1 |     269 |   295.0 |   290.0 |    1,69 |-0,0050 |1592521215098 |[0.17853338, 0.16022706, 0.9438116, 0.7037493, 0.40770817, 0.24584204, 0.17360693, 0.028372645, 0.95155984, 0.16557235] |
|14 |   65 |   0.4 | 5000 |      f1 |     269 |   295.0 |   290.0 |    1,69 |-0,0050 |1592521215098 |[0.17853338, 0.16022706, 0.9438116, 0.7037493, 0.40770817, 0.24584204, 0.17360693, 0.028372645, 0.95155984, 0.16557235] |
|14 |   65 |0.32307693 | 5000 |      f1 |     269 |   295.0 |   290.0 |    1,69 |-0,0050 |1592521215098 |[0.17853338, 0.16022706, 0.9438116, 0.7037493, 0.40770817, 0.24584204, 0.17360693, 0.028372645, 0.95155984, 0.16557235] |
|14 |   70 |0.35384616 | 5000 |      f1 |     269 |   295.0 |   290.0 |    1,69 |-0,0050 |1592521215098 |[0.17853338, 0.16022706, 0.9438116, 0.7037493, 0.40770817, 0.24584204, 0.17360693, 0.028372645, 0.95155984, 0.16557235] |
|14 |   70 |  0.45 | 5000 |      f1 |     269 |   295.0 |   290.0 |    1,69 |-0,0050 |1592521215098 |[0.17853338, 0.16022706, 0.9438116, 0.7037493, 0.40770817, 0.24584204, 0.17360693, 0.028372645, 0.95155984, 0.16557235] |
|14 |   70 |0.37142858 | 5000 |      f1 |     269 |   295.0 |   290.0 |    1,69 |-0,0050 |1592521215098 |[0.17853338, 0.16022706, 0.9438116, 0.7037493, 0.40770817, 0.24584204, 0.17360693, 0.028372645, 0.95155984, 0.16557235] |
|14 |   70 |0.3857143 | 5000 |      f1 |     269 |   295.0 |   290.0 |    1,69 |-0,0050 |1592521215098 |[0.17853338, 0.16022706, 0.9438116, 0.7037493, 0.40770817, 0.24584204, 0.17360693, 0.028372645, 0.95155984, 0.16557235] |
|14 |   75 |0.41428572 | 5000 |      f1 |     269 |   295.0 |   290.0 |    1,69 |-0,0050 |1592521215098 |[0.17853338, 0.16022706, 0.9438116, 0.7037493, 0.40770817, 0.24584204, 0.17360693, 0.028372645, 0.95155984, 0.16557235] |
|14 |   75 |  0.45 | 5000 |      f1 |     269 |   295.0 |   290.0 |    1,69 |-0,0050 |1592521215098 |[0.17853338, 0.16022706, 0.9438116, 0.7037493, 0.40770817, 0.24584204, 0.17360693, 0.028372645, 0.95155984, 0.16557235] |
|14 |   75 |  0.45 | 5000 |      f1 |     269 |   295.0 |   290.0 |    1,69 |  3,7 |1592521215098 |[0.17853338, 0.16022706, 0.9438116, 0.7037493, 0.40770817, 0.24584204, 0.17360693, 0.028372645, 0.95155984, 0.16557235] |
|15 |   50 |  0.25 | 5000 |      f1 |     269 |   295.0 |   290.0 |    1,69 |-0,0060 |1592521218772 |[0.45188254, 0.36441863, 0.1462971, 0.9410003, 0.88572365, 0.84536666, 0.81884676, 0.5867756, 0.5539206, 0.581082] |
|15 |   50 |   0.4 | 5000 |      f1 |     269 |   295.0 |   290.0 |    1,69 |-0,0060 |1592521218772 |[0.45188254, 0.36441863, 0.1462971, 0.9410003, 0.88572365, 0.84536666, 0.81884676, 0.5867756, 0.5539206, 0.581082] |
|15 |   50 |  0.34 | 5000 |      f1 |     269 |   295.0 |   290.0 |    1,69 |-0,0060 |1592521218772 |[0.45188254, 0.36441863, 0.1462971, 0.9410003, 0.88572365, 0.84536666, 0.81884676, 0.5867756, 0.5539206, 0.581082] |
|15 |   55 |  0.28 | 5000 |      f1 |     269 |   295.0 |   290.0 |    1,69 |-0,0060 |1592521218772 |[0.45188254, 0.36441863, 0.1462971, 0.9410003, 0.88572365, 0.84536666, 0.81884676, 0.5867756, 0.5539206, 0.581082] |
|15 |   55 |0.4181818 | 5000 |      f1 |     269 |   295.0 |   290.0 |    1,69 |-0,0060 |1592521218772 |[0.56122607, 0.99700356, 0.8198621, 0.93522304, 0.8954874, 0.49692225, 0.74276334, 0.85410076, 0.5091619, 0.86313975] |
|15 |   55 |  0.45 | 5000 |      f1 |     269 |   295.0 |   290.0 |    1,69 |-0,0060 |1592521218772 |[0.56122607, 0.99700356, 0.8198621, 0.93522304, 0.8954874, 0.49692225, 0.74276334, 0.85410076, 0.5091619, 0.86313975] |
|15 |   55 |0.34545454 | 5000 |      f1 |     269 |   295.0 |   290.0 |    1,69 |-0,0060 |1592521218772 |[0.56122607, 0.99700356, 0.8198621, 0.93522304, 0.8954874, 0.49692225, 0.74276334, 0.85410076, 0.5091619, 0.86313975] |
|15 |   60 |   0.4 | 5000 |      f1 |     269 |   295.0 |   290.0 |    1,69 |-0,0060 |1592521218772 |[0.56122607, 0.99700356, 0.8198621, 0.93522304, 0.8954874, 0.49692225, 0.74276334, 0.85410076, 0.5091619, 0.86313975] |
|15 |   60 |  0.45 | 5000 |      f1 |     269 |   295.0 |   290.0 |    1,69 |-0,0060 |1592521218772 |[0.56122607, 0.99700356, 0.8198621, 0.93522304, 0.8954874, 0.49692225, 0.74276334, 0.85410076, 0.5091619, 0.86313975] |
|15 |   60 |0.33333334 | 5000 |      f1 |     269 |   295.0 |   290.0 |    1,69 |-0,0060 |1592521218772 |[0.9554745, 0.56508124, 0.16633719, 0.9058764, 0.12712717, 0.7865998, 0.22066379, 0.7789482, 0.39625937, 0.7010698] |
|15 |   60 |0.33333334 | 5000 |      f1 |     269 |   295.0 |   290.0 |    1,69 |-0,0060 |1592521218772 |[0.9554745, 0.56508124, 0.16633719, 0.9058764, 0.12712717, 0.7865998, 0.22066379, 0.7789482, 0.39625937, 0.7010698] |
|15 |   65 |0.28333333 | 5000 |      f1 |     269 |   295.0 |   290.0 |    1,69 |-0,0060 |1592521218772 |[0.9554745, 0.56508124, 0.16633719, 0.9058764, 0.12712717, 0.7865998, 0.22066379, 0.7789482, 0.39625937, 0.7010698] |
|15 |   65 |  0.45 | 5000 |      f1 |     269 |   295.0 |   290.0 |    1,69 |-0,0060 |1592521218772 |[0.9554745, 0.56508124, 0.16633719, 0.9058764, 0.12712717, 0.7865998, 0.22066379, 0.7789482, 0.39625937, 0.7010698] |
|15 |   65 |0.30769232 | 5000 |      f1 |     269 |   295.0 |   290.0 |    1,69 |-0,0060 |1592521218772 |[0.9554745, 0.56508124, 0.16633719, 0.9058764, 0.12712717, 0.7865998, 0.22066379, 0.7789482, 0.39625937, 0.7010698] |
|15 |   65 |0.2769231 | 5000 |      f1 |     269 |   295.0 |   290.0 |    1,69 |-0,0060 |1592521218772 |[0.9554745, 0.56508124, 0.16633719, 0.9058764, 0.12712717, 0.7865998, 0.22066379, 0.7789482, 0.39625937, 0.7010698] |
|15 |   70 |0.35384616 | 5000 |      f1 |     269 |   295.0 |   290.0 |    1,69 |-0,0060 |1592521218772 |[0.9554745, 0.56508124, 0.16633719, 0.9058764, 0.12712717, 0.7865998, 0.22066379, 0.7789482, 0.39625937, 0.7010698] |
|15 |   70 |  0.45 | 5000 |      f1 |     269 |   295.0 |   290.0 |    1,69 |-0,0060 |1592521218772 |[0.9554745, 0.56508124, 0.16633719, 0.9058764, 0.12712717, 0.7865998, 0.22066379, 0.7789482, 0.39625937, 0.7010698] |
|15 |   70 |0.34285715 | 5000 |      f1 |     269 |   295.0 |   290.0 |    1,69 |-0,0060 |1592521218772 |[0.9554745, 0.56508124, 0.16633719, 0.9058764, 0.12712717, 0.7865998, 0.22066379, 0.7789482, 0.39625937, 0.7010698] |
|15 |   70 |   0.3 | 5000 |      f1 |     269 |   295.0 |   290.0 |    1,69 |-0,0060 |1592521218772 |[0.9554745, 0.56508124, 0.16633719, 0.9058764, 0.12712717, 0.7865998, 0.22066379, 0.7789482, 0.39625937, 0.7010698] |
|15 |   75 |0.32857144 | 5000 |      f1 |     269 |   295.0 |   290.0 |    1,69 |-0,0060 |1592521218772 |[0.9554745, 0.56508124, 0.16633719, 0.9058764, 0.12712717, 0.7865998, 0.22066379, 0.7789482, 0.39625937, 0.7010698] |
|15 |   75 |  0.45 | 5000 |      f1 |     269 |   295.0 |   290.0 |    1,69 |-0,0060 |1592521218772 |[0.9554745, 0.56508124, 0.16633719, 0.9058764, 0.12712717, 0.7865998, 0.22066379, 0.7789482, 0.39625937, 0.7010698] |
|15 |   75 |  0.45 | 5000 |      f1 |     269 |   295.0 |   290.0 |    1,69 |  3,6 |1592521218772 |[0.9554745, 0.56508124, 0.16633719, 0.9058764, 0.12712717, 0.7865998, 0.22066379, 0.7789482, 0.39625937, 0.7010698] |
