| # | Nest | %Desc |#Iter |Instancia | CapMoch |ValOptmo | BestFit |     RDP | time |      semilla |VectorSolucion |
-------------------------------------------------------------------------------------------------
| 1 |   50 |  0.25 | 5000 |      f4 |      11 |    23.0 |    16.0 |   30,43 |-1,6e+09 |1592522386762 |[0.5409773, 0.490422, 0.36782497, 0.19051564] |
| 1 |   50 |  0.38 | 5000 |      f4 |      11 |    23.0 |    16.0 |   30,43 |-1,6e+09 |1592522386762 |[0.8815559, 0.6545554, 0.5058808, 0.47505832] |
| 1 |   50 |  0.28 | 5000 |      f4 |      11 |    23.0 |    16.0 |   30,43 |-1,6e+09 |1592522386762 |[0.8815559, 0.6545554, 0.5058808, 0.47505832] |
| 1 |   55 |  0.38 | 5000 |      f4 |      11 |    23.0 |    16.0 |   30,43 |-1,6e+09 |1592522386762 |[0.8815559, 0.6545554, 0.5058808, 0.47505832] |
| 1 |   55 |   0.4 | 5000 |      f4 |      11 |    23.0 |    16.0 |   30,43 |-1,6e+09 |1592522386762 |[0.8815559, 0.6545554, 0.5058808, 0.47505832] |
| 1 |   55 |0.43636364 | 5000 |      f4 |      11 |    23.0 |    16.0 |   30,43 |-1,6e+09 |1592522386762 |[0.8815559, 0.6545554, 0.5058808, 0.47505832] |
| 1 |   55 |0.38181818 | 5000 |      f4 |      11 |    23.0 |    16.0 |   30,43 |-1,6e+09 |1592522386762 |[0.8815559, 0.6545554, 0.5058808, 0.47505832] |
| 1 |   60 |0.34545454 | 5000 |      f4 |      11 |    23.0 |    16.0 |   30,43 |-1,6e+09 |1592522386762 |[0.8815559, 0.6545554, 0.5058808, 0.47505832] |
| 1 |   60 |0.31666666 | 5000 |      f4 |      11 |    23.0 |    16.0 |   30,43 |-1,6e+09 |1592522386762 |[0.8815559, 0.6545554, 0.5058808, 0.47505832] |
| 1 |   60 |0.36666667 | 5000 |      f4 |      11 |    23.0 |    16.0 |   30,43 |-1,6e+09 |1592522386762 |[0.8815559, 0.6545554, 0.5058808, 0.47505832] |
| 1 |   60 |  0.25 | 5000 |      f4 |      11 |    23.0 |    16.0 |   30,43 |-1,6e+09 |1592522386762 |[0.8815559, 0.6545554, 0.5058808, 0.47505832] |
| 1 |   65 |   0.3 | 5000 |      f4 |      11 |    23.0 |    16.0 |   30,43 |-1,6e+09 |1592522386762 |[0.8815559, 0.6545554, 0.5058808, 0.47505832] |
| 1 |   65 |0.30769232 | 5000 |      f4 |      11 |    23.0 |    16.0 |   30,43 |-1,6e+09 |1592522386762 |[0.8815559, 0.6545554, 0.5058808, 0.47505832] |
| 1 |   65 |0.2769231 | 5000 |      f4 |      11 |    23.0 |    16.0 |   30,43 |-1,6e+09 |1592522386762 |[0.8815559, 0.6545554, 0.5058808, 0.47505832] |
| 1 |   65 |0.32307693 | 5000 |      f4 |      11 |    23.0 |    16.0 |   30,43 |-1,6e+09 |1592522386762 |[0.8815559, 0.6545554, 0.5058808, 0.47505832] |
| 1 |   70 |0.2769231 | 5000 |      f4 |      11 |    23.0 |    16.0 |   30,43 |-1,6e+09 |1592522386762 |[0.8815559, 0.6545554, 0.5058808, 0.47505832] |
| 1 |   70 |  0.45 | 5000 |      f4 |      11 |    23.0 |    16.0 |   30,43 |-1,6e+09 |1592522386762 |[0.8815559, 0.6545554, 0.5058808, 0.47505832] |
| 1 |   70 |   0.4 | 5000 |      f4 |      11 |    23.0 |    16.0 |   30,43 |-1,6e+09 |1592522386762 |[0.8815559, 0.6545554, 0.5058808, 0.47505832] |
| 1 |   70 |0.3857143 | 5000 |      f4 |      11 |    23.0 |    16.0 |   30,43 |-1,6e+09 |1592522386762 |[0.8815559, 0.6545554, 0.5058808, 0.47505832] |
| 1 |   75 |   0.4 | 5000 |      f4 |      11 |    23.0 |    16.0 |   30,43 |-1,6e+09 |1592522386762 |[0.8815559, 0.6545554, 0.5058808, 0.47505832] |
| 1 |   75 |  0.32 | 5000 |      f4 |      11 |    23.0 |    16.0 |   30,43 |-1,6e+09 |1592522386762 |[0.8815559, 0.6545554, 0.5058808, 0.47505832] |
| 1 |   75 |  0.32 | 5000 |      f4 |      11 |    23.0 |    16.0 |   30,43 |  1,4 |1592522386762 |[0.8815559, 0.6545554, 0.5058808, 0.47505832] |
| 2 |   50 |  0.25 | 5000 |      f4 |      11 |    23.0 |    16.0 |   30,43 |-0,0020 |1592522388119 |[0.8346547, 0.8869308, 0.334486, 0.6817174] |
| 2 |   50 |  0.34 | 5000 |      f4 |      11 |    23.0 |    16.0 |   30,43 |-0,0020 |1592522388119 |[0.8346547, 0.8869308, 0.334486, 0.6817174] |
| 2 |   50 |  0.34 | 5000 |      f4 |      11 |    23.0 |    16.0 |   30,43 |-0,0020 |1592522388119 |[0.8346547, 0.8869308, 0.334486, 0.6817174] |
| 2 |   55 |  0.34 | 5000 |      f4 |      11 |    23.0 |    16.0 |   30,43 |-0,0020 |1592522388119 |[0.8346547, 0.8869308, 0.334486, 0.6817174] |
| 2 |   55 |0.38181818 | 5000 |      f4 |      11 |    23.0 |    16.0 |   30,43 |-0,0020 |1592522388119 |[0.8346547, 0.8869308, 0.334486, 0.6817174] |
| 2 |   55 |0.25454545 | 5000 |      f4 |      11 |    23.0 |    16.0 |   30,43 |-0,0020 |1592522388119 |[0.8346547, 0.8869308, 0.334486, 0.6817174] |
| 2 |   55 |0.38181818 | 5000 |      f4 |      11 |    23.0 |    16.0 |   30,43 |-0,0020 |1592522388119 |[0.8346547, 0.8869308, 0.334486, 0.6817174] |
| 2 |   60 |0.36363637 | 5000 |      f4 |      11 |    23.0 |    16.0 |   30,43 |-0,0020 |1592522388119 |[0.8346547, 0.8869308, 0.334486, 0.6817174] |
| 2 |   60 |0.43333334 | 5000 |      f4 |      11 |    23.0 |    16.0 |   30,43 |-0,0020 |1592522388119 |[0.8346547, 0.8869308, 0.334486, 0.6817174] |
| 2 |   60 |   0.4 | 5000 |      f4 |      11 |    23.0 |    16.0 |   30,43 |-0,0020 |1592522388119 |[0.8346547, 0.8869308, 0.334486, 0.6817174] |
| 2 |   60 |   0.4 | 5000 |      f4 |      11 |    23.0 |    16.0 |   30,43 |-0,0020 |1592522388119 |[0.8346547, 0.8869308, 0.334486, 0.6817174] |
| 2 |   65 |   0.4 | 5000 |      f4 |      11 |    23.0 |    16.0 |   30,43 |-0,0020 |1592522388119 |[0.8346547, 0.8869308, 0.334486, 0.6817174] |
| 2 |   65 |0.43076923 | 5000 |      f4 |      11 |    23.0 |    16.0 |   30,43 |-0,0020 |1592522388119 |[0.8346547, 0.8869308, 0.334486, 0.6817174] |
| 2 |   65 |0.30769232 | 5000 |      f4 |      11 |    23.0 |    16.0 |   30,43 |-0,0020 |1592522388119 |[0.8346547, 0.8869308, 0.334486, 0.6817174] |
| 2 |   65 |0.26153848 | 5000 |      f4 |      11 |    23.0 |    16.0 |   30,43 |-0,0020 |1592522388119 |[0.8346547, 0.8869308, 0.334486, 0.6817174] |
| 2 |   70 |0.36923078 | 5000 |      f4 |      11 |    23.0 |    16.0 |   30,43 |-0,0020 |1592522388119 |[0.8346547, 0.8869308, 0.334486, 0.6817174] |
| 2 |   70 |   0.4 | 5000 |      f4 |      11 |    23.0 |    16.0 |   30,43 |-0,0020 |1592522388119 |[0.8346547, 0.8869308, 0.334486, 0.6817174] |
| 2 |   70 |   0.4 | 5000 |      f4 |      11 |    23.0 |    16.0 |   30,43 |-0,0020 |1592522388119 |[0.8346547, 0.8869308, 0.334486, 0.6817174] |
| 2 |   70 |0.27142859 | 5000 |      f4 |      11 |    23.0 |    16.0 |   30,43 |-0,0020 |1592522388119 |[0.8346547, 0.8869308, 0.334486, 0.6817174] |
| 2 |   75 |0.35714287 | 5000 |      f4 |      11 |    23.0 |    16.0 |   30,43 |-0,0020 |1592522388119 |[0.8346547, 0.8869308, 0.334486, 0.6817174] |
| 2 |   75 |  0.36 | 5000 |      f4 |      11 |    23.0 |    16.0 |   30,43 |-0,0020 |1592522388119 |[0.8346547, 0.8869308, 0.334486, 0.6817174] |
| 2 |   75 |  0.36 | 5000 |      f4 |      11 |    23.0 |    16.0 |   30,43 |  1,4 |1592522388119 |[0.8346547, 0.8869308, 0.334486, 0.6817174] |
| 3 |   50 |  0.25 | 5000 |      f4 |      11 |    23.0 |    16.0 |   30,43 |  0,0 |1592522389476 |[0.9113329, 0.34106618, 0.083639026, 0.70021707] |
| 3 |   50 |   0.4 | 5000 |      f4 |      11 |    23.0 |    16.0 |   30,43 |  0,0 |1592522389476 |[0.9113329, 0.34106618, 0.083639026, 0.70021707] |
| 3 |   50 |   0.4 | 5000 |      f4 |      11 |    23.0 |    16.0 |   30,43 |  0,0 |1592522389476 |[0.6662098, 0.7566864, 0.8648862, 0.8597609] |
| 3 |   55 |  0.38 | 5000 |      f4 |      11 |    23.0 |    16.0 |   30,43 |  0,0 |1592522389476 |[0.6662098, 0.7566864, 0.8648862, 0.8597609] |
| 3 |   55 |  0.45 | 5000 |      f4 |      11 |    23.0 |    16.0 |   30,43 |  0,0 |1592522389476 |[0.6662098, 0.7566864, 0.8648862, 0.8597609] |
| 3 |   55 |   0.4 | 5000 |      f4 |      11 |    23.0 |    16.0 |   30,43 |  0,0 |1592522389476 |[0.6662098, 0.7566864, 0.8648862, 0.8597609] |
| 3 |   55 |0.36363637 | 5000 |      f4 |      11 |    23.0 |    16.0 |   30,43 |  0,0 |1592522389476 |[0.6662098, 0.7566864, 0.8648862, 0.8597609] |
| 3 |   60 |0.3272727 | 5000 |      f4 |      11 |    23.0 |    16.0 |   30,43 |  0,0 |1592522389476 |[0.6662098, 0.7566864, 0.8648862, 0.8597609] |
| 3 |   60 |0.36666667 | 5000 |      f4 |      11 |    23.0 |    16.0 |   30,43 |  0,0 |1592522389476 |[0.6662098, 0.7566864, 0.8648862, 0.8597609] |
| 3 |   60 |0.23333333 | 5000 |      f4 |      11 |    23.0 |    16.0 |   30,43 |  0,0 |1592522389476 |[0.6662098, 0.7566864, 0.8648862, 0.8597609] |
| 3 |   60 |   0.2 | 5000 |      f4 |      11 |    23.0 |    16.0 |   30,43 |  0,0 |1592522389476 |[0.6662098, 0.7566864, 0.8648862, 0.8597609] |
| 3 |   65 |  0.35 | 5000 |      f4 |      11 |    23.0 |    16.0 |   30,43 |  0,0 |1592522389476 |[0.6662098, 0.7566864, 0.8648862, 0.8597609] |
| 3 |   65 |  0.45 | 5000 |      f4 |      11 |    23.0 |    16.0 |   30,43 |  0,0 |1592522389476 |[0.6662098, 0.7566864, 0.8648862, 0.8597609] |
| 3 |   65 |0.41538462 | 5000 |      f4 |      11 |    23.0 |    16.0 |   30,43 |  0,0 |1592522389476 |[0.6662098, 0.7566864, 0.8648862, 0.8597609] |
| 3 |   65 |0.2769231 | 5000 |      f4 |      11 |    23.0 |    16.0 |   30,43 |  0,0 |1592522389476 |[0.6662098, 0.7566864, 0.8648862, 0.8597609] |
| 3 |   70 |0.36923078 | 5000 |      f4 |      11 |    23.0 |    16.0 |   30,43 |  0,0 |1592522389476 |[0.6662098, 0.7566864, 0.8648862, 0.8597609] |
| 3 |   70 |   0.3 | 5000 |      f4 |      11 |    23.0 |    16.0 |   30,43 |  0,0 |1592522389476 |[0.6662098, 0.7566864, 0.8648862, 0.8597609] |
| 3 |   70 |0.34285715 | 5000 |      f4 |      11 |    23.0 |    16.0 |   30,43 |  0,0 |1592522389476 |[0.6662098, 0.7566864, 0.8648862, 0.8597609] |
| 3 |   70 |0.31428573 | 5000 |      f4 |      11 |    23.0 |    16.0 |   30,43 |  0,0 |1592522389476 |[0.6662098, 0.7566864, 0.8648862, 0.8597609] |
| 3 |   75 |0.31428573 | 5000 |      f4 |      11 |    23.0 |    16.0 |   30,43 |  0,0 |1592522389476 |[0.6662098, 0.7566864, 0.8648862, 0.8597609] |
| 3 |   75 |  0.45 | 5000 |      f4 |      11 |    23.0 |    16.0 |   30,43 |  0,0 |1592522389476 |[0.6662098, 0.7566864, 0.8648862, 0.8597609] |
| 3 |   75 |  0.45 | 5000 |      f4 |      11 |    23.0 |    16.0 |   30,43 |  1,3 |1592522389476 |[0.6662098, 0.7566864, 0.8648862, 0.8597609] |
| 4 |   50 |  0.25 | 5000 |      f4 |      11 |    23.0 |    16.0 |   30,43 |-0,0020 |1592522390821 |[0.88930434, 0.9010598, 0.20692575, 0.5652041] |
| 4 |   50 |  0.36 | 5000 |      f4 |      11 |    23.0 |    16.0 |   30,43 |-0,0020 |1592522390821 |[0.88930434, 0.9010598, 0.20692575, 0.5652041] |
| 4 |   50 |  0.18 | 5000 |      f4 |      11 |    23.0 |    16.0 |   30,43 |-0,0020 |1592522390821 |[0.88930434, 0.9010598, 0.20692575, 0.5652041] |
| 4 |   55 |  0.32 | 5000 |      f4 |      11 |    23.0 |    16.0 |   30,43 |-0,0020 |1592522390821 |[0.88930434, 0.9010598, 0.20692575, 0.5652041] |
| 4 |   55 |0.38181818 | 5000 |      f4 |      11 |    23.0 |    16.0 |   30,43 |-0,0020 |1592522390821 |[0.88930434, 0.9010598, 0.20692575, 0.5652041] |
| 4 |   55 |0.38181818 | 5000 |      f4 |      11 |    23.0 |    16.0 |   30,43 |-0,0020 |1592522390821 |[0.88930434, 0.9010598, 0.20692575, 0.5652041] |
| 4 |   55 |0.3090909 | 5000 |      f4 |      11 |    23.0 |    16.0 |   30,43 |-0,0020 |1592522390821 |[0.88930434, 0.9010598, 0.20692575, 0.5652041] |
| 4 |   60 |0.4181818 | 5000 |      f4 |      11 |    23.0 |    16.0 |   30,43 |-0,0020 |1592522390821 |[0.88930434, 0.9010598, 0.20692575, 0.5652041] |
| 4 |   60 |0.41666666 | 5000 |      f4 |      11 |    23.0 |    16.0 |   30,43 |-0,0020 |1592522390821 |[0.88930434, 0.9010598, 0.20692575, 0.5652041] |
| 4 |   60 |0.38333333 | 5000 |      f4 |      11 |    23.0 |    16.0 |   30,43 |-0,0020 |1592522390821 |[0.88930434, 0.9010598, 0.20692575, 0.5652041] |
| 4 |   60 |0.36666667 | 5000 |      f4 |      11 |    23.0 |    16.0 |   30,43 |-0,0020 |1592522390821 |[0.88930434, 0.9010598, 0.20692575, 0.5652041] |
| 4 |   65 |   0.4 | 5000 |      f4 |      11 |    23.0 |    16.0 |   30,43 |-0,0020 |1592522390821 |[0.88930434, 0.9010598, 0.20692575, 0.5652041] |
| 4 |   65 |0.3846154 | 5000 |      f4 |      11 |    23.0 |    16.0 |   30,43 |-0,0020 |1592522390821 |[0.88930434, 0.9010598, 0.20692575, 0.5652041] |
| 4 |   65 |0.3846154 | 5000 |      f4 |      11 |    23.0 |    16.0 |   30,43 |-0,0020 |1592522390821 |[0.88930434, 0.9010598, 0.20692575, 0.5652041] |
| 4 |   65 |   0.4 | 5000 |      f4 |      11 |    23.0 |    16.0 |   30,43 |-0,0020 |1592522390821 |[0.88930434, 0.9010598, 0.20692575, 0.5652041] |
| 4 |   70 |0.2923077 | 5000 |      f4 |      11 |    23.0 |    16.0 |   30,43 |-0,0020 |1592522390821 |[0.88930434, 0.9010598, 0.20692575, 0.5652041] |
| 4 |   70 |0.44285715 | 5000 |      f4 |      11 |    23.0 |    16.0 |   30,43 |-0,0020 |1592522390821 |[0.88930434, 0.9010598, 0.20692575, 0.5652041] |
| 4 |   70 |   0.4 | 5000 |      f4 |      11 |    23.0 |    16.0 |   30,43 |-0,0020 |1592522390821 |[0.88930434, 0.9010598, 0.20692575, 0.5652041] |
| 4 |   70 |   0.4 | 5000 |      f4 |      11 |    23.0 |    16.0 |   30,43 |-0,0020 |1592522390821 |[0.88930434, 0.9010598, 0.20692575, 0.5652041] |
| 4 |   75 |0.34285715 | 5000 |      f4 |      11 |    23.0 |    16.0 |   30,43 |-0,0020 |1592522390821 |[0.88930434, 0.9010598, 0.20692575, 0.5652041] |
| 4 |   75 |0.37333333 | 5000 |      f4 |      11 |    23.0 |    16.0 |   30,43 |-0,0020 |1592522390821 |[0.88930434, 0.9010598, 0.20692575, 0.5652041] |
| 4 |   75 |0.37333333 | 5000 |      f4 |      11 |    23.0 |    16.0 |   30,43 |  1,4 |1592522390821 |[0.88930434, 0.9010598, 0.20692575, 0.5652041] |
| 5 |   50 |  0.25 | 5000 |      f4 |      11 |    23.0 |    16.0 |   30,43 |-0,0020 |1592522392174 |[0.84731567, 0.0140692, 0.5062125, 0.0434314] |
| 5 |   50 |  0.26 | 5000 |      f4 |      11 |    23.0 |    16.0 |   30,43 |-0,0020 |1592522392174 |[0.84731567, 0.0140692, 0.5062125, 0.0434314] |
| 5 |   50 |  0.32 | 5000 |      f4 |      11 |    23.0 |    16.0 |   30,43 |-0,0020 |1592522392174 |[0.84731567, 0.0140692, 0.5062125, 0.0434314] |
| 5 |   55 |  0.34 | 5000 |      f4 |      11 |    23.0 |    16.0 |   30,43 |-0,0020 |1592522392174 |[0.84731567, 0.0140692, 0.5062125, 0.0434314] |
| 5 |   55 |  0.45 | 5000 |      f4 |      11 |    23.0 |    16.0 |   30,43 |-0,0020 |1592522392174 |[0.84731567, 0.0140692, 0.5062125, 0.0434314] |
| 5 |   55 |  0.45 | 5000 |      f4 |      11 |    23.0 |    16.0 |   30,43 |-0,0020 |1592522392174 |[0.84731567, 0.0140692, 0.5062125, 0.0434314] |
| 5 |   55 |0.4181818 | 5000 |      f4 |      11 |    23.0 |    16.0 |   30,43 |-0,0020 |1592522392174 |[0.84731567, 0.0140692, 0.5062125, 0.0434314] |
| 5 |   60 |0.38181818 | 5000 |      f4 |      11 |    23.0 |    16.0 |   30,43 |-0,0020 |1592522392174 |[0.6201508, 0.18767881, 0.7377818, 0.32921582] |
| 5 |   60 |   0.4 | 5000 |      f4 |      11 |    23.0 |    16.0 |   30,43 |-0,0020 |1592522392174 |[0.6201508, 0.18767881, 0.7377818, 0.32921582] |
| 5 |   60 |0.41666666 | 5000 |      f4 |      11 |    23.0 |    16.0 |   30,43 |-0,0020 |1592522392174 |[0.6201508, 0.18767881, 0.7377818, 0.32921582] |
| 5 |   60 |0.26666668 | 5000 |      f4 |      11 |    23.0 |    16.0 |   30,43 |-0,0020 |1592522392174 |[0.6201508, 0.18767881, 0.7377818, 0.32921582] |
| 5 |   65 |0.26666668 | 5000 |      f4 |      11 |    23.0 |    16.0 |   30,43 |-0,0020 |1592522392174 |[0.6201508, 0.18767881, 0.7377818, 0.32921582] |
| 5 |   65 |0.41538462 | 5000 |      f4 |      11 |    23.0 |    16.0 |   30,43 |-0,0020 |1592522392174 |[0.6201508, 0.18767881, 0.7377818, 0.32921582] |
| 5 |   65 |0.41538462 | 5000 |      f4 |      11 |    23.0 |    16.0 |   30,43 |-0,0020 |1592522392174 |[0.6201508, 0.18767881, 0.7377818, 0.32921582] |
| 5 |   65 |0.23076923 | 5000 |      f4 |      11 |    23.0 |    16.0 |   30,43 |-0,0020 |1592522392174 |[0.6201508, 0.18767881, 0.7377818, 0.32921582] |
| 5 |   70 |0.41538462 | 5000 |      f4 |      11 |    23.0 |    16.0 |   30,43 |-0,0020 |1592522392174 |[0.6201508, 0.18767881, 0.7377818, 0.32921582] |
| 5 |   70 |0.37142858 | 5000 |      f4 |      11 |    23.0 |    16.0 |   30,43 |-0,0020 |1592522392174 |[0.6201508, 0.18767881, 0.7377818, 0.32921582] |
| 5 |   70 |0.37142858 | 5000 |      f4 |      11 |    23.0 |    16.0 |   30,43 |-0,0020 |1592522392174 |[0.6201508, 0.18767881, 0.7377818, 0.32921582] |
| 5 |   70 |0.25714287 | 5000 |      f4 |      11 |    23.0 |    16.0 |   30,43 |-0,0020 |1592522392174 |[0.6201508, 0.18767881, 0.7377818, 0.32921582] |
| 5 |   75 |0.31428573 | 5000 |      f4 |      11 |    23.0 |    16.0 |   30,43 |-0,0020 |1592522392174 |[0.6201508, 0.18767881, 0.7377818, 0.32921582] |
| 5 |   75 |  0.36 | 5000 |      f4 |      11 |    23.0 |    16.0 |   30,43 |-0,0020 |1592522392174 |[0.6201508, 0.18767881, 0.7377818, 0.32921582] |
| 5 |   75 |  0.36 | 5000 |      f4 |      11 |    23.0 |    16.0 |   30,43 |  1,4 |1592522392174 |[0.6201508, 0.18767881, 0.7377818, 0.32921582] |
| 6 |   50 |  0.25 | 5000 |      f4 |      11 |    23.0 |    16.0 |   30,43 |-0,0020 |1592522393533 |[0.46539265, 0.8197087, 0.51667464, 0.30227268] |
| 6 |   50 |  0.38 | 5000 |      f4 |      11 |    23.0 |    16.0 |   30,43 |-0,0020 |1592522393533 |[0.46539265, 0.8197087, 0.51667464, 0.30227268] |
| 6 |   50 |  0.32 | 5000 |      f4 |      11 |    23.0 |    16.0 |   30,43 |-0,0020 |1592522393533 |[0.46539265, 0.8197087, 0.51667464, 0.30227268] |
| 6 |   55 |  0.38 | 5000 |      f4 |      11 |    23.0 |    16.0 |   30,43 |-0,0020 |1592522393533 |[0.46539265, 0.8197087, 0.51667464, 0.30227268] |
| 6 |   55 |0.4181818 | 5000 |      f4 |      11 |    23.0 |    16.0 |   30,43 |-0,0020 |1592522393533 |[0.46539265, 0.8197087, 0.51667464, 0.30227268] |
| 6 |   55 |0.38181818 | 5000 |      f4 |      11 |    23.0 |    16.0 |   30,43 |-0,0020 |1592522393533 |[0.46539265, 0.8197087, 0.51667464, 0.30227268] |
| 6 |   55 |0.3090909 | 5000 |      f4 |      11 |    23.0 |    16.0 |   30,43 |-0,0020 |1592522393533 |[0.46539265, 0.8197087, 0.51667464, 0.30227268] |
| 6 |   60 |   0.4 | 5000 |      f4 |      11 |    23.0 |    16.0 |   30,43 |-0,0020 |1592522393533 |[0.46539265, 0.8197087, 0.51667464, 0.30227268] |
| 6 |   60 |  0.35 | 5000 |      f4 |      11 |    23.0 |    16.0 |   30,43 |-0,0020 |1592522393533 |[0.46539265, 0.8197087, 0.51667464, 0.30227268] |
| 6 |   60 |0.38333333 | 5000 |      f4 |      11 |    23.0 |    16.0 |   30,43 |-0,0020 |1592522393533 |[0.46539265, 0.8197087, 0.51667464, 0.30227268] |
| 6 |   60 |   0.3 | 5000 |      f4 |      11 |    23.0 |    16.0 |   30,43 |-0,0020 |1592522393533 |[0.46539265, 0.8197087, 0.51667464, 0.30227268] |
| 6 |   65 |0.26666668 | 5000 |      f4 |      11 |    23.0 |    16.0 |   30,43 |-0,0020 |1592522393533 |[0.46539265, 0.8197087, 0.51667464, 0.30227268] |
| 6 |   65 |0.44615385 | 5000 |      f4 |      11 |    23.0 |    16.0 |   30,43 |-0,0020 |1592522393533 |[0.46539265, 0.8197087, 0.51667464, 0.30227268] |
| 6 |   65 |0.35384616 | 5000 |      f4 |      11 |    23.0 |    16.0 |   30,43 |-0,0020 |1592522393533 |[0.46539265, 0.8197087, 0.51667464, 0.30227268] |
| 6 |   65 |  0.45 | 5000 |      f4 |      11 |    23.0 |    16.0 |   30,43 |-0,0020 |1592522393533 |[0.46539265, 0.8197087, 0.51667464, 0.30227268] |
| 6 |   70 |0.35384616 | 5000 |      f4 |      11 |    23.0 |    16.0 |   30,43 |-0,0020 |1592522393533 |[0.46539265, 0.8197087, 0.51667464, 0.30227268] |
| 6 |   70 |  0.45 | 5000 |      f4 |      11 |    23.0 |    16.0 |   30,43 |-0,0020 |1592522393533 |[0.46539265, 0.8197087, 0.51667464, 0.30227268] |
| 6 |   70 |0.32857144 | 5000 |      f4 |      11 |    23.0 |    16.0 |   30,43 |-0,0020 |1592522393533 |[0.46539265, 0.8197087, 0.51667464, 0.30227268] |
| 6 |   70 |0.35714287 | 5000 |      f4 |      11 |    23.0 |    16.0 |   30,43 |-0,0020 |1592522393533 |[0.46539265, 0.8197087, 0.51667464, 0.30227268] |
