| # | Nest | %Desc |#Iter |Instancia | CapMoch |ValOptmo | BestFit |     RDP | time |      semilla |VectorSolucion |
-------------------------------------------------------------------------------------------------
| 1 |   25 |  0.25 | 2500 |      f9 |      80 |   130.0 |   130.0 |    0,00 | 0,25 |1566873328063 |[1, 1, 1, 1, 0] |
| 2 |   25 |  0.25 | 2500 |      f9 |      80 |   130.0 |   130.0 |    0,00 | 0,37 |1566873328312 |[1, 1, 1, 1, 0] |
| 3 |   25 |  0.25 | 2500 |      f9 |      80 |   130.0 |   130.0 |    0,00 | 0,27 |1566873328680 |[1, 1, 1, 1, 0] |
| 4 |   25 |  0.25 | 2500 |      f9 |      80 |   130.0 |   130.0 |    0,00 | 0,34 |1566873328946 |[1, 1, 1, 1, 0] |
| 5 |   25 |  0.25 | 2500 |      f9 |      80 |   130.0 |   130.0 |    0,00 | 0,29 |1566873329281 |[1, 1, 1, 1, 0] |
| 6 |   25 |  0.25 | 2500 |      f9 |      80 |   130.0 |   130.0 |    0,00 | 0,32 |1566873329572 |[1, 1, 1, 1, 0] |
| 7 |   25 |  0.25 | 2500 |      f9 |      80 |   130.0 |   130.0 |    0,00 | 0,36 |1566873329894 |[1, 1, 1, 1, 0] |
| 8 |   25 |  0.25 | 2500 |      f9 |      80 |   130.0 |   130.0 |    0,00 | 0,38 |1566873330254 |[1, 1, 1, 1, 0] |
| 9 |   25 |  0.25 | 2500 |      f9 |      80 |   130.0 |   130.0 |    0,00 | 0,42 |1566873330638 |[1, 1, 1, 1, 0] |
|10 |   25 |  0.25 | 2500 |      f9 |      80 |   130.0 |   130.0 |    0,00 | 0,25 |1566873331059 |[1, 1, 1, 1, 0] |
|11 |   25 |  0.25 | 2500 |      f9 |      80 |   130.0 |   130.0 |    0,00 | 0,40 |1566873331308 |[1, 1, 1, 1, 0] |
|12 |   25 |  0.25 | 2500 |      f9 |      80 |   130.0 |   130.0 |    0,00 | 0,35 |1566873331703 |[1, 1, 1, 1, 0] |
|13 |   25 |  0.25 | 2500 |      f9 |      80 |   130.0 |   130.0 |    0,00 | 0,38 |1566873332051 |[1, 1, 1, 1, 0] |
|14 |   25 |  0.25 | 2500 |      f9 |      80 |   130.0 |   130.0 |    0,00 | 0,34 |1566873332428 |[1, 1, 1, 1, 0] |
|15 |   25 |  0.25 | 2500 |      f9 |      80 |   130.0 |   130.0 |    0,00 | 0,38 |1566873332774 |[1, 1, 1, 1, 0] |
|16 |   25 |  0.25 | 2500 |      f9 |      80 |   130.0 |   130.0 |    0,00 | 0,36 |1566873333151 |[1, 1, 1, 1, 0] |
|17 |   25 |  0.25 | 2500 |      f9 |      80 |   130.0 |   130.0 |    0,00 | 0,28 |1566873333514 |[1, 1, 1, 1, 0] |
|18 |   25 |  0.25 | 2500 |      f9 |      80 |   130.0 |   130.0 |    0,00 | 0,39 |1566873333793 |[1, 1, 1, 1, 0] |
|19 |   25 |  0.25 | 2500 |      f9 |      80 |   130.0 |   130.0 |    0,00 | 0,39 |1566873334185 |[1, 1, 1, 1, 0] |
|20 |   25 |  0.25 | 2500 |      f9 |      80 |   130.0 |   130.0 |    0,00 | 0,34 |1566873334579 |[1, 1, 1, 1, 0] |
|21 |   25 |  0.25 | 2500 |      f9 |      80 |   130.0 |   130.0 |    0,00 | 0,35 |1566873334919 |[1, 1, 1, 1, 0] |
|22 |   25 |  0.25 | 2500 |      f9 |      80 |   130.0 |   130.0 |    0,00 | 0,44 |1566873335269 |[1, 1, 1, 1, 0] |
|23 |   25 |  0.25 | 2500 |      f9 |      80 |   130.0 |   130.0 |    0,00 | 0,38 |1566873335713 |[1, 1, 1, 1, 0] |
|24 |   25 |  0.25 | 2500 |      f9 |      80 |   130.0 |   130.0 |    0,00 | 0,35 |1566873336091 |[1, 1, 1, 1, 0] |
|25 |   25 |  0.25 | 2500 |      f9 |      80 |   130.0 |   130.0 |    0,00 | 0,36 |1566873336439 |[1, 1, 1, 1, 0] |
|26 |   25 |  0.25 | 2500 |      f9 |      80 |   130.0 |   130.0 |    0,00 | 0,40 |1566873336800 |[1, 1, 1, 1, 0] |
|27 |   25 |  0.25 | 2500 |      f9 |      80 |   130.0 |   130.0 |    0,00 | 0,32 |1566873337197 |[1, 1, 1, 1, 0] |
|28 |   25 |  0.25 | 2500 |      f9 |      80 |   130.0 |   130.0 |    0,00 | 0,30 |1566873337518 |[1, 1, 1, 1, 0] |
|29 |   25 |  0.25 | 2500 |      f9 |      80 |   130.0 |   130.0 |    0,00 | 0,36 |1566873337822 |[1, 1, 1, 1, 0] |
|30 |   25 |  0.25 | 2500 |      f9 |      80 |   130.0 |   130.0 |    0,00 | 0,30 |1566873338180 |[1, 1, 1, 1, 0] |
|31 |   25 |  0.25 | 2500 |      f9 |      80 |   130.0 |   130.0 |    0,00 | 0,30 |1566873338484 |[1, 1, 1, 1, 0] |
