| # | Nest | %Desc |#Iter |Instancia | CapMoch |ValOptmo | BestFit |     RDP | time |      semilla |VectorSolucion |
-------------------------------------------------------------------------------------------------
| 1 |   25 |  0.25 | 2500 |      f9 |      80 |   130.0 |   130.0 |    0,00 |  0,0 |1592497236738 |[0.4320174, 0.78522193, 0.13394785, 0.8197642, 0.4833259] |
| 2 |   25 |  0.25 | 2500 |      f9 |      80 |   130.0 |   130.0 |    0,00 |  0,0 |1592497236739 |[0.6977364, 0.06877971, 0.1252287, 0.08995086, 0.14715165] |
| 3 |   25 |  0.25 | 2500 |      f9 |      80 |   130.0 |   130.0 |    0,00 |  0,0 |1592497236745 |[0.63754797, 0.93358177, 0.13569283, 0.8268713, 0.0998708] |
| 4 |   25 |  0.25 | 2500 |      f9 |      80 |   130.0 |   130.0 |    0,00 |  0,0 |1592497236746 |[0.8230007, 0.3295312, 0.21152866, 0.569674, 0.44200057] |
| 5 |   25 |  0.25 | 2500 |      f9 |      80 |   130.0 |   130.0 |    0,00 |  0,0 |1592497236747 |[0.9688813, 0.81806326, 0.79778564, 0.41727585, 0.54447216] |
| 6 |   25 |  0.25 | 2500 |      f9 |      80 |   130.0 |   130.0 |    0,00 |  0,0 |1592497236748 |[0.35036296, 0.018032432, 0.27915192, 0.696811, 0.6866556] |
| 7 |   25 |  0.25 | 2500 |      f9 |      80 |   130.0 |   130.0 |    0,00 |  0,0 |1592497236749 |[0.85336506, 0.6020231, 0.026848853, 0.7733974, 0.48203194] |
| 8 |   25 |  0.25 | 2500 |      f9 |      80 |   130.0 |   130.0 |    0,00 |  0,0 |1592497236750 |[0.35518736, 0.48123354, 0.8830807, 0.20947373, 0.13942838] |
| 9 |   25 |  0.25 | 2500 |      f9 |      80 |   130.0 |   130.0 |    0,00 |  0,0 |1592497236751 |[0.249749, 0.43759084, 0.7526417, 0.9118973, 0.34908414] |
|10 |   25 |  0.25 | 2500 |      f9 |      80 |   130.0 |   130.0 |    0,00 |0,0010 |1592497236751 |[0.22710961, 0.50735563, 0.35949433, 0.25298488, 0.7072287] |
|11 |   25 |  0.25 | 2500 |      f9 |      80 |   130.0 |   130.0 |    0,00 |  0,0 |1592497236752 |[0.5020216, 0.7154646, 0.21555299, 0.40436995, 0.57438755] |
|12 |   25 |  0.25 | 2500 |      f9 |      80 |   130.0 |   130.0 |    0,00 |  0,0 |1592497236753 |[0.81063616, 0.8708662, 0.72674996, 0.20364141, 0.8220876] |
|13 |   25 |  0.25 | 2500 |      f9 |      80 |   130.0 |   130.0 |    0,00 |  0,0 |1592497236754 |[0.16056418, 0.09516293, 0.37123436, 0.48423666, 0.0050706267] |
|14 |   25 |  0.25 | 2500 |      f9 |      80 |   130.0 |   130.0 |    0,00 |  0,0 |1592497236755 |[0.63906056, 0.10896921, 0.095697105, 0.535176, 0.13113117] |
|15 |   25 |  0.25 | 2500 |      f9 |      80 |   130.0 |   130.0 |    0,00 |0,0010 |1592497236755 |[0.10303414, 0.2090174, 0.98558044, 0.5681198, 0.09391421] |
