|Instancia |Ejecucion |Iteracion |Iter Max |Nidos |   %Pa |tipoDiscretizacion |tipoBinarizacion | CapMoch |   Optmo |OptimoObtenido |     RDP | time |      semilla |VectorSolucionReal |VectorSolucionBinario |
-------------------------------------------------------------------------------------------------
|      f6 | 1 |       1 |    5000 |   50 |  0.25 |standard | sshape3 |      60 |    52.0 |    52.0 |    0,00 |-1,6e+09 |1592654871625 |[0.39204562, 0.42231387, 0.34227985, 0.1078434, 0.0978412, 0.48150104, 0.75249684, 0.44496465, 0.43375963, 0.40941775] |[0.0, 0.0, 1.0, 0.0, 1.0, 1.0, 1.0, 1.0, 1.0, 1.0] |
|      f6 | 1 |       2 |    5000 |   50 |  0.25 |standard | sshape3 |      60 |    52.0 |    52.0 |    0,00 |0,0010 |1592654871625 |[0.39204562, 0.42231387, 0.34227985, 0.1078434, 0.0978412, 0.48150104, 0.75249684, 0.44496465, 0.43375963, 0.40941775] |[0.0, 0.0, 1.0, 0.0, 1.0, 1.0, 1.0, 1.0, 1.0, 1.0] |
|      f6 | 2 |       1 |    5000 |   50 |  0.25 |standard | sshape3 |      60 |    52.0 |    52.0 |    0,00 |  0,0 |1592654871626 |[0.96958876, 0.85095793, 0.074101925, 0.22204202, 0.78792524, 0.69560254, 0.8331753, 0.25000495, 0.06983, 0.71368074] |[0.0, 0.0, 1.0, 1.0, 0.0, 1.0, 1.0, 1.0, 1.0, 1.0] |
|      f6 | 2 |       2 |    5000 |   50 |  0.25 |standard | sshape3 |      60 |    52.0 |    52.0 |    0,00 |0,0010 |1592654871626 |[0.96958876, 0.85095793, 0.074101925, 0.22204202, 0.78792524, 0.69560254, 0.8331753, 0.25000495, 0.06983, 0.71368074] |[0.0, 0.0, 1.0, 1.0, 0.0, 1.0, 1.0, 1.0, 1.0, 1.0] |
|      f6 | 3 |       1 |    5000 |   50 |  0.25 |standard | sshape3 |      60 |    52.0 |    52.0 |    0,00 |  0,0 |1592654871627 |[0.19738579, 0.5941769, 0.99031746, 0.6150014, 0.030941188, 0.82468784, 0.06298971, 0.61057866, 0.0015429258, 0.7575501] |[0.0, 0.0, 0.0, 1.0, 1.0, 1.0, 1.0, 1.0, 1.0, 1.0] |
|      f6 | 3 |       2 |    5000 |   50 |  0.25 |standard | sshape3 |      60 |    52.0 |    52.0 |    0,00 |  0,0 |1592654871627 |[0.19738579, 0.5941769, 0.99031746, 0.6150014, 0.030941188, 0.82468784, 0.06298971, 0.61057866, 0.0015429258, 0.7575501] |[0.0, 0.0, 0.0, 1.0, 1.0, 1.0, 1.0, 1.0, 1.0, 1.0] |
|      f6 | 4 |       1 |    5000 |   50 |  0.25 |standard | sshape3 |      60 |    52.0 |    52.0 |    0,00 |-0,0010 |1592654871628 |[0.8124799, 0.19508374, 0.46277308, 0.31120855, 0.3486613, 0.5152962, 0.51315284, 0.9853678, 0.1852017, 0.60364795] |[1.0, 0.0, 0.0, 0.0, 0.0, 1.0, 1.0, 1.0, 1.0, 1.0] |
|      f6 | 4 |       2 |    5000 |   50 |  0.25 |standard | sshape3 |      60 |    52.0 |    52.0 |    0,00 |  0,0 |1592654871628 |[0.8124799, 0.19508374, 0.46277308, 0.31120855, 0.3486613, 0.5152962, 0.51315284, 0.9853678, 0.1852017, 0.60364795] |[1.0, 0.0, 0.0, 0.0, 0.0, 1.0, 1.0, 1.0, 1.0, 1.0] |
|      f6 | 5 |       1 |    5000 |   50 |  0.25 |standard | sshape3 |      60 |    52.0 |    52.0 |    0,00 |  0,0 |1592654871628 |[0.8198917, 0.6783149, 0.9341766, 0.4032135, 0.11037582, 0.8926676, 0.10329616, 0.28919476, 0.22980237, 0.21447498] |[1.0, 0.0, 0.0, 0.0, 0.0, 1.0, 1.0, 1.0, 1.0, 1.0] |
|      f6 | 5 |       2 |    5000 |   50 |  0.25 |standard | sshape3 |      60 |    52.0 |    52.0 |    0,00 |0,0010 |1592654871628 |[0.8198917, 0.6783149, 0.9341766, 0.4032135, 0.11037582, 0.8926676, 0.10329616, 0.28919476, 0.22980237, 0.21447498] |[1.0, 0.0, 0.0, 0.0, 0.0, 1.0, 1.0, 1.0, 1.0, 1.0] |
|      f6 | 6 |       1 |    5000 |   50 |  0.25 |standard | sshape3 |      60 |    52.0 |    52.0 |    0,00 |  0,0 |1592654871629 |[0.38077074, 0.32268018, 0.060933948, 0.87783986, 0.49176478, 0.51022506, 0.60821587, 0.36800128, 0.22455394, 0.42252135] |[0.0, 0.0, 1.0, 0.0, 1.0, 1.0, 1.0, 1.0, 1.0, 1.0] |
|      f6 | 6 |       2 |    5000 |   50 |  0.25 |standard | sshape3 |      60 |    52.0 |    52.0 |    0,00 |0,0010 |1592654871629 |[0.38077074, 0.32268018, 0.060933948, 0.87783986, 0.49176478, 0.51022506, 0.60821587, 0.36800128, 0.22455394, 0.42252135] |[0.0, 0.0, 1.0, 0.0, 1.0, 1.0, 1.0, 1.0, 1.0, 1.0] |
|      f6 | 7 |       1 |    5000 |   50 |  0.25 |standard | sshape3 |      60 |    52.0 |    52.0 |    0,00 |  0,0 |1592654871630 |[0.75023913, 1.0, 0.57215166, 0.6267667, 0.64784455, 0.45991188, 0.22584984, 1.0, 0.03430921, 0.9675902] |[0.0, 0.0, 1.0, 0.0, 1.0, 1.0, 1.0, 1.0, 1.0, 1.0] |
|      f6 | 7 |       2 |    5000 |   50 |  0.25 |standard | sshape3 |      60 |    52.0 |    52.0 |    0,00 |  0,0 |1592654871630 |[0.75023913, 1.0, 0.57215166, 0.6267667, 0.64784455, 0.45991188, 0.22584984, 1.0, 0.03430921, 0.9675902] |[0.0, 0.0, 1.0, 0.0, 1.0, 1.0, 1.0, 1.0, 1.0, 1.0] |
|      f6 | 8 |       1 |    5000 |   50 |  0.25 |standard | sshape3 |      60 |    52.0 |    52.0 |    0,00 |-0,0010 |1592654871631 |[0.15083063, 0.00762558, 0.80542606, 0.28125447, 0.858204, 0.8200037, 0.7696406, 0.35814148, 0.16046947, 0.9690942] |[0.0, 0.0, 1.0, 0.0, 1.0, 1.0, 1.0, 1.0, 1.0, 1.0] |
|      f6 | 8 |       2 |    5000 |   50 |  0.25 |standard | sshape3 |      60 |    52.0 |    52.0 |    0,00 |  0,0 |1592654871631 |[0.15083063, 0.00762558, 0.80542606, 0.28125447, 0.858204, 0.8200037, 0.7696406, 0.35814148, 0.16046947, 0.9690942] |[0.0, 0.0, 1.0, 0.0, 1.0, 1.0, 1.0, 1.0, 1.0, 1.0] |
|      f6 | 9 |       1 |    5000 |   50 |  0.25 |standard | sshape3 |      60 |    52.0 |    52.0 |    0,00 |  0,0 |1592654871631 |[0.84433645, 0.17068791, 0.11972034, 0.18044233, 0.1909169, 0.53719527, 0.19701374, 0.7561658, 0.83893764, 0.25400728] |[0.0, 0.0, 1.0, 0.0, 1.0, 1.0, 1.0, 1.0, 1.0, 1.0] |
|      f6 | 9 |       2 |    5000 |   50 |  0.25 |standard | sshape3 |      60 |    52.0 |    52.0 |    0,00 |0,0010 |1592654871631 |[0.84433645, 0.17068791, 0.11972034, 0.18044233, 0.1909169, 0.53719527, 0.19701374, 0.7561658, 0.83893764, 0.25400728] |[0.0, 0.0, 1.0, 0.0, 1.0, 1.0, 1.0, 1.0, 1.0, 1.0] |
|      f6 |10 |       1 |    5000 |   50 |  0.25 |standard | sshape3 |      60 |    52.0 |    52.0 |    0,00 |  0,0 |1592654871632 |[0.48085082, 0.5279741, 0.7152877, 0.5428444, 0.22109812, 0.9523167, 0.042488575, 0.29448307, 0.42572135, 0.98065615] |[0.0, 1.0, 1.0, 0.0, 0.0, 0.0, 1.0, 1.0, 1.0, 1.0] |
|      f6 |10 |       2 |    5000 |   50 |  0.25 |standard | sshape3 |      60 |    52.0 |    52.0 |    0,00 |0,0010 |1592654871632 |[0.48085082, 0.5279741, 0.7152877, 0.5428444, 0.22109812, 0.9523167, 0.042488575, 0.29448307, 0.42572135, 0.98065615] |[0.0, 1.0, 1.0, 0.0, 0.0, 0.0, 1.0, 1.0, 1.0, 1.0] |
|      f6 |11 |       1 |    5000 |   50 |  0.25 |standard | sshape3 |      60 |    52.0 |    52.0 |    0,00 |  0,0 |1592654871633 |[0.5190148, 0.309375, 0.8577618, 0.64835, 0.33521515, 0.19508916, 0.28700727, 0.6766276, 0.31658942, 0.25334227] |[0.0, 0.0, 1.0, 1.0, 0.0, 1.0, 1.0, 1.0, 1.0, 1.0] |
|      f6 |11 |       2 |    5000 |   50 |  0.25 |standard | sshape3 |      60 |    52.0 |    52.0 |    0,00 |  0,0 |1592654871633 |[0.5190148, 0.309375, 0.8577618, 0.64835, 0.33521515, 0.19508916, 0.28700727, 0.6766276, 0.31658942, 0.25334227] |[0.0, 0.0, 1.0, 1.0, 0.0, 1.0, 1.0, 1.0, 1.0, 1.0] |
|      f6 |12 |       1 |    5000 |   50 |  0.25 |standard | sshape3 |      60 |    52.0 |    52.0 |    0,00 |  0,0 |1592654871633 |[0.8290582, 0.7009518, 0.0045084953, 0.49291646, 0.7355461, 0.46078205, 0.1599564, 0.97982305, 0.3785131, 0.4332375] |[0.0, 0.0, 1.0, 1.0, 0.0, 1.0, 1.0, 1.0, 1.0, 1.0] |
|      f6 |12 |       2 |    5000 |   50 |  0.25 |standard | sshape3 |      60 |    52.0 |    52.0 |    0,00 |0,0010 |1592654871633 |[0.8290582, 0.7009518, 0.0045084953, 0.49291646, 0.7355461, 0.46078205, 0.1599564, 0.97982305, 0.3785131, 0.4332375] |[0.0, 0.0, 1.0, 1.0, 0.0, 1.0, 1.0, 1.0, 1.0, 1.0] |
|      f6 |13 |       1 |    5000 |   50 |  0.25 |standard | sshape3 |      60 |    52.0 |    52.0 |    0,00 |  0,0 |1592654871634 |[0.56184393, 0.19544786, 0.3470847, 0.72815645, 0.8550714, 0.63951343, 0.31782955, 0.696145, 0.6993758, 0.5412721] |[0.0, 1.0, 0.0, 0.0, 0.0, 1.0, 1.0, 1.0, 1.0, 1.0] |
|      f6 |13 |       2 |    5000 |   50 |  0.25 |standard | sshape3 |      60 |    52.0 |    52.0 |    0,00 |0,0010 |1592654871634 |[0.56184393, 0.19544786, 0.3470847, 0.72815645, 0.8550714, 0.63951343, 0.31782955, 0.696145, 0.6993758, 0.5412721] |[0.0, 1.0, 0.0, 0.0, 0.0, 1.0, 1.0, 1.0, 1.0, 1.0] |
|      f6 |14 |       1 |    5000 |   50 |  0.25 |standard | sshape3 |      60 |    52.0 |    52.0 |    0,00 |  0,0 |1592654871635 |[0.59982044, 0.40706128, 0.8962628, 0.0123307705, 0.619142, 0.6967252, 0.69486076, 0.47416985, 0.70799315, 0.6845503] |[0.0, 0.0, 1.0, 0.0, 1.0, 1.0, 1.0, 1.0, 1.0, 1.0] |
|      f6 |14 |       2 |    5000 |   50 |  0.25 |standard | sshape3 |      60 |    52.0 |    52.0 |    0,00 |0,0010 |1592654871635 |[0.59982044, 0.40706128, 0.8962628, 0.0123307705, 0.619142, 0.6967252, 0.69486076, 0.47416985, 0.70799315, 0.6845503] |[0.0, 0.0, 1.0, 0.0, 1.0, 1.0, 1.0, 1.0, 1.0, 1.0] |
|      f6 |15 |       1 |    5000 |   50 |  0.25 |standard | sshape3 |      60 |    52.0 |    52.0 |    0,00 |  0,0 |1592654871636 |[0.75794727, 0.85318595, 1.0, 1.0E-12, 0.7084557, 0.041537642, 0.65149206, 0.75828373, 0.014761806, 0.88609666] |[0.0, 0.0, 1.0, 0.0, 1.0, 1.0, 1.0, 1.0, 1.0, 1.0] |
|      f6 |15 |       2 |    5000 |   50 |  0.25 |standard | sshape3 |      60 |    52.0 |    52.0 |    0,00 |0,0010 |1592654871636 |[0.75794727, 0.85318595, 1.0, 1.0E-12, 0.7084557, 0.041537642, 0.65149206, 0.75828373, 0.014761806, 0.88609666] |[0.0, 0.0, 1.0, 0.0, 1.0, 1.0, 1.0, 1.0, 1.0, 1.0] |
|      f6 |16 |       1 |    5000 |   50 |  0.25 |standard | sshape3 |      60 |    52.0 |    52.0 |    0,00 |  0,0 |1592654871637 |[0.24456006, 1.0, 0.38517344, 0.7658893, 0.81430954, 0.0792155, 0.46629307, 0.8068473, 0.5896728, 0.64032507] |[0.0, 0.0, 1.0, 0.0, 1.0, 1.0, 1.0, 1.0, 1.0, 1.0] |
|      f6 |16 |       2 |    5000 |   50 |  0.25 |standard | sshape3 |      60 |    52.0 |    52.0 |    0,00 |  0,0 |1592654871637 |[0.24456006, 1.0, 0.38517344, 0.7658893, 0.81430954, 0.0792155, 0.46629307, 0.8068473, 0.5896728, 0.64032507] |[0.0, 0.0, 1.0, 0.0, 1.0, 1.0, 1.0, 1.0, 1.0, 1.0] |
|      f6 |17 |       1 |    5000 |   50 |  0.25 |standard | sshape3 |      60 |    52.0 |    52.0 |    0,00 |-0,0010 |1592654871638 |[0.7289245, 0.91677415, 0.32331687, 0.9685756, 0.95425665, 0.236294, 0.44305444, 0.65961605, 0.51349735, 0.27932853] |[0.0, 0.0, 1.0, 0.0, 1.0, 1.0, 1.0, 1.0, 1.0, 1.0] |
|      f6 |17 |       2 |    5000 |   50 |  0.25 |standard | sshape3 |      60 |    52.0 |    52.0 |    0,00 |  0,0 |1592654871638 |[0.7289245, 0.91677415, 0.32331687, 0.9685756, 0.95425665, 0.236294, 0.44305444, 0.65961605, 0.51349735, 0.27932853] |[0.0, 0.0, 1.0, 0.0, 1.0, 1.0, 1.0, 1.0, 1.0, 1.0] |
|      f6 |18 |       1 |    5000 |   50 |  0.25 |standard | sshape3 |      60 |    52.0 |    52.0 |    0,00 |  0,0 |1592654871638 |[0.86747754, 0.0714805, 0.009670206, 0.2183014, 0.8957956, 0.5730656, 0.6760807, 0.08962153, 0.53353703, 0.12247517] |[0.0, 0.0, 1.0, 0.0, 1.0, 1.0, 1.0, 1.0, 1.0, 1.0] |
|      f6 |18 |       2 |    5000 |   50 |  0.25 |standard | sshape3 |      60 |    52.0 |    52.0 |    0,00 |0,0010 |1592654871638 |[0.86747754, 0.0714805, 0.009670206, 0.2183014, 0.8957956, 0.5730656, 0.6760807, 0.08962153, 0.53353703, 0.12247517] |[0.0, 0.0, 1.0, 0.0, 1.0, 1.0, 1.0, 1.0, 1.0, 1.0] |
|      f6 |19 |       1 |    5000 |   50 |  0.25 |standard | sshape3 |      60 |    52.0 |    52.0 |    0,00 |  0,0 |1592654871639 |[0.33850545, 0.36407495, 0.12329757, 0.3554714, 0.7843909, 0.34697708, 0.46022624, 0.5637921, 0.29787698, 0.30525044] |[0.0, 0.0, 1.0, 1.0, 0.0, 1.0, 1.0, 1.0, 1.0, 1.0] |
|      f6 |19 |       2 |    5000 |   50 |  0.25 |standard | sshape3 |      60 |    52.0 |    52.0 |    0,00 |0,0010 |1592654871639 |[0.33850545, 0.36407495, 0.12329757, 0.3554714, 0.7843909, 0.34697708, 0.46022624, 0.5637921, 0.29787698, 0.30525044] |[0.0, 0.0, 1.0, 1.0, 0.0, 1.0, 1.0, 1.0, 1.0, 1.0] |
|      f6 |20 |       1 |    5000 |   50 |  0.25 |standard | sshape3 |      60 |    52.0 |    52.0 |    0,00 |  0,0 |1592654871640 |[0.16530293, 0.2875929, 0.59349084, 0.6355388, 0.56222314, 0.10716927, 0.037625074, 0.9241224, 0.13764459, 0.023229241] |[0.0, 1.0, 1.0, 0.0, 0.0, 0.0, 1.0, 1.0, 1.0, 1.0] |
|      f6 |20 |       2 |    5000 |   50 |  0.25 |standard | sshape3 |      60 |    52.0 |    52.0 |    0,00 |0,0010 |1592654871640 |[0.16530293, 0.2875929, 0.59349084, 0.6355388, 0.56222314, 0.10716927, 0.037625074, 0.9241224, 0.13764459, 0.023229241] |[0.0, 1.0, 1.0, 0.0, 0.0, 0.0, 1.0, 1.0, 1.0, 1.0] |
|      f6 |21 |       1 |    5000 |   50 |  0.25 |standard | sshape3 |      60 |    52.0 |    52.0 |    0,00 |  0,0 |1592654871641 |[0.5079433, 0.13150895, 0.15379035, 0.02524501, 0.68394476, 0.9853218, 0.3844301, 0.6193668, 0.45933855, 0.8262897] |[0.0, 0.0, 1.0, 0.0, 1.0, 1.0, 1.0, 1.0, 1.0, 1.0] |
|      f6 |21 |       2 |    5000 |   50 |  0.25 |standard | sshape3 |      60 |    52.0 |    52.0 |    0,00 |  0,0 |1592654871641 |[0.5079433, 0.13150895, 0.15379035, 0.02524501, 0.68394476, 0.9853218, 0.3844301, 0.6193668, 0.45933855, 0.8262897] |[0.0, 0.0, 1.0, 0.0, 1.0, 1.0, 1.0, 1.0, 1.0, 1.0] |
|      f6 |22 |       1 |    5000 |   50 |  0.25 |standard | sshape3 |      60 |    52.0 |    52.0 |    0,00 |  0,0 |1592654871641 |[0.8710628, 0.76141804, 0.7676735, 0.6141479, 0.6553157, 0.55055827, 0.7574417, 0.6496958, 0.19724317, 0.06643025] |[0.0, 0.0, 1.0, 0.0, 1.0, 1.0, 1.0, 1.0, 1.0, 1.0] |
|      f6 |22 |       2 |    5000 |   50 |  0.25 |standard | sshape3 |      60 |    52.0 |    52.0 |    0,00 |0,0010 |1592654871641 |[0.8710628, 0.76141804, 0.7676735, 0.6141479, 0.6553157, 0.55055827, 0.7574417, 0.6496958, 0.19724317, 0.06643025] |[0.0, 0.0, 1.0, 0.0, 1.0, 1.0, 1.0, 1.0, 1.0, 1.0] |
|      f6 |23 |       1 |    5000 |   50 |  0.25 |standard | sshape3 |      60 |    52.0 |    52.0 |    0,00 |  0,0 |1592654871642 |[0.15093118, 0.7474683, 0.6551219, 0.7934998, 0.09422606, 0.4511757, 0.95397747, 0.09985459, 0.9586767, 0.05662453] |[0.0, 0.0, 0.0, 1.0, 1.0, 1.0, 1.0, 1.0, 1.0, 1.0] |
|      f6 |23 |       2 |    5000 |   50 |  0.25 |standard | sshape3 |      60 |    52.0 |    52.0 |    0,00 |0,0010 |1592654871642 |[0.15093118, 0.7474683, 0.6551219, 0.7934998, 0.09422606, 0.4511757, 0.95397747, 0.09985459, 0.9586767, 0.05662453] |[0.0, 0.0, 0.0, 1.0, 1.0, 1.0, 1.0, 1.0, 1.0, 1.0] |
|      f6 |24 |       1 |    5000 |   50 |  0.25 |standard | sshape3 |      60 |    52.0 |    52.0 |    0,00 |  0,0 |1592654871643 |[0.49896783, 0.6893185, 0.7873315, 0.83039653, 0.37879825, 0.08277482, 0.9164004, 0.024823606, 0.034858942, 0.39981526] |[0.0, 0.0, 1.0, 0.0, 1.0, 1.0, 1.0, 1.0, 1.0, 1.0] |
|      f6 |24 |       2 |    5000 |   50 |  0.25 |standard | sshape3 |      60 |    52.0 |    52.0 |    0,00 |  0,0 |1592654871643 |[0.49896783, 0.6893185, 0.7873315, 0.83039653, 0.37879825, 0.08277482, 0.9164004, 0.024823606, 0.034858942, 0.39981526] |[0.0, 0.0, 1.0, 0.0, 1.0, 1.0, 1.0, 1.0, 1.0, 1.0] |
|      f6 |25 |       1 |    5000 |   50 |  0.25 |standard | sshape3 |      60 |    52.0 |    52.0 |    0,00 |  0,0 |1592654871643 |[0.62888086, 0.014951289, 0.43682206, 0.70910543, 0.65893555, 0.508743, 0.06650972, 0.49281716, 0.13598686, 0.7436074] |[0.0, 0.0, 1.0, 1.0, 1.0, 0.0, 0.0, 1.0, 1.0, 1.0] |
|      f6 |25 |       2 |    5000 |   50 |  0.25 |standard | sshape3 |      60 |    52.0 |    52.0 |    0,00 |0,0010 |1592654871643 |[0.62888086, 0.014951289, 0.43682206, 0.70910543, 0.65893555, 0.508743, 0.06650972, 0.49281716, 0.13598686, 0.7436074] |[0.0, 0.0, 1.0, 1.0, 1.0, 0.0, 0.0, 1.0, 1.0, 1.0] |
|      f6 |26 |       1 |    5000 |   50 |  0.25 |standard | sshape3 |      60 |    52.0 |    52.0 |    0,00 |  0,0 |1592654871644 |[0.16992998, 0.6907815, 0.18796569, 0.9277033, 0.32820773, 0.58675736, 0.7107185, 0.5083172, 0.89649874, 0.681644] |[0.0, 1.0, 0.0, 0.0, 0.0, 1.0, 1.0, 1.0, 1.0, 1.0] |
|      f6 |26 |       2 |    5000 |   50 |  0.25 |standard | sshape3 |      60 |    52.0 |    52.0 |    0,00 |  0,0 |1592654871644 |[0.16992998, 0.6907815, 0.18796569, 0.9277033, 0.32820773, 0.58675736, 0.7107185, 0.5083172, 0.89649874, 0.681644] |[0.0, 1.0, 0.0, 0.0, 0.0, 1.0, 1.0, 1.0, 1.0, 1.0] |
|      f6 |27 |       1 |    5000 |   50 |  0.25 |standard | sshape3 |      60 |    52.0 |    52.0 |    0,00 |-0,0010 |1592654871645 |[0.73236215, 0.5519034, 0.55120003, 0.7020083, 0.6324788, 0.24905983, 0.9871455, 0.09374317, 0.5383206, 0.38138986] |[0.0, 0.0, 0.0, 1.0, 1.0, 1.0, 1.0, 1.0, 1.0, 1.0] |
|      f6 |27 |       2 |    5000 |   50 |  0.25 |standard | sshape3 |      60 |    52.0 |    52.0 |    0,00 |  0,0 |1592654871645 |[0.73236215, 0.5519034, 0.55120003, 0.7020083, 0.6324788, 0.24905983, 0.9871455, 0.09374317, 0.5383206, 0.38138986] |[0.0, 0.0, 0.0, 1.0, 1.0, 1.0, 1.0, 1.0, 1.0, 1.0] |
|      f6 |28 |       1 |    5000 |   50 |  0.25 |standard | sshape3 |      60 |    52.0 |    52.0 |    0,00 |-0,0010 |1592654871646 |[0.176801, 0.27712685, 0.050666492, 0.94310725, 0.3579462, 0.96944606, 0.36257008, 0.22264184, 0.22150455, 0.5062009] |[0.0, 0.0, 0.0, 1.0, 1.0, 1.0, 1.0, 1.0, 1.0, 1.0] |
|      f6 |28 |       2 |    5000 |   50 |  0.25 |standard | sshape3 |      60 |    52.0 |    52.0 |    0,00 |  0,0 |1592654871646 |[0.176801, 0.27712685, 0.050666492, 0.94310725, 0.3579462, 0.96944606, 0.36257008, 0.22264184, 0.22150455, 0.5062009] |[0.0, 0.0, 0.0, 1.0, 1.0, 1.0, 1.0, 1.0, 1.0, 1.0] |
|      f6 |29 |       1 |    5000 |   50 |  0.25 |standard | sshape3 |      60 |    52.0 |    52.0 |    0,00 |  0,0 |1592654871646 |[0.32809934, 0.13477407, 0.71294314, 0.21544679, 0.90657604, 0.77832097, 0.9345566, 0.65119416, 0.20927826, 0.097979434] |[0.0, 0.0, 0.0, 1.0, 1.0, 1.0, 1.0, 1.0, 1.0, 1.0] |
|      f6 |29 |       2 |    5000 |   50 |  0.25 |standard | sshape3 |      60 |    52.0 |    52.0 |    0,00 |0,0010 |1592654871646 |[0.32809934, 0.13477407, 0.71294314, 0.21544679, 0.90657604, 0.77832097, 0.9345566, 0.65119416, 0.20927826, 0.097979434] |[0.0, 0.0, 0.0, 1.0, 1.0, 1.0, 1.0, 1.0, 1.0, 1.0] |
|      f6 |30 |       1 |    5000 |   50 |  0.25 |standard | sshape3 |      60 |    52.0 |    52.0 |    0,00 |  0,0 |1592654871647 |[0.6602049, 0.75186855, 0.5623554, 0.31184632, 0.46127725, 0.027259588, 0.9807232, 0.34852654, 0.49306536, 0.33037257] |[0.0, 1.0, 0.0, 0.0, 1.0, 0.0, 1.0, 1.0, 1.0, 1.0] |
|      f6 |30 |       2 |    5000 |   50 |  0.25 |standard | sshape3 |      60 |    52.0 |    52.0 |    0,00 |  0,0 |1592654871647 |[0.6602049, 0.75186855, 0.5623554, 0.31184632, 0.46127725, 0.027259588, 0.9807232, 0.34852654, 0.49306536, 0.33037257] |[0.0, 1.0, 0.0, 0.0, 1.0, 0.0, 1.0, 1.0, 1.0, 1.0] |
|      f6 |31 |       1 |    5000 |   50 |  0.25 |standard | sshape3 |      60 |    52.0 |    52.0 |    0,00 |-0,0010 |1592654871648 |[0.14075983, 0.31935006, 0.05461838, 0.16115278, 0.9871799, 0.88640064, 0.7442156, 0.45463908, 0.05082153, 0.2924943] |[0.0, 0.0, 1.0, 0.0, 1.0, 1.0, 1.0, 1.0, 1.0, 1.0] |
|      f6 |31 |       2 |    5000 |   50 |  0.25 |standard | sshape3 |      60 |    52.0 |    52.0 |    0,00 |  0,0 |1592654871648 |[0.14075983, 0.31935006, 0.05461838, 0.16115278, 0.9871799, 0.88640064, 0.7442156, 0.45463908, 0.05082153, 0.2924943] |[0.0, 0.0, 1.0, 0.0, 1.0, 1.0, 1.0, 1.0, 1.0, 1.0] |
