| # | Nest | %Desc |#Iter |Instancia | CapMoch |ValOptmo | BestFit |     RDP | time |      semilla |VectorSolucion |
-------------------------------------------------------------------------------------------------
| 1 |   50 |  0.25 | 5000 |      f5 |     375 |481.0694 |   477.0 |    0,85 |-1,6e+09 |1592532404279 |[1.0E-12, 0.5607885, 0.48438767, 0.040276103, 0.89397585, 0.8755807, 0.86712164, 1.0, 1.0, 1.0, 1.0E-12, 0.5850037, 0.7300935, 0.44712946, 0.20123178] |
| 1 |   50 |  0.26 | 5000 |      f5 |     375 |481.0694 |   477.0 |    0,85 |-1,6e+09 |1592532404279 |[0.05627966, 0.305564, 0.0909034, 0.7090954, 0.016375363, 1.360774E-4, 0.037990034, 0.6984014, 0.3620541, 0.4256944, 0.692249, 0.89801455, 0.59015286, 0.14943618, 0.7423685] |
| 1 |   50 |  0.34 | 5000 |      f5 |     375 |481.0694 |   477.0 |    0,85 |-1,6e+09 |1592532404279 |[0.05627966, 0.305564, 0.0909034, 0.7090954, 0.016375363, 1.360774E-4, 0.037990034, 0.6984014, 0.3620541, 0.4256944, 0.692249, 0.89801455, 0.59015286, 0.14943618, 0.7423685] |
| 1 |   55 |  0.36 | 5000 |      f5 |     375 |481.0694 |   477.0 |    0,85 |-1,6e+09 |1592532404279 |[0.05627966, 0.305564, 0.0909034, 0.7090954, 0.016375363, 1.360774E-4, 0.037990034, 0.6984014, 0.3620541, 0.4256944, 0.692249, 0.89801455, 0.59015286, 0.14943618, 0.7423685] |
| 1 |   55 |0.43636364 | 5000 |      f5 |     375 |481.0694 |   477.0 |    0,85 |-1,6e+09 |1592532404279 |[0.05627966, 0.305564, 0.0909034, 0.7090954, 0.016375363, 1.360774E-4, 0.037990034, 0.6984014, 0.3620541, 0.4256944, 0.692249, 0.89801455, 0.59015286, 0.14943618, 0.7423685] |
| 1 |   55 |0.38181818 | 5000 |      f5 |     375 |481.0694 |   477.0 |    0,85 |-1,6e+09 |1592532404279 |[0.05627966, 0.305564, 0.0909034, 0.7090954, 0.016375363, 1.360774E-4, 0.037990034, 0.6984014, 0.3620541, 0.4256944, 0.692249, 0.89801455, 0.59015286, 0.14943618, 0.7423685] |
| 1 |   55 |0.21818182 | 5000 |      f5 |     375 |481.0694 |   477.0 |    0,85 |-1,6e+09 |1592532404279 |[0.8576246, 0.5538604, 0.34341896, 0.42398328, 0.84366304, 0.4551028, 0.9987677, 0.35164607, 0.78198564, 0.51705396, 0.5007426, 0.8269652, 0.94593143, 0.53625125, 0.91276944] |
| 1 |   60 |0.36363637 | 5000 |      f5 |     375 |481.0694 |   477.0 |    0,85 |-1,6e+09 |1592532404279 |[0.8576246, 0.5538604, 0.34341896, 0.42398328, 0.84366304, 0.4551028, 0.9987677, 0.35164607, 0.78198564, 0.51705396, 0.5007426, 0.8269652, 0.94593143, 0.53625125, 0.91276944] |
| 1 |   60 |  0.45 | 5000 |      f5 |     375 |481.0694 |   477.0 |    0,85 |-1,6e+09 |1592532404279 |[0.8576246, 0.5538604, 0.34341896, 0.42398328, 0.84366304, 0.4551028, 0.9987677, 0.35164607, 0.78198564, 0.51705396, 0.5007426, 0.8269652, 0.94593143, 0.53625125, 0.91276944] |
| 1 |   60 |0.28333333 | 5000 |      f5 |     375 |481.0694 |   477.0 |    0,85 |-1,6e+09 |1592532404279 |[0.8576246, 0.5538604, 0.34341896, 0.42398328, 0.84366304, 0.4551028, 0.9987677, 0.35164607, 0.78198564, 0.51705396, 0.5007426, 0.8269652, 0.94593143, 0.53625125, 0.91276944] |
| 1 |   60 |0.31666666 | 5000 |      f5 |     375 |481.0694 |   477.0 |    0,85 |-1,6e+09 |1592532404279 |[0.8576246, 0.5538604, 0.34341896, 0.42398328, 0.84366304, 0.4551028, 0.9987677, 0.35164607, 0.78198564, 0.51705396, 0.5007426, 0.8269652, 0.94593143, 0.53625125, 0.91276944] |
| 1 |   65 |0.38333333 | 5000 |      f5 |     375 |481.0694 |   477.0 |    0,85 |-1,6e+09 |1592532404279 |[0.8576246, 0.5538604, 0.34341896, 0.42398328, 0.84366304, 0.4551028, 0.9987677, 0.35164607, 0.78198564, 0.51705396, 0.5007426, 0.8269652, 0.94593143, 0.53625125, 0.91276944] |
| 1 |   65 |  0.45 | 5000 |      f5 |     375 |481.0694 |   477.0 |    0,85 |-1,6e+09 |1592532404279 |[0.8576246, 0.5538604, 0.34341896, 0.42398328, 0.84366304, 0.4551028, 0.9987677, 0.35164607, 0.78198564, 0.51705396, 0.5007426, 0.8269652, 0.94593143, 0.53625125, 0.91276944] |
| 1 |   65 |0.32307693 | 5000 |      f5 |     375 |481.0694 |   477.0 |    0,85 |-1,6e+09 |1592532404279 |[0.8576246, 0.5538604, 0.34341896, 0.42398328, 0.84366304, 0.4551028, 0.9987677, 0.35164607, 0.78198564, 0.51705396, 0.5007426, 0.8269652, 0.94593143, 0.53625125, 0.91276944] |
| 1 |   65 |0.32307693 | 5000 |      f5 |     375 |481.0694 |   477.0 |    0,85 |-1,6e+09 |1592532404279 |[0.8576246, 0.5538604, 0.34341896, 0.42398328, 0.84366304, 0.4551028, 0.9987677, 0.35164607, 0.78198564, 0.51705396, 0.5007426, 0.8269652, 0.94593143, 0.53625125, 0.91276944] |
| 1 |   70 |0.3846154 | 5000 |      f5 |     375 |481.0694 |   477.0 |    0,85 |-1,6e+09 |1592532404279 |[0.8576246, 0.5538604, 0.34341896, 0.42398328, 0.84366304, 0.4551028, 0.9987677, 0.35164607, 0.78198564, 0.51705396, 0.5007426, 0.8269652, 0.94593143, 0.53625125, 0.91276944] |
| 1 |   70 |0.35714287 | 5000 |      f5 |     375 |481.0694 |   477.0 |    0,85 |-1,6e+09 |1592532404279 |[0.8576246, 0.5538604, 0.34341896, 0.42398328, 0.84366304, 0.4551028, 0.9987677, 0.35164607, 0.78198564, 0.51705396, 0.5007426, 0.8269652, 0.94593143, 0.53625125, 0.91276944] |
| 1 |   70 |0.42857143 | 5000 |      f5 |     375 |481.0694 |   477.0 |    0,85 |-1,6e+09 |1592532404279 |[0.8576246, 0.5538604, 0.34341896, 0.42398328, 0.84366304, 0.4551028, 0.9987677, 0.35164607, 0.78198564, 0.51705396, 0.5007426, 0.8269652, 0.94593143, 0.53625125, 0.91276944] |
| 1 |   70 |   0.4 | 5000 |      f5 |     375 |481.0694 |   477.0 |    0,85 |-1,6e+09 |1592532404279 |[0.8576246, 0.5538604, 0.34341896, 0.42398328, 0.84366304, 0.4551028, 0.9987677, 0.35164607, 0.78198564, 0.51705396, 0.5007426, 0.8269652, 0.94593143, 0.53625125, 0.91276944] |
| 1 |   75 |0.42857143 | 5000 |      f5 |     375 |481.0694 |   477.0 |    0,85 |-1,6e+09 |1592532404279 |[0.8576246, 0.5538604, 0.34341896, 0.42398328, 0.84366304, 0.4551028, 0.9987677, 0.35164607, 0.78198564, 0.51705396, 0.5007426, 0.8269652, 0.94593143, 0.53625125, 0.91276944] |
| 1 |   75 |  0.45 | 5000 |      f5 |     375 |481.0694 |   477.0 |    0,85 |-1,6e+09 |1592532404279 |[0.8576246, 0.5538604, 0.34341896, 0.42398328, 0.84366304, 0.4551028, 0.9987677, 0.35164607, 0.78198564, 0.51705396, 0.5007426, 0.8269652, 0.94593143, 0.53625125, 0.91276944] |
| 1 |   75 |  0.45 | 5000 |      f5 |     375 |481.0694 |   477.0 |    0,85 |  2,3 |1592532404279 |[0.8576246, 0.5538604, 0.34341896, 0.42398328, 0.84366304, 0.4551028, 0.9987677, 0.35164607, 0.78198564, 0.51705396, 0.5007426, 0.8269652, 0.94593143, 0.53625125, 0.91276944] |
| 2 |   50 |  0.25 | 5000 |      f5 |     375 |481.0694 |   477.0 |    0,85 |-0,0060 |1592532406588 |[0.041101754, 0.84216756, 0.031469166, 0.12634736, 0.2732069, 0.84081036, 0.8678566, 0.66147864, 0.46351606, 0.100015104, 0.36660862, 0.037019968, 0.462654, 0.25641364, 0.60258543] |
| 2 |   50 |  0.24 | 5000 |      f5 |     375 |481.0694 |   477.0 |    0,85 |-0,0060 |1592532406588 |[0.42932567, 0.9834128, 0.7834049, 0.4492664, 0.8791292, 0.65692294, 0.64507484, 0.55662626, 1.0, 0.11285875, 0.04577199, 0.991896, 0.3511017, 0.6101579, 0.121260844] |
| 2 |   50 |   0.3 | 5000 |      f5 |     375 |481.0694 |   477.0 |    0,85 |-0,0060 |1592532406588 |[0.42932567, 0.9834128, 0.7834049, 0.4492664, 0.8791292, 0.65692294, 0.64507484, 0.55662626, 1.0, 0.11285875, 0.04577199, 0.991896, 0.3511017, 0.6101579, 0.121260844] |
| 2 |   55 |  0.32 | 5000 |      f5 |     375 |481.0694 |   477.0 |    0,85 |-0,0060 |1592532406588 |[0.42932567, 0.9834128, 0.7834049, 0.4492664, 0.8791292, 0.65692294, 0.64507484, 0.55662626, 1.0, 0.11285875, 0.04577199, 0.991896, 0.3511017, 0.6101579, 0.121260844] |
| 2 |   55 |  0.45 | 5000 |      f5 |     375 |481.0694 |   477.0 |    0,85 |-0,0060 |1592532406588 |[0.42932567, 0.9834128, 0.7834049, 0.4492664, 0.8791292, 0.65692294, 0.64507484, 0.55662626, 1.0, 0.11285875, 0.04577199, 0.991896, 0.3511017, 0.6101579, 0.121260844] |
| 2 |   55 |0.38181818 | 5000 |      f5 |     375 |481.0694 |   477.0 |    0,85 |-0,0060 |1592532406588 |[0.42932567, 0.9834128, 0.7834049, 0.4492664, 0.8791292, 0.65692294, 0.64507484, 0.55662626, 1.0, 0.11285875, 0.04577199, 0.991896, 0.3511017, 0.6101579, 0.121260844] |
| 2 |   55 |0.3090909 | 5000 |      f5 |     375 |481.0694 |   477.0 |    0,85 |-0,0060 |1592532406588 |[0.42932567, 0.9834128, 0.7834049, 0.4492664, 0.8791292, 0.65692294, 0.64507484, 0.55662626, 1.0, 0.11285875, 0.04577199, 0.991896, 0.3511017, 0.6101579, 0.121260844] |
| 2 |   60 |0.36363637 | 5000 |      f5 |     375 |481.0694 |   477.0 |    0,85 |-0,0060 |1592532406588 |[0.42932567, 0.9834128, 0.7834049, 0.4492664, 0.8791292, 0.65692294, 0.64507484, 0.55662626, 1.0, 0.11285875, 0.04577199, 0.991896, 0.3511017, 0.6101579, 0.121260844] |
| 2 |   60 |  0.45 | 5000 |      f5 |     375 |481.0694 |   477.0 |    0,85 |-0,0060 |1592532406588 |[0.42932567, 0.9834128, 0.7834049, 0.4492664, 0.8791292, 0.65692294, 0.64507484, 0.55662626, 1.0, 0.11285875, 0.04577199, 0.991896, 0.3511017, 0.6101579, 0.121260844] |
| 2 |   60 |0.33333334 | 5000 |      f5 |     375 |481.0694 |   477.0 |    0,85 |-0,0060 |1592532406588 |[0.42932567, 0.9834128, 0.7834049, 0.4492664, 0.8791292, 0.65692294, 0.64507484, 0.55662626, 1.0, 0.11285875, 0.04577199, 0.991896, 0.3511017, 0.6101579, 0.121260844] |
| 2 |   60 |0.31666666 | 5000 |      f5 |     375 |481.0694 |   477.0 |    0,85 |-0,0060 |1592532406588 |[0.42932567, 0.9834128, 0.7834049, 0.4492664, 0.8791292, 0.65692294, 0.64507484, 0.55662626, 1.0, 0.11285875, 0.04577199, 0.991896, 0.3511017, 0.6101579, 0.121260844] |
| 2 |   65 |0.26666668 | 5000 |      f5 |     375 |481.0694 |   477.0 |    0,85 |-0,0060 |1592532406588 |[0.42932567, 0.9834128, 0.7834049, 0.4492664, 0.8791292, 0.65692294, 0.64507484, 0.55662626, 1.0, 0.11285875, 0.04577199, 0.991896, 0.3511017, 0.6101579, 0.121260844] |
| 2 |   65 |  0.45 | 5000 |      f5 |     375 |481.0694 |   477.0 |    0,85 |-0,0060 |1592532406588 |[0.42932567, 0.9834128, 0.7834049, 0.4492664, 0.8791292, 0.65692294, 0.64507484, 0.55662626, 1.0, 0.11285875, 0.04577199, 0.991896, 0.3511017, 0.6101579, 0.121260844] |
| 2 |   65 |0.32307693 | 5000 |      f5 |     375 |481.0694 |   477.0 |    0,85 |-0,0060 |1592532406588 |[0.42932567, 0.9834128, 0.7834049, 0.4492664, 0.8791292, 0.65692294, 0.64507484, 0.55662626, 1.0, 0.11285875, 0.04577199, 0.991896, 0.3511017, 0.6101579, 0.121260844] |
| 2 |   65 |0.33846155 | 5000 |      f5 |     375 |481.0694 |   477.0 |    0,85 |-0,0060 |1592532406588 |[0.42932567, 0.9834128, 0.7834049, 0.4492664, 0.8791292, 0.65692294, 0.64507484, 0.55662626, 1.0, 0.11285875, 0.04577199, 0.991896, 0.3511017, 0.6101579, 0.121260844] |
| 2 |   70 |   0.4 | 5000 |      f5 |     375 |481.0694 |   477.0 |    0,85 |-0,0060 |1592532406588 |[0.42932567, 0.9834128, 0.7834049, 0.4492664, 0.8791292, 0.65692294, 0.64507484, 0.55662626, 1.0, 0.11285875, 0.04577199, 0.991896, 0.3511017, 0.6101579, 0.121260844] |
| 2 |   70 |0.32857144 | 5000 |      f5 |     375 |481.0694 |   477.0 |    0,85 |-0,0060 |1592532406588 |[0.42932567, 0.9834128, 0.7834049, 0.4492664, 0.8791292, 0.65692294, 0.64507484, 0.55662626, 1.0, 0.11285875, 0.04577199, 0.991896, 0.3511017, 0.6101579, 0.121260844] |
| 2 |   70 |0.32857144 | 5000 |      f5 |     375 |481.0694 |   477.0 |    0,85 |-0,0060 |1592532406588 |[0.42932567, 0.9834128, 0.7834049, 0.4492664, 0.8791292, 0.65692294, 0.64507484, 0.55662626, 1.0, 0.11285875, 0.04577199, 0.991896, 0.3511017, 0.6101579, 0.121260844] |
| 2 |   70 |0.34285715 | 5000 |      f5 |     375 |481.0694 |   477.0 |    0,85 |-0,0060 |1592532406588 |[0.42932567, 0.9834128, 0.7834049, 0.4492664, 0.8791292, 0.65692294, 0.64507484, 0.55662626, 1.0, 0.11285875, 0.04577199, 0.991896, 0.3511017, 0.6101579, 0.121260844] |
| 2 |   75 |0.31428573 | 5000 |      f5 |     375 |481.0694 |   477.0 |    0,85 |-0,0060 |1592532406588 |[0.42932567, 0.9834128, 0.7834049, 0.4492664, 0.8791292, 0.65692294, 0.64507484, 0.55662626, 1.0, 0.11285875, 0.04577199, 0.991896, 0.3511017, 0.6101579, 0.121260844] |
| 2 |   75 |0.37333333 | 5000 |      f5 |     375 |481.0694 |   477.0 |    0,85 |-0,0060 |1592532406588 |[0.42932567, 0.9834128, 0.7834049, 0.4492664, 0.8791292, 0.65692294, 0.64507484, 0.55662626, 1.0, 0.11285875, 0.04577199, 0.991896, 0.3511017, 0.6101579, 0.121260844] |
| 2 |   75 |0.37333333 | 5000 |      f5 |     375 |481.0694 |   477.0 |    0,85 |  2,2 |1592532406588 |[0.42932567, 0.9834128, 0.7834049, 0.4492664, 0.8791292, 0.65692294, 0.64507484, 0.55662626, 1.0, 0.11285875, 0.04577199, 0.991896, 0.3511017, 0.6101579, 0.121260844] |
| 3 |   50 |  0.25 | 5000 |      f5 |     375 |481.0694 |   477.0 |    0,85 |-0,0050 |1592532408800 |[0.56885743, 0.81406814, 0.5837574, 0.63731843, 0.902872, 0.9587735, 0.85407776, 0.7724089, 0.42849442, 0.48600835, 0.17327796, 0.16680099, 0.9765087, 0.16614538, 0.5983408] |
| 3 |   50 |  0.34 | 5000 |      f5 |     375 |481.0694 |   477.0 |    0,85 |-0,0050 |1592532408800 |[0.8475339, 0.7682968, 0.5033167, 0.5617998, 0.4879105, 0.9824743, 0.9663093, 0.54787517, 0.17893018, 0.06738821, 0.26032206, 0.55794895, 0.20536825, 0.7238771, 0.9965903] |
| 3 |   50 |  0.34 | 5000 |      f5 |     375 |481.0694 |   477.0 |    0,85 |-0,0050 |1592532408800 |[0.8475339, 0.7682968, 0.5033167, 0.5617998, 0.4879105, 0.9824743, 0.9663093, 0.54787517, 0.17893018, 0.06738821, 0.26032206, 0.55794895, 0.20536825, 0.7238771, 0.9965903] |
| 3 |   55 |  0.34 | 5000 |      f5 |     375 |481.0694 |   477.0 |    0,85 |-0,0050 |1592532408800 |[0.8475339, 0.7682968, 0.5033167, 0.5617998, 0.4879105, 0.9824743, 0.9663093, 0.54787517, 0.17893018, 0.06738821, 0.26032206, 0.55794895, 0.20536825, 0.7238771, 0.9965903] |
| 3 |   55 |  0.45 | 5000 |      f5 |     375 |481.0694 |   477.0 |    0,85 |-0,0050 |1592532408800 |[0.8475339, 0.7682968, 0.5033167, 0.5617998, 0.4879105, 0.9824743, 0.9663093, 0.54787517, 0.17893018, 0.06738821, 0.26032206, 0.55794895, 0.20536825, 0.7238771, 0.9965903] |
| 3 |   55 |0.34545454 | 5000 |      f5 |     375 |481.0694 |   477.0 |    0,85 |-0,0050 |1592532408800 |[0.8475339, 0.7682968, 0.5033167, 0.5617998, 0.4879105, 0.9824743, 0.9663093, 0.54787517, 0.17893018, 0.06738821, 0.26032206, 0.55794895, 0.20536825, 0.7238771, 0.9965903] |
| 3 |   55 |0.3090909 | 5000 |      f5 |     375 |481.0694 |   477.0 |    0,85 |-0,0050 |1592532408800 |[0.8475339, 0.7682968, 0.5033167, 0.5617998, 0.4879105, 0.9824743, 0.9663093, 0.54787517, 0.17893018, 0.06738821, 0.26032206, 0.55794895, 0.20536825, 0.7238771, 0.9965903] |
| 3 |   60 |0.43636364 | 5000 |      f5 |     375 |481.0694 |   477.0 |    0,85 |-0,0050 |1592532408800 |[0.8475339, 0.7682968, 0.5033167, 0.5617998, 0.4879105, 0.9824743, 0.9663093, 0.54787517, 0.17893018, 0.06738821, 0.26032206, 0.55794895, 0.20536825, 0.7238771, 0.9965903] |
| 3 |   60 |  0.45 | 5000 |      f5 |     375 |481.0694 |   477.0 |    0,85 |-0,0050 |1592532408800 |[0.8475339, 0.7682968, 0.5033167, 0.5617998, 0.4879105, 0.9824743, 0.9663093, 0.54787517, 0.17893018, 0.06738821, 0.26032206, 0.55794895, 0.20536825, 0.7238771, 0.9965903] |
| 3 |   60 |  0.35 | 5000 |      f5 |     375 |481.0694 |   477.0 |    0,85 |-0,0050 |1592532408800 |[0.8475339, 0.7682968, 0.5033167, 0.5617998, 0.4879105, 0.9824743, 0.9663093, 0.54787517, 0.17893018, 0.06738821, 0.26032206, 0.55794895, 0.20536825, 0.7238771, 0.9965903] |
| 3 |   60 |  0.35 | 5000 |      f5 |     375 |481.0694 |   477.0 |    0,85 |-0,0050 |1592532408800 |[0.8475339, 0.7682968, 0.5033167, 0.5617998, 0.4879105, 0.9824743, 0.9663093, 0.54787517, 0.17893018, 0.06738821, 0.26032206, 0.55794895, 0.20536825, 0.7238771, 0.9965903] |
| 3 |   65 |   0.4 | 5000 |      f5 |     375 |481.0694 |   477.0 |    0,85 |-0,0050 |1592532408800 |[0.8475339, 0.7682968, 0.5033167, 0.5617998, 0.4879105, 0.9824743, 0.9663093, 0.54787517, 0.17893018, 0.06738821, 0.26032206, 0.55794895, 0.20536825, 0.7238771, 0.9965903] |
| 3 |   65 |0.43076923 | 5000 |      f5 |     375 |481.0694 |   477.0 |    0,85 |-0,0050 |1592532408800 |[0.8475339, 0.7682968, 0.5033167, 0.5617998, 0.4879105, 0.9824743, 0.9663093, 0.54787517, 0.17893018, 0.06738821, 0.26032206, 0.55794895, 0.20536825, 0.7238771, 0.9965903] |
| 3 |   65 |0.35384616 | 5000 |      f5 |     375 |481.0694 |   477.0 |    0,85 |-0,0050 |1592532408800 |[0.8475339, 0.7682968, 0.5033167, 0.5617998, 0.4879105, 0.9824743, 0.9663093, 0.54787517, 0.17893018, 0.06738821, 0.26032206, 0.55794895, 0.20536825, 0.7238771, 0.9965903] |
| 3 |   65 |0.2923077 | 5000 |      f5 |     375 |481.0694 |   477.0 |    0,85 |-0,0050 |1592532408800 |[0.8475339, 0.7682968, 0.5033167, 0.5617998, 0.4879105, 0.9824743, 0.9663093, 0.54787517, 0.17893018, 0.06738821, 0.26032206, 0.55794895, 0.20536825, 0.7238771, 0.9965903] |
| 3 |   70 |0.43076923 | 5000 |      f5 |     375 |481.0694 |   477.0 |    0,85 |-0,0050 |1592532408800 |[0.8475339, 0.7682968, 0.5033167, 0.5617998, 0.4879105, 0.9824743, 0.9663093, 0.54787517, 0.17893018, 0.06738821, 0.26032206, 0.55794895, 0.20536825, 0.7238771, 0.9965903] |
| 3 |   70 |  0.45 | 5000 |      f5 |     375 |481.0694 |   477.0 |    0,85 |-0,0050 |1592532408800 |[0.8475339, 0.7682968, 0.5033167, 0.5617998, 0.4879105, 0.9824743, 0.9663093, 0.54787517, 0.17893018, 0.06738821, 0.26032206, 0.55794895, 0.20536825, 0.7238771, 0.9965903] |
| 3 |   70 |0.3857143 | 5000 |      f5 |     375 |481.0694 |   477.0 |    0,85 |-0,0050 |1592532408800 |[0.8475339, 0.7682968, 0.5033167, 0.5617998, 0.4879105, 0.9824743, 0.9663093, 0.54787517, 0.17893018, 0.06738821, 0.26032206, 0.55794895, 0.20536825, 0.7238771, 0.9965903] |
| 3 |   70 |0.35714287 | 5000 |      f5 |     375 |481.0694 |   477.0 |    0,85 |-0,0050 |1592532408800 |[0.8475339, 0.7682968, 0.5033167, 0.5617998, 0.4879105, 0.9824743, 0.9663093, 0.54787517, 0.17893018, 0.06738821, 0.26032206, 0.55794895, 0.20536825, 0.7238771, 0.9965903] |
| 3 |   75 |0.37142858 | 5000 |      f5 |     375 |481.0694 |   477.0 |    0,85 |-0,0050 |1592532408800 |[0.8475339, 0.7682968, 0.5033167, 0.5617998, 0.4879105, 0.9824743, 0.9663093, 0.54787517, 0.17893018, 0.06738821, 0.26032206, 0.55794895, 0.20536825, 0.7238771, 0.9965903] |
| 3 |   75 |  0.44 | 5000 |      f5 |     375 |481.0694 |   477.0 |    0,85 |-0,0050 |1592532408800 |[0.8475339, 0.7682968, 0.5033167, 0.5617998, 0.4879105, 0.9824743, 0.9663093, 0.54787517, 0.17893018, 0.06738821, 0.26032206, 0.55794895, 0.20536825, 0.7238771, 0.9965903] |
| 3 |   75 |  0.44 | 5000 |      f5 |     375 |481.0694 |   477.0 |    0,85 |  2,2 |1592532408800 |[0.8475339, 0.7682968, 0.5033167, 0.5617998, 0.4879105, 0.9824743, 0.9663093, 0.54787517, 0.17893018, 0.06738821, 0.26032206, 0.55794895, 0.20536825, 0.7238771, 0.9965903] |
| 4 |   50 |  0.25 | 5000 |      f5 |     375 |481.0694 |   477.0 |    0,85 |-0,0050 |1592532411039 |[0.6887714, 0.50093, 0.68207425, 0.9416905, 0.38151538, 0.7646292, 0.09561145, 0.9146421, 0.72537374, 0.25800538, 0.90073586, 0.70760626, 0.53208053, 0.7842881, 0.24672419] |
| 4 |   50 |  0.34 | 5000 |      f5 |     375 |481.0694 |   477.0 |    0,85 |-0,0050 |1592532411039 |[0.2427592, 0.6963106, 0.1403006, 0.25565475, 0.7832485, 0.8904837, 0.015924755, 0.33962888, 0.3091437, 0.7526216, 0.8580527, 0.47585052, 0.42566898, 0.9844974, 0.5360758] |
| 4 |   50 |  0.32 | 5000 |      f5 |     375 |481.0694 |   477.0 |    0,85 |-0,0050 |1592532411039 |[0.2427592, 0.6963106, 0.1403006, 0.25565475, 0.7832485, 0.8904837, 0.015924755, 0.33962888, 0.3091437, 0.7526216, 0.8580527, 0.47585052, 0.42566898, 0.9844974, 0.5360758] |
| 4 |   55 |   0.4 | 5000 |      f5 |     375 |481.0694 |   477.0 |    0,85 |-0,0050 |1592532411039 |[0.2427592, 0.6963106, 0.1403006, 0.25565475, 0.7832485, 0.8904837, 0.015924755, 0.33962888, 0.3091437, 0.7526216, 0.8580527, 0.47585052, 0.42566898, 0.9844974, 0.5360758] |
| 4 |   55 |  0.45 | 5000 |      f5 |     375 |481.0694 |   477.0 |    0,85 |-0,0050 |1592532411039 |[0.2427592, 0.6963106, 0.1403006, 0.25565475, 0.7832485, 0.8904837, 0.015924755, 0.33962888, 0.3091437, 0.7526216, 0.8580527, 0.47585052, 0.42566898, 0.9844974, 0.5360758] |
| 4 |   55 |0.3090909 | 5000 |      f5 |     375 |481.0694 |   477.0 |    0,85 |-0,0050 |1592532411039 |[0.2427592, 0.6963106, 0.1403006, 0.25565475, 0.7832485, 0.8904837, 0.015924755, 0.33962888, 0.3091437, 0.7526216, 0.8580527, 0.47585052, 0.42566898, 0.9844974, 0.5360758] |
| 4 |   55 |0.4181818 | 5000 |      f5 |     375 |481.0694 |   477.0 |    0,85 |-0,0050 |1592532411039 |[0.2427592, 0.6963106, 0.1403006, 0.25565475, 0.7832485, 0.8904837, 0.015924755, 0.33962888, 0.3091437, 0.7526216, 0.8580527, 0.47585052, 0.42566898, 0.9844974, 0.5360758] |
| 4 |   60 |0.34545454 | 5000 |      f5 |     375 |481.0694 |   477.0 |    0,85 |-0,0050 |1592532411039 |[0.2427592, 0.6963106, 0.1403006, 0.25565475, 0.7832485, 0.8904837, 0.015924755, 0.33962888, 0.3091437, 0.7526216, 0.8580527, 0.47585052, 0.42566898, 0.9844974, 0.5360758] |
| 4 |   60 |   0.4 | 5000 |      f5 |     375 |481.0694 |   477.0 |    0,85 |-0,0050 |1592532411039 |[0.2427592, 0.6963106, 0.1403006, 0.25565475, 0.7832485, 0.8904837, 0.015924755, 0.33962888, 0.3091437, 0.7526216, 0.8580527, 0.47585052, 0.42566898, 0.9844974, 0.5360758] |
| 4 |   60 |0.31666666 | 5000 |      f5 |     375 |481.0694 |   477.0 |    0,85 |-0,0050 |1592532411039 |[0.2427592, 0.6963106, 0.1403006, 0.25565475, 0.7832485, 0.8904837, 0.015924755, 0.33962888, 0.3091437, 0.7526216, 0.8580527, 0.47585052, 0.42566898, 0.9844974, 0.5360758] |
| 4 |   60 |0.31666666 | 5000 |      f5 |     375 |481.0694 |   477.0 |    0,85 |-0,0050 |1592532411039 |[0.2427592, 0.6963106, 0.1403006, 0.25565475, 0.7832485, 0.8904837, 0.015924755, 0.33962888, 0.3091437, 0.7526216, 0.8580527, 0.47585052, 0.42566898, 0.9844974, 0.5360758] |
| 4 |   65 |  0.35 | 5000 |      f5 |     375 |481.0694 |   477.0 |    0,85 |-0,0050 |1592532411039 |[0.2427592, 0.6963106, 0.1403006, 0.25565475, 0.7832485, 0.8904837, 0.015924755, 0.33962888, 0.3091437, 0.7526216, 0.8580527, 0.47585052, 0.42566898, 0.9844974, 0.5360758] |
| 4 |   65 |  0.45 | 5000 |      f5 |     375 |481.0694 |   477.0 |    0,85 |-0,0050 |1592532411039 |[0.2427592, 0.6963106, 0.1403006, 0.25565475, 0.7832485, 0.8904837, 0.015924755, 0.33962888, 0.3091437, 0.7526216, 0.8580527, 0.47585052, 0.42566898, 0.9844974, 0.5360758] |
| 4 |   65 |0.41538462 | 5000 |      f5 |     375 |481.0694 |   477.0 |    0,85 |-0,0050 |1592532411039 |[0.2427592, 0.6963106, 0.1403006, 0.25565475, 0.7832485, 0.8904837, 0.015924755, 0.33962888, 0.3091437, 0.7526216, 0.8580527, 0.47585052, 0.42566898, 0.9844974, 0.5360758] |
| 4 |   65 |0.32307693 | 5000 |      f5 |     375 |481.0694 |   477.0 |    0,85 |-0,0050 |1592532411039 |[0.2427592, 0.6963106, 0.1403006, 0.25565475, 0.7832485, 0.8904837, 0.015924755, 0.33962888, 0.3091437, 0.7526216, 0.8580527, 0.47585052, 0.42566898, 0.9844974, 0.5360758] |
| 4 |   70 |0.35384616 | 5000 |      f5 |     375 |481.0694 |   477.0 |    0,85 |-0,0050 |1592532411039 |[0.2427592, 0.6963106, 0.1403006, 0.25565475, 0.7832485, 0.8904837, 0.015924755, 0.33962888, 0.3091437, 0.7526216, 0.8580527, 0.47585052, 0.42566898, 0.9844974, 0.5360758] |
| 4 |   70 |   0.4 | 5000 |      f5 |     375 |481.0694 |   477.0 |    0,85 |-0,0050 |1592532411039 |[0.2427592, 0.6963106, 0.1403006, 0.25565475, 0.7832485, 0.8904837, 0.015924755, 0.33962888, 0.3091437, 0.7526216, 0.8580527, 0.47585052, 0.42566898, 0.9844974, 0.5360758] |
| 4 |   70 |   0.4 | 5000 |      f5 |     375 |481.0694 |   477.0 |    0,85 |-0,0050 |1592532411039 |[0.2427592, 0.6963106, 0.1403006, 0.25565475, 0.7832485, 0.8904837, 0.015924755, 0.33962888, 0.3091437, 0.7526216, 0.8580527, 0.47585052, 0.42566898, 0.9844974, 0.5360758] |
| 4 |   70 |0.27142859 | 5000 |      f5 |     375 |481.0694 |   477.0 |    0,85 |-0,0050 |1592532411039 |[0.2427592, 0.6963106, 0.1403006, 0.25565475, 0.7832485, 0.8904837, 0.015924755, 0.33962888, 0.3091437, 0.7526216, 0.8580527, 0.47585052, 0.42566898, 0.9844974, 0.5360758] |
| 4 |   75 |0.27142859 | 5000 |      f5 |     375 |481.0694 |   477.0 |    0,85 |-0,0050 |1592532411039 |[0.2427592, 0.6963106, 0.1403006, 0.25565475, 0.7832485, 0.8904837, 0.015924755, 0.33962888, 0.3091437, 0.7526216, 0.8580527, 0.47585052, 0.42566898, 0.9844974, 0.5360758] |
| 4 |   75 |  0.45 | 5000 |      f5 |     375 |481.0694 |   477.0 |    0,85 |-0,0050 |1592532411039 |[0.2427592, 0.6963106, 0.1403006, 0.25565475, 0.7832485, 0.8904837, 0.015924755, 0.33962888, 0.3091437, 0.7526216, 0.8580527, 0.47585052, 0.42566898, 0.9844974, 0.5360758] |
| 4 |   75 |  0.45 | 5000 |      f5 |     375 |481.0694 |   477.0 |    0,85 |  2,2 |1592532411039 |[0.2427592, 0.6963106, 0.1403006, 0.25565475, 0.7832485, 0.8904837, 0.015924755, 0.33962888, 0.3091437, 0.7526216, 0.8580527, 0.47585052, 0.42566898, 0.9844974, 0.5360758] |
| 5 |   50 |  0.25 | 5000 |      f5 |     375 |481.0694 |   477.0 |    0,85 |  0,0 |1592532413280 |[0.26827496, 0.4598085, 0.51190567, 0.17232774, 0.25932813, 0.014055918, 0.99514854, 0.44485176, 0.4017695, 0.015063554, 0.1802318, 0.78961414, 0.24726255, 0.34972668, 0.25906527] |
| 5 |   50 |  0.36 | 5000 |      f5 |     375 |481.0694 |   477.0 |    0,85 |  0,0 |1592532413280 |[0.5626771, 0.3035654, 0.12509738, 0.23627639, 0.5465518, 0.10463314, 0.6328931, 0.5075087, 0.7893249, 0.14387588, 0.2605049, 0.39638624, 0.9995536, 0.41400966, 0.79917] |
| 5 |   50 |  0.24 | 5000 |      f5 |     375 |481.0694 |   477.0 |    0,85 |  0,0 |1592532413280 |[0.5626771, 0.3035654, 0.12509738, 0.23627639, 0.5465518, 0.10463314, 0.6328931, 0.5075087, 0.7893249, 0.14387588, 0.2605049, 0.39638624, 0.9995536, 0.41400966, 0.79917] |
| 5 |   55 |  0.32 | 5000 |      f5 |     375 |481.0694 |   477.0 |    0,85 |  0,0 |1592532413280 |[0.5626771, 0.3035654, 0.12509738, 0.23627639, 0.5465518, 0.10463314, 0.6328931, 0.5075087, 0.7893249, 0.14387588, 0.2605049, 0.39638624, 0.9995536, 0.41400966, 0.79917] |
| 5 |   55 |0.38181818 | 5000 |      f5 |     375 |481.0694 |   477.0 |    0,85 |  0,0 |1592532413280 |[0.5626771, 0.3035654, 0.12509738, 0.23627639, 0.5465518, 0.10463314, 0.6328931, 0.5075087, 0.7893249, 0.14387588, 0.2605049, 0.39638624, 0.9995536, 0.41400966, 0.79917] |
| 5 |   55 |   0.4 | 5000 |      f5 |     375 |481.0694 |   477.0 |    0,85 |  0,0 |1592532413280 |[0.5626771, 0.3035654, 0.12509738, 0.23627639, 0.5465518, 0.10463314, 0.6328931, 0.5075087, 0.7893249, 0.14387588, 0.2605049, 0.39638624, 0.9995536, 0.41400966, 0.79917] |
| 5 |   55 |0.3272727 | 5000 |      f5 |     375 |481.0694 |   477.0 |    0,85 |  0,0 |1592532413280 |[0.5626771, 0.3035654, 0.12509738, 0.23627639, 0.5465518, 0.10463314, 0.6328931, 0.5075087, 0.7893249, 0.14387588, 0.2605049, 0.39638624, 0.9995536, 0.41400966, 0.79917] |
| 5 |   60 |   0.4 | 5000 |      f5 |     375 |481.0694 |   477.0 |    0,85 |  0,0 |1592532413280 |[0.5626771, 0.3035654, 0.12509738, 0.23627639, 0.5465518, 0.10463314, 0.6328931, 0.5075087, 0.7893249, 0.14387588, 0.2605049, 0.39638624, 0.9995536, 0.41400966, 0.79917] |
| 5 |   60 |   0.4 | 5000 |      f5 |     375 |481.0694 |   477.0 |    0,85 |  0,0 |1592532413280 |[0.5626771, 0.3035654, 0.12509738, 0.23627639, 0.5465518, 0.10463314, 0.6328931, 0.5075087, 0.7893249, 0.14387588, 0.2605049, 0.39638624, 0.9995536, 0.41400966, 0.79917] |
| 5 |   60 |0.41666666 | 5000 |      f5 |     375 |481.0694 |   477.0 |    0,85 |  0,0 |1592532413280 |[0.5626771, 0.3035654, 0.12509738, 0.23627639, 0.5465518, 0.10463314, 0.6328931, 0.5075087, 0.7893249, 0.14387588, 0.2605049, 0.39638624, 0.9995536, 0.41400966, 0.79917] |
| 5 |   60 |0.26666668 | 5000 |      f5 |     375 |481.0694 |   477.0 |    0,85 |  0,0 |1592532413280 |[0.5626771, 0.3035654, 0.12509738, 0.23627639, 0.5465518, 0.10463314, 0.6328931, 0.5075087, 0.7893249, 0.14387588, 0.2605049, 0.39638624, 0.9995536, 0.41400966, 0.79917] |
| 5 |   65 |   0.4 | 5000 |      f5 |     375 |481.0694 |   477.0 |    0,85 |  0,0 |1592532413280 |[0.5626771, 0.3035654, 0.12509738, 0.23627639, 0.5465518, 0.10463314, 0.6328931, 0.5075087, 0.7893249, 0.14387588, 0.2605049, 0.39638624, 0.9995536, 0.41400966, 0.79917] |
| 5 |   65 |0.30769232 | 5000 |      f5 |     375 |481.0694 |   477.0 |    0,85 |  0,0 |1592532413280 |[0.5626771, 0.3035654, 0.12509738, 0.23627639, 0.5465518, 0.10463314, 0.6328931, 0.5075087, 0.7893249, 0.14387588, 0.2605049, 0.39638624, 0.9995536, 0.41400966, 0.79917] |
| 5 |   65 |0.26153848 | 5000 |      f5 |     375 |481.0694 |   477.0 |    0,85 |  0,0 |1592532413280 |[0.5626771, 0.3035654, 0.12509738, 0.23627639, 0.5465518, 0.10463314, 0.6328931, 0.5075087, 0.7893249, 0.14387588, 0.2605049, 0.39638624, 0.9995536, 0.41400966, 0.79917] |
| 5 |   65 |0.26153848 | 5000 |      f5 |     375 |481.0694 |   477.0 |    0,85 |  0,0 |1592532413280 |[0.5626771, 0.3035654, 0.12509738, 0.23627639, 0.5465518, 0.10463314, 0.6328931, 0.5075087, 0.7893249, 0.14387588, 0.2605049, 0.39638624, 0.9995536, 0.41400966, 0.79917] |
| 5 |   70 |0.30769232 | 5000 |      f5 |     375 |481.0694 |   477.0 |    0,85 |  0,0 |1592532413280 |[0.5626771, 0.3035654, 0.12509738, 0.23627639, 0.5465518, 0.10463314, 0.6328931, 0.5075087, 0.7893249, 0.14387588, 0.2605049, 0.39638624, 0.9995536, 0.41400966, 0.79917] |
| 5 |   70 |0.35714287 | 5000 |      f5 |     375 |481.0694 |   477.0 |    0,85 |  0,0 |1592532413280 |[0.5626771, 0.3035654, 0.12509738, 0.23627639, 0.5465518, 0.10463314, 0.6328931, 0.5075087, 0.7893249, 0.14387588, 0.2605049, 0.39638624, 0.9995536, 0.41400966, 0.79917] |
| 5 |   70 |0.41428572 | 5000 |      f5 |     375 |481.0694 |   477.0 |    0,85 |  0,0 |1592532413280 |[0.5626771, 0.3035654, 0.12509738, 0.23627639, 0.5465518, 0.10463314, 0.6328931, 0.5075087, 0.7893249, 0.14387588, 0.2605049, 0.39638624, 0.9995536, 0.41400966, 0.79917] |
| 5 |   70 |0.44285715 | 5000 |      f5 |     375 |481.0694 |   477.0 |    0,85 |  0,0 |1592532413280 |[0.5626771, 0.3035654, 0.12509738, 0.23627639, 0.5465518, 0.10463314, 0.6328931, 0.5075087, 0.7893249, 0.14387588, 0.2605049, 0.39638624, 0.9995536, 0.41400966, 0.79917] |
| 5 |   75 |0.34285715 | 5000 |      f5 |     375 |481.0694 |   477.0 |    0,85 |  0,0 |1592532413280 |[0.5626771, 0.3035654, 0.12509738, 0.23627639, 0.5465518, 0.10463314, 0.6328931, 0.5075087, 0.7893249, 0.14387588, 0.2605049, 0.39638624, 0.9995536, 0.41400966, 0.79917] |
| 5 |   75 |0.38666666 | 5000 |      f5 |     375 |481.0694 |   477.0 |    0,85 |  0,0 |1592532413280 |[0.5626771, 0.3035654, 0.12509738, 0.23627639, 0.5465518, 0.10463314, 0.6328931, 0.5075087, 0.7893249, 0.14387588, 0.2605049, 0.39638624, 0.9995536, 0.41400966, 0.79917] |
| 5 |   75 |0.38666666 | 5000 |      f5 |     375 |481.0694 |   477.0 |    0,85 |  2,2 |1592532413280 |[0.5626771, 0.3035654, 0.12509738, 0.23627639, 0.5465518, 0.10463314, 0.6328931, 0.5075087, 0.7893249, 0.14387588, 0.2605049, 0.39638624, 0.9995536, 0.41400966, 0.79917] |
| 6 |   50 |  0.25 | 5000 |      f5 |     375 |481.0694 |   477.0 |    0,85 |-0,0060 |1592532415493 |[0.55049366, 0.83858216, 0.40870178, 0.381166, 0.47647163, 0.83040166, 0.58982265, 0.55017805, 0.23188928, 0.109942704, 0.7687035, 0.040292278, 0.41346925, 0.8447877, 0.19456492] |
| 6 |   50 |  0.32 | 5000 |      f5 |     375 |481.0694 |   477.0 |    0,85 |-0,0060 |1592532415493 |[0.13173504, 0.40574455, 0.2426141, 0.97276986, 0.6068402, 0.5876759, 0.5977505, 0.21253966, 0.38458025, 0.46176517, 0.9863398, 0.8798903, 0.44482595, 0.49598366, 0.7032741] |
| 6 |   50 |  0.38 | 5000 |      f5 |     375 |481.0694 |   477.0 |    0,85 |-0,0060 |1592532415493 |[0.97988385, 0.76623744, 0.8311461, 0.40259457, 0.7475301, 0.6683446, 0.59243566, 0.7919978, 0.25658542, 0.41212934, 0.80790603, 0.12788469, 0.62062865, 0.98934406, 0.22572279] |
| 6 |   55 |   0.4 | 5000 |      f5 |     375 |481.0694 |   477.0 |    0,85 |-0,0060 |1592532415493 |[0.97988385, 0.76623744, 0.8311461, 0.40259457, 0.7475301, 0.6683446, 0.59243566, 0.7919978, 0.25658542, 0.41212934, 0.80790603, 0.12788469, 0.62062865, 0.98934406, 0.22572279] |
| 6 |   55 |   0.4 | 5000 |      f5 |     375 |481.0694 |   477.0 |    0,85 |-0,0060 |1592532415493 |[0.97988385, 0.76623744, 0.8311461, 0.40259457, 0.7475301, 0.6683446, 0.59243566, 0.7919978, 0.25658542, 0.41212934, 0.80790603, 0.12788469, 0.62062865, 0.98934406, 0.22572279] |
| 6 |   55 |0.3090909 | 5000 |      f5 |     375 |481.0694 |   477.0 |    0,85 |-0,0060 |1592532415493 |[0.97988385, 0.76623744, 0.8311461, 0.40259457, 0.7475301, 0.6683446, 0.59243566, 0.7919978, 0.25658542, 0.41212934, 0.80790603, 0.12788469, 0.62062865, 0.98934406, 0.22572279] |
| 6 |   55 |0.3090909 | 5000 |      f5 |     375 |481.0694 |   477.0 |    0,85 |-0,0060 |1592532415493 |[0.97988385, 0.76623744, 0.8311461, 0.40259457, 0.7475301, 0.6683446, 0.59243566, 0.7919978, 0.25658542, 0.41212934, 0.80790603, 0.12788469, 0.62062865, 0.98934406, 0.22572279] |
| 6 |   60 |0.36363637 | 5000 |      f5 |     375 |481.0694 |   477.0 |    0,85 |-0,0060 |1592532415493 |[0.11141658, 0.77939105, 0.73890626, 0.10046482, 0.25287467, 0.7858975, 0.7124733, 0.39147556, 0.3437171, 0.98391265, 0.8303088, 0.6568282, 0.4275214, 0.064201236, 0.824299] |
| 6 |   60 |0.43333334 | 5000 |      f5 |     375 |481.0694 |   477.0 |    0,85 |-0,0060 |1592532415493 |[0.11141658, 0.77939105, 0.73890626, 0.10046482, 0.25287467, 0.7858975, 0.7124733, 0.39147556, 0.3437171, 0.98391265, 0.8303088, 0.6568282, 0.4275214, 0.064201236, 0.824299] |
| 6 |   60 |0.41666666 | 5000 |      f5 |     375 |481.0694 |   477.0 |    0,85 |-0,0060 |1592532415493 |[0.11141658, 0.77939105, 0.73890626, 0.10046482, 0.25287467, 0.7858975, 0.7124733, 0.39147556, 0.3437171, 0.98391265, 0.8303088, 0.6568282, 0.4275214, 0.064201236, 0.824299] |
| 6 |   60 |  0.35 | 5000 |      f5 |     375 |481.0694 |   477.0 |    0,85 |-0,0060 |1592532415493 |[0.11141658, 0.77939105, 0.73890626, 0.10046482, 0.25287467, 0.7858975, 0.7124733, 0.39147556, 0.3437171, 0.98391265, 0.8303088, 0.6568282, 0.4275214, 0.064201236, 0.824299] |
| 6 |   65 |  0.35 | 5000 |      f5 |     375 |481.0694 |   477.0 |    0,85 |-0,0060 |1592532415493 |[0.11141658, 0.77939105, 0.73890626, 0.10046482, 0.25287467, 0.7858975, 0.7124733, 0.39147556, 0.3437171, 0.98391265, 0.8303088, 0.6568282, 0.4275214, 0.064201236, 0.824299] |
| 6 |   65 |0.32307693 | 5000 |      f5 |     375 |481.0694 |   477.0 |    0,85 |-0,0060 |1592532415493 |[0.52984774, 0.8784001, 0.9186385, 0.13194942, 0.9515501, 0.17956924, 0.8899623, 0.04112619, 0.62558717, 0.50598425, 0.7385092, 0.8533848, 0.6192182, 0.39976084, 0.3286686] |
| 6 |   65 |0.3846154 | 5000 |      f5 |     375 |481.0694 |   477.0 |    0,85 |-0,0060 |1592532415493 |[0.52984774, 0.8784001, 0.9186385, 0.13194942, 0.9515501, 0.17956924, 0.8899623, 0.04112619, 0.62558717, 0.50598425, 0.7385092, 0.8533848, 0.6192182, 0.39976084, 0.3286686] |
| 6 |   65 |0.32307693 | 5000 |      f5 |     375 |481.0694 |   477.0 |    0,85 |-0,0060 |1592532415493 |[0.52984774, 0.8784001, 0.9186385, 0.13194942, 0.9515501, 0.17956924, 0.8899623, 0.04112619, 0.62558717, 0.50598425, 0.7385092, 0.8533848, 0.6192182, 0.39976084, 0.3286686] |
| 6 |   70 |0.35384616 | 5000 |      f5 |     375 |481.0694 |   477.0 |    0,85 |-0,0060 |1592532415493 |[0.52984774, 0.8784001, 0.9186385, 0.13194942, 0.9515501, 0.17956924, 0.8899623, 0.04112619, 0.62558717, 0.50598425, 0.7385092, 0.8533848, 0.6192182, 0.39976084, 0.3286686] |
| 6 |   70 |0.34285715 | 5000 |      f5 |     375 |481.0694 |   477.0 |    0,85 |-0,0060 |1592532415493 |[0.52984774, 0.8784001, 0.9186385, 0.13194942, 0.9515501, 0.17956924, 0.8899623, 0.04112619, 0.62558717, 0.50598425, 0.7385092, 0.8533848, 0.6192182, 0.39976084, 0.3286686] |
| 6 |   70 |0.32857144 | 5000 |      f5 |     375 |481.0694 |   477.0 |    0,85 |-0,0060 |1592532415493 |[0.52984774, 0.8784001, 0.9186385, 0.13194942, 0.9515501, 0.17956924, 0.8899623, 0.04112619, 0.62558717, 0.50598425, 0.7385092, 0.8533848, 0.6192182, 0.39976084, 0.3286686] |
| 6 |   70 |   0.4 | 5000 |      f5 |     375 |481.0694 |   477.0 |    0,85 |-0,0060 |1592532415493 |[0.52984774, 0.8784001, 0.9186385, 0.13194942, 0.9515501, 0.17956924, 0.8899623, 0.04112619, 0.62558717, 0.50598425, 0.7385092, 0.8533848, 0.6192182, 0.39976084, 0.3286686] |
| 6 |   75 |0.3857143 | 5000 |      f5 |     375 |481.0694 |   477.0 |    0,85 |-0,0060 |1592532415493 |[0.52984774, 0.8784001, 0.9186385, 0.13194942, 0.9515501, 0.17956924, 0.8899623, 0.04112619, 0.62558717, 0.50598425, 0.7385092, 0.8533848, 0.6192182, 0.39976084, 0.3286686] |
| 6 |   75 |0.37333333 | 5000 |      f5 |     375 |481.0694 |   477.0 |    0,85 |-0,0060 |1592532415493 |[0.52984774, 0.8784001, 0.9186385, 0.13194942, 0.9515501, 0.17956924, 0.8899623, 0.04112619, 0.62558717, 0.50598425, 0.7385092, 0.8533848, 0.6192182, 0.39976084, 0.3286686] |
| 6 |   75 |0.37333333 | 5000 |      f5 |     375 |481.0694 |   477.0 |    0,85 |  2,2 |1592532415493 |[0.52984774, 0.8784001, 0.9186385, 0.13194942, 0.9515501, 0.17956924, 0.8899623, 0.04112619, 0.62558717, 0.50598425, 0.7385092, 0.8533848, 0.6192182, 0.39976084, 0.3286686] |
| 7 |   50 |  0.25 | 5000 |      f5 |     375 |481.0694 |   477.0 |    0,85 |-0,0050 |1592532417675 |[0.9711158, 1.0E-12, 0.78247356, 0.47005445, 0.38830075, 0.84626204, 0.1831776, 0.6131138, 0.26862606, 0.04295908, 0.3872577, 0.21507752, 0.6698142, 0.43463907, 1.0] |
| 7 |   50 |  0.38 | 5000 |      f5 |     375 |481.0694 |   477.0 |    0,85 |-0,0050 |1592532417675 |[0.24399647, 0.70740616, 0.9998975, 0.9738431, 1.0, 0.051998895, 0.75066745, 0.5356027, 0.08193606, 0.6187015, 0.15458518, 0.19677918, 0.9974573, 0.8719701, 1.0E-12] |
| 7 |   50 |  0.36 | 5000 |      f5 |     375 |481.0694 |   477.0 |    0,85 |-0,0050 |1592532417675 |[0.24399647, 0.70740616, 0.9998975, 0.9738431, 1.0, 0.051998895, 0.75066745, 0.5356027, 0.08193606, 0.6187015, 0.15458518, 0.19677918, 0.9974573, 0.8719701, 1.0E-12] |
| 7 |   55 |  0.24 | 5000 |      f5 |     375 |481.0694 |   477.0 |    0,85 |-0,0050 |1592532417675 |[0.24399647, 0.70740616, 0.9998975, 0.9738431, 1.0, 0.051998895, 0.75066745, 0.5356027, 0.08193606, 0.6187015, 0.15458518, 0.19677918, 0.9974573, 0.8719701, 1.0E-12] |
| 7 |   55 |0.34545454 | 5000 |      f5 |     375 |481.0694 |   477.0 |    0,85 |-0,0050 |1592532417675 |[0.24399647, 0.70740616, 0.9998975, 0.9738431, 1.0, 0.051998895, 0.75066745, 0.5356027, 0.08193606, 0.6187015, 0.15458518, 0.19677918, 0.9974573, 0.8719701, 1.0E-12] |
| 7 |   55 |0.38181818 | 5000 |      f5 |     375 |481.0694 |   477.0 |    0,85 |-0,0050 |1592532417675 |[0.24399647, 0.70740616, 0.9998975, 0.9738431, 1.0, 0.051998895, 0.75066745, 0.5356027, 0.08193606, 0.6187015, 0.15458518, 0.19677918, 0.9974573, 0.8719701, 1.0E-12] |
| 7 |   55 |0.29090908 | 5000 |      f5 |     375 |481.0694 |   477.0 |    0,85 |-0,0050 |1592532417675 |[0.24399647, 0.70740616, 0.9998975, 0.9738431, 1.0, 0.051998895, 0.75066745, 0.5356027, 0.08193606, 0.6187015, 0.15458518, 0.19677918, 0.9974573, 0.8719701, 1.0E-12] |
| 7 |   60 |0.36363637 | 5000 |      f5 |     375 |481.0694 |   477.0 |    0,85 |-0,0050 |1592532417675 |[0.24399647, 0.70740616, 0.9998975, 0.9738431, 1.0, 0.051998895, 0.75066745, 0.5356027, 0.08193606, 0.6187015, 0.15458518, 0.19677918, 0.9974573, 0.8719701, 1.0E-12] |
| 7 |   60 |  0.25 | 5000 |      f5 |     375 |481.0694 |   477.0 |    0,85 |-0,0050 |1592532417675 |[0.24399647, 0.70740616, 0.9998975, 0.9738431, 1.0, 0.051998895, 0.75066745, 0.5356027, 0.08193606, 0.6187015, 0.15458518, 0.19677918, 0.9974573, 0.8719701, 1.0E-12] |
| 7 |   60 |0.41666666 | 5000 |      f5 |     375 |481.0694 |   477.0 |    0,85 |-0,0050 |1592532417675 |[0.24399647, 0.70740616, 0.9998975, 0.9738431, 1.0, 0.051998895, 0.75066745, 0.5356027, 0.08193606, 0.6187015, 0.15458518, 0.19677918, 0.9974573, 0.8719701, 1.0E-12] |
| 7 |   60 |0.38333333 | 5000 |      f5 |     375 |481.0694 |   477.0 |    0,85 |-0,0050 |1592532417675 |[0.24399647, 0.70740616, 0.9998975, 0.9738431, 1.0, 0.051998895, 0.75066745, 0.5356027, 0.08193606, 0.6187015, 0.15458518, 0.19677918, 0.9974573, 0.8719701, 1.0E-12] |
| 7 |   65 |0.26666668 | 5000 |      f5 |     375 |481.0694 |   477.0 |    0,85 |-0,0050 |1592532417675 |[0.24399647, 0.70740616, 0.9998975, 0.9738431, 1.0, 0.051998895, 0.75066745, 0.5356027, 0.08193606, 0.6187015, 0.15458518, 0.19677918, 0.9974573, 0.8719701, 1.0E-12] |
| 7 |   65 |0.35384616 | 5000 |      f5 |     375 |481.0694 |   477.0 |    0,85 |-0,0050 |1592532417675 |[0.24399647, 0.70740616, 0.9998975, 0.9738431, 1.0, 0.051998895, 0.75066745, 0.5356027, 0.08193606, 0.6187015, 0.15458518, 0.19677918, 0.9974573, 0.8719701, 1.0E-12] |
| 7 |   65 |0.2769231 | 5000 |      f5 |     375 |481.0694 |   477.0 |    0,85 |-0,0050 |1592532417675 |[0.24399647, 0.70740616, 0.9998975, 0.9738431, 1.0, 0.051998895, 0.75066745, 0.5356027, 0.08193606, 0.6187015, 0.15458518, 0.19677918, 0.9974573, 0.8719701, 1.0E-12] |
| 7 |   65 |0.30769232 | 5000 |      f5 |     375 |481.0694 |   477.0 |    0,85 |-0,0050 |1592532417675 |[0.14935976, 0.38505578, 0.50039864, 0.44326192, 0.3956039, 0.070225835, 0.17611182, 0.03455454, 0.308667, 0.6995891, 0.9566732, 0.22248137, 0.4892627, 0.43338686, 0.79784286] |
| 7 |   70 |0.3846154 | 5000 |      f5 |     375 |481.0694 |   477.0 |    0,85 |-0,0050 |1592532417675 |[0.14935976, 0.38505578, 0.50039864, 0.44326192, 0.3956039, 0.070225835, 0.17611182, 0.03455454, 0.308667, 0.6995891, 0.9566732, 0.22248137, 0.4892627, 0.43338686, 0.79784286] |
| 7 |   70 |  0.45 | 5000 |      f5 |     375 |481.0694 |   477.0 |    0,85 |-0,0050 |1592532417675 |[0.14935976, 0.38505578, 0.50039864, 0.44326192, 0.3956039, 0.070225835, 0.17611182, 0.03455454, 0.308667, 0.6995891, 0.9566732, 0.22248137, 0.4892627, 0.43338686, 0.79784286] |
| 7 |   70 |0.42857143 | 5000 |      f5 |     375 |481.0694 |   477.0 |    0,85 |-0,0050 |1592532417675 |[0.14935976, 0.38505578, 0.50039864, 0.44326192, 0.3956039, 0.070225835, 0.17611182, 0.03455454, 0.308667, 0.6995891, 0.9566732, 0.22248137, 0.4892627, 0.43338686, 0.79784286] |
| 7 |   70 |0.41428572 | 5000 |      f5 |     375 |481.0694 |   477.0 |    0,85 |-0,0050 |1592532417675 |[0.14935976, 0.38505578, 0.50039864, 0.44326192, 0.3956039, 0.070225835, 0.17611182, 0.03455454, 0.308667, 0.6995891, 0.9566732, 0.22248137, 0.4892627, 0.43338686, 0.79784286] |
| 7 |   75 |0.41428572 | 5000 |      f5 |     375 |481.0694 |   477.0 |    0,85 |-0,0050 |1592532417675 |[0.14935976, 0.38505578, 0.50039864, 0.44326192, 0.3956039, 0.070225835, 0.17611182, 0.03455454, 0.308667, 0.6995891, 0.9566732, 0.22248137, 0.4892627, 0.43338686, 0.79784286] |
| 7 |   75 |  0.45 | 5000 |      f5 |     375 |481.0694 |   477.0 |    0,85 |-0,0050 |1592532417675 |[0.14935976, 0.38505578, 0.50039864, 0.44326192, 0.3956039, 0.070225835, 0.17611182, 0.03455454, 0.308667, 0.6995891, 0.9566732, 0.22248137, 0.4892627, 0.43338686, 0.79784286] |
| 7 |   75 |  0.45 | 5000 |      f5 |     375 |481.0694 |   477.0 |    0,85 |  2,2 |1592532417675 |[0.14935976, 0.38505578, 0.50039864, 0.44326192, 0.3956039, 0.070225835, 0.17611182, 0.03455454, 0.308667, 0.6995891, 0.9566732, 0.22248137, 0.4892627, 0.43338686, 0.79784286] |
| 8 |   50 |  0.25 | 5000 |      f5 |     375 |481.0694 |   477.0 |    0,85 |-0,0060 |1592532419838 |[0.6189723, 0.33375317, 0.191581, 1.0E-12, 0.51467365, 0.12447105, 0.07050781, 0.95664555, 1.0E-12, 0.6896858, 0.6232083, 1.0, 0.20849933, 1.0, 0.30404162] |
| 8 |   50 |  0.28 | 5000 |      f5 |     375 |481.0694 |   477.0 |    0,85 |-0,0060 |1592532419838 |[0.95174396, 0.38489792, 0.37320837, 0.5194666, 0.19828583, 0.90936565, 0.25596938, 0.3591091, 0.76465183, 1.0, 0.7843396, 0.28825083, 0.55831236, 0.4889425, 0.29968488] |
| 8 |   50 |   0.3 | 5000 |      f5 |     375 |481.0694 |   477.0 |    0,85 |-0,0060 |1592532419838 |[0.95174396, 0.38489792, 0.37320837, 0.5194666, 0.19828583, 0.90936565, 0.25596938, 0.3591091, 0.76465183, 1.0, 0.7843396, 0.28825083, 0.55831236, 0.4889425, 0.29968488] |
| 8 |   55 |  0.28 | 5000 |      f5 |     375 |481.0694 |   477.0 |    0,85 |-0,0060 |1592532419838 |[0.95174396, 0.38489792, 0.37320837, 0.5194666, 0.19828583, 0.90936565, 0.25596938, 0.3591091, 0.76465183, 1.0, 0.7843396, 0.28825083, 0.55831236, 0.4889425, 0.29968488] |
| 8 |   55 |  0.45 | 5000 |      f5 |     375 |481.0694 |   477.0 |    0,85 |-0,0060 |1592532419838 |[0.95174396, 0.38489792, 0.37320837, 0.5194666, 0.19828583, 0.90936565, 0.25596938, 0.3591091, 0.76465183, 1.0, 0.7843396, 0.28825083, 0.55831236, 0.4889425, 0.29968488] |
| 8 |   55 |0.3090909 | 5000 |      f5 |     375 |481.0694 |   477.0 |    0,85 |-0,0060 |1592532419838 |[0.95174396, 0.38489792, 0.37320837, 0.5194666, 0.19828583, 0.90936565, 0.25596938, 0.3591091, 0.76465183, 1.0, 0.7843396, 0.28825083, 0.55831236, 0.4889425, 0.29968488] |
| 8 |   55 |0.3090909 | 5000 |      f5 |     375 |481.0694 |   477.0 |    0,85 |-0,0060 |1592532419838 |[0.95174396, 0.38489792, 0.37320837, 0.5194666, 0.19828583, 0.90936565, 0.25596938, 0.3591091, 0.76465183, 1.0, 0.7843396, 0.28825083, 0.55831236, 0.4889425, 0.29968488] |
| 8 |   60 |0.36363637 | 5000 |      f5 |     375 |481.0694 |   477.0 |    0,85 |-0,0060 |1592532419838 |[0.95174396, 0.38489792, 0.37320837, 0.5194666, 0.19828583, 0.90936565, 0.25596938, 0.3591091, 0.76465183, 1.0, 0.7843396, 0.28825083, 0.55831236, 0.4889425, 0.29968488] |
| 8 |   60 |  0.45 | 5000 |      f5 |     375 |481.0694 |   477.0 |    0,85 |-0,0060 |1592532419838 |[0.95174396, 0.38489792, 0.37320837, 0.5194666, 0.19828583, 0.90936565, 0.25596938, 0.3591091, 0.76465183, 1.0, 0.7843396, 0.28825083, 0.55831236, 0.4889425, 0.29968488] |
| 8 |   60 |  0.35 | 5000 |      f5 |     375 |481.0694 |   477.0 |    0,85 |-0,0060 |1592532419838 |[0.95174396, 0.38489792, 0.37320837, 0.5194666, 0.19828583, 0.90936565, 0.25596938, 0.3591091, 0.76465183, 1.0, 0.7843396, 0.28825083, 0.55831236, 0.4889425, 0.29968488] |
| 8 |   60 |  0.35 | 5000 |      f5 |     375 |481.0694 |   477.0 |    0,85 |-0,0060 |1592532419838 |[0.95174396, 0.38489792, 0.37320837, 0.5194666, 0.19828583, 0.90936565, 0.25596938, 0.3591091, 0.76465183, 1.0, 0.7843396, 0.28825083, 0.55831236, 0.4889425, 0.29968488] |
| 8 |   65 |0.31666666 | 5000 |      f5 |     375 |481.0694 |   477.0 |    0,85 |-0,0060 |1592532419838 |[0.95174396, 0.38489792, 0.37320837, 0.5194666, 0.19828583, 0.90936565, 0.25596938, 0.3591091, 0.76465183, 1.0, 0.7843396, 0.28825083, 0.55831236, 0.4889425, 0.29968488] |
| 8 |   65 |  0.45 | 5000 |      f5 |     375 |481.0694 |   477.0 |    0,85 |-0,0060 |1592532419838 |[0.95174396, 0.38489792, 0.37320837, 0.5194666, 0.19828583, 0.90936565, 0.25596938, 0.3591091, 0.76465183, 1.0, 0.7843396, 0.28825083, 0.55831236, 0.4889425, 0.29968488] |
| 8 |   65 |0.43076923 | 5000 |      f5 |     375 |481.0694 |   477.0 |    0,85 |-0,0060 |1592532419838 |[0.95174396, 0.38489792, 0.37320837, 0.5194666, 0.19828583, 0.90936565, 0.25596938, 0.3591091, 0.76465183, 1.0, 0.7843396, 0.28825083, 0.55831236, 0.4889425, 0.29968488] |
| 8 |   65 |0.30769232 | 5000 |      f5 |     375 |481.0694 |   477.0 |    0,85 |-0,0060 |1592532419838 |[0.95174396, 0.38489792, 0.37320837, 0.5194666, 0.19828583, 0.90936565, 0.25596938, 0.3591091, 0.76465183, 1.0, 0.7843396, 0.28825083, 0.55831236, 0.4889425, 0.29968488] |
| 8 |   70 |0.35384616 | 5000 |      f5 |     375 |481.0694 |   477.0 |    0,85 |-0,0060 |1592532419838 |[0.95174396, 0.38489792, 0.37320837, 0.5194666, 0.19828583, 0.90936565, 0.25596938, 0.3591091, 0.76465183, 1.0, 0.7843396, 0.28825083, 0.55831236, 0.4889425, 0.29968488] |
| 8 |   70 |0.3857143 | 5000 |      f5 |     375 |481.0694 |   477.0 |    0,85 |-0,0060 |1592532419838 |[0.95174396, 0.38489792, 0.37320837, 0.5194666, 0.19828583, 0.90936565, 0.25596938, 0.3591091, 0.76465183, 1.0, 0.7843396, 0.28825083, 0.55831236, 0.4889425, 0.29968488] |
| 8 |   70 |  0.45 | 5000 |      f5 |     375 |481.0694 |   477.0 |    0,85 |-0,0060 |1592532419838 |[0.95174396, 0.38489792, 0.37320837, 0.5194666, 0.19828583, 0.90936565, 0.25596938, 0.3591091, 0.76465183, 1.0, 0.7843396, 0.28825083, 0.55831236, 0.4889425, 0.29968488] |
| 8 |   70 |  0.45 | 5000 |      f5 |     375 |481.0694 |   477.0 |    0,85 |-0,0060 |1592532419838 |[0.95174396, 0.38489792, 0.37320837, 0.5194666, 0.19828583, 0.90936565, 0.25596938, 0.3591091, 0.76465183, 1.0, 0.7843396, 0.28825083, 0.55831236, 0.4889425, 0.29968488] |
| 8 |   75 |   0.3 | 5000 |      f5 |     375 |481.0694 |   477.0 |    0,85 |-0,0060 |1592532419838 |[0.95174396, 0.38489792, 0.37320837, 0.5194666, 0.19828583, 0.90936565, 0.25596938, 0.3591091, 0.76465183, 1.0, 0.7843396, 0.28825083, 0.55831236, 0.4889425, 0.29968488] |
| 8 |   75 |0.34666666 | 5000 |      f5 |     375 |481.0694 |   477.0 |    0,85 |-0,0060 |1592532419838 |[0.95174396, 0.38489792, 0.37320837, 0.5194666, 0.19828583, 0.90936565, 0.25596938, 0.3591091, 0.76465183, 1.0, 0.7843396, 0.28825083, 0.55831236, 0.4889425, 0.29968488] |
| 8 |   75 |0.34666666 | 5000 |      f5 |     375 |481.0694 |   477.0 |    0,85 |  2,2 |1592532419838 |[0.95174396, 0.38489792, 0.37320837, 0.5194666, 0.19828583, 0.90936565, 0.25596938, 0.3591091, 0.76465183, 1.0, 0.7843396, 0.28825083, 0.55831236, 0.4889425, 0.29968488] |
| 9 |   50 |  0.25 | 5000 |      f5 |     375 |481.0694 |   477.0 |    0,85 |  0,0 |1592532422001 |[0.90903634, 0.9796054, 0.87137526, 0.9387681, 0.37262082, 0.6500343, 0.21528926, 0.9407638, 0.9743574, 0.70519954, 0.6439944, 0.682654, 0.45701826, 1.0E-12, 0.6750728] |
| 9 |   50 |  0.22 | 5000 |      f5 |     375 |481.0694 |   477.0 |    0,85 |  0,0 |1592532422001 |[0.13034081, 0.036235213, 0.33577865, 0.7407958, 0.61580956, 0.197976, 0.08187634, 0.9755666, 0.89205235, 0.6838326, 0.06211096, 0.34715682, 0.18230754, 0.87301517, 0.49606985] |
| 9 |   50 |   0.2 | 5000 |      f5 |     375 |481.0694 |   477.0 |    0,85 |  0,0 |1592532422001 |[0.72370213, 0.74914527, 0.35961467, 0.8196523, 0.59807396, 0.8556012, 0.1164763, 0.1482749, 0.97576034, 0.69207746, 0.1323486, 0.027136505, 0.36660445, 0.1723929, 0.032270074] |
| 9 |   55 |  0.32 | 5000 |      f5 |     375 |481.0694 |   477.0 |    0,85 |  0,0 |1592532422001 |[0.72370213, 0.74914527, 0.35961467, 0.8196523, 0.59807396, 0.8556012, 0.1164763, 0.1482749, 0.97576034, 0.69207746, 0.1323486, 0.027136505, 0.36660445, 0.1723929, 0.032270074] |
| 9 |   55 |  0.45 | 5000 |      f5 |     375 |481.0694 |   477.0 |    0,85 |  0,0 |1592532422001 |[0.72370213, 0.74914527, 0.35961467, 0.8196523, 0.59807396, 0.8556012, 0.1164763, 0.1482749, 0.97576034, 0.69207746, 0.1323486, 0.027136505, 0.36660445, 0.1723929, 0.032270074] |
| 9 |   55 |0.27272728 | 5000 |      f5 |     375 |481.0694 |   477.0 |    0,85 |  0,0 |1592532422001 |[0.72370213, 0.74914527, 0.35961467, 0.8196523, 0.59807396, 0.8556012, 0.1164763, 0.1482749, 0.97576034, 0.69207746, 0.1323486, 0.027136505, 0.36660445, 0.1723929, 0.032270074] |
| 9 |   55 |0.3272727 | 5000 |      f5 |     375 |481.0694 |   477.0 |    0,85 |  0,0 |1592532422001 |[0.72370213, 0.74914527, 0.35961467, 0.8196523, 0.59807396, 0.8556012, 0.1164763, 0.1482749, 0.97576034, 0.69207746, 0.1323486, 0.027136505, 0.36660445, 0.1723929, 0.032270074] |
| 9 |   60 |   0.4 | 5000 |      f5 |     375 |481.0694 |   477.0 |    0,85 |  0,0 |1592532422001 |[0.72370213, 0.74914527, 0.35961467, 0.8196523, 0.59807396, 0.8556012, 0.1164763, 0.1482749, 0.97576034, 0.69207746, 0.1323486, 0.027136505, 0.36660445, 0.1723929, 0.032270074] |
| 9 |   60 |  0.45 | 5000 |      f5 |     375 |481.0694 |   477.0 |    0,85 |  0,0 |1592532422001 |[0.72370213, 0.74914527, 0.35961467, 0.8196523, 0.59807396, 0.8556012, 0.1164763, 0.1482749, 0.97576034, 0.69207746, 0.1323486, 0.027136505, 0.36660445, 0.1723929, 0.032270074] |
| 9 |   60 |  0.35 | 5000 |      f5 |     375 |481.0694 |   477.0 |    0,85 |  0,0 |1592532422001 |[0.54138154, 0.8908884, 0.9495278, 0.86751455, 0.8134604, 0.10629243, 0.23666579, 0.72542995, 0.8167945, 0.43893504, 0.8385475, 0.199498, 0.97885513, 0.059123576, 0.22086447] |
| 9 |   60 |   0.4 | 5000 |      f5 |     375 |481.0694 |   477.0 |    0,85 |  0,0 |1592532422001 |[0.29690057, 0.3834343, 0.17630982, 0.5605874, 0.35341424, 0.8815422, 0.9851189, 0.20572287, 0.23995793, 0.5741757, 0.5156076, 0.5738177, 0.8733275, 0.28164232, 0.6884881] |
| 9 |   65 |   0.3 | 5000 |      f5 |     375 |481.0694 |   477.0 |    0,85 |  0,0 |1592532422001 |[0.29690057, 0.3834343, 0.17630982, 0.5605874, 0.35341424, 0.8815422, 0.9851189, 0.20572287, 0.23995793, 0.5741757, 0.5156076, 0.5738177, 0.8733275, 0.28164232, 0.6884881] |
| 9 |   65 |0.26153848 | 5000 |      f5 |     375 |481.0694 |   477.0 |    0,85 |  0,0 |1592532422001 |[0.29690057, 0.3834343, 0.17630982, 0.5605874, 0.35341424, 0.8815422, 0.9851189, 0.20572287, 0.23995793, 0.5741757, 0.5156076, 0.5738177, 0.8733275, 0.28164232, 0.6884881] |
| 9 |   65 |0.30769232 | 5000 |      f5 |     375 |481.0694 |   477.0 |    0,85 |  0,0 |1592532422001 |[0.29690057, 0.3834343, 0.17630982, 0.5605874, 0.35341424, 0.8815422, 0.9851189, 0.20572287, 0.23995793, 0.5741757, 0.5156076, 0.5738177, 0.8733275, 0.28164232, 0.6884881] |
| 9 |   65 |0.26153848 | 5000 |      f5 |     375 |481.0694 |   477.0 |    0,85 |  0,0 |1592532422001 |[0.29690057, 0.3834343, 0.17630982, 0.5605874, 0.35341424, 0.8815422, 0.9851189, 0.20572287, 0.23995793, 0.5741757, 0.5156076, 0.5738177, 0.8733275, 0.28164232, 0.6884881] |
| 9 |   70 |0.33846155 | 5000 |      f5 |     375 |481.0694 |   477.0 |    0,85 |  0,0 |1592532422001 |[0.29690057, 0.3834343, 0.17630982, 0.5605874, 0.35341424, 0.8815422, 0.9851189, 0.20572287, 0.23995793, 0.5741757, 0.5156076, 0.5738177, 0.8733275, 0.28164232, 0.6884881] |
| 9 |   70 |0.3857143 | 5000 |      f5 |     375 |481.0694 |   477.0 |    0,85 |  0,0 |1592532422001 |[0.29690057, 0.3834343, 0.17630982, 0.5605874, 0.35341424, 0.8815422, 0.9851189, 0.20572287, 0.23995793, 0.5741757, 0.5156076, 0.5738177, 0.8733275, 0.28164232, 0.6884881] |
| 9 |   70 |0.32857144 | 5000 |      f5 |     375 |481.0694 |   477.0 |    0,85 |  0,0 |1592532422001 |[0.29690057, 0.3834343, 0.17630982, 0.5605874, 0.35341424, 0.8815422, 0.9851189, 0.20572287, 0.23995793, 0.5741757, 0.5156076, 0.5738177, 0.8733275, 0.28164232, 0.6884881] |
| 9 |   70 |0.31428573 | 5000 |      f5 |     375 |481.0694 |   477.0 |    0,85 |  0,0 |1592532422001 |[0.29690057, 0.3834343, 0.17630982, 0.5605874, 0.35341424, 0.8815422, 0.9851189, 0.20572287, 0.23995793, 0.5741757, 0.5156076, 0.5738177, 0.8733275, 0.28164232, 0.6884881] |
| 9 |   75 |0.2857143 | 5000 |      f5 |     375 |481.0694 |   477.0 |    0,85 |  0,0 |1592532422001 |[0.29690057, 0.3834343, 0.17630982, 0.5605874, 0.35341424, 0.8815422, 0.9851189, 0.20572287, 0.23995793, 0.5741757, 0.5156076, 0.5738177, 0.8733275, 0.28164232, 0.6884881] |
| 9 |   75 |0.29333332 | 5000 |      f5 |     375 |481.0694 |   477.0 |    0,85 |  0,0 |1592532422001 |[0.29690057, 0.3834343, 0.17630982, 0.5605874, 0.35341424, 0.8815422, 0.9851189, 0.20572287, 0.23995793, 0.5741757, 0.5156076, 0.5738177, 0.8733275, 0.28164232, 0.6884881] |
| 9 |   75 |0.29333332 | 5000 |      f5 |     375 |481.0694 |   477.0 |    0,85 |  2,2 |1592532422001 |[0.29690057, 0.3834343, 0.17630982, 0.5605874, 0.35341424, 0.8815422, 0.9851189, 0.20572287, 0.23995793, 0.5741757, 0.5156076, 0.5738177, 0.8733275, 0.28164232, 0.6884881] |
|10 |   50 |  0.25 | 5000 |      f5 |     375 |481.0694 |   477.0 |    0,85 |  0,0 |1592532424175 |[0.18106072, 0.10032802, 0.2614542, 0.5469573, 0.52803206, 0.027367616, 0.9415162, 0.15139352, 0.5813836, 0.81269765, 0.1956037, 0.7675749, 0.63717276, 0.81212246, 0.97794664] |
|10 |   50 |  0.36 | 5000 |      f5 |     375 |481.0694 |   477.0 |    0,85 |  0,0 |1592532424175 |[0.18106072, 0.10032802, 0.2614542, 0.5469573, 0.52803206, 0.027367616, 0.9415162, 0.15139352, 0.5813836, 0.81269765, 0.1956037, 0.7675749, 0.63717276, 0.81212246, 0.97794664] |
|10 |   50 |  0.34 | 5000 |      f5 |     375 |481.0694 |   477.0 |    0,85 |  0,0 |1592532424175 |[0.18106072, 0.10032802, 0.2614542, 0.5469573, 0.52803206, 0.027367616, 0.9415162, 0.15139352, 0.5813836, 0.81269765, 0.1956037, 0.7675749, 0.63717276, 0.81212246, 0.97794664] |
|10 |   55 |  0.32 | 5000 |      f5 |     375 |481.0694 |   477.0 |    0,85 |  0,0 |1592532424175 |[0.18106072, 0.10032802, 0.2614542, 0.5469573, 0.52803206, 0.027367616, 0.9415162, 0.15139352, 0.5813836, 0.81269765, 0.1956037, 0.7675749, 0.63717276, 0.81212246, 0.97794664] |
|10 |   55 |   0.4 | 5000 |      f5 |     375 |481.0694 |   477.0 |    0,85 |  0,0 |1592532424175 |[0.60063726, 0.04200852, 0.30964524, 0.75622684, 0.42326492, 0.67880946, 0.33149266, 0.31782812, 0.5536691, 0.8598054, 0.20810407, 0.4288692, 0.53230876, 0.13630241, 0.7619837] |
|10 |   55 |0.38181818 | 5000 |      f5 |     375 |481.0694 |   477.0 |    0,85 |  0,0 |1592532424175 |[0.60063726, 0.04200852, 0.30964524, 0.75622684, 0.42326492, 0.67880946, 0.33149266, 0.31782812, 0.5536691, 0.8598054, 0.20810407, 0.4288692, 0.53230876, 0.13630241, 0.7619837] |
|10 |   55 |0.27272728 | 5000 |      f5 |     375 |481.0694 |   477.0 |    0,85 |  0,0 |1592532424175 |[0.60063726, 0.04200852, 0.30964524, 0.75622684, 0.42326492, 0.67880946, 0.33149266, 0.31782812, 0.5536691, 0.8598054, 0.20810407, 0.4288692, 0.53230876, 0.13630241, 0.7619837] |
|10 |   60 |0.34545454 | 5000 |      f5 |     375 |481.0694 |   477.0 |    0,85 |  0,0 |1592532424175 |[0.60063726, 0.04200852, 0.30964524, 0.75622684, 0.42326492, 0.67880946, 0.33149266, 0.31782812, 0.5536691, 0.8598054, 0.20810407, 0.4288692, 0.53230876, 0.13630241, 0.7619837] |
|10 |   60 |  0.45 | 5000 |      f5 |     375 |481.0694 |   477.0 |    0,85 |  0,0 |1592532424175 |[0.60063726, 0.04200852, 0.30964524, 0.75622684, 0.42326492, 0.67880946, 0.33149266, 0.31782812, 0.5536691, 0.8598054, 0.20810407, 0.4288692, 0.53230876, 0.13630241, 0.7619837] |
|10 |   60 |0.33333334 | 5000 |      f5 |     375 |481.0694 |   477.0 |    0,85 |  0,0 |1592532424175 |[0.60063726, 0.04200852, 0.30964524, 0.75622684, 0.42326492, 0.67880946, 0.33149266, 0.31782812, 0.5536691, 0.8598054, 0.20810407, 0.4288692, 0.53230876, 0.13630241, 0.7619837] |
|10 |   60 |   0.3 | 5000 |      f5 |     375 |481.0694 |   477.0 |    0,85 |  0,0 |1592532424175 |[0.60063726, 0.04200852, 0.30964524, 0.75622684, 0.42326492, 0.67880946, 0.33149266, 0.31782812, 0.5536691, 0.8598054, 0.20810407, 0.4288692, 0.53230876, 0.13630241, 0.7619837] |
|10 |   65 |  0.25 | 5000 |      f5 |     375 |481.0694 |   477.0 |    0,85 |  0,0 |1592532424175 |[0.60063726, 0.04200852, 0.30964524, 0.75622684, 0.42326492, 0.67880946, 0.33149266, 0.31782812, 0.5536691, 0.8598054, 0.20810407, 0.4288692, 0.53230876, 0.13630241, 0.7619837] |
|10 |   65 |0.30769232 | 5000 |      f5 |     375 |481.0694 |   477.0 |    0,85 |  0,0 |1592532424175 |[0.60063726, 0.04200852, 0.30964524, 0.75622684, 0.42326492, 0.67880946, 0.33149266, 0.31782812, 0.5536691, 0.8598054, 0.20810407, 0.4288692, 0.53230876, 0.13630241, 0.7619837] |
|10 |   65 |0.36923078 | 5000 |      f5 |     375 |481.0694 |   477.0 |    0,85 |  0,0 |1592532424175 |[0.60063726, 0.04200852, 0.30964524, 0.75622684, 0.42326492, 0.67880946, 0.33149266, 0.31782812, 0.5536691, 0.8598054, 0.20810407, 0.4288692, 0.53230876, 0.13630241, 0.7619837] |
|10 |   65 |0.35384616 | 5000 |      f5 |     375 |481.0694 |   477.0 |    0,85 |  0,0 |1592532424175 |[0.60063726, 0.04200852, 0.30964524, 0.75622684, 0.42326492, 0.67880946, 0.33149266, 0.31782812, 0.5536691, 0.8598054, 0.20810407, 0.4288692, 0.53230876, 0.13630241, 0.7619837] |
|10 |   70 |0.41538462 | 5000 |      f5 |     375 |481.0694 |   477.0 |    0,85 |  0,0 |1592532424175 |[0.60063726, 0.04200852, 0.30964524, 0.75622684, 0.42326492, 0.67880946, 0.33149266, 0.31782812, 0.5536691, 0.8598054, 0.20810407, 0.4288692, 0.53230876, 0.13630241, 0.7619837] |
|10 |   70 |0.37142858 | 5000 |      f5 |     375 |481.0694 |   477.0 |    0,85 |  0,0 |1592532424175 |[0.60063726, 0.04200852, 0.30964524, 0.75622684, 0.42326492, 0.67880946, 0.33149266, 0.31782812, 0.5536691, 0.8598054, 0.20810407, 0.4288692, 0.53230876, 0.13630241, 0.7619837] |
|10 |   70 |0.34285715 | 5000 |      f5 |     375 |481.0694 |   477.0 |    0,85 |  0,0 |1592532424175 |[0.60063726, 0.04200852, 0.30964524, 0.75622684, 0.42326492, 0.67880946, 0.33149266, 0.31782812, 0.5536691, 0.8598054, 0.20810407, 0.4288692, 0.53230876, 0.13630241, 0.7619837] |
|10 |   70 |0.31428573 | 5000 |      f5 |     375 |481.0694 |   477.0 |    0,85 |  0,0 |1592532424175 |[0.60063726, 0.04200852, 0.30964524, 0.75622684, 0.42326492, 0.67880946, 0.33149266, 0.31782812, 0.5536691, 0.8598054, 0.20810407, 0.4288692, 0.53230876, 0.13630241, 0.7619837] |
|10 |   75 |  0.45 | 5000 |      f5 |     375 |481.0694 |   477.0 |    0,85 |  0,0 |1592532424175 |[0.60063726, 0.04200852, 0.30964524, 0.75622684, 0.42326492, 0.67880946, 0.33149266, 0.31782812, 0.5536691, 0.8598054, 0.20810407, 0.4288692, 0.53230876, 0.13630241, 0.7619837] |
|10 |   75 |   0.4 | 5000 |      f5 |     375 |481.0694 |   477.0 |    0,85 |  0,0 |1592532424175 |[0.60063726, 0.04200852, 0.30964524, 0.75622684, 0.42326492, 0.67880946, 0.33149266, 0.31782812, 0.5536691, 0.8598054, 0.20810407, 0.4288692, 0.53230876, 0.13630241, 0.7619837] |
|10 |   75 |   0.4 | 5000 |      f5 |     375 |481.0694 |   477.0 |    0,85 |  2,2 |1592532424175 |[0.60063726, 0.04200852, 0.30964524, 0.75622684, 0.42326492, 0.67880946, 0.33149266, 0.31782812, 0.5536691, 0.8598054, 0.20810407, 0.4288692, 0.53230876, 0.13630241, 0.7619837] |
|11 |   50 |  0.25 | 5000 |      f5 |     375 |481.0694 |   477.0 |    0,85 |-0,0060 |1592532426356 |[0.319503, 0.7004224, 0.8689681, 0.78017044, 0.6634183, 1.0, 1.0E-12, 1.0E-12, 1.0E-12, 0.847128, 0.47330028, 0.98181176, 0.5200753, 0.61018115, 0.43721676] |
|11 |   50 |  0.32 | 5000 |      f5 |     375 |481.0694 |   477.0 |    0,85 |-0,0060 |1592532426356 |[1.0, 0.0023422507, 0.08262455, 0.03478779, 4.9380923E-4, 0.1957247, 0.42963088, 0.8909394, 0.25160477, 0.12503222, 0.29793546, 0.73585063, 0.9013134, 0.7842511, 0.95207417] |
|11 |   50 |   0.3 | 5000 |      f5 |     375 |481.0694 |   477.0 |    0,85 |-0,0060 |1592532426356 |[1.0, 0.0023422507, 0.08262455, 0.03478779, 4.9380923E-4, 0.1957247, 0.42963088, 0.8909394, 0.25160477, 0.12503222, 0.29793546, 0.73585063, 0.9013134, 0.7842511, 0.95207417] |
|11 |   55 |  0.38 | 5000 |      f5 |     375 |481.0694 |   477.0 |    0,85 |-0,0060 |1592532426356 |[1.0, 0.0023422507, 0.08262455, 0.03478779, 4.9380923E-4, 0.1957247, 0.42963088, 0.8909394, 0.25160477, 0.12503222, 0.29793546, 0.73585063, 0.9013134, 0.7842511, 0.95207417] |
|11 |   55 |  0.45 | 5000 |      f5 |     375 |481.0694 |   477.0 |    0,85 |-0,0060 |1592532426356 |[1.0, 0.0023422507, 0.08262455, 0.03478779, 4.9380923E-4, 0.1957247, 0.42963088, 0.8909394, 0.25160477, 0.12503222, 0.29793546, 0.73585063, 0.9013134, 0.7842511, 0.95207417] |
|11 |   55 |  0.45 | 5000 |      f5 |     375 |481.0694 |   477.0 |    0,85 |-0,0060 |1592532426356 |[1.0, 0.0023422507, 0.08262455, 0.03478779, 4.9380923E-4, 0.1957247, 0.42963088, 0.8909394, 0.25160477, 0.12503222, 0.29793546, 0.73585063, 0.9013134, 0.7842511, 0.95207417] |
|11 |   55 |0.36363637 | 5000 |      f5 |     375 |481.0694 |   477.0 |    0,85 |-0,0060 |1592532426356 |[0.45045, 0.19359255, 0.4484673, 0.7696689, 0.92395115, 0.59858453, 0.78189343, 0.0688476, 0.9211236, 0.6766093, 0.34495783, 0.4203505, 0.24742705, 0.19777977, 0.4824866] |
|11 |   60 |0.38181818 | 5000 |      f5 |     375 |481.0694 |   477.0 |    0,85 |-0,0060 |1592532426356 |[0.18667084, 0.51600647, 0.02042383, 0.6779151, 0.7526474, 0.15236795, 0.28993458, 0.23049933, 0.053536713, 0.19353282, 0.19052655, 0.12727958, 0.94315964, 0.24941212, 0.1457501] |
|11 |   60 |0.43333334 | 5000 |      f5 |     375 |481.0694 |   477.0 |    0,85 |-0,0060 |1592532426356 |[0.18667084, 0.51600647, 0.02042383, 0.6779151, 0.7526474, 0.15236795, 0.28993458, 0.23049933, 0.053536713, 0.19353282, 0.19052655, 0.12727958, 0.94315964, 0.24941212, 0.1457501] |
|11 |   60 |0.43333334 | 5000 |      f5 |     375 |481.0694 |   477.0 |    0,85 |-0,0060 |1592532426356 |[0.18667084, 0.51600647, 0.02042383, 0.6779151, 0.7526474, 0.15236795, 0.28993458, 0.23049933, 0.053536713, 0.19353282, 0.19052655, 0.12727958, 0.94315964, 0.24941212, 0.1457501] |
|11 |   60 |0.41666666 | 5000 |      f5 |     375 |481.0694 |   477.0 |    0,85 |-0,0060 |1592532426356 |[0.18667084, 0.51600647, 0.02042383, 0.6779151, 0.7526474, 0.15236795, 0.28993458, 0.23049933, 0.053536713, 0.19353282, 0.19052655, 0.12727958, 0.94315964, 0.24941212, 0.1457501] |
|11 |   65 |0.38333333 | 5000 |      f5 |     375 |481.0694 |   477.0 |    0,85 |-0,0060 |1592532426356 |[0.18667084, 0.51600647, 0.02042383, 0.6779151, 0.7526474, 0.15236795, 0.28993458, 0.23049933, 0.053536713, 0.19353282, 0.19052655, 0.12727958, 0.94315964, 0.24941212, 0.1457501] |
|11 |   65 |  0.45 | 5000 |      f5 |     375 |481.0694 |   477.0 |    0,85 |-0,0060 |1592532426356 |[0.18667084, 0.51600647, 0.02042383, 0.6779151, 0.7526474, 0.15236795, 0.28993458, 0.23049933, 0.053536713, 0.19353282, 0.19052655, 0.12727958, 0.94315964, 0.24941212, 0.1457501] |
|11 |   65 |  0.45 | 5000 |      f5 |     375 |481.0694 |   477.0 |    0,85 |-0,0060 |1592532426356 |[0.18667084, 0.51600647, 0.02042383, 0.6779151, 0.7526474, 0.15236795, 0.28993458, 0.23049933, 0.053536713, 0.19353282, 0.19052655, 0.12727958, 0.94315964, 0.24941212, 0.1457501] |
|11 |   65 |0.44615385 | 5000 |      f5 |     375 |481.0694 |   477.0 |    0,85 |-0,0060 |1592532426356 |[0.18667084, 0.51600647, 0.02042383, 0.6779151, 0.7526474, 0.15236795, 0.28993458, 0.23049933, 0.053536713, 0.19353282, 0.19052655, 0.12727958, 0.94315964, 0.24941212, 0.1457501] |
|11 |   70 |0.44615385 | 5000 |      f5 |     375 |481.0694 |   477.0 |    0,85 |-0,0060 |1592532426356 |[0.18667084, 0.51600647, 0.02042383, 0.6779151, 0.7526474, 0.15236795, 0.28993458, 0.23049933, 0.053536713, 0.19353282, 0.19052655, 0.12727958, 0.94315964, 0.24941212, 0.1457501] |
|11 |   70 |  0.45 | 5000 |      f5 |     375 |481.0694 |   477.0 |    0,85 |-0,0060 |1592532426356 |[0.18667084, 0.51600647, 0.02042383, 0.6779151, 0.7526474, 0.15236795, 0.28993458, 0.23049933, 0.053536713, 0.19353282, 0.19052655, 0.12727958, 0.94315964, 0.24941212, 0.1457501] |
|11 |   70 |   0.4 | 5000 |      f5 |     375 |481.0694 |   477.0 |    0,85 |-0,0060 |1592532426356 |[0.18667084, 0.51600647, 0.02042383, 0.6779151, 0.7526474, 0.15236795, 0.28993458, 0.23049933, 0.053536713, 0.19353282, 0.19052655, 0.12727958, 0.94315964, 0.24941212, 0.1457501] |
|11 |   70 |0.37142858 | 5000 |      f5 |     375 |481.0694 |   477.0 |    0,85 |-0,0060 |1592532426356 |[0.18667084, 0.51600647, 0.02042383, 0.6779151, 0.7526474, 0.15236795, 0.28993458, 0.23049933, 0.053536713, 0.19353282, 0.19052655, 0.12727958, 0.94315964, 0.24941212, 0.1457501] |
|11 |   75 |0.34285715 | 5000 |      f5 |     375 |481.0694 |   477.0 |    0,85 |-0,0060 |1592532426356 |[0.18667084, 0.51600647, 0.02042383, 0.6779151, 0.7526474, 0.15236795, 0.28993458, 0.23049933, 0.053536713, 0.19353282, 0.19052655, 0.12727958, 0.94315964, 0.24941212, 0.1457501] |
|11 |   75 |0.37333333 | 5000 |      f5 |     375 |481.0694 |   477.0 |    0,85 |-0,0060 |1592532426356 |[0.18667084, 0.51600647, 0.02042383, 0.6779151, 0.7526474, 0.15236795, 0.28993458, 0.23049933, 0.053536713, 0.19353282, 0.19052655, 0.12727958, 0.94315964, 0.24941212, 0.1457501] |
|11 |   75 |0.37333333 | 5000 |      f5 |     375 |481.0694 |   477.0 |    0,85 |  2,2 |1592532426356 |[0.18667084, 0.51600647, 0.02042383, 0.6779151, 0.7526474, 0.15236795, 0.28993458, 0.23049933, 0.053536713, 0.19353282, 0.19052655, 0.12727958, 0.94315964, 0.24941212, 0.1457501] |
|12 |   50 |  0.25 | 5000 |      f5 |     375 |481.0694 |   477.0 |    0,85 |-0,0060 |1592532428525 |[0.65015155, 0.42377406, 0.71762013, 0.24217111, 0.51686084, 0.8939737, 0.4096619, 0.27836186, 0.6859516, 0.77178735, 0.38227773, 0.7043932, 0.18382502, 0.7350755, 0.83959836] |
|12 |   50 |  0.36 | 5000 |      f5 |     375 |481.0694 |   477.0 |    0,85 |-0,0060 |1592532428525 |[0.6455217, 0.24637473, 0.2929616, 0.20441717, 0.6891046, 0.04545194, 0.816998, 0.79484975, 0.5861101, 0.1187948, 0.7755223, 0.5186796, 0.4757626, 0.31172574, 0.8379567] |
|12 |   50 |   0.4 | 5000 |      f5 |     375 |481.0694 |   477.0 |    0,85 |-0,0060 |1592532428525 |[0.6455217, 0.24637473, 0.2929616, 0.20441717, 0.6891046, 0.04545194, 0.816998, 0.79484975, 0.5861101, 0.1187948, 0.7755223, 0.5186796, 0.4757626, 0.31172574, 0.8379567] |
|12 |   55 |  0.28 | 5000 |      f5 |     375 |481.0694 |   477.0 |    0,85 |-0,0060 |1592532428525 |[0.6455217, 0.24637473, 0.2929616, 0.20441717, 0.6891046, 0.04545194, 0.816998, 0.79484975, 0.5861101, 0.1187948, 0.7755223, 0.5186796, 0.4757626, 0.31172574, 0.8379567] |
|12 |   55 |0.43636364 | 5000 |      f5 |     375 |481.0694 |   477.0 |    0,85 |-0,0060 |1592532428525 |[0.6455217, 0.24637473, 0.2929616, 0.20441717, 0.6891046, 0.04545194, 0.816998, 0.79484975, 0.5861101, 0.1187948, 0.7755223, 0.5186796, 0.4757626, 0.31172574, 0.8379567] |
|12 |   55 |0.36363637 | 5000 |      f5 |     375 |481.0694 |   477.0 |    0,85 |-0,0060 |1592532428525 |[0.6455217, 0.24637473, 0.2929616, 0.20441717, 0.6891046, 0.04545194, 0.816998, 0.79484975, 0.5861101, 0.1187948, 0.7755223, 0.5186796, 0.4757626, 0.31172574, 0.8379567] |
|12 |   55 |0.3272727 | 5000 |      f5 |     375 |481.0694 |   477.0 |    0,85 |-0,0060 |1592532428525 |[0.6455217, 0.24637473, 0.2929616, 0.20441717, 0.6891046, 0.04545194, 0.816998, 0.79484975, 0.5861101, 0.1187948, 0.7755223, 0.5186796, 0.4757626, 0.31172574, 0.8379567] |
|12 |   60 |0.3090909 | 5000 |      f5 |     375 |481.0694 |   477.0 |    0,85 |-0,0060 |1592532428525 |[0.6455217, 0.24637473, 0.2929616, 0.20441717, 0.6891046, 0.04545194, 0.816998, 0.79484975, 0.5861101, 0.1187948, 0.7755223, 0.5186796, 0.4757626, 0.31172574, 0.8379567] |
|12 |   60 |   0.4 | 5000 |      f5 |     375 |481.0694 |   477.0 |    0,85 |-0,0060 |1592532428525 |[0.6455217, 0.24637473, 0.2929616, 0.20441717, 0.6891046, 0.04545194, 0.816998, 0.79484975, 0.5861101, 0.1187948, 0.7755223, 0.5186796, 0.4757626, 0.31172574, 0.8379567] |
|12 |   60 |  0.25 | 5000 |      f5 |     375 |481.0694 |   477.0 |    0,85 |-0,0060 |1592532428525 |[0.6455217, 0.24637473, 0.2929616, 0.20441717, 0.6891046, 0.04545194, 0.816998, 0.79484975, 0.5861101, 0.1187948, 0.7755223, 0.5186796, 0.4757626, 0.31172574, 0.8379567] |
|12 |   60 |0.36666667 | 5000 |      f5 |     375 |481.0694 |   477.0 |    0,85 |-0,0060 |1592532428525 |[0.6455217, 0.24637473, 0.2929616, 0.20441717, 0.6891046, 0.04545194, 0.816998, 0.79484975, 0.5861101, 0.1187948, 0.7755223, 0.5186796, 0.4757626, 0.31172574, 0.8379567] |
|12 |   65 |   0.4 | 5000 |      f5 |     375 |481.0694 |   477.0 |    0,85 |-0,0060 |1592532428525 |[0.6455217, 0.24637473, 0.2929616, 0.20441717, 0.6891046, 0.04545194, 0.816998, 0.79484975, 0.5861101, 0.1187948, 0.7755223, 0.5186796, 0.4757626, 0.31172574, 0.8379567] |
|12 |   65 |  0.45 | 5000 |      f5 |     375 |481.0694 |   477.0 |    0,85 |-0,0060 |1592532428525 |[0.6455217, 0.24637473, 0.2929616, 0.20441717, 0.6891046, 0.04545194, 0.816998, 0.79484975, 0.5861101, 0.1187948, 0.7755223, 0.5186796, 0.4757626, 0.31172574, 0.8379567] |
|12 |   65 |0.33846155 | 5000 |      f5 |     375 |481.0694 |   477.0 |    0,85 |-0,0060 |1592532428525 |[0.6455217, 0.24637473, 0.2929616, 0.20441717, 0.6891046, 0.04545194, 0.816998, 0.79484975, 0.5861101, 0.1187948, 0.7755223, 0.5186796, 0.4757626, 0.31172574, 0.8379567] |
|12 |   65 |0.2923077 | 5000 |      f5 |     375 |481.0694 |   477.0 |    0,85 |-0,0060 |1592532428525 |[0.6455217, 0.24637473, 0.2929616, 0.20441717, 0.6891046, 0.04545194, 0.816998, 0.79484975, 0.5861101, 0.1187948, 0.7755223, 0.5186796, 0.4757626, 0.31172574, 0.8379567] |
|12 |   70 |0.35384616 | 5000 |      f5 |     375 |481.0694 |   477.0 |    0,85 |-0,0060 |1592532428525 |[0.6455217, 0.24637473, 0.2929616, 0.20441717, 0.6891046, 0.04545194, 0.816998, 0.79484975, 0.5861101, 0.1187948, 0.7755223, 0.5186796, 0.4757626, 0.31172574, 0.8379567] |
|12 |   70 |0.42857143 | 5000 |      f5 |     375 |481.0694 |   477.0 |    0,85 |-0,0060 |1592532428525 |[0.6455217, 0.24637473, 0.2929616, 0.20441717, 0.6891046, 0.04545194, 0.816998, 0.79484975, 0.5861101, 0.1187948, 0.7755223, 0.5186796, 0.4757626, 0.31172574, 0.8379567] |
|12 |   70 |0.41428572 | 5000 |      f5 |     375 |481.0694 |   477.0 |    0,85 |-0,0060 |1592532428525 |[0.6455217, 0.24637473, 0.2929616, 0.20441717, 0.6891046, 0.04545194, 0.816998, 0.79484975, 0.5861101, 0.1187948, 0.7755223, 0.5186796, 0.4757626, 0.31172574, 0.8379567] |
|12 |   70 |   0.4 | 5000 |      f5 |     375 |481.0694 |   477.0 |    0,85 |-0,0060 |1592532428525 |[0.6455217, 0.24637473, 0.2929616, 0.20441717, 0.6891046, 0.04545194, 0.816998, 0.79484975, 0.5861101, 0.1187948, 0.7755223, 0.5186796, 0.4757626, 0.31172574, 0.8379567] |
|12 |   75 |0.41428572 | 5000 |      f5 |     375 |481.0694 |   477.0 |    0,85 |-0,0060 |1592532428525 |[0.6455217, 0.24637473, 0.2929616, 0.20441717, 0.6891046, 0.04545194, 0.816998, 0.79484975, 0.5861101, 0.1187948, 0.7755223, 0.5186796, 0.4757626, 0.31172574, 0.8379567] |
|12 |   75 |0.41333333 | 5000 |      f5 |     375 |481.0694 |   477.0 |    0,85 |-0,0060 |1592532428525 |[0.6455217, 0.24637473, 0.2929616, 0.20441717, 0.6891046, 0.04545194, 0.816998, 0.79484975, 0.5861101, 0.1187948, 0.7755223, 0.5186796, 0.4757626, 0.31172574, 0.8379567] |
|12 |   75 |0.41333333 | 5000 |      f5 |     375 |481.0694 |   477.0 |    0,85 |  2,2 |1592532428525 |[0.6455217, 0.24637473, 0.2929616, 0.20441717, 0.6891046, 0.04545194, 0.816998, 0.79484975, 0.5861101, 0.1187948, 0.7755223, 0.5186796, 0.4757626, 0.31172574, 0.8379567] |
|13 |   50 |  0.25 | 5000 |      f5 |     375 |481.0694 |   477.0 |    0,85 |-0,0060 |1592532430700 |[0.7774382, 0.8963496, 0.37782636, 0.9991793, 0.95951843, 0.12491909, 0.11012161, 0.7466687, 0.6525666, 0.3496219, 0.68120414, 0.83479077, 0.7198764, 0.97698814, 0.18266675] |
|13 |   50 |   0.3 | 5000 |      f5 |     375 |481.0694 |   477.0 |    0,85 |-0,0060 |1592532430700 |[0.7774382, 0.8963496, 0.37782636, 0.9991793, 0.95951843, 0.12491909, 0.11012161, 0.7466687, 0.6525666, 0.3496219, 0.68120414, 0.83479077, 0.7198764, 0.97698814, 0.18266675] |
|13 |   50 |  0.42 | 5000 |      f5 |     375 |481.0694 |   477.0 |    0,85 |-0,0060 |1592532430700 |[0.7774382, 0.8963496, 0.37782636, 0.9991793, 0.95951843, 0.12491909, 0.11012161, 0.7466687, 0.6525666, 0.3496219, 0.68120414, 0.83479077, 0.7198764, 0.97698814, 0.18266675] |
|13 |   55 |  0.34 | 5000 |      f5 |     375 |481.0694 |   477.0 |    0,85 |-0,0060 |1592532430700 |[0.6567945, 0.7251752, 0.71429956, 0.5621431, 0.22886235, 0.5660114, 0.45730543, 0.17641181, 0.3004378, 0.9737758, 0.6613561, 0.0556252, 0.7661414, 0.6148471, 0.47876066] |
|13 |   55 |  0.45 | 5000 |      f5 |     375 |481.0694 |   477.0 |    0,85 |-0,0060 |1592532430700 |[0.6567945, 0.7251752, 0.71429956, 0.5621431, 0.22886235, 0.5660114, 0.45730543, 0.17641181, 0.3004378, 0.9737758, 0.6613561, 0.0556252, 0.7661414, 0.6148471, 0.47876066] |
|13 |   55 |  0.45 | 5000 |      f5 |     375 |481.0694 |   477.0 |    0,85 |-0,0060 |1592532430700 |[0.6567945, 0.7251752, 0.71429956, 0.5621431, 0.22886235, 0.5660114, 0.45730543, 0.17641181, 0.3004378, 0.9737758, 0.6613561, 0.0556252, 0.7661414, 0.6148471, 0.47876066] |
|13 |   55 |0.29090908 | 5000 |      f5 |     375 |481.0694 |   477.0 |    0,85 |-0,0060 |1592532430700 |[0.6567945, 0.7251752, 0.71429956, 0.5621431, 0.22886235, 0.5660114, 0.45730543, 0.17641181, 0.3004378, 0.9737758, 0.6613561, 0.0556252, 0.7661414, 0.6148471, 0.47876066] |
|13 |   60 |   0.4 | 5000 |      f5 |     375 |481.0694 |   477.0 |    0,85 |-0,0060 |1592532430700 |[0.6567945, 0.7251752, 0.71429956, 0.5621431, 0.22886235, 0.5660114, 0.45730543, 0.17641181, 0.3004378, 0.9737758, 0.6613561, 0.0556252, 0.7661414, 0.6148471, 0.47876066] |
|13 |   60 |0.41666666 | 5000 |      f5 |     375 |481.0694 |   477.0 |    0,85 |-0,0060 |1592532430700 |[0.6567945, 0.7251752, 0.71429956, 0.5621431, 0.22886235, 0.5660114, 0.45730543, 0.17641181, 0.3004378, 0.9737758, 0.6613561, 0.0556252, 0.7661414, 0.6148471, 0.47876066] |
|13 |   60 |  0.45 | 5000 |      f5 |     375 |481.0694 |   477.0 |    0,85 |-0,0060 |1592532430700 |[0.6567945, 0.7251752, 0.71429956, 0.5621431, 0.22886235, 0.5660114, 0.45730543, 0.17641181, 0.3004378, 0.9737758, 0.6613561, 0.0556252, 0.7661414, 0.6148471, 0.47876066] |
|13 |   60 |0.36666667 | 5000 |      f5 |     375 |481.0694 |   477.0 |    0,85 |-0,0060 |1592532430700 |[0.6567945, 0.7251752, 0.71429956, 0.5621431, 0.22886235, 0.5660114, 0.45730543, 0.17641181, 0.3004378, 0.9737758, 0.6613561, 0.0556252, 0.7661414, 0.6148471, 0.47876066] |
|13 |   65 |   0.4 | 5000 |      f5 |     375 |481.0694 |   477.0 |    0,85 |-0,0060 |1592532430700 |[0.6567945, 0.7251752, 0.71429956, 0.5621431, 0.22886235, 0.5660114, 0.45730543, 0.17641181, 0.3004378, 0.9737758, 0.6613561, 0.0556252, 0.7661414, 0.6148471, 0.47876066] |
|13 |   65 |0.32307693 | 5000 |      f5 |     375 |481.0694 |   477.0 |    0,85 |-0,0060 |1592532430700 |[0.6567945, 0.7251752, 0.71429956, 0.5621431, 0.22886235, 0.5660114, 0.45730543, 0.17641181, 0.3004378, 0.9737758, 0.6613561, 0.0556252, 0.7661414, 0.6148471, 0.47876066] |
|13 |   65 |0.32307693 | 5000 |      f5 |     375 |481.0694 |   477.0 |    0,85 |-0,0060 |1592532430700 |[0.6567945, 0.7251752, 0.71429956, 0.5621431, 0.22886235, 0.5660114, 0.45730543, 0.17641181, 0.3004378, 0.9737758, 0.6613561, 0.0556252, 0.7661414, 0.6148471, 0.47876066] |
|13 |   65 |0.43076923 | 5000 |      f5 |     375 |481.0694 |   477.0 |    0,85 |-0,0060 |1592532430700 |[0.6567945, 0.7251752, 0.71429956, 0.5621431, 0.22886235, 0.5660114, 0.45730543, 0.17641181, 0.3004378, 0.9737758, 0.6613561, 0.0556252, 0.7661414, 0.6148471, 0.47876066] |
|13 |   70 |0.3846154 | 5000 |      f5 |     375 |481.0694 |   477.0 |    0,85 |-0,0060 |1592532430700 |[0.6567945, 0.7251752, 0.71429956, 0.5621431, 0.22886235, 0.5660114, 0.45730543, 0.17641181, 0.3004378, 0.9737758, 0.6613561, 0.0556252, 0.7661414, 0.6148471, 0.47876066] |
|13 |   70 |  0.45 | 5000 |      f5 |     375 |481.0694 |   477.0 |    0,85 |-0,0060 |1592532430700 |[0.6567945, 0.7251752, 0.71429956, 0.5621431, 0.22886235, 0.5660114, 0.45730543, 0.17641181, 0.3004378, 0.9737758, 0.6613561, 0.0556252, 0.7661414, 0.6148471, 0.47876066] |
|13 |   70 |0.34285715 | 5000 |      f5 |     375 |481.0694 |   477.0 |    0,85 |-0,0060 |1592532430700 |[0.6567945, 0.7251752, 0.71429956, 0.5621431, 0.22886235, 0.5660114, 0.45730543, 0.17641181, 0.3004378, 0.9737758, 0.6613561, 0.0556252, 0.7661414, 0.6148471, 0.47876066] |
|13 |   70 |0.37142858 | 5000 |      f5 |     375 |481.0694 |   477.0 |    0,85 |-0,0060 |1592532430700 |[0.6567945, 0.7251752, 0.71429956, 0.5621431, 0.22886235, 0.5660114, 0.45730543, 0.17641181, 0.3004378, 0.9737758, 0.6613561, 0.0556252, 0.7661414, 0.6148471, 0.47876066] |
|13 |   75 |0.41428572 | 5000 |      f5 |     375 |481.0694 |   477.0 |    0,85 |-0,0060 |1592532430700 |[0.6567945, 0.7251752, 0.71429956, 0.5621431, 0.22886235, 0.5660114, 0.45730543, 0.17641181, 0.3004378, 0.9737758, 0.6613561, 0.0556252, 0.7661414, 0.6148471, 0.47876066] |
