|Instancia |Ejecucion |Iteracion |Iter Max |Nidos |   %Pa |tipoDiscretizacion |tipoBinarizacion | CapMoch |   Optmo |OptimoObtenido |     RDP | time |      semilla |VectorSolucionReal |VectorSolucionBinario |
-------------------------------------------------------------------------------------------------
| Hf2_100 | 1 |       1 |    5000 |   25 |  0.25 |standard | sshape3 |     995 |  1514.0 |   865.0 |   42,87 |-1,6e+09 |1593227115238 |   [0.87407595] |          [1.0] |
| Hf2_100 | 1 |     500 |    5000 |   25 |  0.24 |standard | sshape3 |     995 |  1514.0 |   865.0 |   42,87 |-1,6e+09 |1593227115238 |   [0.87407595] |          [1.0] |
| Hf2_100 | 1 |    1000 |    5000 |   25 |  0.24 |standard | sshape3 |     995 |  1514.0 |   865.0 |   42,87 |-1,6e+09 |1593227115238 |   [0.87407595] |          [1.0] |
| Hf2_100 | 1 |    1500 |    5000 |   30 |   0.4 |standard | sshape3 |     995 |  1514.0 |   865.0 |   42,87 |-1,6e+09 |1593227115238 |   [0.87407595] |          [0.0] |
| Hf2_100 | 1 |    2000 |    5000 |   30 |  0.45 |standard | sshape3 |     995 |  1514.0 |   865.0 |   42,87 |-1,6e+09 |1593227115238 |   [0.87407595] |          [1.0] |
| Hf2_100 | 1 |    2500 |    5000 |   30 |   0.4 |standard | sshape3 |     995 |  1514.0 |   865.0 |   42,87 |-1,6e+09 |1593227115238 |   [0.87407595] |          [1.0] |
| Hf2_100 | 1 |    3000 |    5000 |   30 |0.36666667 |standard | sshape3 |     995 |  1514.0 |   865.0 |   42,87 |-1,6e+09 |1593227115238 |   [0.32923394] |          [1.0] |
| Hf2_100 | 1 |    3500 |    5000 |   35 |0.33333334 |standard | sshape3 |     995 |  1514.0 |   865.0 |   42,87 |-1,6e+09 |1593227115238 |   [0.32923394] |          [0.0] |
| Hf2_100 | 1 |    4000 |    5000 |   35 |0.2857143 |standard | sshape3 |     995 |  1514.0 |   865.0 |   42,87 |-1,6e+09 |1593227115238 |   [0.32923394] |          [1.0] |
| Hf2_100 | 1 |    4500 |    5000 |   35 |0.42857143 |standard | sshape3 |     995 |  1514.0 |   865.0 |   42,87 |-1,6e+09 |1593227115238 |   [0.32923394] |          [1.0] |
| Hf2_100 | 1 |    5000 |    5000 |   35 |  0.45 |standard | sshape3 |     995 |  1514.0 |   865.0 |   42,87 |-1,6e+09 |1593227115238 |   [0.32923394] |          [1.0] |
| Hf2_100 | 1 |    5001 |    5000 |   35 |  0.45 |standard | sshape3 |     995 |  1514.0 |   865.0 |   42,87 | 0,21 |1593227115238 |   [0.32923394] |          [1.0] |
| Hf2_100 | 2 |       1 |    5000 |   25 |  0.25 |standard | sshape3 |     995 |  1514.0 |   865.0 |   42,87 |-0,0020 |1593227115449 |   [0.18297482] |          [1.0] |
| Hf2_100 | 2 |     500 |    5000 |   30 |  0.44 |standard | sshape3 |     995 |  1514.0 |   865.0 |   42,87 |-0,0020 |1593227115449 |   [0.18297482] |          [0.0] |
| Hf2_100 | 2 |    1000 |    5000 |   30 |   0.4 |standard | sshape3 |     995 |  1514.0 |   865.0 |   42,87 |-0,0020 |1593227115449 |   [0.18297482] |          [1.0] |
| Hf2_100 | 2 |    1500 |    5000 |   30 |   0.4 |standard | sshape3 |     995 |  1514.0 |   865.0 |   42,87 |-0,0020 |1593227115449 |   [0.18297482] |          [1.0] |
| Hf2_100 | 2 |    2000 |    5000 |   30 |0.36666667 |standard | sshape3 |     995 |  1514.0 |   865.0 |   42,87 |-0,0020 |1593227115449 |   [0.18297482] |          [1.0] |
| Hf2_100 | 2 |    2500 |    5000 |   35 |0.33333334 |standard | sshape3 |     995 |  1514.0 |   865.0 |   42,87 |-0,0020 |1593227115449 |   [0.18297482] |          [0.0] |
| Hf2_100 | 2 |    3000 |    5000 |   35 |0.37142858 |standard | sshape3 |     995 |  1514.0 |   865.0 |   42,87 |-0,0020 |1593227115449 |    [0.9361484] |          [1.0] |
| Hf2_100 | 2 |    3500 |    5000 |   35 |0.34285715 |standard | sshape3 |     995 |  1514.0 |   865.0 |   42,87 |-0,0020 |1593227115449 |    [0.9361484] |          [1.0] |
| Hf2_100 | 2 |    4000 |    5000 |   35 |0.2857143 |standard | sshape3 |     995 |  1514.0 |   865.0 |   42,87 |-0,0020 |1593227115449 |    [0.9361484] |          [1.0] |
| Hf2_100 | 2 |    4500 |    5000 |   40 |0.37142858 |standard | sshape3 |     995 |  1514.0 |   865.0 |   42,87 |-0,0020 |1593227115449 |    [0.9361484] |          [0.0] |
| Hf2_100 | 2 |    5000 |    5000 |   40 |   0.4 |standard | sshape3 |     995 |  1514.0 |   865.0 |   42,87 |-0,0020 |1593227115449 |    [0.9361484] |          [1.0] |
| Hf2_100 | 2 |    5001 |    5000 |   40 |   0.4 |standard | sshape3 |     995 |  1514.0 |   865.0 |   42,87 | 0,14 |1593227115449 |    [0.9361484] |          [1.0] |
| Hf2_100 | 3 |       1 |    5000 |   25 |  0.25 |standard | sshape3 |     995 |  1514.0 |   865.0 |   42,87 |  0,0 |1593227115589 |   [0.72083986] |          [1.0] |
| Hf2_100 | 3 |     500 |    5000 |   25 |  0.36 |standard | sshape3 |     995 |  1514.0 |   865.0 |   42,87 |  0,0 |1593227115589 |   [0.72083986] |          [1.0] |
| Hf2_100 | 3 |    1000 |    5000 |   25 |  0.44 |standard | sshape3 |     995 |  1514.0 |   865.0 |   42,87 |  0,0 |1593227115589 |   [0.72083986] |          [1.0] |
| Hf2_100 | 3 |    1500 |    5000 |   30 |   0.4 |standard | sshape3 |     995 |  1514.0 |   865.0 |   42,87 |  0,0 |1593227115589 |   [0.72083986] |          [0.0] |
| Hf2_100 | 3 |    2000 |    5000 |   30 |0.43333334 |standard | sshape3 |     995 |  1514.0 |   865.0 |   42,87 |  0,0 |1593227115589 |   [0.72083986] |          [1.0] |
| Hf2_100 | 3 |    2500 |    5000 |   30 |0.23333333 |standard | sshape3 |     995 |  1514.0 |   865.0 |   42,87 |  0,0 |1593227115589 |   [0.72083986] |          [1.0] |
| Hf2_100 | 3 |    3000 |    5000 |   30 |0.33333334 |standard | sshape3 |     995 |  1514.0 |   865.0 |   42,87 |  0,0 |1593227115589 |   [0.72083986] |          [1.0] |
| Hf2_100 | 3 |    3500 |    5000 |   35 |0.23333333 |standard | sshape3 |     995 |  1514.0 |   865.0 |   42,87 |  0,0 |1593227115589 |   [0.72083986] |          [0.0] |
| Hf2_100 | 3 |    4000 |    5000 |   35 |0.42857143 |standard | sshape3 |     995 |  1514.0 |   865.0 |   42,87 |  0,0 |1593227115589 |   [0.72083986] |          [1.0] |
| Hf2_100 | 3 |    4500 |    5000 |   35 |0.25714287 |standard | sshape3 |     995 |  1514.0 |   865.0 |   42,87 |  0,0 |1593227115589 |  [0.036279082] |          [1.0] |
| Hf2_100 | 3 |    5000 |    5000 |   35 |0.31428573 |standard | sshape3 |     995 |  1514.0 |   865.0 |   42,87 |  0,0 |1593227115589 |  [0.036279082] |          [1.0] |
| Hf2_100 | 3 |    5001 |    5000 |   35 |0.31428573 |standard | sshape3 |     995 |  1514.0 |   865.0 |   42,87 | 0,12 |1593227115589 |  [0.036279082] |          [1.0] |
| Hf2_100 | 4 |       1 |    5000 |   25 |  0.25 |standard | sshape3 |     995 |  1514.0 |   865.0 |   42,87 |  0,0 |1593227115707 |   [0.38075906] |          [1.0] |
| Hf2_100 | 4 |     500 |    5000 |   30 |  0.28 |standard | sshape3 |     995 |  1514.0 |   865.0 |   42,87 |  0,0 |1593227115707 |   [0.38075906] |          [0.0] |
| Hf2_100 | 4 |    1000 |    5000 |   30 |0.43333334 |standard | sshape3 |     995 |  1514.0 |   865.0 |   42,87 |  0,0 |1593227115707 |   [0.38075906] |          [1.0] |
| Hf2_100 | 4 |    1500 |    5000 |   30 |0.33333334 |standard | sshape3 |     995 |  1514.0 |   865.0 |   42,87 |  0,0 |1593227115707 |   [0.38075906] |          [1.0] |
| Hf2_100 | 4 |    2000 |    5000 |   30 |   0.3 |standard | sshape3 |     995 |  1514.0 |   865.0 |   42,87 |  0,0 |1593227115707 |   [0.38075906] |          [1.0] |
| Hf2_100 | 4 |    2500 |    5000 |   35 |   0.3 |standard | sshape3 |     995 |  1514.0 |   865.0 |   42,87 |  0,0 |1593227115707 |   [0.38075906] |          [0.0] |
| Hf2_100 | 4 |    3000 |    5000 |   35 |  0.45 |standard | sshape3 |     995 |  1514.0 |   865.0 |   42,87 |  0,0 |1593227115707 |   [0.38075906] |          [1.0] |
| Hf2_100 | 4 |    3500 |    5000 |   35 |0.2857143 |standard | sshape3 |     995 |  1514.0 |   865.0 |   42,87 |  0,0 |1593227115707 |   [0.38075906] |          [1.0] |
| Hf2_100 | 4 |    4000 |    5000 |   35 |   0.4 |standard | sshape3 |     995 |  1514.0 |   865.0 |   42,87 |  0,0 |1593227115707 |   [0.38075906] |          [1.0] |
| Hf2_100 | 4 |    4500 |    5000 |   40 |0.31428573 |standard | sshape3 |     995 |  1514.0 |   865.0 |   42,87 |  0,0 |1593227115707 |    [0.5125901] |          [0.0] |
| Hf2_100 | 4 |    5000 |    5000 |   40 |  0.35 |standard | sshape3 |     995 |  1514.0 |   865.0 |   42,87 |  0,0 |1593227115707 |    [0.5125901] |          [1.0] |
| Hf2_100 | 4 |    5001 |    5000 |   40 |  0.35 |standard | sshape3 |     995 |  1514.0 |   865.0 |   42,87 | 0,11 |1593227115707 |    [0.5125901] |          [1.0] |
| Hf2_100 | 5 |       1 |    5000 |   25 |  0.25 |standard | sshape3 |     995 |  1514.0 |   865.0 |   42,87 |-0,0010 |1593227115820 |    [0.4564609] |          [1.0] |
| Hf2_100 | 5 |     500 |    5000 |   25 |  0.28 |standard | sshape3 |     995 |  1514.0 |   865.0 |   42,87 |-0,0010 |1593227115820 |    [0.4564609] |          [1.0] |
| Hf2_100 | 5 |    1000 |    5000 |   25 |  0.24 |standard | sshape3 |     995 |  1514.0 |   865.0 |   42,87 |-0,0010 |1593227115820 |    [0.4564609] |          [1.0] |
| Hf2_100 | 5 |    1500 |    5000 |   30 |   0.4 |standard | sshape3 |     995 |  1514.0 |   865.0 |   42,87 |-0,0010 |1593227115820 |    [0.4564609] |          [0.0] |
| Hf2_100 | 5 |    2000 |    5000 |   30 |   0.3 |standard | sshape3 |     995 |  1514.0 |   865.0 |   42,87 |-0,0010 |1593227115820 |    [0.4564609] |          [1.0] |
| Hf2_100 | 5 |    2500 |    5000 |   30 |0.43333334 |standard | sshape3 |     995 |  1514.0 |   865.0 |   42,87 |-0,0010 |1593227115820 |    [0.4564609] |          [1.0] |
| Hf2_100 | 5 |    3000 |    5000 |   30 |0.33333334 |standard | sshape3 |     995 |  1514.0 |   865.0 |   42,87 |-0,0010 |1593227115820 |    [0.4564609] |          [1.0] |
| Hf2_100 | 5 |    3500 |    5000 |   35 |0.33333334 |standard | sshape3 |     995 |  1514.0 |   865.0 |   42,87 |-0,0010 |1593227115820 |    [0.4564609] |          [0.0] |
| Hf2_100 | 5 |    4000 |    5000 |   35 |0.42857143 |standard | sshape3 |     995 |  1514.0 |   865.0 |   42,87 |-0,0010 |1593227115820 |    [0.4564609] |          [1.0] |
| Hf2_100 | 5 |    4500 |    5000 |   35 |   0.4 |standard | sshape3 |     995 |  1514.0 |   865.0 |   42,87 |-0,0010 |1593227115820 |    [0.4564609] |          [1.0] |
| Hf2_100 | 5 |    5000 |    5000 |   35 |0.31428573 |standard | sshape3 |     995 |  1514.0 |   865.0 |   42,87 |-0,0010 |1593227115820 |    [0.4564609] |          [1.0] |
| Hf2_100 | 5 |    5001 |    5000 |   35 |0.31428573 |standard | sshape3 |     995 |  1514.0 |   865.0 |   42,87 | 0,10 |1593227115820 |    [0.4564609] |          [1.0] |
| Hf2_100 | 6 |       1 |    5000 |   25 |  0.25 |standard | sshape3 |     995 |  1514.0 |   865.0 |   42,87 |  0,0 |1593227115921 |   [0.92739636] |          [1.0] |
| Hf2_100 | 6 |     500 |    5000 |   30 |  0.28 |standard | sshape3 |     995 |  1514.0 |   865.0 |   42,87 |  0,0 |1593227115921 |   [0.92739636] |          [0.0] |
| Hf2_100 | 6 |    1000 |    5000 |   30 |   0.3 |standard | sshape3 |     995 |  1514.0 |   865.0 |   42,87 |  0,0 |1593227115921 |   [0.78366536] |          [1.0] |
| Hf2_100 | 6 |    1500 |    5000 |   30 |0.36666667 |standard | sshape3 |     995 |  1514.0 |   865.0 |   42,87 |  0,0 |1593227115921 |   [0.78366536] |          [1.0] |
| Hf2_100 | 6 |    2000 |    5000 |   30 |   0.3 |standard | sshape3 |     995 |  1514.0 |   865.0 |   42,87 |  0,0 |1593227115921 |   [0.78366536] |          [1.0] |
| Hf2_100 | 6 |    2500 |    5000 |   35 |   0.2 |standard | sshape3 |     995 |  1514.0 |   865.0 |   42,87 |  0,0 |1593227115921 |   [0.78366536] |          [0.0] |
| Hf2_100 | 6 |    3000 |    5000 |   35 |0.31428573 |standard | sshape3 |     995 |  1514.0 |   865.0 |   42,87 |  0,0 |1593227115921 |   [0.78366536] |          [1.0] |
| Hf2_100 | 6 |    3500 |    5000 |   35 |0.2857143 |standard | sshape3 |     995 |  1514.0 |   865.0 |   42,87 |  0,0 |1593227115921 |   [0.78366536] |          [1.0] |
| Hf2_100 | 6 |    4000 |    5000 |   35 |0.2857143 |standard | sshape3 |     995 |  1514.0 |   865.0 |   42,87 |  0,0 |1593227115921 |   [0.78366536] |          [1.0] |
| Hf2_100 | 6 |    4500 |    5000 |   40 |0.2857143 |standard | sshape3 |     995 |  1514.0 |   865.0 |   42,87 |  0,0 |1593227115921 |   [0.78366536] |          [0.0] |
| Hf2_100 | 6 |    5000 |    5000 |   40 |  0.35 |standard | sshape3 |     995 |  1514.0 |   865.0 |   42,87 |  0,0 |1593227115921 |   [0.78366536] |          [1.0] |
| Hf2_100 | 6 |    5001 |    5000 |   40 |  0.35 |standard | sshape3 |     995 |  1514.0 |   865.0 |   42,87 | 0,11 |1593227115921 |   [0.78366536] |          [1.0] |
| Hf2_100 | 7 |       1 |    5000 |   25 |  0.25 |standard | sshape3 |     995 |  1514.0 |   865.0 |   42,87 |  0,0 |1593227116032 |   [0.13432074] |          [1.0] |
| Hf2_100 | 7 |     500 |    5000 |   25 |  0.36 |standard | sshape3 |     995 |  1514.0 |   865.0 |   42,87 |  0,0 |1593227116032 |   [0.13432074] |          [1.0] |
| Hf2_100 | 7 |    1000 |    5000 |   25 |  0.32 |standard | sshape3 |     995 |  1514.0 |   865.0 |   42,87 |  0,0 |1593227116032 |   [0.13432074] |          [1.0] |
| Hf2_100 | 7 |    1500 |    5000 |   30 |  0.16 |standard | sshape3 |     995 |  1514.0 |   865.0 |   42,87 |  0,0 |1593227116032 |   [0.13432074] |          [0.0] |
| Hf2_100 | 7 |    2000 |    5000 |   30 |   0.3 |standard | sshape3 |     995 |  1514.0 |   865.0 |   42,87 |  0,0 |1593227116032 |   [0.13432074] |          [1.0] |
| Hf2_100 | 7 |    2500 |    5000 |   30 |0.26666668 |standard | sshape3 |     995 |  1514.0 |   865.0 |   42,87 |  0,0 |1593227116032 |   [0.13432074] |          [1.0] |
| Hf2_100 | 7 |    3000 |    5000 |   30 |0.26666668 |standard | sshape3 |     995 |  1514.0 |   865.0 |   42,87 |  0,0 |1593227116032 |   [0.13432074] |          [1.0] |
| Hf2_100 | 7 |    3500 |    5000 |   35 |  0.45 |standard | sshape3 |     995 |  1514.0 |   865.0 |   42,87 |  0,0 |1593227116032 |   [0.13432074] |          [0.0] |
| Hf2_100 | 7 |    4000 |    5000 |   35 |0.2857143 |standard | sshape3 |     995 |  1514.0 |   865.0 |   42,87 |  0,0 |1593227116032 |   [0.13432074] |          [1.0] |
| Hf2_100 | 7 |    4500 |    5000 |   35 |0.34285715 |standard | sshape3 |     995 |  1514.0 |   865.0 |   42,87 |  0,0 |1593227116032 |   [0.13432074] |          [1.0] |
| Hf2_100 | 7 |    5000 |    5000 |   35 |   0.2 |standard | sshape3 |     995 |  1514.0 |   865.0 |   42,87 |  0,0 |1593227116032 |   [0.13432074] |          [1.0] |
| Hf2_100 | 7 |    5001 |    5000 |   35 |   0.2 |standard | sshape3 |     995 |  1514.0 |   865.0 |   42,87 | 0,10 |1593227116032 |   [0.13432074] |          [1.0] |
| Hf2_100 | 8 |       1 |    5000 |   25 |  0.25 |standard | sshape3 |     995 |  1514.0 |   865.0 |   42,87 |-0,0010 |1593227116133 |   [0.55434394] |          [1.0] |
| Hf2_100 | 8 |     500 |    5000 |   30 |   0.4 |standard | sshape3 |     995 |  1514.0 |   865.0 |   42,87 |-0,0010 |1593227116133 |   [0.55434394] |          [0.0] |
| Hf2_100 | 8 |    1000 |    5000 |   30 |  0.45 |standard | sshape3 |     995 |  1514.0 |   865.0 |   42,87 |-0,0010 |1593227116133 |   [0.55434394] |          [1.0] |
| Hf2_100 | 8 |    1500 |    5000 |   30 |   0.4 |standard | sshape3 |     995 |  1514.0 |   865.0 |   42,87 |-0,0010 |1593227116133 |   [0.55434394] |          [1.0] |
| Hf2_100 | 8 |    2000 |    5000 |   30 |0.26666668 |standard | sshape3 |     995 |  1514.0 |   865.0 |   42,87 |-0,0010 |1593227116133 |   [0.55434394] |          [1.0] |
| Hf2_100 | 8 |    2500 |    5000 |   35 |0.36666667 |standard | sshape3 |     995 |  1514.0 |   865.0 |   42,87 |-0,0010 |1593227116133 |   [0.55434394] |          [0.0] |
| Hf2_100 | 8 |    3000 |    5000 |   35 |0.34285715 |standard | sshape3 |     995 |  1514.0 |   865.0 |   42,87 |-0,0010 |1593227116133 |   [0.55434394] |          [1.0] |
| Hf2_100 | 8 |    3500 |    5000 |   35 |  0.45 |standard | sshape3 |     995 |  1514.0 |   865.0 |   42,87 |-0,0010 |1593227116133 |   [0.55434394] |          [1.0] |
| Hf2_100 | 8 |    4000 |    5000 |   35 |0.42857143 |standard | sshape3 |     995 |  1514.0 |   865.0 |   42,87 |-0,0010 |1593227116133 |   [0.55434394] |          [1.0] |
| Hf2_100 | 8 |    4500 |    5000 |   40 |0.37142858 |standard | sshape3 |     995 |  1514.0 |   865.0 |   42,87 |-0,0010 |1593227116133 |   [0.55434394] |          [0.0] |
| Hf2_100 | 8 |    5000 |    5000 |   40 |   0.4 |standard | sshape3 |     995 |  1514.0 |   865.0 |   42,87 |-0,0010 |1593227116133 |   [0.55434394] |          [1.0] |
| Hf2_100 | 8 |    5001 |    5000 |   40 |   0.4 |standard | sshape3 |     995 |  1514.0 |   865.0 |   42,87 | 0,10 |1593227116133 |   [0.55434394] |          [1.0] |
| Hf2_100 | 9 |       1 |    5000 |   25 |  0.25 |standard | sshape3 |     995 |  1514.0 |   865.0 |   42,87 |-0,0010 |1593227116235 |   [0.49976343] |          [1.0] |
| Hf2_100 | 9 |     500 |    5000 |   25 |  0.32 |standard | sshape3 |     995 |  1514.0 |   865.0 |   42,87 |-0,0010 |1593227116235 |   [0.49976343] |          [1.0] |
| Hf2_100 | 9 |    1000 |    5000 |   25 |   0.2 |standard | sshape3 |     995 |  1514.0 |   865.0 |   42,87 |-0,0010 |1593227116235 |   [0.49976343] |          [1.0] |
| Hf2_100 | 9 |    1500 |    5000 |   30 |  0.16 |standard | sshape3 |     995 |  1514.0 |   865.0 |   42,87 |-0,0010 |1593227116235 |   [0.49976343] |          [0.0] |
| Hf2_100 | 9 |    2000 |    5000 |   30 |0.33333334 |standard | sshape3 |     995 |  1514.0 |   865.0 |   42,87 |-0,0010 |1593227116235 |   [0.49976343] |          [1.0] |
| Hf2_100 | 9 |    2500 |    5000 |   30 |0.36666667 |standard | sshape3 |     995 |  1514.0 |   865.0 |   42,87 |-0,0010 |1593227116235 |   [0.49976343] |          [1.0] |
| Hf2_100 | 9 |    3000 |    5000 |   30 |   0.2 |standard | sshape3 |     995 |  1514.0 |   865.0 |   42,87 |-0,0010 |1593227116235 |   [0.49976343] |          [1.0] |
| Hf2_100 | 9 |    3500 |    5000 |   35 |   0.3 |standard | sshape3 |     995 |  1514.0 |   865.0 |   42,87 |-0,0010 |1593227116235 |   [0.49976343] |          [0.0] |
| Hf2_100 | 9 |    4000 |    5000 |   35 |  0.45 |standard | sshape3 |     995 |  1514.0 |   865.0 |   42,87 |-0,0010 |1593227116235 |   [0.49976343] |          [1.0] |
| Hf2_100 | 9 |    4500 |    5000 |   35 |0.37142858 |standard | sshape3 |     995 |  1514.0 |   865.0 |   42,87 |-0,0010 |1593227116235 |   [0.49976343] |          [1.0] |
| Hf2_100 | 9 |    5000 |    5000 |   35 |0.2857143 |standard | sshape3 |     995 |  1514.0 |   865.0 |   42,87 |-0,0010 |1593227116235 |   [0.49976343] |          [1.0] |
| Hf2_100 | 9 |    5001 |    5000 |   35 |0.2857143 |standard | sshape3 |     995 |  1514.0 |   865.0 |   42,87 |0,095 |1593227116235 |   [0.49976343] |          [1.0] |
| Hf2_100 |10 |       1 |    5000 |   25 |  0.25 |standard | sshape3 |     995 |  1514.0 |   865.0 |   42,87 |  0,0 |1593227116330 |    [0.6598571] |          [1.0] |
| Hf2_100 |10 |     500 |    5000 |   30 |  0.24 |standard | sshape3 |     995 |  1514.0 |   865.0 |   42,87 |  0,0 |1593227116330 |    [0.6598571] |          [0.0] |
| Hf2_100 |10 |    1000 |    5000 |   30 |   0.3 |standard | sshape3 |     995 |  1514.0 |   865.0 |   42,87 |  0,0 |1593227116330 |    [0.6598571] |          [1.0] |
| Hf2_100 |10 |    1500 |    5000 |   30 |0.23333333 |standard | sshape3 |     995 |  1514.0 |   865.0 |   42,87 |  0,0 |1593227116330 |    [0.6598571] |          [1.0] |
| Hf2_100 |10 |    2000 |    5000 |   30 |   0.3 |standard | sshape3 |     995 |  1514.0 |   865.0 |   42,87 |  0,0 |1593227116330 |    [0.6598571] |          [1.0] |
| Hf2_100 |10 |    2500 |    5000 |   35 |0.36666667 |standard | sshape3 |     995 |  1514.0 |   865.0 |   42,87 |  0,0 |1593227116330 |    [0.6598571] |          [0.0] |
| Hf2_100 |10 |    3000 |    5000 |   35 |0.34285715 |standard | sshape3 |     995 |  1514.0 |   865.0 |   42,87 |  0,0 |1593227116330 |    [0.6598571] |          [1.0] |
| Hf2_100 |10 |    3500 |    5000 |   35 |0.25714287 |standard | sshape3 |     995 |  1514.0 |   865.0 |   42,87 |  0,0 |1593227116330 |    [0.6598571] |          [1.0] |
| Hf2_100 |10 |    4000 |    5000 |   35 |0.37142858 |standard | sshape3 |     995 |  1514.0 |   865.0 |   42,87 |  0,0 |1593227116330 |    [0.6598571] |          [1.0] |
| Hf2_100 |10 |    4500 |    5000 |   40 |0.31428573 |standard | sshape3 |     995 |  1514.0 |   865.0 |   42,87 |  0,0 |1593227116330 |    [0.6598571] |          [0.0] |
| Hf2_100 |10 |    5000 |    5000 |   40 |  0.25 |standard | sshape3 |     995 |  1514.0 |   865.0 |   42,87 |  0,0 |1593227116330 |    [0.6598571] |          [1.0] |
| Hf2_100 |10 |    5001 |    5000 |   40 |  0.25 |standard | sshape3 |     995 |  1514.0 |   865.0 |   42,87 | 0,13 |1593227116330 |    [0.6598571] |          [1.0] |
| Hf2_100 |11 |       1 |    5000 |   25 |  0.25 |standard | sshape3 |     995 |  1514.0 |   865.0 |   42,87 |-0,0010 |1593227116458 |    [0.8601798] |          [1.0] |
| Hf2_100 |11 |     500 |    5000 |   25 |  0.24 |standard | sshape3 |     995 |  1514.0 |   865.0 |   42,87 |-0,0010 |1593227116458 |    [0.8601798] |          [1.0] |
| Hf2_100 |11 |    1000 |    5000 |   25 |   0.4 |standard | sshape3 |     995 |  1514.0 |   865.0 |   42,87 |-0,0010 |1593227116458 |    [0.8601798] |          [1.0] |
| Hf2_100 |11 |    1500 |    5000 |   30 |  0.32 |standard | sshape3 |     995 |  1514.0 |   865.0 |   42,87 |-0,0010 |1593227116458 |    [0.8601798] |          [0.0] |
| Hf2_100 |11 |    2000 |    5000 |   30 |   0.3 |standard | sshape3 |     995 |  1514.0 |   865.0 |   42,87 |-0,0010 |1593227116458 |    [0.8601798] |          [1.0] |
| Hf2_100 |11 |    2500 |    5000 |   30 |0.36666667 |standard | sshape3 |     995 |  1514.0 |   865.0 |   42,87 |-0,0010 |1593227116458 |   [0.39181298] |          [1.0] |
| Hf2_100 |11 |    3000 |    5000 |   30 |0.26666668 |standard | sshape3 |     995 |  1514.0 |   865.0 |   42,87 |-0,0010 |1593227116458 |   [0.39181298] |          [1.0] |
| Hf2_100 |11 |    3500 |    5000 |   35 |0.23333333 |standard | sshape3 |     995 |  1514.0 |   865.0 |   42,87 |-0,0010 |1593227116458 |   [0.39181298] |          [0.0] |
| Hf2_100 |11 |    4000 |    5000 |   35 |0.34285715 |standard | sshape3 |     995 |  1514.0 |   865.0 |   42,87 |-0,0010 |1593227116458 |   [0.39181298] |          [1.0] |
| Hf2_100 |11 |    4500 |    5000 |   35 |0.2857143 |standard | sshape3 |     995 |  1514.0 |   865.0 |   42,87 |-0,0010 |1593227116458 |   [0.39181298] |          [1.0] |
| Hf2_100 |11 |    5000 |    5000 |   35 |0.42857143 |standard | sshape3 |     995 |  1514.0 |   865.0 |   42,87 |-0,0010 |1593227116458 |    [0.8873966] |          [1.0] |
| Hf2_100 |11 |    5001 |    5000 |   35 |0.42857143 |standard | sshape3 |     995 |  1514.0 |   865.0 |   42,87 | 0,13 |1593227116458 |    [0.8873966] |          [1.0] |
| Hf2_100 |12 |       1 |    5000 |   25 |  0.25 |standard | sshape3 |     995 |  1514.0 |   865.0 |   42,87 |-0,0010 |1593227116590 |   [0.30319357] |          [1.0] |
| Hf2_100 |12 |     500 |    5000 |   30 |  0.44 |standard | sshape3 |     995 |  1514.0 |   865.0 |   42,87 |-0,0010 |1593227116590 |   [0.30319357] |          [0.0] |
| Hf2_100 |12 |    1000 |    5000 |   30 |   0.3 |standard | sshape3 |     995 |  1514.0 |   865.0 |   42,87 |-0,0010 |1593227116590 |   [0.30319357] |          [1.0] |
| Hf2_100 |12 |    1500 |    5000 |   30 |0.36666667 |standard | sshape3 |     995 |  1514.0 |   865.0 |   42,87 |-0,0010 |1593227116590 |   [0.30319357] |          [1.0] |
| Hf2_100 |12 |    2000 |    5000 |   30 |  0.45 |standard | sshape3 |     995 |  1514.0 |   865.0 |   42,87 |-0,0010 |1593227116590 |   [0.30319357] |          [1.0] |
| Hf2_100 |12 |    2500 |    5000 |   35 |0.43333334 |standard | sshape3 |     995 |  1514.0 |   865.0 |   42,87 |-0,0010 |1593227116590 |   [0.30319357] |          [0.0] |
| Hf2_100 |12 |    3000 |    5000 |   35 |0.37142858 |standard | sshape3 |     995 |  1514.0 |   865.0 |   42,87 |-0,0010 |1593227116590 |   [0.30319357] |          [1.0] |
| Hf2_100 |12 |    3500 |    5000 |   35 |0.37142858 |standard | sshape3 |     995 |  1514.0 |   865.0 |   42,87 |-0,0010 |1593227116590 |   [0.30319357] |          [1.0] |
| Hf2_100 |12 |    4000 |    5000 |   35 |0.31428573 |standard | sshape3 |     995 |  1514.0 |   865.0 |   42,87 |-0,0010 |1593227116590 |   [0.30319357] |          [1.0] |
| Hf2_100 |12 |    4500 |    5000 |   40 |0.34285715 |standard | sshape3 |     995 |  1514.0 |   865.0 |   42,87 |-0,0010 |1593227116590 |   [0.30319357] |          [0.0] |
| Hf2_100 |12 |    5000 |    5000 |   40 |  0.35 |standard | sshape3 |     995 |  1514.0 |   865.0 |   42,87 |-0,0010 |1593227116590 |   [0.30319357] |          [1.0] |
| Hf2_100 |12 |    5001 |    5000 |   40 |  0.35 |standard | sshape3 |     995 |  1514.0 |   865.0 |   42,87 | 0,11 |1593227116590 |   [0.30319357] |          [1.0] |
| Hf2_100 |13 |       1 |    5000 |   25 |  0.25 |standard | sshape3 |     995 |  1514.0 |   865.0 |   42,87 |  0,0 |1593227116700 |   [0.54084206] |          [1.0] |
| Hf2_100 |13 |     500 |    5000 |   25 |  0.44 |standard | sshape3 |     995 |  1514.0 |   865.0 |   42,87 |  0,0 |1593227116700 |   [0.54084206] |          [1.0] |
| Hf2_100 |13 |    1000 |    5000 |   25 |  0.32 |standard | sshape3 |     995 |  1514.0 |   865.0 |   42,87 |  0,0 |1593227116700 |   [0.54084206] |          [1.0] |
| Hf2_100 |13 |    1500 |    5000 |   30 |  0.28 |standard | sshape3 |     995 |  1514.0 |   865.0 |   42,87 |  0,0 |1593227116700 |   [0.54084206] |          [0.0] |
| Hf2_100 |13 |    2000 |    5000 |   30 |0.23333333 |standard | sshape3 |     995 |  1514.0 |   865.0 |   42,87 |  0,0 |1593227116700 |   [0.54084206] |          [1.0] |
| Hf2_100 |13 |    2500 |    5000 |   30 |   0.3 |standard | sshape3 |     995 |  1514.0 |   865.0 |   42,87 |  0,0 |1593227116700 |   [0.54084206] |          [1.0] |
| Hf2_100 |13 |    3000 |    5000 |   30 |0.33333334 |standard | sshape3 |     995 |  1514.0 |   865.0 |   42,87 |  0,0 |1593227116700 |   [0.54084206] |          [1.0] |
| Hf2_100 |13 |    3500 |    5000 |   35 |   0.4 |standard | sshape3 |     995 |  1514.0 |   865.0 |   42,87 |  0,0 |1593227116700 |   [0.54084206] |          [0.0] |
| Hf2_100 |13 |    4000 |    5000 |   35 |  0.45 |standard | sshape3 |     995 |  1514.0 |   865.0 |   42,87 |  0,0 |1593227116700 |   [0.54084206] |          [1.0] |
| Hf2_100 |13 |    4500 |    5000 |   35 |0.34285715 |standard | sshape3 |     995 |  1514.0 |   865.0 |   42,87 |  0,0 |1593227116700 |   [0.54084206] |          [1.0] |
| Hf2_100 |13 |    5000 |    5000 |   35 |0.34285715 |standard | sshape3 |     995 |  1514.0 |   865.0 |   42,87 |  0,0 |1593227116700 |   [0.54084206] |          [1.0] |
| Hf2_100 |13 |    5001 |    5000 |   35 |0.34285715 |standard | sshape3 |     995 |  1514.0 |   865.0 |   42,87 |0,098 |1593227116700 |   [0.54084206] |          [1.0] |
| Hf2_100 |14 |       1 |    5000 |   25 |  0.25 |standard | sshape3 |     995 |  1514.0 |   865.0 |   42,87 |  0,0 |1593227116798 |    [0.5498405] |          [1.0] |
| Hf2_100 |14 |     500 |    5000 |   30 |  0.36 |standard | sshape3 |     995 |  1514.0 |   865.0 |   42,87 |  0,0 |1593227116798 |    [0.5498405] |          [0.0] |
| Hf2_100 |14 |    1000 |    5000 |   30 |0.36666667 |standard | sshape3 |     995 |  1514.0 |   865.0 |   42,87 |  0,0 |1593227116798 |    [0.5498405] |          [1.0] |
| Hf2_100 |14 |    1500 |    5000 |   30 |   0.2 |standard | sshape3 |     995 |  1514.0 |   865.0 |   42,87 |  0,0 |1593227116798 |    [0.5498405] |          [1.0] |
| Hf2_100 |14 |    2000 |    5000 |   30 |0.26666668 |standard | sshape3 |     995 |  1514.0 |   865.0 |   42,87 |  0,0 |1593227116798 |    [0.5498405] |          [1.0] |
| Hf2_100 |14 |    2500 |    5000 |   35 |0.43333334 |standard | sshape3 |     995 |  1514.0 |   865.0 |   42,87 |  0,0 |1593227116798 |    [0.5498405] |          [0.0] |
| Hf2_100 |14 |    3000 |    5000 |   35 |0.2857143 |standard | sshape3 |     995 |  1514.0 |   865.0 |   42,87 |  0,0 |1593227116798 |    [0.5498405] |          [1.0] |
| Hf2_100 |14 |    3500 |    5000 |   35 |  0.45 |standard | sshape3 |     995 |  1514.0 |   865.0 |   42,87 |  0,0 |1593227116798 |    [0.5498405] |          [1.0] |
| Hf2_100 |14 |    4000 |    5000 |   35 |  0.45 |standard | sshape3 |     995 |  1514.0 |   865.0 |   42,87 |  0,0 |1593227116798 |    [0.5498405] |          [1.0] |
| Hf2_100 |14 |    4500 |    5000 |   40 |   0.4 |standard | sshape3 |     995 |  1514.0 |   865.0 |   42,87 |  0,0 |1593227116798 |    [0.5498405] |          [0.0] |
| Hf2_100 |14 |    5000 |    5000 |   40 |  0.35 |standard | sshape3 |     995 |  1514.0 |   865.0 |   42,87 |  0,0 |1593227116798 |    [0.5498405] |          [1.0] |
| Hf2_100 |14 |    5001 |    5000 |   40 |  0.35 |standard | sshape3 |     995 |  1514.0 |   865.0 |   42,87 | 0,11 |1593227116798 |    [0.5498405] |          [1.0] |
| Hf2_100 |15 |       1 |    5000 |   25 |  0.25 |standard | sshape3 |     995 |  1514.0 |   865.0 |   42,87 |  0,0 |1593227116909 |   [0.86190367] |          [1.0] |
| Hf2_100 |15 |     500 |    5000 |   25 |  0.32 |standard | sshape3 |     995 |  1514.0 |   865.0 |   42,87 |  0,0 |1593227116909 |   [0.86190367] |          [1.0] |
| Hf2_100 |15 |    1000 |    5000 |   25 |  0.24 |standard | sshape3 |     995 |  1514.0 |   865.0 |   42,87 |  0,0 |1593227116909 |   [0.86190367] |          [1.0] |
| Hf2_100 |15 |    1500 |    5000 |   30 |  0.16 |standard | sshape3 |     995 |  1514.0 |   865.0 |   42,87 |  0,0 |1593227116909 |   [0.86190367] |          [0.0] |
| Hf2_100 |15 |    2000 |    5000 |   30 |0.43333334 |standard | sshape3 |     995 |  1514.0 |   865.0 |   42,87 |  0,0 |1593227116909 |   [0.86190367] |          [1.0] |
| Hf2_100 |15 |    2500 |    5000 |   30 |  0.45 |standard | sshape3 |     995 |  1514.0 |   865.0 |   42,87 |  0,0 |1593227116909 |   [0.86190367] |          [1.0] |
| Hf2_100 |15 |    3000 |    5000 |   30 |   0.2 |standard | sshape3 |     995 |  1514.0 |   865.0 |   42,87 |  0,0 |1593227116909 |   [0.86190367] |          [1.0] |
| Hf2_100 |15 |    3500 |    5000 |   35 |0.16666667 |standard | sshape3 |     995 |  1514.0 |   865.0 |   42,87 |  0,0 |1593227116909 |   [0.86190367] |          [0.0] |
| Hf2_100 |15 |    4000 |    5000 |   35 |0.31428573 |standard | sshape3 |     995 |  1514.0 |   865.0 |   42,87 |  0,0 |1593227116909 |   [0.86190367] |          [1.0] |
| Hf2_100 |15 |    4500 |    5000 |   35 |  0.45 |standard | sshape3 |     995 |  1514.0 |   865.0 |   42,87 |  0,0 |1593227116909 |   [0.86190367] |          [1.0] |
| Hf2_100 |15 |    5000 |    5000 |   35 |0.25714287 |standard | sshape3 |     995 |  1514.0 |   865.0 |   42,87 |  0,0 |1593227116909 |   [0.86190367] |          [1.0] |
| Hf2_100 |15 |    5001 |    5000 |   35 |0.25714287 |standard | sshape3 |     995 |  1514.0 |   865.0 |   42,87 |0,097 |1593227116909 |   [0.86190367] |          [1.0] |
