| # | Nest | %Desc |#Iter |Instancia | CapMoch |ValOptmo | BestFit |     RDP | time |      semilla |VectorSolucion |
-------------------------------------------------------------------------------------------------
| 1 |   25 |  0.25 | 2500 |      f5 |     375 |481.0694 |   477.0 |    0,85 |-1,6e+09 |1592510564637 |[0.34032208, 0.4094476, 0.97096133, 0.29378438, 0.039381683, 0.73563164, 0.26006824, 0.14920002, 0.19272763, 0.91524935, 0.23782599, 0.9667066, 0.77735025, 0.0684613, 0.72281253] |
| 1 |   40 |  0.45 | 2500 |      f5 |     375 |481.0694 |   477.0 |    0,85 |  1,7 |1592510564637 |[0.4601758, 0.043789983, 0.26666832, 0.43739247, 0.24571711, 0.6119534, 0.8570732, 0.395791, 0.40061545, 0.39445496, 0.10423875, 0.6010113, 0.34245765, 0.98385245, 0.59437484] |
| 2 |   25 |  0.25 | 2500 |      f5 |     375 |481.0694 |   477.0 |    0,85 |  0,0 |1592510566328 |[0.25394225, 0.08518547, 0.81489813, 0.42345297, 0.80408967, 0.8312276, 0.75102305, 0.45912784, 0.7857803, 0.9988668, 0.45933622, 0.5567587, 0.972098, 0.30675954, 0.84009784] |
| 2 |   40 |  0.45 | 2500 |      f5 |     375 |481.0694 |   477.0 |    0,85 |  1,7 |1592510566328 |[0.25394225, 0.08518547, 0.81489813, 0.42345297, 0.80408967, 0.8312276, 0.75102305, 0.45912784, 0.7857803, 0.9988668, 0.45933622, 0.5567587, 0.972098, 0.30675954, 0.84009784] |
| 3 |   25 |  0.25 | 2500 |      f5 |     375 |481.0694 |   477.0 |    0,85 |  0,0 |1592510568001 |[0.873771, 0.217991, 0.7176123, 0.17745817, 0.40475643, 0.38675272, 0.52576894, 0.96935153, 0.80465966, 0.90198857, 0.25826895, 0.82841665, 0.71129125, 0.081493974, 0.61964387] |
| 3 |   40 |  0.45 | 2500 |      f5 |     375 |481.0694 |   477.0 |    0,85 |  1,7 |1592510568001 |[0.936059, 0.030077875, 0.036872864, 0.33684105, 0.6052997, 0.91347736, 0.6238671, 0.55671704, 0.9882638, 0.6292598, 0.38408476, 0.17521524, 0.00587517, 0.04415524, 0.9493192] |
| 4 |   25 |  0.25 | 2500 |      f5 |     375 |481.0694 |   477.0 |    0,85 |-0,0010 |1592510569690 |[0.8470059, 0.24795097, 0.47766382, 0.55244344, 0.31931967, 0.50777173, 0.8375994, 0.93410033, 0.9651689, 0.6247118, 0.7382494, 0.20032203, 0.2032159, 0.17347187, 0.38139206] |
| 4 |   40 |  0.45 | 2500 |      f5 |     375 |481.0694 |   477.0 |    0,85 |  1,7 |1592510569690 |[0.8600648, 0.25915658, 0.8104817, 0.45126975, 0.38799387, 0.9917295, 0.14957416, 0.6621709, 0.90702105, 0.39962727, 0.45272493, 0.77470565, 0.48843694, 0.7482522, 0.3573535] |
| 5 |   25 |  0.25 | 2500 |      f5 |     375 |481.0694 |   477.0 |    0,85 |  0,0 |1592510571382 |[0.4010064, 0.4511599, 0.32574683, 0.7080812, 0.04919672, 0.18308163, 0.011616826, 0.31689805, 0.23885834, 0.9430727, 0.37488055, 0.79685163, 0.96901315, 0.68067414, 0.903496] |
| 5 |   40 |  0.45 | 2500 |      f5 |     375 |481.0694 |   477.0 |    0,85 |  1,6 |1592510571382 |[0.517236, 0.11596537, 0.74778354, 0.64417213, 0.41395485, 0.3157941, 0.7721337, 0.15576631, 0.46340644, 0.33238858, 0.55566126, 0.9141806, 0.5914782, 0.9196741, 0.020554781] |
| 6 |   25 |  0.25 | 2500 |      f5 |     375 |481.0694 |   477.0 |    0,85 |  0,0 |1592510573032 |[0.92601705, 0.013283014, 0.024195552, 0.13156736, 0.93110347, 0.31487906, 0.4782197, 0.95100856, 0.35181773, 0.34257382, 0.34169823, 0.85839003, 0.2207253, 0.7809447, 0.065152645] |
| 6 |   40 |  0.45 | 2500 |      f5 |     375 |481.0694 |   477.0 |    0,85 |  1,6 |1592510573032 |[0.97672826, 0.6327831, 0.6258252, 0.42283964, 0.19312972, 0.15366125, 0.5241315, 0.4954934, 0.23538268, 0.29532456, 0.69912523, 0.74336314, 0.48666, 0.9450039, 0.15140098] |
| 7 |   25 |  0.25 | 2500 |      f5 |     375 |481.0694 |   477.0 |    0,85 |-0,0010 |1592510574675 |[0.42055017, 0.2982735, 0.68380064, 0.6284941, 0.35767883, 0.7435081, 0.2476471, 0.31413895, 0.3451572, 0.97111106, 0.7626822, 0.6607525, 0.47025758, 0.17916733, 0.4440748] |
| 7 |   40 |  0.45 | 2500 |      f5 |     375 |481.0694 |   477.0 |    0,85 |  1,7 |1592510574675 |[0.46623522, 0.59322023, 0.46268117, 0.57995737, 0.6075493, 0.3057633, 0.33211517, 0.54286045, 0.3126688, 0.3657546, 0.20171785, 0.26834643, 0.32889038, 0.955716, 0.5574346] |
| 8 |   25 |  0.25 | 2500 |      f5 |     375 |481.0694 |   477.0 |    0,85 |  0,0 |1592510576357 |[0.39122647, 0.7211159, 0.20542032, 0.04006964, 0.082116246, 0.045243382, 0.085850894, 0.3556552, 0.48138762, 0.8103653, 0.56007963, 0.8001731, 0.9481339, 0.56921273, 0.69595903] |
| 8 |   40 |  0.45 | 2500 |      f5 |     375 |481.0694 |   477.0 |    0,85 |  1,6 |1592510576357 |[0.43912846, 0.12232494, 0.16915596, 0.65265995, 0.06541628, 0.03243071, 0.28478193, 0.8846822, 0.50122046, 0.8586956, 0.22739846, 0.42814124, 0.6324571, 0.86442864, 0.029206336] |
| 9 |   25 |  0.25 | 2500 |      f5 |     375 |481.0694 |   477.0 |    0,85 |-0,0010 |1592510578001 |[0.34338945, 0.28531373, 0.74410176, 0.81063765, 0.8280917, 0.5734888, 0.43526578, 0.046917856, 0.31030387, 0.3790838, 0.6081699, 0.8813343, 0.4379732, 0.522641, 0.2701714] |
| 9 |   40 |  0.45 | 2500 |      f5 |     375 |481.0694 |   477.0 |    0,85 |  1,7 |1592510578001 |[0.34338945, 0.28531373, 0.74410176, 0.81063765, 0.8280917, 0.5734888, 0.43526578, 0.046917856, 0.31030387, 0.3790838, 0.6081699, 0.8813343, 0.4379732, 0.522641, 0.2701714] |
|10 |   25 |  0.25 | 2500 |      f5 |     375 |481.0694 |   477.0 |    0,85 |  0,0 |1592510579657 |[0.78806686, 0.7876253, 0.3008318, 0.9967905, 0.20701104, 0.2412923, 0.42079765, 0.55968547, 0.1626364, 0.43327546, 0.99898756, 0.84595543, 0.95131046, 0.8625452, 0.68407243] |
|10 |   40 |  0.45 | 2500 |      f5 |     375 |481.0694 |   477.0 |    0,85 |  1,6 |1592510579657 |[0.48772103, 0.6517157, 0.14919156, 0.30076092, 0.96649355, 0.7102322, 0.63690585, 0.007756233, 0.05775571, 0.27497858, 0.8110739, 0.26473325, 0.7599445, 0.6091871, 0.99022835] |
|11 |   25 |  0.25 | 2500 |      f5 |     375 |481.0694 |   477.0 |    0,85 |-0,0010 |1592510581307 |[0.88696206, 0.6283694, 0.13558489, 0.34042555, 0.2240144, 0.77590656, 0.6538645, 0.73141974, 0.09726024, 0.8343655, 0.5248521, 0.17224532, 0.44764966, 0.15844476, 0.012310863] |
|11 |   40 |  0.45 | 2500 |      f5 |     375 |481.0694 |   477.0 |    0,85 |  1,7 |1592510581307 |[0.8049009, 0.6619757, 0.48370588, 0.13130158, 0.054567933, 0.87459093, 0.47076768, 0.53684956, 0.19321334, 0.71508193, 0.76772267, 0.53319645, 0.74861807, 0.4468367, 0.5819369] |
|12 |   25 |  0.25 | 2500 |      f5 |     375 |481.0694 |   477.0 |    0,85 |  0,0 |1592510582959 |[0.4845466, 0.10377556, 0.4326796, 0.24101049, 0.013620853, 0.61221695, 0.5745975, 0.3665774, 0.95689136, 0.8447121, 0.57539284, 0.9743622, 0.3325094, 0.9292998, 0.67216825] |
|12 |   40 |  0.45 | 2500 |      f5 |     375 |481.0694 |   477.0 |    0,85 |  1,6 |1592510582959 |[0.12579334, 0.9040213, 0.55640537, 0.26152778, 0.4018376, 0.5873741, 0.14019102, 0.42155564, 0.06646901, 0.49866992, 0.4771878, 0.23282766, 0.68081737, 0.5589828, 0.46978962] |
|13 |   25 |  0.25 | 2500 |      f5 |     375 |481.0694 |   477.0 |    0,85 |  0,0 |1592510584602 |[0.45509517, 0.756236, 0.95933366, 0.5000548, 0.22932076, 0.45211083, 0.109024584, 0.7177731, 0.8597555, 0.21883589, 0.09411818, 0.08646095, 0.046141565, 0.15160644, 0.054330826] |
|13 |   40 |  0.45 | 2500 |      f5 |     375 |481.0694 |   477.0 |    0,85 |  1,6 |1592510584602 |[0.30426943, 0.12227744, 0.8642792, 0.016877055, 0.13455832, 0.16070431, 0.93006927, 0.2786389, 0.91557133, 0.656093, 0.34348184, 0.9489274, 0.16479254, 0.90384465, 0.7579837] |
|14 |   25 |  0.25 | 2500 |      f5 |     375 |481.0694 |   477.0 |    0,85 |-0,0010 |1592510586251 |[0.8572615, 0.6476349, 0.8843515, 0.015606999, 0.6445359, 0.16293359, 0.8932106, 0.010024607, 0.8546031, 0.9387209, 0.61730605, 0.22071713, 0.32127327, 0.3600396, 0.42421657] |
|14 |   40 |  0.45 | 2500 |      f5 |     375 |481.0694 |   477.0 |    0,85 |  1,7 |1592510586251 |[0.26778328, 0.070981026, 0.25076228, 0.42904562, 0.24437094, 0.67513984, 0.2164076, 0.17438614, 0.24483746, 0.30644554, 0.3176962, 0.8270109, 0.87225664, 0.104418516, 0.53344077] |
|15 |   25 |  0.25 | 2500 |      f5 |     375 |481.0694 |   477.0 |    0,85 |  0,0 |1592510587909 |[0.35303897, 0.24903, 0.95301944, 0.110961914, 0.5537272, 0.685694, 0.06889486, 0.08310783, 0.1147576, 0.03179103, 0.15423608, 0.5309002, 0.5821755, 0.19641411, 0.35411972] |
|15 |   40 |  0.45 | 2500 |      f5 |     375 |481.0694 |   477.0 |    0,85 |  1,7 |1592510587909 |[0.5913599, 0.35438788, 0.9594376, 0.70118785, 0.4264307, 0.3867033, 0.24659777, 0.07948917, 0.95726573, 0.66220975, 0.8642088, 0.35396886, 0.18954957, 0.16513968, 0.15918148] |
