| # | Nest | %Desc |#Iter |Instancia | CapMoch |ValOptmo | BestFit |     RDP | time |      semilla |VectorSolucion |
-------------------------------------------------------------------------------------------------
| 1 |   25 |  0.25 | 2500 |      f9 |      80 |   130.0 |   130.0 |    0,00 |0,0010 |1592497191199 |[0.99645543, 0.76855046, 0.93586546, 0.36604333, 0.2880754] |
| 2 |   25 |  0.25 | 2500 |      f9 |      80 |   130.0 |   130.0 |    0,00 |0,0010 |1592497191206 |[0.038065135, 0.9159133, 0.92708826, 0.72449946, 0.20173424] |
| 3 |   25 |  0.25 | 2500 |      f9 |      80 |   130.0 |   130.0 |    0,00 |  0,0 |1592497191208 |[0.84015983, 0.78573364, 0.9617945, 0.8765778, 0.7773399] |
| 4 |   25 |  0.25 | 2500 |      f9 |      80 |   130.0 |   130.0 |    0,00 |  0,0 |1592497191209 |[0.9113942, 0.93159115, 0.40986407, 0.70428956, 0.3267517] |
| 5 |   25 |  0.25 | 2500 |      f9 |      80 |   130.0 |   130.0 |    0,00 |  0,0 |1592497191210 |[0.7613367, 0.7648932, 0.6647633, 0.32444483, 0.26860017] |
| 6 |   25 |  0.25 | 2500 |      f9 |      80 |   130.0 |   130.0 |    0,00 |  0,0 |1592497191211 |[0.97702694, 0.5925624, 0.51817524, 0.7882746, 0.17213225] |
| 7 |   25 |  0.25 | 2500 |      f9 |      80 |   130.0 |   130.0 |    0,00 |0,0010 |1592497191212 |[0.14606053, 0.64518726, 0.7958371, 0.34244365, 0.9142721] |
| 8 |   25 |  0.25 | 2500 |      f9 |      80 |   130.0 |   130.0 |    0,00 |0,0010 |1592497191213 |[0.5215313, 0.7557109, 0.8196796, 0.4756447, 0.5610236] |
| 9 |   25 |  0.25 | 2500 |      f9 |      80 |   130.0 |   130.0 |    0,00 |0,0010 |1592497191214 |[0.47182196, 0.17644352, 0.8492043, 0.5066577, 0.5667337] |
|10 |   25 |  0.25 | 2500 |      f9 |      80 |   130.0 |   130.0 |    0,00 |  0,0 |1592497191215 |[0.56040335, 0.83510417, 0.016864598, 0.08135545, 0.08420503] |
|11 |   25 |  0.25 | 2500 |      f9 |      80 |   130.0 |   130.0 |    0,00 |0,0010 |1592497191216 |[0.92222744, 0.68003905, 0.7634016, 0.993684, 0.59024805] |
|12 |   25 |  0.25 | 2500 |      f9 |      80 |   130.0 |   130.0 |    0,00 |  0,0 |1592497191218 |[0.66192806, 0.3625685, 0.71540856, 0.18142998, 0.5938456] |
|13 |   25 |  0.25 | 2500 |      f9 |      80 |   130.0 |   130.0 |    0,00 |0,0010 |1592497191218 |[0.53447, 0.8462635, 0.6137895, 0.25742716, 0.43155575] |
|14 |   25 |  0.25 | 2500 |      f9 |      80 |   130.0 |   130.0 |    0,00 |0,0010 |1592497191219 |[0.30642742, 0.65533805, 0.006069541, 0.017378569, 0.26511663] |
|15 |   25 |  0.25 | 2500 |      f9 |      80 |   130.0 |   130.0 |    0,00 |  0,0 |1592497191221 |[0.24005628, 0.6809173, 0.7989164, 0.7806166, 0.022950292] |
