| # | Nest | %Desc |#Iter |Instancia | CapMoch |ValOptmo | BestFit |     RDP | time |      semilla |VectorSolucion |
-------------------------------------------------------------------------------------------------
| 1 |   25 |  0.25 | 2500 |      f6 |      60 |    52.0 |    52.0 |    0,00 |0,0010 |1592496222886 |[0.39888537, 0.36959648, 0.6172021, 0.94881326, 0.7921692, 0.4802993, 0.3274064, 0.26373237, 0.4966883, 0.7970376] |
| 2 |   25 |  0.25 | 2500 |      f6 |      60 |    52.0 |    52.0 |    0,00 |  0,0 |1592496222888 |[0.2492969, 0.6557067, 0.11240411, 0.6088433, 0.7253115, 0.2823776, 0.023504913, 0.8195838, 0.892685, 0.5026598] |
| 3 |   25 |  0.25 | 2500 |      f6 |      60 |    52.0 |    52.0 |    0,00 |0,0010 |1592496222894 |[0.4296804, 0.2905295, 0.7813431, 0.7227219, 0.7441586, 0.7231928, 0.5803341, 0.8015337, 0.9414677, 0.82551426] |
| 4 |   25 |  0.25 | 2500 |      f6 |      60 |    52.0 |    52.0 |    0,00 |  0,0 |1592496222896 |[0.2793044, 0.2838171, 0.9505671, 0.20503843, 0.45305198, 0.26038235, 0.9575889, 0.05825752, 0.93579316, 0.8867267] |
| 5 |   25 |  0.25 | 2500 |      f6 |      60 |    52.0 |    52.0 |    0,00 |0,0010 |1592496222897 |[0.4153797, 0.44139767, 0.66833794, 0.5893831, 0.34056622, 0.20723408, 0.7704653, 0.54741216, 0.6464504, 0.025722325] |
| 6 |   25 |  0.25 | 2500 |      f6 |      60 |    52.0 |    52.0 |    0,00 |  0,0 |1592496222899 |[0.6241335, 0.37919557, 0.07878876, 0.44676173, 0.74210817, 0.72049713, 0.6264742, 0.7388824, 0.545397, 0.072653234] |
| 7 |   25 |  0.25 | 2500 |      f6 |      60 |    52.0 |    52.0 |    0,00 |0,0010 |1592496222900 |[0.58473766, 0.7338215, 0.5106391, 0.7267114, 0.34645712, 0.3840155, 0.7182346, 0.08907372, 0.0048012137, 0.47260588] |
| 8 |   25 |  0.25 | 2500 |      f6 |      60 |    52.0 |    52.0 |    0,00 |0,0010 |1592496222901 |[0.39128733, 0.958184, 0.72710025, 0.010765195, 0.28887415, 0.953458, 0.740468, 0.14166957, 0.7151869, 0.34304297] |
| 9 |   25 |  0.25 | 2500 |      f6 |      60 |    52.0 |    52.0 |    0,00 |  0,0 |1592496222903 |[0.11103487, 0.14093453, 0.028953075, 0.8661504, 0.771423, 0.15965605, 0.4395265, 0.003923714, 0.999963, 0.6827584] |
|10 |   25 |  0.25 | 2500 |      f6 |      60 |    52.0 |    52.0 |    0,00 |  0,0 |1592496222904 |[0.007188022, 0.70265514, 0.9017208, 0.22575402, 0.1507206, 0.269987, 0.56608, 0.34217525, 0.667049, 0.011965096] |
|11 |   25 |  0.25 | 2500 |      f6 |      60 |    52.0 |    52.0 |    0,00 |  0,0 |1592496222905 |[0.5518334, 0.6262558, 0.111762464, 0.62879854, 0.75926244, 0.9763801, 0.1911124, 0.2687047, 0.20329237, 0.04203254] |
|12 |   25 |  0.25 | 2500 |      f6 |      60 |    52.0 |    52.0 |    0,00 |  0,0 |1592496222906 |[0.27510452, 0.91038144, 0.621373, 0.5001111, 0.14932525, 0.9045038, 0.062411964, 0.36373144, 0.16024625, 0.51176405] |
|13 |   25 |  0.25 | 2500 |      f6 |      60 |    52.0 |    52.0 |    0,00 |0,0010 |1592496222907 |[0.69143724, 0.22831678, 0.0021293163, 0.5012979, 0.3527308, 0.8627487, 0.5838293, 0.122641146, 0.8874136, 0.724745] |
|14 |   25 |  0.25 | 2500 |      f6 |      60 |    52.0 |    52.0 |    0,00 |  0,0 |1592496222909 |[0.44158906, 0.9634015, 0.868968, 0.763477, 0.6213048, 0.3936047, 0.27497154, 0.36694127, 0.14306068, 0.44806677] |
|15 |   25 |  0.25 | 2500 |      f6 |      60 |    52.0 |    52.0 |    0,00 |0,0030 |1592496222910 |[0.5353317, 0.43025285, 0.7003644, 0.05362898, 0.8313295, 0.8401856, 0.10278481, 0.04171902, 0.5132358, 0.18058175] |
