| # | Nest | %Desc |#Iter |Instancia | CapMoch |ValOptmo | BestFit |     RDP | time |      semilla |VectorSolucion |
-------------------------------------------------------------------------------------------------
| 1 |   50 |  0.25 | 5000 |      f3 |      20 |    35.0 |    35.0 |    0,00 |-1,6e+09 |1592532507988 |[0.93629384, 0.3907994, 0.23932219, 0.09878141] |
| 1 |   50 |  0.25 | 5000 |      f3 |      20 |    35.0 |    35.0 |    0,00 |0,0010 |1592532507988 |[0.93629384, 0.3907994, 0.23932219, 0.09878141] |
| 2 |   50 |  0.25 | 5000 |      f3 |      20 |    35.0 |    35.0 |    0,00 |  0,0 |1592532507989 |[0.3804254, 0.96190363, 0.054080784, 0.71113527] |
| 2 |   50 |  0.25 | 5000 |      f3 |      20 |    35.0 |    35.0 |    0,00 |0,0010 |1592532507989 |[0.3804254, 0.96190363, 0.054080784, 0.71113527] |
| 3 |   50 |  0.25 | 5000 |      f3 |      20 |    35.0 |    35.0 |    0,00 |-0,0010 |1592532507991 |[0.91092706, 0.17436211, 0.27198666, 0.737939] |
| 3 |   50 |  0.25 | 5000 |      f3 |      20 |    35.0 |    35.0 |    0,00 |  0,0 |1592532507991 |[0.91092706, 0.17436211, 0.27198666, 0.737939] |
| 4 |   50 |  0.25 | 5000 |      f3 |      20 |    35.0 |    35.0 |    0,00 |-0,0010 |1592532507992 |[0.7074851, 0.41139048, 0.1286163, 0.38991916] |
| 4 |   50 |  0.25 | 5000 |      f3 |      20 |    35.0 |    35.0 |    0,00 |0,0010 |1592532507992 |[0.7074851, 0.41139048, 0.1286163, 0.38991916] |
| 5 |   50 |  0.25 | 5000 |      f3 |      20 |    35.0 |    35.0 |    0,00 |  0,0 |1592532507993 |[0.45902315, 0.98972666, 0.7698394, 0.20402655] |
| 5 |   50 |  0.25 | 5000 |      f3 |      20 |    35.0 |    35.0 |    0,00 |0,0010 |1592532507993 |[0.45902315, 0.98972666, 0.7698394, 0.20402655] |
| 6 |   50 |  0.25 | 5000 |      f3 |      20 |    35.0 |    35.0 |    0,00 |  0,0 |1592532507994 |[0.09371865, 0.64362097, 0.45194578, 0.7440014] |
| 6 |   50 |  0.25 | 5000 |      f3 |      20 |    35.0 |    35.0 |    0,00 |0,0010 |1592532507994 |[0.09371865, 0.64362097, 0.45194578, 0.7440014] |
| 7 |   50 |  0.25 | 5000 |      f3 |      20 |    35.0 |    35.0 |    0,00 |-0,0010 |1592532507996 |[0.9661849, 0.6580721, 0.7881891, 0.3677038] |
| 7 |   50 |  0.25 | 5000 |      f3 |      20 |    35.0 |    35.0 |    0,00 |  0,0 |1592532507996 |[0.9661849, 0.6580721, 0.7881891, 0.3677038] |
| 8 |   50 |  0.25 | 5000 |      f3 |      20 |    35.0 |    35.0 |    0,00 |  0,0 |1592532507996 |[0.35101104, 0.4974808, 0.816402, 0.26535547] |
| 8 |   50 |  0.25 | 5000 |      f3 |      20 |    35.0 |    35.0 |    0,00 |0,0030 |1592532507996 |[0.35101104, 0.4974808, 0.816402, 0.26535547] |
| 9 |   50 |  0.25 | 5000 |      f3 |      20 |    35.0 |    35.0 |    0,00 |  0,0 |1592532507999 |[0.19220793, 0.37326008, 0.5592217, 0.20909154] |
| 9 |   50 |  0.25 | 5000 |      f3 |      20 |    35.0 |    35.0 |    0,00 |0,0010 |1592532507999 |[0.19220793, 0.37326008, 0.5592217, 0.20909154] |
|10 |   50 |  0.25 | 5000 |      f3 |      20 |    35.0 |    35.0 |    0,00 |  0,0 |1592532508000 |[0.88738734, 0.8945102, 0.23092252, 0.99811023] |
|10 |   50 |  0.25 | 5000 |      f3 |      20 |    35.0 |    35.0 |    0,00 |  0,0 |1592532508000 |[0.88738734, 0.8945102, 0.23092252, 0.99811023] |
|11 |   50 |  0.25 | 5000 |      f3 |      20 |    35.0 |    35.0 |    0,00 |-0,0010 |1592532508001 |[0.99930805, 0.9924884, 0.9990903, 0.9148078] |
|11 |   50 |  0.25 | 5000 |      f3 |      20 |    35.0 |    35.0 |    0,00 |0,0010 |1592532508001 |[0.99930805, 0.9924884, 0.9990903, 0.9148078] |
|12 |   50 |  0.25 | 5000 |      f3 |      20 |    35.0 |    35.0 |    0,00 |  0,0 |1592532508002 |[0.41290247, 0.7914749, 0.41138214, 0.10236478] |
|12 |   50 |  0.25 | 5000 |      f3 |      20 |    35.0 |    35.0 |    0,00 |0,0010 |1592532508002 |[0.41290247, 0.7914749, 0.41138214, 0.10236478] |
|13 |   50 |  0.25 | 5000 |      f3 |      20 |    35.0 |    35.0 |    0,00 |  0,0 |1592532508003 |[0.8152261, 0.95479506, 0.4605958, 0.19154209] |
|13 |   50 |  0.25 | 5000 |      f3 |      20 |    35.0 |    35.0 |    0,00 |0,0010 |1592532508003 |[0.8152261, 0.95479506, 0.4605958, 0.19154209] |
|14 |   50 |  0.25 | 5000 |      f3 |      20 |    35.0 |    35.0 |    0,00 |  0,0 |1592532508004 |[0.6177197, 0.86648077, 0.9358283, 0.3799038] |
|14 |   50 |  0.25 | 5000 |      f3 |      20 |    35.0 |    35.0 |    0,00 |0,0010 |1592532508004 |[0.6177197, 0.86648077, 0.9358283, 0.3799038] |
|15 |   50 |  0.25 | 5000 |      f3 |      20 |    35.0 |    35.0 |    0,00 |-0,0010 |1592532508006 |[0.32109624, 0.5414345, 0.30279258, 0.2789871] |
|15 |   50 |  0.25 | 5000 |      f3 |      20 |    35.0 |    35.0 |    0,00 |0,0010 |1592532508006 |[0.32109624, 0.5414345, 0.30279258, 0.2789871] |
