| # | Nest | %Desc |#Iter |Instancia | CapMoch |ValOptmo | BestFit |     RDP | time |      semilla |VectorSolucion |
-------------------------------------------------------------------------------------------------
| 1 |   35 |0.26666668 | 2500 |      f5 |     375 |481.0694 |   477.0 |    0,85 |-1,6e+09 |1592510564637 |[0.34032208, 0.4094476, 0.97096133, 0.29378438, 0.039381683, 0.73563164, 0.26006824, 0.14920002, 0.19272763, 0.91524935, 0.23782599, 0.9667066, 0.77735025, 0.0684613, 0.72281253] |
| 1 |   35 |  0.45 | 2500 |      f5 |     375 |481.0694 |   477.0 |    0,85 |-1,6e+09 |1592510564637 |[0.34032208, 0.4094476, 0.97096133, 0.29378438, 0.039381683, 0.73563164, 0.26006824, 0.14920002, 0.19272763, 0.91524935, 0.23782599, 0.9667066, 0.77735025, 0.0684613, 0.72281253] |
| 1 |   35 |0.37142858 | 2500 |      f5 |     375 |481.0694 |   477.0 |    0,85 |-1,6e+09 |1592510564637 |[0.4601758, 0.043789983, 0.26666832, 0.43739247, 0.24571711, 0.6119534, 0.8570732, 0.395791, 0.40061545, 0.39445496, 0.10423875, 0.6010113, 0.34245765, 0.98385245, 0.59437484] |
| 1 |   35 |0.37142858 | 2500 |      f5 |     375 |481.0694 |   477.0 |    0,85 |-1,6e+09 |1592510564637 |[0.4601758, 0.043789983, 0.26666832, 0.43739247, 0.24571711, 0.6119534, 0.8570732, 0.395791, 0.40061545, 0.39445496, 0.10423875, 0.6010113, 0.34245765, 0.98385245, 0.59437484] |
| 2 |   35 |   0.4 | 2500 |      f5 |     375 |481.0694 |   477.0 |    0,85 |  0,0 |1592510566328 |[0.25394225, 0.08518547, 0.81489813, 0.42345297, 0.80408967, 0.8312276, 0.75102305, 0.45912784, 0.7857803, 0.9988668, 0.45933622, 0.5567587, 0.972098, 0.30675954, 0.84009784] |
| 2 |   35 |  0.45 | 2500 |      f5 |     375 |481.0694 |   477.0 |    0,85 |  0,0 |1592510566328 |[0.25394225, 0.08518547, 0.81489813, 0.42345297, 0.80408967, 0.8312276, 0.75102305, 0.45912784, 0.7857803, 0.9988668, 0.45933622, 0.5567587, 0.972098, 0.30675954, 0.84009784] |
| 2 |   35 |0.37142858 | 2500 |      f5 |     375 |481.0694 |   477.0 |    0,85 |  0,0 |1592510566328 |[0.25394225, 0.08518547, 0.81489813, 0.42345297, 0.80408967, 0.8312276, 0.75102305, 0.45912784, 0.7857803, 0.9988668, 0.45933622, 0.5567587, 0.972098, 0.30675954, 0.84009784] |
| 2 |   35 |0.37142858 | 2500 |      f5 |     375 |481.0694 |   477.0 |    0,85 |  0,0 |1592510566328 |[0.25394225, 0.08518547, 0.81489813, 0.42345297, 0.80408967, 0.8312276, 0.75102305, 0.45912784, 0.7857803, 0.9988668, 0.45933622, 0.5567587, 0.972098, 0.30675954, 0.84009784] |
| 3 |   35 |0.33333334 | 2500 |      f5 |     375 |481.0694 |   477.0 |    0,85 |  0,0 |1592510568001 |[0.936059, 0.030077875, 0.036872864, 0.33684105, 0.6052997, 0.91347736, 0.6238671, 0.55671704, 0.9882638, 0.6292598, 0.38408476, 0.17521524, 0.00587517, 0.04415524, 0.9493192] |
| 3 |   35 |  0.45 | 2500 |      f5 |     375 |481.0694 |   477.0 |    0,85 |  0,0 |1592510568001 |[0.936059, 0.030077875, 0.036872864, 0.33684105, 0.6052997, 0.91347736, 0.6238671, 0.55671704, 0.9882638, 0.6292598, 0.38408476, 0.17521524, 0.00587517, 0.04415524, 0.9493192] |
| 3 |   35 |0.37142858 | 2500 |      f5 |     375 |481.0694 |   477.0 |    0,85 |  0,0 |1592510568001 |[0.936059, 0.030077875, 0.036872864, 0.33684105, 0.6052997, 0.91347736, 0.6238671, 0.55671704, 0.9882638, 0.6292598, 0.38408476, 0.17521524, 0.00587517, 0.04415524, 0.9493192] |
| 3 |   35 |0.34285715 | 2500 |      f5 |     375 |481.0694 |   477.0 |    0,85 |  0,0 |1592510568001 |[0.936059, 0.030077875, 0.036872864, 0.33684105, 0.6052997, 0.91347736, 0.6238671, 0.55671704, 0.9882638, 0.6292598, 0.38408476, 0.17521524, 0.00587517, 0.04415524, 0.9493192] |
| 4 |   35 |0.33333334 | 2500 |      f5 |     375 |481.0694 |   477.0 |    0,85 |-0,0010 |1592510569690 |[0.8470059, 0.24795097, 0.47766382, 0.55244344, 0.31931967, 0.50777173, 0.8375994, 0.93410033, 0.9651689, 0.6247118, 0.7382494, 0.20032203, 0.2032159, 0.17347187, 0.38139206] |
| 4 |   35 |  0.45 | 2500 |      f5 |     375 |481.0694 |   477.0 |    0,85 |-0,0010 |1592510569690 |[0.8470059, 0.24795097, 0.47766382, 0.55244344, 0.31931967, 0.50777173, 0.8375994, 0.93410033, 0.9651689, 0.6247118, 0.7382494, 0.20032203, 0.2032159, 0.17347187, 0.38139206] |
| 4 |   35 |0.25714287 | 2500 |      f5 |     375 |481.0694 |   477.0 |    0,85 |-0,0010 |1592510569690 |[0.8470059, 0.24795097, 0.47766382, 0.55244344, 0.31931967, 0.50777173, 0.8375994, 0.93410033, 0.9651689, 0.6247118, 0.7382494, 0.20032203, 0.2032159, 0.17347187, 0.38139206] |
| 4 |   35 |0.34285715 | 2500 |      f5 |     375 |481.0694 |   477.0 |    0,85 |-0,0010 |1592510569690 |[0.8470059, 0.24795097, 0.47766382, 0.55244344, 0.31931967, 0.50777173, 0.8375994, 0.93410033, 0.9651689, 0.6247118, 0.7382494, 0.20032203, 0.2032159, 0.17347187, 0.38139206] |
| 5 |   35 |   0.4 | 2500 |      f5 |     375 |481.0694 |   477.0 |    0,85 |  0,0 |1592510571382 |[0.517236, 0.11596537, 0.74778354, 0.64417213, 0.41395485, 0.3157941, 0.7721337, 0.15576631, 0.46340644, 0.33238858, 0.55566126, 0.9141806, 0.5914782, 0.9196741, 0.020554781] |
| 5 |   35 |  0.45 | 2500 |      f5 |     375 |481.0694 |   477.0 |    0,85 |  0,0 |1592510571382 |[0.517236, 0.11596537, 0.74778354, 0.64417213, 0.41395485, 0.3157941, 0.7721337, 0.15576631, 0.46340644, 0.33238858, 0.55566126, 0.9141806, 0.5914782, 0.9196741, 0.020554781] |
| 5 |   35 |0.37142858 | 2500 |      f5 |     375 |481.0694 |   477.0 |    0,85 |  0,0 |1592510571382 |[0.517236, 0.11596537, 0.74778354, 0.64417213, 0.41395485, 0.3157941, 0.7721337, 0.15576631, 0.46340644, 0.33238858, 0.55566126, 0.9141806, 0.5914782, 0.9196741, 0.020554781] |
| 5 |   35 |   0.4 | 2500 |      f5 |     375 |481.0694 |   477.0 |    0,85 |  0,0 |1592510571382 |[0.517236, 0.11596537, 0.74778354, 0.64417213, 0.41395485, 0.3157941, 0.7721337, 0.15576631, 0.46340644, 0.33238858, 0.55566126, 0.9141806, 0.5914782, 0.9196741, 0.020554781] |
| 6 |   35 |   0.2 | 2500 |      f5 |     375 |481.0694 |   477.0 |    0,85 |  0,0 |1592510573032 |[0.97672826, 0.6327831, 0.6258252, 0.42283964, 0.19312972, 0.15366125, 0.5241315, 0.4954934, 0.23538268, 0.29532456, 0.69912523, 0.74336314, 0.48666, 0.9450039, 0.15140098] |
| 6 |   35 |  0.45 | 2500 |      f5 |     375 |481.0694 |   477.0 |    0,85 |  0,0 |1592510573032 |[0.97672826, 0.6327831, 0.6258252, 0.42283964, 0.19312972, 0.15366125, 0.5241315, 0.4954934, 0.23538268, 0.29532456, 0.69912523, 0.74336314, 0.48666, 0.9450039, 0.15140098] |
| 6 |   35 |0.34285715 | 2500 |      f5 |     375 |481.0694 |   477.0 |    0,85 |  0,0 |1592510573032 |[0.97672826, 0.6327831, 0.6258252, 0.42283964, 0.19312972, 0.15366125, 0.5241315, 0.4954934, 0.23538268, 0.29532456, 0.69912523, 0.74336314, 0.48666, 0.9450039, 0.15140098] |
| 6 |   35 |0.37142858 | 2500 |      f5 |     375 |481.0694 |   477.0 |    0,85 |  0,0 |1592510573032 |[0.97672826, 0.6327831, 0.6258252, 0.42283964, 0.19312972, 0.15366125, 0.5241315, 0.4954934, 0.23538268, 0.29532456, 0.69912523, 0.74336314, 0.48666, 0.9450039, 0.15140098] |
| 7 |   35 |0.36666667 | 2500 |      f5 |     375 |481.0694 |   477.0 |    0,85 |-0,0010 |1592510574675 |[0.46623522, 0.59322023, 0.46268117, 0.57995737, 0.6075493, 0.3057633, 0.33211517, 0.54286045, 0.3126688, 0.3657546, 0.20171785, 0.26834643, 0.32889038, 0.955716, 0.5574346] |
| 7 |   35 |  0.45 | 2500 |      f5 |     375 |481.0694 |   477.0 |    0,85 |-0,0010 |1592510574675 |[0.46623522, 0.59322023, 0.46268117, 0.57995737, 0.6075493, 0.3057633, 0.33211517, 0.54286045, 0.3126688, 0.3657546, 0.20171785, 0.26834643, 0.32889038, 0.955716, 0.5574346] |
| 7 |   35 |0.42857143 | 2500 |      f5 |     375 |481.0694 |   477.0 |    0,85 |-0,0010 |1592510574675 |[0.46623522, 0.59322023, 0.46268117, 0.57995737, 0.6075493, 0.3057633, 0.33211517, 0.54286045, 0.3126688, 0.3657546, 0.20171785, 0.26834643, 0.32889038, 0.955716, 0.5574346] |
| 7 |   35 |0.25714287 | 2500 |      f5 |     375 |481.0694 |   477.0 |    0,85 |-0,0010 |1592510574675 |[0.46623522, 0.59322023, 0.46268117, 0.57995737, 0.6075493, 0.3057633, 0.33211517, 0.54286045, 0.3126688, 0.3657546, 0.20171785, 0.26834643, 0.32889038, 0.955716, 0.5574346] |
| 8 |   35 |0.26666668 | 2500 |      f5 |     375 |481.0694 |   477.0 |    0,85 |  0,0 |1592510576357 |[0.39122647, 0.7211159, 0.20542032, 0.04006964, 0.082116246, 0.045243382, 0.085850894, 0.3556552, 0.48138762, 0.8103653, 0.56007963, 0.8001731, 0.9481339, 0.56921273, 0.69595903] |
| 8 |   35 |  0.45 | 2500 |      f5 |     375 |481.0694 |   477.0 |    0,85 |  0,0 |1592510576357 |[0.39122647, 0.7211159, 0.20542032, 0.04006964, 0.082116246, 0.045243382, 0.085850894, 0.3556552, 0.48138762, 0.8103653, 0.56007963, 0.8001731, 0.9481339, 0.56921273, 0.69595903] |
| 8 |   35 |0.31428573 | 2500 |      f5 |     375 |481.0694 |   477.0 |    0,85 |  0,0 |1592510576357 |[0.39122647, 0.7211159, 0.20542032, 0.04006964, 0.082116246, 0.045243382, 0.085850894, 0.3556552, 0.48138762, 0.8103653, 0.56007963, 0.8001731, 0.9481339, 0.56921273, 0.69595903] |
| 8 |   35 |0.25714287 | 2500 |      f5 |     375 |481.0694 |   477.0 |    0,85 |  0,0 |1592510576357 |[0.43912846, 0.12232494, 0.16915596, 0.65265995, 0.06541628, 0.03243071, 0.28478193, 0.8846822, 0.50122046, 0.8586956, 0.22739846, 0.42814124, 0.6324571, 0.86442864, 0.029206336] |
| 9 |   35 |   0.3 | 2500 |      f5 |     375 |481.0694 |   477.0 |    0,85 |-0,0010 |1592510578001 |[0.34338945, 0.28531373, 0.74410176, 0.81063765, 0.8280917, 0.5734888, 0.43526578, 0.046917856, 0.31030387, 0.3790838, 0.6081699, 0.8813343, 0.4379732, 0.522641, 0.2701714] |
| 9 |   35 |  0.45 | 2500 |      f5 |     375 |481.0694 |   477.0 |    0,85 |-0,0010 |1592510578001 |[0.34338945, 0.28531373, 0.74410176, 0.81063765, 0.8280917, 0.5734888, 0.43526578, 0.046917856, 0.31030387, 0.3790838, 0.6081699, 0.8813343, 0.4379732, 0.522641, 0.2701714] |
| 9 |   35 |0.42857143 | 2500 |      f5 |     375 |481.0694 |   477.0 |    0,85 |-0,0010 |1592510578001 |[0.34338945, 0.28531373, 0.74410176, 0.81063765, 0.8280917, 0.5734888, 0.43526578, 0.046917856, 0.31030387, 0.3790838, 0.6081699, 0.8813343, 0.4379732, 0.522641, 0.2701714] |
| 9 |   35 |0.2857143 | 2500 |      f5 |     375 |481.0694 |   477.0 |    0,85 |-0,0010 |1592510578001 |[0.34338945, 0.28531373, 0.74410176, 0.81063765, 0.8280917, 0.5734888, 0.43526578, 0.046917856, 0.31030387, 0.3790838, 0.6081699, 0.8813343, 0.4379732, 0.522641, 0.2701714] |
|10 |   35 |0.26666668 | 2500 |      f5 |     375 |481.0694 |   477.0 |    0,85 |  0,0 |1592510579657 |[0.045766294, 0.05447334, 0.26010418, 0.1512407, 0.9181439, 0.07815856, 0.93271226, 0.55877686, 0.23234677, 0.86666423, 0.17411673, 0.51272357, 0.18998158, 0.9089099, 0.31872135] |
|10 |   35 |  0.45 | 2500 |      f5 |     375 |481.0694 |   477.0 |    0,85 |  0,0 |1592510579657 |[0.045766294, 0.05447334, 0.26010418, 0.1512407, 0.9181439, 0.07815856, 0.93271226, 0.55877686, 0.23234677, 0.86666423, 0.17411673, 0.51272357, 0.18998158, 0.9089099, 0.31872135] |
|10 |   35 |   0.4 | 2500 |      f5 |     375 |481.0694 |   477.0 |    0,85 |  0,0 |1592510579657 |[0.045766294, 0.05447334, 0.26010418, 0.1512407, 0.9181439, 0.07815856, 0.93271226, 0.55877686, 0.23234677, 0.86666423, 0.17411673, 0.51272357, 0.18998158, 0.9089099, 0.31872135] |
|10 |   35 |0.37142858 | 2500 |      f5 |     375 |481.0694 |   477.0 |    0,85 |  0,0 |1592510579657 |[0.045766294, 0.05447334, 0.26010418, 0.1512407, 0.9181439, 0.07815856, 0.93271226, 0.55877686, 0.23234677, 0.86666423, 0.17411673, 0.51272357, 0.18998158, 0.9089099, 0.31872135] |
|11 |   35 |0.33333334 | 2500 |      f5 |     375 |481.0694 |   477.0 |    0,85 |-0,0010 |1592510581307 |[0.8049009, 0.6619757, 0.48370588, 0.13130158, 0.054567933, 0.87459093, 0.47076768, 0.53684956, 0.19321334, 0.71508193, 0.76772267, 0.53319645, 0.74861807, 0.4468367, 0.5819369] |
|11 |   35 |  0.45 | 2500 |      f5 |     375 |481.0694 |   477.0 |    0,85 |-0,0010 |1592510581307 |[0.8049009, 0.6619757, 0.48370588, 0.13130158, 0.054567933, 0.87459093, 0.47076768, 0.53684956, 0.19321334, 0.71508193, 0.76772267, 0.53319645, 0.74861807, 0.4468367, 0.5819369] |
|11 |   35 |0.31428573 | 2500 |      f5 |     375 |481.0694 |   477.0 |    0,85 |-0,0010 |1592510581307 |[0.8049009, 0.6619757, 0.48370588, 0.13130158, 0.054567933, 0.87459093, 0.47076768, 0.53684956, 0.19321334, 0.71508193, 0.76772267, 0.53319645, 0.74861807, 0.4468367, 0.5819369] |
|11 |   35 |0.22857143 | 2500 |      f5 |     375 |481.0694 |   477.0 |    0,85 |-0,0010 |1592510581307 |[0.8049009, 0.6619757, 0.48370588, 0.13130158, 0.054567933, 0.87459093, 0.47076768, 0.53684956, 0.19321334, 0.71508193, 0.76772267, 0.53319645, 0.74861807, 0.4468367, 0.5819369] |
|12 |   35 |   0.3 | 2500 |      f5 |     375 |481.0694 |   477.0 |    0,85 |  0,0 |1592510582959 |[0.12579334, 0.9040213, 0.55640537, 0.26152778, 0.4018376, 0.5873741, 0.14019102, 0.42155564, 0.06646901, 0.49866992, 0.4771878, 0.23282766, 0.68081737, 0.5589828, 0.46978962] |
|12 |   35 |  0.45 | 2500 |      f5 |     375 |481.0694 |   477.0 |    0,85 |  0,0 |1592510582959 |[0.12579334, 0.9040213, 0.55640537, 0.26152778, 0.4018376, 0.5873741, 0.14019102, 0.42155564, 0.06646901, 0.49866992, 0.4771878, 0.23282766, 0.68081737, 0.5589828, 0.46978962] |
|12 |   35 |0.25714287 | 2500 |      f5 |     375 |481.0694 |   477.0 |    0,85 |  0,0 |1592510582959 |[0.12579334, 0.9040213, 0.55640537, 0.26152778, 0.4018376, 0.5873741, 0.14019102, 0.42155564, 0.06646901, 0.49866992, 0.4771878, 0.23282766, 0.68081737, 0.5589828, 0.46978962] |
|12 |   35 |0.2857143 | 2500 |      f5 |     375 |481.0694 |   477.0 |    0,85 |  0,0 |1592510582959 |[0.12579334, 0.9040213, 0.55640537, 0.26152778, 0.4018376, 0.5873741, 0.14019102, 0.42155564, 0.06646901, 0.49866992, 0.4771878, 0.23282766, 0.68081737, 0.5589828, 0.46978962] |
|13 |   35 |0.26666668 | 2500 |      f5 |     375 |481.0694 |   477.0 |    0,85 |  0,0 |1592510584602 |[0.6170722, 0.15298003, 0.8008809, 0.6069331, 0.97742593, 0.7701894, 0.20270127, 0.9262977, 0.47219217, 0.4937479, 0.86914784, 0.32664132, 0.11592275, 0.871435, 0.83781874] |
|13 |   35 |  0.45 | 2500 |      f5 |     375 |481.0694 |   477.0 |    0,85 |  0,0 |1592510584602 |[0.6170722, 0.15298003, 0.8008809, 0.6069331, 0.97742593, 0.7701894, 0.20270127, 0.9262977, 0.47219217, 0.4937479, 0.86914784, 0.32664132, 0.11592275, 0.871435, 0.83781874] |
|13 |   35 |0.31428573 | 2500 |      f5 |     375 |481.0694 |   477.0 |    0,85 |  0,0 |1592510584602 |[0.6170722, 0.15298003, 0.8008809, 0.6069331, 0.97742593, 0.7701894, 0.20270127, 0.9262977, 0.47219217, 0.4937479, 0.86914784, 0.32664132, 0.11592275, 0.871435, 0.83781874] |
|13 |   35 |0.22857143 | 2500 |      f5 |     375 |481.0694 |   477.0 |    0,85 |  0,0 |1592510584602 |[0.9105643, 0.6524588, 0.8831021, 0.16882628, 0.2803862, 0.67088103, 0.6155755, 0.062707484, 0.58393645, 0.73593885, 0.30704492, 0.46952587, 0.8335775, 0.36250186, 0.6685585] |
|14 |   35 |0.36666667 | 2500 |      f5 |     375 |481.0694 |   477.0 |    0,85 |-0,0010 |1592510586251 |[0.8572615, 0.6476349, 0.8843515, 0.015606999, 0.6445359, 0.16293359, 0.8932106, 0.010024607, 0.8546031, 0.9387209, 0.61730605, 0.22071713, 0.32127327, 0.3600396, 0.42421657] |
|14 |   35 |  0.45 | 2500 |      f5 |     375 |481.0694 |   477.0 |    0,85 |-0,0010 |1592510586251 |[0.8572615, 0.6476349, 0.8843515, 0.015606999, 0.6445359, 0.16293359, 0.8932106, 0.010024607, 0.8546031, 0.9387209, 0.61730605, 0.22071713, 0.32127327, 0.3600396, 0.42421657] |
|14 |   35 |0.37142858 | 2500 |      f5 |     375 |481.0694 |   477.0 |    0,85 |-0,0010 |1592510586251 |[0.71171683, 0.62817585, 0.15051222, 0.84697753, 0.92739445, 0.85417813, 0.26960206, 0.44144964, 0.67402565, 0.71370584, 0.070833266, 0.86421806, 0.99873245, 0.8102828, 0.3626113] |
|14 |   35 |0.31428573 | 2500 |      f5 |     375 |481.0694 |   477.0 |    0,85 |-0,0010 |1592510586251 |[0.26778328, 0.070981026, 0.25076228, 0.42904562, 0.24437094, 0.67513984, 0.2164076, 0.17438614, 0.24483746, 0.30644554, 0.3176962, 0.8270109, 0.87225664, 0.104418516, 0.53344077] |
|15 |   35 |  0.45 | 2500 |      f5 |     375 |481.0694 |   477.0 |    0,85 |  0,0 |1592510587909 |[0.94063777, 0.26189512, 0.58564246, 0.91599256, 0.37282753, 0.6630671, 0.10794681, 0.16929626, 0.14483726, 0.899544, 0.123768866, 0.6214717, 0.6844493, 0.33435953, 0.73923105] |
|15 |   35 |  0.45 | 2500 |      f5 |     375 |481.0694 |   477.0 |    0,85 |  0,0 |1592510587909 |[0.94063777, 0.26189512, 0.58564246, 0.91599256, 0.37282753, 0.6630671, 0.10794681, 0.16929626, 0.14483726, 0.899544, 0.123768866, 0.6214717, 0.6844493, 0.33435953, 0.73923105] |
|15 |   35 |0.34285715 | 2500 |      f5 |     375 |481.0694 |   477.0 |    0,85 |  0,0 |1592510587909 |[0.94063777, 0.26189512, 0.58564246, 0.91599256, 0.37282753, 0.6630671, 0.10794681, 0.16929626, 0.14483726, 0.899544, 0.123768866, 0.6214717, 0.6844493, 0.33435953, 0.73923105] |
|15 |   35 |   0.4 | 2500 |      f5 |     375 |481.0694 |   477.0 |    0,85 |  0,0 |1592510587909 |[0.5913599, 0.35438788, 0.9594376, 0.70118785, 0.4264307, 0.3867033, 0.24659777, 0.07948917, 0.95726573, 0.66220975, 0.8642088, 0.35396886, 0.18954957, 0.16513968, 0.15918148] |
