| # | Nest | %Desc |#Iter |Instancia | CapMoch |ValOptmo | BestFit |     RDP | time |      semilla |VectorSolucion |
-------------------------------------------------------------------------------------------------
| 1 |   50 |  0.25 | 5000 |      f8 |   10000 |  9767.0 |  9259.0 |    5,20 |-1,6e+09 |1592513171072 |[0.8583756, 0.6762849, 0.48961884, 0.15522206, 0.72433484, 0.8569986, 0.85734224, 0.36829424, 0.8315482, 0.24255145, 0.1580463, 0.5256098, 0.571286, 0.09857875, 0.14204139, 0.5947188, 0.59559864, 0.19144279, 0.4921496, 0.47316837, 0.7547778, 0.6861275, 0.32010663] |
| 1 |   50 |   0.4 | 5000 |      f8 |   10000 |  9767.0 |  9259.0 |    5,20 |-1,6e+09 |1592513171072 |[0.8583756, 0.6762849, 0.48961884, 0.15522206, 0.72433484, 0.8569986, 0.85734224, 0.36829424, 0.8315482, 0.24255145, 0.1580463, 0.5256098, 0.571286, 0.09857875, 0.14204139, 0.5947188, 0.59559864, 0.19144279, 0.4921496, 0.47316837, 0.7547778, 0.6861275, 0.32010663] |
| 1 |   50 |  0.32 | 5000 |      f8 |   10000 |  9767.0 |  9259.0 |    5,20 |-1,6e+09 |1592513171072 |[0.8583756, 0.6762849, 0.48961884, 0.15522206, 0.72433484, 0.8569986, 0.85734224, 0.36829424, 0.8315482, 0.24255145, 0.1580463, 0.5256098, 0.571286, 0.09857875, 0.14204139, 0.5947188, 0.59559864, 0.19144279, 0.4921496, 0.47316837, 0.7547778, 0.6861275, 0.32010663] |
| 1 |   55 |  0.36 | 5000 |      f8 |   10000 |  9767.0 |  9259.0 |    5,20 |-1,6e+09 |1592513171072 |[0.8583756, 0.6762849, 0.48961884, 0.15522206, 0.72433484, 0.8569986, 0.85734224, 0.36829424, 0.8315482, 0.24255145, 0.1580463, 0.5256098, 0.571286, 0.09857875, 0.14204139, 0.5947188, 0.59559864, 0.19144279, 0.4921496, 0.47316837, 0.7547778, 0.6861275, 0.32010663] |
| 1 |   55 |  0.45 | 5000 |      f8 |   10000 |  9767.0 |  9259.0 |    5,20 |-1,6e+09 |1592513171072 |[0.8583756, 0.6762849, 0.48961884, 0.15522206, 0.72433484, 0.8569986, 0.85734224, 0.36829424, 0.8315482, 0.24255145, 0.1580463, 0.5256098, 0.571286, 0.09857875, 0.14204139, 0.5947188, 0.59559864, 0.19144279, 0.4921496, 0.47316837, 0.7547778, 0.6861275, 0.32010663] |
| 1 |   55 |0.36363637 | 5000 |      f8 |   10000 |  9767.0 |  9259.0 |    5,20 |-1,6e+09 |1592513171072 |[0.8583756, 0.6762849, 0.48961884, 0.15522206, 0.72433484, 0.8569986, 0.85734224, 0.36829424, 0.8315482, 0.24255145, 0.1580463, 0.5256098, 0.571286, 0.09857875, 0.14204139, 0.5947188, 0.59559864, 0.19144279, 0.4921496, 0.47316837, 0.7547778, 0.6861275, 0.32010663] |
| 1 |   55 |0.34545454 | 5000 |      f8 |   10000 |  9767.0 |  9259.0 |    5,20 |-1,6e+09 |1592513171072 |[0.8583756, 0.6762849, 0.48961884, 0.15522206, 0.72433484, 0.8569986, 0.85734224, 0.36829424, 0.8315482, 0.24255145, 0.1580463, 0.5256098, 0.571286, 0.09857875, 0.14204139, 0.5947188, 0.59559864, 0.19144279, 0.4921496, 0.47316837, 0.7547778, 0.6861275, 0.32010663] |
| 1 |   60 |0.36363637 | 5000 |      f8 |   10000 |  9767.0 |  9259.0 |    5,20 |-1,6e+09 |1592513171072 |[0.8583756, 0.6762849, 0.48961884, 0.15522206, 0.72433484, 0.8569986, 0.85734224, 0.36829424, 0.8315482, 0.24255145, 0.1580463, 0.5256098, 0.571286, 0.09857875, 0.14204139, 0.5947188, 0.59559864, 0.19144279, 0.4921496, 0.47316837, 0.7547778, 0.6861275, 0.32010663] |
| 1 |   60 |  0.45 | 5000 |      f8 |   10000 |  9767.0 |  9259.0 |    5,20 |-1,6e+09 |1592513171072 |[0.8583756, 0.6762849, 0.48961884, 0.15522206, 0.72433484, 0.8569986, 0.85734224, 0.36829424, 0.8315482, 0.24255145, 0.1580463, 0.5256098, 0.571286, 0.09857875, 0.14204139, 0.5947188, 0.59559864, 0.19144279, 0.4921496, 0.47316837, 0.7547778, 0.6861275, 0.32010663] |
| 1 |   60 |   0.3 | 5000 |      f8 |   10000 |  9767.0 |  9259.0 |    5,20 |-1,6e+09 |1592513171072 |[0.8583756, 0.6762849, 0.48961884, 0.15522206, 0.72433484, 0.8569986, 0.85734224, 0.36829424, 0.8315482, 0.24255145, 0.1580463, 0.5256098, 0.571286, 0.09857875, 0.14204139, 0.5947188, 0.59559864, 0.19144279, 0.4921496, 0.47316837, 0.7547778, 0.6861275, 0.32010663] |
| 1 |   60 |0.38333333 | 5000 |      f8 |   10000 |  9767.0 |  9259.0 |    5,20 |-1,6e+09 |1592513171072 |[0.8583756, 0.6762849, 0.48961884, 0.15522206, 0.72433484, 0.8569986, 0.85734224, 0.36829424, 0.8315482, 0.24255145, 0.1580463, 0.5256098, 0.571286, 0.09857875, 0.14204139, 0.5947188, 0.59559864, 0.19144279, 0.4921496, 0.47316837, 0.7547778, 0.6861275, 0.32010663] |
| 1 |   65 |  0.35 | 5000 |      f8 |   10000 |  9767.0 |  9259.0 |    5,20 |-1,6e+09 |1592513171072 |[0.8583756, 0.6762849, 0.48961884, 0.15522206, 0.72433484, 0.8569986, 0.85734224, 0.36829424, 0.8315482, 0.24255145, 0.1580463, 0.5256098, 0.571286, 0.09857875, 0.14204139, 0.5947188, 0.59559864, 0.19144279, 0.4921496, 0.47316837, 0.7547778, 0.6861275, 0.32010663] |
| 1 |   65 |  0.45 | 5000 |      f8 |   10000 |  9767.0 |  9259.0 |    5,20 |-1,6e+09 |1592513171072 |[0.8583756, 0.6762849, 0.48961884, 0.15522206, 0.72433484, 0.8569986, 0.85734224, 0.36829424, 0.8315482, 0.24255145, 0.1580463, 0.5256098, 0.571286, 0.09857875, 0.14204139, 0.5947188, 0.59559864, 0.19144279, 0.4921496, 0.47316837, 0.7547778, 0.6861275, 0.32010663] |
| 1 |   65 |0.35384616 | 5000 |      f8 |   10000 |  9767.0 |  9259.0 |    5,20 |-1,6e+09 |1592513171072 |[0.8583756, 0.6762849, 0.48961884, 0.15522206, 0.72433484, 0.8569986, 0.85734224, 0.36829424, 0.8315482, 0.24255145, 0.1580463, 0.5256098, 0.571286, 0.09857875, 0.14204139, 0.5947188, 0.59559864, 0.19144279, 0.4921496, 0.47316837, 0.7547778, 0.6861275, 0.32010663] |
| 1 |   65 |0.44615385 | 5000 |      f8 |   10000 |  9767.0 |  9259.0 |    5,20 |-1,6e+09 |1592513171072 |[0.8583756, 0.6762849, 0.48961884, 0.15522206, 0.72433484, 0.8569986, 0.85734224, 0.36829424, 0.8315482, 0.24255145, 0.1580463, 0.5256098, 0.571286, 0.09857875, 0.14204139, 0.5947188, 0.59559864, 0.19144279, 0.4921496, 0.47316837, 0.7547778, 0.6861275, 0.32010663] |
| 1 |   70 |0.41538462 | 5000 |      f8 |   10000 |  9767.0 |  9259.0 |    5,20 |-1,6e+09 |1592513171072 |[0.8583756, 0.6762849, 0.48961884, 0.15522206, 0.72433484, 0.8569986, 0.85734224, 0.36829424, 0.8315482, 0.24255145, 0.1580463, 0.5256098, 0.571286, 0.09857875, 0.14204139, 0.5947188, 0.59559864, 0.19144279, 0.4921496, 0.47316837, 0.7547778, 0.6861275, 0.32010663] |
| 1 |   70 |  0.45 | 5000 |      f8 |   10000 |  9767.0 |  9259.0 |    5,20 |-1,6e+09 |1592513171072 |[0.8583756, 0.6762849, 0.48961884, 0.15522206, 0.72433484, 0.8569986, 0.85734224, 0.36829424, 0.8315482, 0.24255145, 0.1580463, 0.5256098, 0.571286, 0.09857875, 0.14204139, 0.5947188, 0.59559864, 0.19144279, 0.4921496, 0.47316837, 0.7547778, 0.6861275, 0.32010663] |
| 1 |   70 |0.42857143 | 5000 |      f8 |   10000 |  9767.0 |  9259.0 |    5,20 |-1,6e+09 |1592513171072 |[0.8583756, 0.6762849, 0.48961884, 0.15522206, 0.72433484, 0.8569986, 0.85734224, 0.36829424, 0.8315482, 0.24255145, 0.1580463, 0.5256098, 0.571286, 0.09857875, 0.14204139, 0.5947188, 0.59559864, 0.19144279, 0.4921496, 0.47316837, 0.7547778, 0.6861275, 0.32010663] |
| 1 |   70 |   0.4 | 5000 |      f8 |   10000 |  9767.0 |  9259.0 |    5,20 |-1,6e+09 |1592513171072 |[0.8583756, 0.6762849, 0.48961884, 0.15522206, 0.72433484, 0.8569986, 0.85734224, 0.36829424, 0.8315482, 0.24255145, 0.1580463, 0.5256098, 0.571286, 0.09857875, 0.14204139, 0.5947188, 0.59559864, 0.19144279, 0.4921496, 0.47316837, 0.7547778, 0.6861275, 0.32010663] |
| 1 |   75 |0.3857143 | 5000 |      f8 |   10000 |  9767.0 |  9259.0 |    5,20 |-1,6e+09 |1592513171072 |[0.8583756, 0.6762849, 0.48961884, 0.15522206, 0.72433484, 0.8569986, 0.85734224, 0.36829424, 0.8315482, 0.24255145, 0.1580463, 0.5256098, 0.571286, 0.09857875, 0.14204139, 0.5947188, 0.59559864, 0.19144279, 0.4921496, 0.47316837, 0.7547778, 0.6861275, 0.32010663] |
| 1 |   75 |  0.45 | 5000 |      f8 |   10000 |  9767.0 |  9259.0 |    5,20 |-1,6e+09 |1592513171072 |[0.8583756, 0.6762849, 0.48961884, 0.15522206, 0.72433484, 0.8569986, 0.85734224, 0.36829424, 0.8315482, 0.24255145, 0.1580463, 0.5256098, 0.571286, 0.09857875, 0.14204139, 0.5947188, 0.59559864, 0.19144279, 0.4921496, 0.47316837, 0.7547778, 0.6861275, 0.32010663] |
| 1 |   75 |  0.45 | 5000 |      f8 |   10000 |  9767.0 |  9259.0 |    5,20 |   12 |1592513171072 |[0.8583756, 0.6762849, 0.48961884, 0.15522206, 0.72433484, 0.8569986, 0.85734224, 0.36829424, 0.8315482, 0.24255145, 0.1580463, 0.5256098, 0.571286, 0.09857875, 0.14204139, 0.5947188, 0.59559864, 0.19144279, 0.4921496, 0.47316837, 0.7547778, 0.6861275, 0.32010663] |
| 2 |   50 |  0.25 | 5000 |      f8 |   10000 |  9767.0 |  9259.0 |    5,20 |-0,0060 |1592513183369 |[0.8897088, 0.15375584, 0.6489655, 0.6505588, 0.89956486, 0.0074620843, 0.69679147, 0.2327556, 0.4822927, 0.52978164, 0.69509095, 0.51028335, 0.8483528, 0.98554903, 0.35467768, 0.91922265, 0.9698664, 0.19187778, 0.70100373, 0.5441084, 0.5754094, 0.9169115, 0.92445344] |
| 2 |   50 |   0.3 | 5000 |      f8 |   10000 |  9767.0 |  9259.0 |    5,20 |-0,0060 |1592513183369 |[0.26722097, 0.41506255, 0.98142844, 0.13499576, 0.9017947, 0.395158, 0.61546636, 0.30747998, 0.5664214, 0.6699102, 0.8906562, 0.029141366, 0.47966993, 0.557484, 0.6560706, 0.75551075, 0.97534204, 0.65942675, 0.2843898, 0.38209242, 0.6890538, 0.9684799, 0.16751993] |
| 2 |   50 |  0.26 | 5000 |      f8 |   10000 |  9767.0 |  9259.0 |    5,20 |-0,0060 |1592513183369 |[0.26722097, 0.41506255, 0.98142844, 0.13499576, 0.9017947, 0.395158, 0.61546636, 0.30747998, 0.5664214, 0.6699102, 0.8906562, 0.029141366, 0.47966993, 0.557484, 0.6560706, 0.75551075, 0.97534204, 0.65942675, 0.2843898, 0.38209242, 0.6890538, 0.9684799, 0.16751993] |
| 2 |   55 |   0.4 | 5000 |      f8 |   10000 |  9767.0 |  9259.0 |    5,20 |-0,0060 |1592513183369 |[0.26722097, 0.41506255, 0.98142844, 0.13499576, 0.9017947, 0.395158, 0.61546636, 0.30747998, 0.5664214, 0.6699102, 0.8906562, 0.029141366, 0.47966993, 0.557484, 0.6560706, 0.75551075, 0.97534204, 0.65942675, 0.2843898, 0.38209242, 0.6890538, 0.9684799, 0.16751993] |
| 2 |   55 |  0.45 | 5000 |      f8 |   10000 |  9767.0 |  9259.0 |    5,20 |-0,0060 |1592513183369 |[0.26722097, 0.41506255, 0.98142844, 0.13499576, 0.9017947, 0.395158, 0.61546636, 0.30747998, 0.5664214, 0.6699102, 0.8906562, 0.029141366, 0.47966993, 0.557484, 0.6560706, 0.75551075, 0.97534204, 0.65942675, 0.2843898, 0.38209242, 0.6890538, 0.9684799, 0.16751993] |
| 2 |   55 |0.34545454 | 5000 |      f8 |   10000 |  9767.0 |  9259.0 |    5,20 |-0,0060 |1592513183369 |[0.26722097, 0.41506255, 0.98142844, 0.13499576, 0.9017947, 0.395158, 0.61546636, 0.30747998, 0.5664214, 0.6699102, 0.8906562, 0.029141366, 0.47966993, 0.557484, 0.6560706, 0.75551075, 0.97534204, 0.65942675, 0.2843898, 0.38209242, 0.6890538, 0.9684799, 0.16751993] |
| 2 |   55 |0.3090909 | 5000 |      f8 |   10000 |  9767.0 |  9259.0 |    5,20 |-0,0060 |1592513183369 |[0.26722097, 0.41506255, 0.98142844, 0.13499576, 0.9017947, 0.395158, 0.61546636, 0.30747998, 0.5664214, 0.6699102, 0.8906562, 0.029141366, 0.47966993, 0.557484, 0.6560706, 0.75551075, 0.97534204, 0.65942675, 0.2843898, 0.38209242, 0.6890538, 0.9684799, 0.16751993] |
| 2 |   60 |0.4181818 | 5000 |      f8 |   10000 |  9767.0 |  9259.0 |    5,20 |-0,0060 |1592513183369 |[0.26722097, 0.41506255, 0.98142844, 0.13499576, 0.9017947, 0.395158, 0.61546636, 0.30747998, 0.5664214, 0.6699102, 0.8906562, 0.029141366, 0.47966993, 0.557484, 0.6560706, 0.75551075, 0.97534204, 0.65942675, 0.2843898, 0.38209242, 0.6890538, 0.9684799, 0.16751993] |
| 2 |   60 |  0.45 | 5000 |      f8 |   10000 |  9767.0 |  9259.0 |    5,20 |-0,0060 |1592513183369 |[0.26722097, 0.41506255, 0.98142844, 0.13499576, 0.9017947, 0.395158, 0.61546636, 0.30747998, 0.5664214, 0.6699102, 0.8906562, 0.029141366, 0.47966993, 0.557484, 0.6560706, 0.75551075, 0.97534204, 0.65942675, 0.2843898, 0.38209242, 0.6890538, 0.9684799, 0.16751993] |
| 2 |   60 |   0.4 | 5000 |      f8 |   10000 |  9767.0 |  9259.0 |    5,20 |-0,0060 |1592513183369 |[0.26722097, 0.41506255, 0.98142844, 0.13499576, 0.9017947, 0.395158, 0.61546636, 0.30747998, 0.5664214, 0.6699102, 0.8906562, 0.029141366, 0.47966993, 0.557484, 0.6560706, 0.75551075, 0.97534204, 0.65942675, 0.2843898, 0.38209242, 0.6890538, 0.9684799, 0.16751993] |
| 2 |   60 |0.28333333 | 5000 |      f8 |   10000 |  9767.0 |  9259.0 |    5,20 |-0,0060 |1592513183369 |[0.26722097, 0.41506255, 0.98142844, 0.13499576, 0.9017947, 0.395158, 0.61546636, 0.30747998, 0.5664214, 0.6699102, 0.8906562, 0.029141366, 0.47966993, 0.557484, 0.6560706, 0.75551075, 0.97534204, 0.65942675, 0.2843898, 0.38209242, 0.6890538, 0.9684799, 0.16751993] |
| 2 |   65 |  0.25 | 5000 |      f8 |   10000 |  9767.0 |  9259.0 |    5,20 |-0,0060 |1592513183369 |[0.26722097, 0.41506255, 0.98142844, 0.13499576, 0.9017947, 0.395158, 0.61546636, 0.30747998, 0.5664214, 0.6699102, 0.8906562, 0.029141366, 0.47966993, 0.557484, 0.6560706, 0.75551075, 0.97534204, 0.65942675, 0.2843898, 0.38209242, 0.6890538, 0.9684799, 0.16751993] |
| 2 |   65 |  0.45 | 5000 |      f8 |   10000 |  9767.0 |  9259.0 |    5,20 |-0,0060 |1592513183369 |[0.26722097, 0.41506255, 0.98142844, 0.13499576, 0.9017947, 0.395158, 0.61546636, 0.30747998, 0.5664214, 0.6699102, 0.8906562, 0.029141366, 0.47966993, 0.557484, 0.6560706, 0.75551075, 0.97534204, 0.65942675, 0.2843898, 0.38209242, 0.6890538, 0.9684799, 0.16751993] |
| 2 |   65 |0.43076923 | 5000 |      f8 |   10000 |  9767.0 |  9259.0 |    5,20 |-0,0060 |1592513183369 |[0.26722097, 0.41506255, 0.98142844, 0.13499576, 0.9017947, 0.395158, 0.61546636, 0.30747998, 0.5664214, 0.6699102, 0.8906562, 0.029141366, 0.47966993, 0.557484, 0.6560706, 0.75551075, 0.97534204, 0.65942675, 0.2843898, 0.38209242, 0.6890538, 0.9684799, 0.16751993] |
| 2 |   65 |0.33846155 | 5000 |      f8 |   10000 |  9767.0 |  9259.0 |    5,20 |-0,0060 |1592513183369 |[0.26722097, 0.41506255, 0.98142844, 0.13499576, 0.9017947, 0.395158, 0.61546636, 0.30747998, 0.5664214, 0.6699102, 0.8906562, 0.029141366, 0.47966993, 0.557484, 0.6560706, 0.75551075, 0.97534204, 0.65942675, 0.2843898, 0.38209242, 0.6890538, 0.9684799, 0.16751993] |
| 2 |   70 |0.2769231 | 5000 |      f8 |   10000 |  9767.0 |  9259.0 |    5,20 |-0,0060 |1592513183369 |[0.26722097, 0.41506255, 0.98142844, 0.13499576, 0.9017947, 0.395158, 0.61546636, 0.30747998, 0.5664214, 0.6699102, 0.8906562, 0.029141366, 0.47966993, 0.557484, 0.6560706, 0.75551075, 0.97534204, 0.65942675, 0.2843898, 0.38209242, 0.6890538, 0.9684799, 0.16751993] |
| 2 |   70 |  0.45 | 5000 |      f8 |   10000 |  9767.0 |  9259.0 |    5,20 |-0,0060 |1592513183369 |[0.26722097, 0.41506255, 0.98142844, 0.13499576, 0.9017947, 0.395158, 0.61546636, 0.30747998, 0.5664214, 0.6699102, 0.8906562, 0.029141366, 0.47966993, 0.557484, 0.6560706, 0.75551075, 0.97534204, 0.65942675, 0.2843898, 0.38209242, 0.6890538, 0.9684799, 0.16751993] |
| 2 |   70 |0.37142858 | 5000 |      f8 |   10000 |  9767.0 |  9259.0 |    5,20 |-0,0060 |1592513183369 |[0.26722097, 0.41506255, 0.98142844, 0.13499576, 0.9017947, 0.395158, 0.61546636, 0.30747998, 0.5664214, 0.6699102, 0.8906562, 0.029141366, 0.47966993, 0.557484, 0.6560706, 0.75551075, 0.97534204, 0.65942675, 0.2843898, 0.38209242, 0.6890538, 0.9684799, 0.16751993] |
| 2 |   70 |0.35714287 | 5000 |      f8 |   10000 |  9767.0 |  9259.0 |    5,20 |-0,0060 |1592513183369 |[0.26722097, 0.41506255, 0.98142844, 0.13499576, 0.9017947, 0.395158, 0.61546636, 0.30747998, 0.5664214, 0.6699102, 0.8906562, 0.029141366, 0.47966993, 0.557484, 0.6560706, 0.75551075, 0.97534204, 0.65942675, 0.2843898, 0.38209242, 0.6890538, 0.9684799, 0.16751993] |
| 2 |   75 |0.37142858 | 5000 |      f8 |   10000 |  9767.0 |  9259.0 |    5,20 |-0,0060 |1592513183369 |[0.26722097, 0.41506255, 0.98142844, 0.13499576, 0.9017947, 0.395158, 0.61546636, 0.30747998, 0.5664214, 0.6699102, 0.8906562, 0.029141366, 0.47966993, 0.557484, 0.6560706, 0.75551075, 0.97534204, 0.65942675, 0.2843898, 0.38209242, 0.6890538, 0.9684799, 0.16751993] |
| 2 |   75 |  0.45 | 5000 |      f8 |   10000 |  9767.0 |  9259.0 |    5,20 |-0,0060 |1592513183369 |[0.26722097, 0.41506255, 0.98142844, 0.13499576, 0.9017947, 0.395158, 0.61546636, 0.30747998, 0.5664214, 0.6699102, 0.8906562, 0.029141366, 0.47966993, 0.557484, 0.6560706, 0.75551075, 0.97534204, 0.65942675, 0.2843898, 0.38209242, 0.6890538, 0.9684799, 0.16751993] |
| 2 |   75 |  0.45 | 5000 |      f8 |   10000 |  9767.0 |  9259.0 |    5,20 |   12 |1592513183369 |[0.26722097, 0.41506255, 0.98142844, 0.13499576, 0.9017947, 0.395158, 0.61546636, 0.30747998, 0.5664214, 0.6699102, 0.8906562, 0.029141366, 0.47966993, 0.557484, 0.6560706, 0.75551075, 0.97534204, 0.65942675, 0.2843898, 0.38209242, 0.6890538, 0.9684799, 0.16751993] |
| 3 |   50 |  0.25 | 5000 |      f8 |   10000 |  9767.0 |  9259.0 |    5,20 |-0,0060 |1592513195456 |[0.06387186, 0.6268841, 0.9910651, 0.24790156, 0.68486583, 0.6449424, 0.5424161, 0.5580805, 0.15555048, 0.32951993, 0.7591879, 0.72152853, 0.057378292, 0.607341, 0.77185416, 0.70254254, 0.66266364, 0.3745929, 0.3463506, 0.10620743, 0.693904, 0.45964622, 0.3159629] |
| 3 |   50 |   0.3 | 5000 |      f8 |   10000 |  9767.0 |  9259.0 |    5,20 |-0,0060 |1592513195456 |[0.06387186, 0.6268841, 0.9910651, 0.24790156, 0.68486583, 0.6449424, 0.5424161, 0.5580805, 0.15555048, 0.32951993, 0.7591879, 0.72152853, 0.057378292, 0.607341, 0.77185416, 0.70254254, 0.66266364, 0.3745929, 0.3463506, 0.10620743, 0.693904, 0.45964622, 0.3159629] |
| 3 |   50 |  0.32 | 5000 |      f8 |   10000 |  9767.0 |  9259.0 |    5,20 |-0,0060 |1592513195456 |[0.06387186, 0.6268841, 0.9910651, 0.24790156, 0.68486583, 0.6449424, 0.5424161, 0.5580805, 0.15555048, 0.32951993, 0.7591879, 0.72152853, 0.057378292, 0.607341, 0.77185416, 0.70254254, 0.66266364, 0.3745929, 0.3463506, 0.10620743, 0.693904, 0.45964622, 0.3159629] |
| 3 |   55 |  0.38 | 5000 |      f8 |   10000 |  9767.0 |  9259.0 |    5,20 |-0,0060 |1592513195456 |[0.06387186, 0.6268841, 0.9910651, 0.24790156, 0.68486583, 0.6449424, 0.5424161, 0.5580805, 0.15555048, 0.32951993, 0.7591879, 0.72152853, 0.057378292, 0.607341, 0.77185416, 0.70254254, 0.66266364, 0.3745929, 0.3463506, 0.10620743, 0.693904, 0.45964622, 0.3159629] |
| 3 |   55 |  0.45 | 5000 |      f8 |   10000 |  9767.0 |  9259.0 |    5,20 |-0,0060 |1592513195456 |[0.08270675, 0.15184641, 0.09866923, 0.059342682, 0.5622547, 0.34187895, 0.5346607, 0.3786553, 0.45886952, 0.22886813, 0.5165368, 0.7492216, 0.6143595, 0.97142774, 0.43210667, 0.61856556, 0.5876119, 0.8866263, 0.05732858, 0.17798418, 0.20003146, 0.8205177, 0.64800715] |
| 3 |   55 |  0.45 | 5000 |      f8 |   10000 |  9767.0 |  9259.0 |    5,20 |-0,0060 |1592513195456 |[0.08270675, 0.15184641, 0.09866923, 0.059342682, 0.5622547, 0.34187895, 0.5346607, 0.3786553, 0.45886952, 0.22886813, 0.5165368, 0.7492216, 0.6143595, 0.97142774, 0.43210667, 0.61856556, 0.5876119, 0.8866263, 0.05732858, 0.17798418, 0.20003146, 0.8205177, 0.64800715] |
| 3 |   55 |0.3090909 | 5000 |      f8 |   10000 |  9767.0 |  9259.0 |    5,20 |-0,0060 |1592513195456 |[0.08270675, 0.15184641, 0.09866923, 0.059342682, 0.5622547, 0.34187895, 0.5346607, 0.3786553, 0.45886952, 0.22886813, 0.5165368, 0.7492216, 0.6143595, 0.97142774, 0.43210667, 0.61856556, 0.5876119, 0.8866263, 0.05732858, 0.17798418, 0.20003146, 0.8205177, 0.64800715] |
| 3 |   60 |0.36363637 | 5000 |      f8 |   10000 |  9767.0 |  9259.0 |    5,20 |-0,0060 |1592513195456 |[0.08270675, 0.15184641, 0.09866923, 0.059342682, 0.5622547, 0.34187895, 0.5346607, 0.3786553, 0.45886952, 0.22886813, 0.5165368, 0.7492216, 0.6143595, 0.97142774, 0.43210667, 0.61856556, 0.5876119, 0.8866263, 0.05732858, 0.17798418, 0.20003146, 0.8205177, 0.64800715] |
| 3 |   60 |  0.45 | 5000 |      f8 |   10000 |  9767.0 |  9259.0 |    5,20 |-0,0060 |1592513195456 |[0.08270675, 0.15184641, 0.09866923, 0.059342682, 0.5622547, 0.34187895, 0.5346607, 0.3786553, 0.45886952, 0.22886813, 0.5165368, 0.7492216, 0.6143595, 0.97142774, 0.43210667, 0.61856556, 0.5876119, 0.8866263, 0.05732858, 0.17798418, 0.20003146, 0.8205177, 0.64800715] |
| 3 |   60 |0.38333333 | 5000 |      f8 |   10000 |  9767.0 |  9259.0 |    5,20 |-0,0060 |1592513195456 |[0.08270675, 0.15184641, 0.09866923, 0.059342682, 0.5622547, 0.34187895, 0.5346607, 0.3786553, 0.45886952, 0.22886813, 0.5165368, 0.7492216, 0.6143595, 0.97142774, 0.43210667, 0.61856556, 0.5876119, 0.8866263, 0.05732858, 0.17798418, 0.20003146, 0.8205177, 0.64800715] |
| 3 |   60 |0.28333333 | 5000 |      f8 |   10000 |  9767.0 |  9259.0 |    5,20 |-0,0060 |1592513195456 |[0.08270675, 0.15184641, 0.09866923, 0.059342682, 0.5622547, 0.34187895, 0.5346607, 0.3786553, 0.45886952, 0.22886813, 0.5165368, 0.7492216, 0.6143595, 0.97142774, 0.43210667, 0.61856556, 0.5876119, 0.8866263, 0.05732858, 0.17798418, 0.20003146, 0.8205177, 0.64800715] |
| 3 |   65 |0.33333334 | 5000 |      f8 |   10000 |  9767.0 |  9259.0 |    5,20 |-0,0060 |1592513195456 |[0.08270675, 0.15184641, 0.09866923, 0.059342682, 0.5622547, 0.34187895, 0.5346607, 0.3786553, 0.45886952, 0.22886813, 0.5165368, 0.7492216, 0.6143595, 0.97142774, 0.43210667, 0.61856556, 0.5876119, 0.8866263, 0.05732858, 0.17798418, 0.20003146, 0.8205177, 0.64800715] |
| 3 |   65 |  0.45 | 5000 |      f8 |   10000 |  9767.0 |  9259.0 |    5,20 |-0,0060 |1592513195456 |[0.08270675, 0.15184641, 0.09866923, 0.059342682, 0.5622547, 0.34187895, 0.5346607, 0.3786553, 0.45886952, 0.22886813, 0.5165368, 0.7492216, 0.6143595, 0.97142774, 0.43210667, 0.61856556, 0.5876119, 0.8866263, 0.05732858, 0.17798418, 0.20003146, 0.8205177, 0.64800715] |
| 3 |   65 |0.32307693 | 5000 |      f8 |   10000 |  9767.0 |  9259.0 |    5,20 |-0,0060 |1592513195456 |[0.08270675, 0.15184641, 0.09866923, 0.059342682, 0.5622547, 0.34187895, 0.5346607, 0.3786553, 0.45886952, 0.22886813, 0.5165368, 0.7492216, 0.6143595, 0.97142774, 0.43210667, 0.61856556, 0.5876119, 0.8866263, 0.05732858, 0.17798418, 0.20003146, 0.8205177, 0.64800715] |
| 3 |   65 |0.2769231 | 5000 |      f8 |   10000 |  9767.0 |  9259.0 |    5,20 |-0,0060 |1592513195456 |[0.08270675, 0.15184641, 0.09866923, 0.059342682, 0.5622547, 0.34187895, 0.5346607, 0.3786553, 0.45886952, 0.22886813, 0.5165368, 0.7492216, 0.6143595, 0.97142774, 0.43210667, 0.61856556, 0.5876119, 0.8866263, 0.05732858, 0.17798418, 0.20003146, 0.8205177, 0.64800715] |
| 3 |   70 |0.32307693 | 5000 |      f8 |   10000 |  9767.0 |  9259.0 |    5,20 |-0,0060 |1592513195456 |[0.08270675, 0.15184641, 0.09866923, 0.059342682, 0.5622547, 0.34187895, 0.5346607, 0.3786553, 0.45886952, 0.22886813, 0.5165368, 0.7492216, 0.6143595, 0.97142774, 0.43210667, 0.61856556, 0.5876119, 0.8866263, 0.05732858, 0.17798418, 0.20003146, 0.8205177, 0.64800715] |
| 3 |   70 |  0.45 | 5000 |      f8 |   10000 |  9767.0 |  9259.0 |    5,20 |-0,0060 |1592513195456 |[0.08270675, 0.15184641, 0.09866923, 0.059342682, 0.5622547, 0.34187895, 0.5346607, 0.3786553, 0.45886952, 0.22886813, 0.5165368, 0.7492216, 0.6143595, 0.97142774, 0.43210667, 0.61856556, 0.5876119, 0.8866263, 0.05732858, 0.17798418, 0.20003146, 0.8205177, 0.64800715] |
| 3 |   70 |   0.3 | 5000 |      f8 |   10000 |  9767.0 |  9259.0 |    5,20 |-0,0060 |1592513195456 |[0.08270675, 0.15184641, 0.09866923, 0.059342682, 0.5622547, 0.34187895, 0.5346607, 0.3786553, 0.45886952, 0.22886813, 0.5165368, 0.7492216, 0.6143595, 0.97142774, 0.43210667, 0.61856556, 0.5876119, 0.8866263, 0.05732858, 0.17798418, 0.20003146, 0.8205177, 0.64800715] |
| 3 |   70 |0.35714287 | 5000 |      f8 |   10000 |  9767.0 |  9259.0 |    5,20 |-0,0060 |1592513195456 |[0.08270675, 0.15184641, 0.09866923, 0.059342682, 0.5622547, 0.34187895, 0.5346607, 0.3786553, 0.45886952, 0.22886813, 0.5165368, 0.7492216, 0.6143595, 0.97142774, 0.43210667, 0.61856556, 0.5876119, 0.8866263, 0.05732858, 0.17798418, 0.20003146, 0.8205177, 0.64800715] |
| 3 |   75 |0.37142858 | 5000 |      f8 |   10000 |  9767.0 |  9259.0 |    5,20 |-0,0060 |1592513195456 |[0.08270675, 0.15184641, 0.09866923, 0.059342682, 0.5622547, 0.34187895, 0.5346607, 0.3786553, 0.45886952, 0.22886813, 0.5165368, 0.7492216, 0.6143595, 0.97142774, 0.43210667, 0.61856556, 0.5876119, 0.8866263, 0.05732858, 0.17798418, 0.20003146, 0.8205177, 0.64800715] |
| 3 |   75 |  0.45 | 5000 |      f8 |   10000 |  9767.0 |  9259.0 |    5,20 |-0,0060 |1592513195456 |[0.08270675, 0.15184641, 0.09866923, 0.059342682, 0.5622547, 0.34187895, 0.5346607, 0.3786553, 0.45886952, 0.22886813, 0.5165368, 0.7492216, 0.6143595, 0.97142774, 0.43210667, 0.61856556, 0.5876119, 0.8866263, 0.05732858, 0.17798418, 0.20003146, 0.8205177, 0.64800715] |
| 3 |   75 |  0.45 | 5000 |      f8 |   10000 |  9767.0 |  9259.0 |    5,20 |   12 |1592513195456 |[0.08270675, 0.15184641, 0.09866923, 0.059342682, 0.5622547, 0.34187895, 0.5346607, 0.3786553, 0.45886952, 0.22886813, 0.5165368, 0.7492216, 0.6143595, 0.97142774, 0.43210667, 0.61856556, 0.5876119, 0.8866263, 0.05732858, 0.17798418, 0.20003146, 0.8205177, 0.64800715] |
| 4 |   50 |  0.25 | 5000 |      f8 |   10000 |  9767.0 |  9259.0 |    5,20 |-0,0060 |1592513207645 |[0.9754513, 0.9561367, 0.22106904, 0.19468832, 0.841129, 0.9300754, 0.9569893, 0.55848026, 0.19363493, 0.73147774, 0.08002269, 0.5433301, 0.40360945, 0.9484331, 0.2486341, 0.30895215, 0.3785944, 0.4247337, 0.36164278, 0.69183093, 0.08214086, 0.56590086, 0.3854248] |
| 4 |   50 |  0.26 | 5000 |      f8 |   10000 |  9767.0 |  9259.0 |    5,20 |-0,0060 |1592513207645 |[0.9754513, 0.9561367, 0.22106904, 0.19468832, 0.841129, 0.9300754, 0.9569893, 0.55848026, 0.19363493, 0.73147774, 0.08002269, 0.5433301, 0.40360945, 0.9484331, 0.2486341, 0.30895215, 0.3785944, 0.4247337, 0.36164278, 0.69183093, 0.08214086, 0.56590086, 0.3854248] |
| 4 |   50 |  0.24 | 5000 |      f8 |   10000 |  9767.0 |  9259.0 |    5,20 |-0,0060 |1592513207645 |[0.9754513, 0.9561367, 0.22106904, 0.19468832, 0.841129, 0.9300754, 0.9569893, 0.55848026, 0.19363493, 0.73147774, 0.08002269, 0.5433301, 0.40360945, 0.9484331, 0.2486341, 0.30895215, 0.3785944, 0.4247337, 0.36164278, 0.69183093, 0.08214086, 0.56590086, 0.3854248] |
| 4 |   55 |  0.32 | 5000 |      f8 |   10000 |  9767.0 |  9259.0 |    5,20 |-0,0060 |1592513207645 |[0.9754513, 0.9561367, 0.22106904, 0.19468832, 0.841129, 0.9300754, 0.9569893, 0.55848026, 0.19363493, 0.73147774, 0.08002269, 0.5433301, 0.40360945, 0.9484331, 0.2486341, 0.30895215, 0.3785944, 0.4247337, 0.36164278, 0.69183093, 0.08214086, 0.56590086, 0.3854248] |
| 4 |   55 |  0.45 | 5000 |      f8 |   10000 |  9767.0 |  9259.0 |    5,20 |-0,0060 |1592513207645 |[0.9754513, 0.9561367, 0.22106904, 0.19468832, 0.841129, 0.9300754, 0.9569893, 0.55848026, 0.19363493, 0.73147774, 0.08002269, 0.5433301, 0.40360945, 0.9484331, 0.2486341, 0.30895215, 0.3785944, 0.4247337, 0.36164278, 0.69183093, 0.08214086, 0.56590086, 0.3854248] |
| 4 |   55 |0.3272727 | 5000 |      f8 |   10000 |  9767.0 |  9259.0 |    5,20 |-0,0060 |1592513207645 |[0.9754513, 0.9561367, 0.22106904, 0.19468832, 0.841129, 0.9300754, 0.9569893, 0.55848026, 0.19363493, 0.73147774, 0.08002269, 0.5433301, 0.40360945, 0.9484331, 0.2486341, 0.30895215, 0.3785944, 0.4247337, 0.36164278, 0.69183093, 0.08214086, 0.56590086, 0.3854248] |
