| # | Nest | %Desc |#Iter |Instancia | CapMoch |ValOptmo | BestFit |     RDP | time |      semilla |VectorSolucion |
-------------------------------------------------------------------------------------------------
| 1 |   50 |  0.25 | 5000 |      f3 |      20 |    35.0 |    35.0 |    0,00 |-1,6e+09 |1592513022092 |[0.9260125, 0.79359806, 0.8464889, 0.015111327] |
| 1 |   50 |  0.25 | 5000 |      f3 |      20 |    35.0 |    35.0 |    0,00 |0,0010 |1592513022092 |[0.9260125, 0.79359806, 0.8464889, 0.015111327] |
| 2 |   50 |  0.25 | 5000 |      f3 |      20 |    35.0 |    35.0 |    0,00 |  0,0 |1592513022093 |[0.50033534, 0.82868177, 0.4226057, 0.0469864] |
| 2 |   50 |  0.25 | 5000 |      f3 |      20 |    35.0 |    35.0 |    0,00 |0,0010 |1592513022093 |[0.50033534, 0.82868177, 0.4226057, 0.0469864] |
| 3 |   50 |  0.25 | 5000 |      f3 |      20 |    35.0 |    35.0 |    0,00 |  0,0 |1592513022094 |[0.72178227, 0.6053113, 0.44918048, 0.38434577] |
| 3 |   50 |  0.25 | 5000 |      f3 |      20 |    35.0 |    35.0 |    0,00 |0,0010 |1592513022094 |[0.72178227, 0.6053113, 0.44918048, 0.38434577] |
| 4 |   50 |  0.25 | 5000 |      f3 |      20 |    35.0 |    35.0 |    0,00 |  0,0 |1592513022095 |[0.7881008, 0.7327286, 0.3225432, 0.8573251] |
| 4 |   50 |  0.25 | 5000 |      f3 |      20 |    35.0 |    35.0 |    0,00 |0,0010 |1592513022095 |[0.7881008, 0.7327286, 0.3225432, 0.8573251] |
| 5 |   50 |  0.25 | 5000 |      f3 |      20 |    35.0 |    35.0 |    0,00 |  0,0 |1592513022096 |[0.8331296, 0.8091393, 0.33710903, 0.251984] |
| 5 |   50 |  0.25 | 5000 |      f3 |      20 |    35.0 |    35.0 |    0,00 |  0,0 |1592513022096 |[0.8331296, 0.8091393, 0.33710903, 0.251984] |
| 6 |   50 |  0.25 | 5000 |      f3 |      20 |    35.0 |    35.0 |    0,00 |-0,0010 |1592513022097 |[0.265226, 0.8234246, 0.28160018, 0.1600945] |
| 6 |   50 |  0.25 | 5000 |      f3 |      20 |    35.0 |    35.0 |    0,00 |  0,0 |1592513022097 |[0.265226, 0.8234246, 0.28160018, 0.1600945] |
| 7 |   50 |  0.25 | 5000 |      f3 |      20 |    35.0 |    35.0 |    0,00 |  0,0 |1592513022097 |[0.81036025, 0.18028367, 0.5642605, 0.4013477] |
| 7 |   50 |  0.25 | 5000 |      f3 |      20 |    35.0 |    35.0 |    0,00 |0,0010 |1592513022097 |[0.81036025, 0.18028367, 0.5642605, 0.4013477] |
| 8 |   50 |  0.25 | 5000 |      f3 |      20 |    35.0 |    35.0 |    0,00 |  0,0 |1592513022098 |[0.02993673, 0.22652334, 0.023554564, 0.418126] |
| 8 |   50 |  0.25 | 5000 |      f3 |      20 |    35.0 |    35.0 |    0,00 |0,0010 |1592513022098 |[0.02993673, 0.22652334, 0.023554564, 0.418126] |
| 9 |   50 |  0.25 | 5000 |      f3 |      20 |    35.0 |    35.0 |    0,00 |  0,0 |1592513022099 |[0.0058605075, 0.39415908, 0.71902186, 0.957916] |
| 9 |   50 |  0.25 | 5000 |      f3 |      20 |    35.0 |    35.0 |    0,00 |0,0010 |1592513022099 |[0.0058605075, 0.39415908, 0.71902186, 0.957916] |
|10 |   50 |  0.25 | 5000 |      f3 |      20 |    35.0 |    35.0 |    0,00 |  0,0 |1592513022100 |[0.08507776, 0.52827233, 0.15034723, 0.55489475] |
|10 |   50 |  0.25 | 5000 |      f3 |      20 |    35.0 |    35.0 |    0,00 |  0,0 |1592513022100 |[0.08507776, 0.52827233, 0.15034723, 0.55489475] |
|11 |   50 |  0.25 | 5000 |      f3 |      20 |    35.0 |    35.0 |    0,00 |  0,0 |1592513022100 |[0.09429675, 0.27495635, 0.9829542, 0.34726536] |
|11 |   50 |  0.25 | 5000 |      f3 |      20 |    35.0 |    35.0 |    0,00 |0,0030 |1592513022100 |[0.09429675, 0.27495635, 0.9829542, 0.34726536] |
|12 |   50 |  0.25 | 5000 |      f3 |      20 |    35.0 |    35.0 |    0,00 |  0,0 |1592513022103 |[0.7392424, 0.8401915, 0.94211996, 0.20209444] |
|12 |   50 |  0.25 | 5000 |      f3 |      20 |    35.0 |    35.0 |    0,00 |  0,0 |1592513022103 |[0.7392424, 0.8401915, 0.94211996, 0.20209444] |
|13 |   50 |  0.25 | 5000 |      f3 |      20 |    35.0 |    35.0 |    0,00 |-0,0010 |1592513022104 |[0.9901412, 0.2409752, 0.043174088, 0.84596705] |
|13 |   50 |  0.25 | 5000 |      f3 |      20 |    35.0 |    35.0 |    0,00 |  0,0 |1592513022104 |[0.9901412, 0.2409752, 0.043174088, 0.84596705] |
|14 |   50 |  0.25 | 5000 |      f3 |      20 |    35.0 |    35.0 |    0,00 |  0,0 |1592513022104 |[0.8282379, 0.91151696, 0.16142428, 0.22637457] |
|14 |   50 |  0.25 | 5000 |      f3 |      20 |    35.0 |    35.0 |    0,00 |0,0010 |1592513022104 |[0.8282379, 0.91151696, 0.16142428, 0.22637457] |
|15 |   50 |  0.25 | 5000 |      f3 |      20 |    35.0 |    35.0 |    0,00 |  0,0 |1592513022105 |[0.9847139, 0.9778029, 0.53859663, 0.815377] |
|15 |   50 |  0.25 | 5000 |      f3 |      20 |    35.0 |    35.0 |    0,00 |0,0010 |1592513022105 |[0.9847139, 0.9778029, 0.53859663, 0.815377] |
