| # | Nest | %Desc |#Iter |Instancia | CapMoch |ValOptmo | BestFit |     RDP | time |      semilla |VectorSolucion |
-------------------------------------------------------------------------------------------------
| 1 |   50 |  0.25 | 5000 |      f6 |      60 |    52.0 |    52.0 |    0,00 |-1,6e+09 |1592521496623 |[0.58217555, 0.3805663, 0.29514134, 0.20967156, 0.35783887, 0.24040663, 0.99551654, 0.925269, 0.27028567, 0.0076523423] |
| 1 |   50 |  0.25 | 5000 |      f6 |      60 |    52.0 |    52.0 |    0,00 |0,0010 |1592521496623 |[0.58217555, 0.3805663, 0.29514134, 0.20967156, 0.35783887, 0.24040663, 0.99551654, 0.925269, 0.27028567, 0.0076523423] |
| 2 |   50 |  0.25 | 5000 |      f6 |      60 |    52.0 |    52.0 |    0,00 |  0,0 |1592521496624 |[0.7642199, 0.6633869, 0.7334396, 0.31799167, 0.78754854, 0.1983875, 0.6026968, 0.4302991, 0.8472475, 0.096052825] |
| 2 |   50 |  0.25 | 5000 |      f6 |      60 |    52.0 |    52.0 |    0,00 |0,0010 |1592521496624 |[0.7642199, 0.6633869, 0.7334396, 0.31799167, 0.78754854, 0.1983875, 0.6026968, 0.4302991, 0.8472475, 0.096052825] |
| 3 |   50 |  0.25 | 5000 |      f6 |      60 |    52.0 |    52.0 |    0,00 |  0,0 |1592521496625 |[0.30400348, 0.47898227, 0.10130423, 0.49933034, 0.5359187, 0.45238745, 0.43902498, 0.7243091, 0.36724454, 0.5697873] |
| 3 |   50 |  0.25 | 5000 |      f6 |      60 |    52.0 |    52.0 |    0,00 |0,0010 |1592521496625 |[0.30400348, 0.47898227, 0.10130423, 0.49933034, 0.5359187, 0.45238745, 0.43902498, 0.7243091, 0.36724454, 0.5697873] |
| 4 |   50 |  0.25 | 5000 |      f6 |      60 |    52.0 |    52.0 |    0,00 |-0,0010 |1592521496627 |[0.6920322, 0.14069915, 0.25370073, 0.3263309, 0.3223136, 0.79395694, 0.60135186, 0.9694722, 0.5024537, 0.1713345] |
| 4 |   50 |  0.25 | 5000 |      f6 |      60 |    52.0 |    52.0 |    0,00 |0,0010 |1592521496627 |[0.6920322, 0.14069915, 0.25370073, 0.3263309, 0.3223136, 0.79395694, 0.60135186, 0.9694722, 0.5024537, 0.1713345] |
| 5 |   50 |  0.25 | 5000 |      f6 |      60 |    52.0 |    52.0 |    0,00 |  0,0 |1592521496628 |[0.16853434, 0.8861195, 0.2517286, 0.5842061, 0.09131789, 0.2301243, 0.8620847, 0.8712966, 0.9583834, 0.86397725] |
| 5 |   50 |  0.25 | 5000 |      f6 |      60 |    52.0 |    52.0 |    0,00 |0,0010 |1592521496628 |[0.16853434, 0.8861195, 0.2517286, 0.5842061, 0.09131789, 0.2301243, 0.8620847, 0.8712966, 0.9583834, 0.86397725] |
| 6 |   50 |  0.25 | 5000 |      f6 |      60 |    52.0 |    52.0 |    0,00 |  0,0 |1592521496629 |[0.73999405, 0.39786446, 0.3599205, 0.989954, 0.6532411, 0.41980726, 0.85057896, 0.44437224, 0.8119436, 0.24509174] |
| 6 |   50 |  0.25 | 5000 |      f6 |      60 |    52.0 |    52.0 |    0,00 |0,0020 |1592521496629 |[0.73999405, 0.39786446, 0.3599205, 0.989954, 0.6532411, 0.41980726, 0.85057896, 0.44437224, 0.8119436, 0.24509174] |
| 7 |   50 |  0.25 | 5000 |      f6 |      60 |    52.0 |    52.0 |    0,00 |  0,0 |1592521496631 |[0.7409735, 0.7197837, 0.93093425, 0.12619042, 0.95014673, 0.8043476, 0.30926603, 0.010837853, 0.7175483, 0.15003455] |
| 7 |   50 |  0.25 | 5000 |      f6 |      60 |    52.0 |    52.0 |    0,00 |0,0010 |1592521496631 |[0.7409735, 0.7197837, 0.93093425, 0.12619042, 0.95014673, 0.8043476, 0.30926603, 0.010837853, 0.7175483, 0.15003455] |
| 8 |   50 |  0.25 | 5000 |      f6 |      60 |    52.0 |    52.0 |    0,00 |  0,0 |1592521496632 |[0.14720505, 0.80118316, 0.78629655, 0.42504543, 0.116744995, 0.34784585, 0.62909526, 0.20942831, 0.005939007, 0.699992] |
| 8 |   50 |  0.25 | 5000 |      f6 |      60 |    52.0 |    52.0 |    0,00 |0,0010 |1592521496632 |[0.14720505, 0.80118316, 0.78629655, 0.42504543, 0.116744995, 0.34784585, 0.62909526, 0.20942831, 0.005939007, 0.699992] |
| 9 |   50 |  0.25 | 5000 |      f6 |      60 |    52.0 |    52.0 |    0,00 |  0,0 |1592521496633 |[0.616001, 0.41720492, 0.5682709, 0.26637256, 0.009397149, 0.32723755, 0.5184436, 0.96456033, 0.45968586, 0.23463047] |
| 9 |   50 |  0.25 | 5000 |      f6 |      60 |    52.0 |    52.0 |    0,00 |0,0020 |1592521496633 |[0.616001, 0.41720492, 0.5682709, 0.26637256, 0.009397149, 0.32723755, 0.5184436, 0.96456033, 0.45968586, 0.23463047] |
|10 |   50 |  0.25 | 5000 |      f6 |      60 |    52.0 |    52.0 |    0,00 |  0,0 |1592521496635 |[0.9792612, 0.034560323, 0.77006423, 0.522733, 0.26719123, 0.0621593, 0.38896585, 0.7050791, 0.7781816, 0.11050773] |
|10 |   50 |  0.25 | 5000 |      f6 |      60 |    52.0 |    52.0 |    0,00 |0,0010 |1592521496635 |[0.9792612, 0.034560323, 0.77006423, 0.522733, 0.26719123, 0.0621593, 0.38896585, 0.7050791, 0.7781816, 0.11050773] |
|11 |   50 |  0.25 | 5000 |      f6 |      60 |    52.0 |    52.0 |    0,00 |  0,0 |1592521496636 |[0.53532666, 0.95861435, 0.73669505, 0.40224445, 0.025043547, 0.38456964, 0.033590317, 0.46856254, 0.09232336, 0.9464514] |
|11 |   50 |  0.25 | 5000 |      f6 |      60 |    52.0 |    52.0 |    0,00 |0,0010 |1592521496636 |[0.53532666, 0.95861435, 0.73669505, 0.40224445, 0.025043547, 0.38456964, 0.033590317, 0.46856254, 0.09232336, 0.9464514] |
|12 |   50 |  0.25 | 5000 |      f6 |      60 |    52.0 |    52.0 |    0,00 |-0,0010 |1592521496638 |[0.4329449, 0.51076615, 0.2855488, 0.7850001, 0.6738231, 0.76616293, 0.55632424, 0.5466255, 0.68662906, 0.6613541] |
|12 |   50 |  0.25 | 5000 |      f6 |      60 |    52.0 |    52.0 |    0,00 |0,0010 |1592521496638 |[0.4329449, 0.51076615, 0.2855488, 0.7850001, 0.6738231, 0.76616293, 0.55632424, 0.5466255, 0.68662906, 0.6613541] |
|13 |   50 |  0.25 | 5000 |      f6 |      60 |    52.0 |    52.0 |    0,00 |  0,0 |1592521496639 |[0.18950325, 0.7079862, 0.65646344, 0.1528905, 0.30389977, 0.9712235, 0.5541468, 0.12370598, 0.4924637, 0.6670049] |
|13 |   50 |  0.25 | 5000 |      f6 |      60 |    52.0 |    52.0 |    0,00 |0,0010 |1592521496639 |[0.18950325, 0.7079862, 0.65646344, 0.1528905, 0.30389977, 0.9712235, 0.5541468, 0.12370598, 0.4924637, 0.6670049] |
|14 |   50 |  0.25 | 5000 |      f6 |      60 |    52.0 |    52.0 |    0,00 |  0,0 |1592521496640 |[0.9263546, 0.12890077, 0.40886366, 0.46112013, 0.9324578, 0.863275, 0.81757194, 0.97616327, 0.9819599, 0.7235748] |
|14 |   50 |  0.25 | 5000 |      f6 |      60 |    52.0 |    52.0 |    0,00 |0,0010 |1592521496640 |[0.9263546, 0.12890077, 0.40886366, 0.46112013, 0.9324578, 0.863275, 0.81757194, 0.97616327, 0.9819599, 0.7235748] |
|15 |   50 |  0.25 | 5000 |      f6 |      60 |    52.0 |    52.0 |    0,00 |  0,0 |1592521496641 |[0.24209481, 0.10626173, 0.007683575, 0.3902586, 0.1789878, 0.6070794, 0.8719599, 0.293083, 0.5383296, 0.9089613] |
|15 |   50 |  0.25 | 5000 |      f6 |      60 |    52.0 |    52.0 |    0,00 |0,0020 |1592521496641 |[0.24209481, 0.10626173, 0.007683575, 0.3902586, 0.1789878, 0.6070794, 0.8719599, 0.293083, 0.5383296, 0.9089613] |
