|Instancia |Ejecucion |Iteracion |Iter Max |Nidos |   %Pa |tipoDiscretizacion |tipoBinarizacion | CapMoch |   Optmo |OptimoObtenido |     RDP | time |      semilla |VectorSolucionReal |VectorSolucionBinario |
-------------------------------------------------------------------------------------------------
|      f2 | 1 |       1 |    5000 |   50 |  0.25 |standard | sshape3 |     878 |  1024.0 |  1024.0 |    0,00 |-1,6e+09 |1592601000340 |[0.8175447, 0.030091118, 0.56907266, 0.26956064, 0.108752586, 0.040265705, 0.53982157, 0.7781799, 0.64539224, 0.42987615, 0.33548546, 0.14058661, 0.9178852, 0.8286102, 0.961186, 0.331213, 0.2296863, 0.7076644, 0.21040118, 0.03596986] |[1.0, 1.0, 1.0, 1.0, 1.0, 1.0, 1.0, 1.0, 1.0, 1.0, 1.0, 1.0, 1.0, 0.0, 1.0, 0.0, 1.0, 0.0, 1.0, 1.0] |
|      f2 | 1 |       2 |    5000 |   50 |  0.25 |standard | sshape3 |     878 |  1024.0 |  1024.0 |    0,00 |0,0020 |1592601000340 |[0.8175447, 0.030091118, 0.56907266, 0.26956064, 0.108752586, 0.040265705, 0.53982157, 0.7781799, 0.64539224, 0.42987615, 0.33548546, 0.14058661, 0.9178852, 0.8286102, 0.961186, 0.331213, 0.2296863, 0.7076644, 0.21040118, 0.03596986] |[1.0, 1.0, 1.0, 1.0, 1.0, 1.0, 1.0, 1.0, 1.0, 1.0, 1.0, 1.0, 1.0, 0.0, 1.0, 0.0, 1.0, 0.0, 1.0, 1.0] |
|      f2 | 2 |       1 |    5000 |   50 |  0.25 |standard | sshape3 |     878 |  1024.0 |  1018.0 |    0,59 |-0,0010 |1592601000343 |[0.36386186, 0.69676805, 0.21612108, 0.048511982, 0.22897685, 0.08027333, 0.21683478, 0.81926507, 0.31286997, 0.38052404, 0.55909204, 0.8421238, 0.61216456, 0.6889671, 0.962232, 0.9109626, 0.092995405, 0.7506882, 0.18421644, 0.08947933] |[1.0, 1.0, 1.0, 1.0, 1.0, 1.0, 1.0, 0.0, 1.0, 1.0, 1.0, 1.0, 1.0, 0.0, 1.0, 0.0, 1.0, 1.0, 1.0, 1.0] |
|      f2 | 2 |       3 |    5000 |   50 |  0.25 |standard | sshape3 |     878 |  1024.0 |  1024.0 |    0,00 |0,0040 |1592601000343 |[0.24434078, 1.0, 1.0E-12, 0.6302385, 1.0E-12, 0.178711, 0.04788693, 0.7070545, 0.7312353, 0.59499234, 0.4504151, 0.50657016, 0.99675584, 0.5930104, 0.20587656, 0.9216112, 0.739341, 0.7900515, 0.5697641, 0.68227065] |[1.0, 1.0, 1.0, 1.0, 1.0, 1.0, 1.0, 1.0, 1.0, 1.0, 1.0, 1.0, 1.0, 0.0, 1.0, 0.0, 1.0, 0.0, 1.0, 1.0] |
|      f2 | 3 |       1 |    5000 |   50 |  0.25 |standard | sshape3 |     878 |  1024.0 |  1024.0 |    0,00 |-0,0010 |1592601000348 |[0.18268234, 0.8838526, 1.0E-12, 0.533845, 0.7008241, 1.0, 1.0, 0.1901125, 0.90063256, 1.0, 0.73774093, 0.18339445, 0.794524, 0.22620898, 0.42288992, 0.28707147, 0.7307841, 0.017795838, 0.62082344, 0.41683635] |[1.0, 1.0, 1.0, 1.0, 1.0, 1.0, 1.0, 1.0, 1.0, 1.0, 1.0, 1.0, 1.0, 0.0, 1.0, 0.0, 1.0, 0.0, 1.0, 1.0] |
|      f2 | 3 |       2 |    5000 |   50 |  0.25 |standard | sshape3 |     878 |  1024.0 |  1024.0 |    0,00 |0,0030 |1592601000348 |[0.18268234, 0.8838526, 1.0E-12, 0.533845, 0.7008241, 1.0, 1.0, 0.1901125, 0.90063256, 1.0, 0.73774093, 0.18339445, 0.794524, 0.22620898, 0.42288992, 0.28707147, 0.7307841, 0.017795838, 0.62082344, 0.41683635] |[1.0, 1.0, 1.0, 1.0, 1.0, 1.0, 1.0, 1.0, 1.0, 1.0, 1.0, 1.0, 1.0, 0.0, 1.0, 0.0, 1.0, 0.0, 1.0, 1.0] |
|      f2 | 4 |       1 |    5000 |   50 |  0.25 |standard | sshape3 |     878 |  1024.0 |  1024.0 |    0,00 |-0,0010 |1592601000352 |[0.87195766, 0.7298079, 0.79923034, 0.44610453, 0.40658006, 0.70517904, 0.052871298, 0.594306, 0.70179266, 0.73996043, 0.16957407, 0.7551909, 0.44463673, 0.70850486, 0.9166244, 0.92161196, 0.32974815, 0.04805829, 0.67502713, 0.6248822] |[0.0, 1.0, 1.0, 1.0, 1.0, 0.0, 1.0, 1.0, 1.0, 1.0, 1.0, 1.0, 1.0, 1.0, 1.0, 0.0, 1.0, 1.0, 1.0, 1.0] |
|      f2 | 4 |       2 |    5000 |   50 |  0.25 |standard | sshape3 |     878 |  1024.0 |  1024.0 |    0,00 |0,0030 |1592601000352 |[0.87195766, 0.7298079, 0.79923034, 0.44610453, 0.40658006, 0.70517904, 0.052871298, 0.594306, 0.70179266, 0.73996043, 0.16957407, 0.7551909, 0.44463673, 0.70850486, 0.9166244, 0.92161196, 0.32974815, 0.04805829, 0.67502713, 0.6248822] |[0.0, 1.0, 1.0, 1.0, 1.0, 0.0, 1.0, 1.0, 1.0, 1.0, 1.0, 1.0, 1.0, 1.0, 1.0, 0.0, 1.0, 1.0, 1.0, 1.0] |
|      f2 | 5 |       1 |    5000 |   50 |  0.25 |standard | sshape3 |     878 |  1024.0 |  1024.0 |    0,00 |-0,0010 |1592601000356 |[0.8513292, 0.6868456, 0.15910266, 0.44534218, 0.9603276, 0.42361704, 0.107639566, 0.29006314, 0.5765443, 0.45070508, 0.70599985, 0.8971742, 0.6808807, 0.056170244, 0.36784205, 0.85020643, 0.3322838, 0.28539428, 0.09276641, 0.3298399] |[0.0, 1.0, 1.0, 1.0, 1.0, 1.0, 1.0, 1.0, 1.0, 1.0, 1.0, 1.0, 1.0, 0.0, 1.0, 0.0, 1.0, 1.0, 1.0, 1.0] |
|      f2 | 5 |       2 |    5000 |   50 |  0.25 |standard | sshape3 |     878 |  1024.0 |  1024.0 |    0,00 |0,0020 |1592601000356 |[0.8513292, 0.6868456, 0.15910266, 0.44534218, 0.9603276, 0.42361704, 0.107639566, 0.29006314, 0.5765443, 0.45070508, 0.70599985, 0.8971742, 0.6808807, 0.056170244, 0.36784205, 0.85020643, 0.3322838, 0.28539428, 0.09276641, 0.3298399] |[0.0, 1.0, 1.0, 1.0, 1.0, 1.0, 1.0, 1.0, 1.0, 1.0, 1.0, 1.0, 1.0, 0.0, 1.0, 0.0, 1.0, 1.0, 1.0, 1.0] |
|      f2 | 6 |       1 |    5000 |   50 |  0.25 |standard | sshape3 |     878 |  1024.0 |  1024.0 |    0,00 |-0,0010 |1592601000359 |[0.13116807, 0.8673708, 0.27074805, 0.8691474, 0.23115681, 0.37422854, 0.64084285, 0.32695714, 0.1969345, 0.95806867, 0.6894209, 0.22320163, 0.66068876, 0.7858283, 0.8282461, 0.6554527, 0.7194617, 0.023005689, 0.5364206, 0.24489805] |[1.0, 1.0, 1.0, 0.0, 1.0, 0.0, 1.0, 1.0, 1.0, 1.0, 1.0, 1.0, 1.0, 1.0, 1.0, 0.0, 1.0, 0.0, 1.0, 1.0] |
|      f2 | 6 |       2 |    5000 |   50 |  0.25 |standard | sshape3 |     878 |  1024.0 |  1024.0 |    0,00 |0,0020 |1592601000359 |[0.13116807, 0.8673708, 0.27074805, 0.8691474, 0.23115681, 0.37422854, 0.64084285, 0.32695714, 0.1969345, 0.95806867, 0.6894209, 0.22320163, 0.66068876, 0.7858283, 0.8282461, 0.6554527, 0.7194617, 0.023005689, 0.5364206, 0.24489805] |[1.0, 1.0, 1.0, 0.0, 1.0, 0.0, 1.0, 1.0, 1.0, 1.0, 1.0, 1.0, 1.0, 1.0, 1.0, 0.0, 1.0, 0.0, 1.0, 1.0] |
|      f2 | 7 |       1 |    5000 |   50 |  0.25 |standard | sshape3 |     878 |  1024.0 |  1024.0 |    0,00 |  0,0 |1592601000361 |[0.4593234, 0.679149, 0.23333561, 0.39561486, 0.57762074, 0.71211964, 0.74829537, 0.41723895, 0.9537686, 0.026878595, 0.39836627, 0.43693888, 0.6484991, 0.19294101, 0.14268374, 0.47362632, 0.8297899, 0.036480844, 0.20916927, 0.9766365] |[0.0, 1.0, 1.0, 1.0, 1.0, 1.0, 1.0, 1.0, 1.0, 1.0, 1.0, 1.0, 1.0, 1.0, 1.0, 0.0, 1.0, 0.0, 1.0, 1.0] |
|      f2 | 7 |       2 |    5000 |   50 |  0.25 |standard | sshape3 |     878 |  1024.0 |  1024.0 |    0,00 |0,0030 |1592601000361 |[0.4593234, 0.679149, 0.23333561, 0.39561486, 0.57762074, 0.71211964, 0.74829537, 0.41723895, 0.9537686, 0.026878595, 0.39836627, 0.43693888, 0.6484991, 0.19294101, 0.14268374, 0.47362632, 0.8297899, 0.036480844, 0.20916927, 0.9766365] |[0.0, 1.0, 1.0, 1.0, 1.0, 1.0, 1.0, 1.0, 1.0, 1.0, 1.0, 1.0, 1.0, 1.0, 1.0, 0.0, 1.0, 0.0, 1.0, 1.0] |
|      f2 | 8 |       1 |    5000 |   50 |  0.25 |standard | sshape3 |     878 |  1024.0 |  1024.0 |    0,00 |-0,0010 |1592601000365 |[0.16928874, 1.0E-12, 1.0E-12, 1.0, 1.0E-12, 0.40972385, 0.48494172, 0.9856458, 0.51264185, 0.68739253, 0.12170117, 0.60600495, 0.6421413, 0.7181796, 0.67788035, 0.757926, 0.6738751, 0.35694999, 0.3831931, 0.60340184] |[1.0, 1.0, 1.0, 1.0, 1.0, 1.0, 1.0, 1.0, 1.0, 1.0, 1.0, 1.0, 1.0, 0.0, 1.0, 0.0, 1.0, 0.0, 1.0, 1.0] |
|      f2 | 8 |       2 |    5000 |   50 |  0.25 |standard | sshape3 |     878 |  1024.0 |  1024.0 |    0,00 |0,0020 |1592601000365 |[0.16928874, 1.0E-12, 1.0E-12, 1.0, 1.0E-12, 0.40972385, 0.48494172, 0.9856458, 0.51264185, 0.68739253, 0.12170117, 0.60600495, 0.6421413, 0.7181796, 0.67788035, 0.757926, 0.6738751, 0.35694999, 0.3831931, 0.60340184] |[1.0, 1.0, 1.0, 1.0, 1.0, 1.0, 1.0, 1.0, 1.0, 1.0, 1.0, 1.0, 1.0, 0.0, 1.0, 0.0, 1.0, 0.0, 1.0, 1.0] |
|      f2 | 9 |       1 |    5000 |   50 |  0.25 |standard | sshape3 |     878 |  1024.0 |  1024.0 |    0,00 |-0,0010 |1592601000368 |[0.7007704, 0.98984015, 0.6174865, 0.67872787, 0.043886125, 0.8198119, 0.06590325, 0.6490772, 0.899258, 0.4409536, 0.8800683, 0.26273972, 0.9784432, 0.032585263, 0.34797955, 0.4783901, 0.8134092, 0.12634152, 0.09361923, 0.9953674] |[0.0, 1.0, 1.0, 1.0, 1.0, 1.0, 1.0, 0.0, 1.0, 1.0, 1.0, 1.0, 1.0, 0.0, 1.0, 1.0, 1.0, 1.0, 1.0, 1.0] |
|      f2 | 9 |       2 |    5000 |   50 |  0.25 |standard | sshape3 |     878 |  1024.0 |  1024.0 |    0,00 |0,0030 |1592601000368 |[0.7007704, 0.98984015, 0.6174865, 0.67872787, 0.043886125, 0.8198119, 0.06590325, 0.6490772, 0.899258, 0.4409536, 0.8800683, 0.26273972, 0.9784432, 0.032585263, 0.34797955, 0.4783901, 0.8134092, 0.12634152, 0.09361923, 0.9953674] |[0.0, 1.0, 1.0, 1.0, 1.0, 1.0, 1.0, 0.0, 1.0, 1.0, 1.0, 1.0, 1.0, 0.0, 1.0, 1.0, 1.0, 1.0, 1.0, 1.0] |
|      f2 |10 |       1 |    5000 |   50 |  0.25 |standard | sshape3 |     878 |  1024.0 |  1024.0 |    0,00 |  0,0 |1592601000371 |[0.41054493, 0.94952756, 0.93983287, 0.32757849, 0.85819143, 0.48555535, 0.073161006, 0.7399507, 0.38969278, 0.44777352, 0.51586366, 0.29130328, 0.24395877, 0.43073273, 0.6986298, 0.26700705, 0.6878567, 0.47147954, 0.22776312, 0.41793156] |[1.0, 1.0, 1.0, 1.0, 1.0, 1.0, 1.0, 1.0, 1.0, 1.0, 1.0, 1.0, 1.0, 0.0, 1.0, 0.0, 1.0, 0.0, 1.0, 1.0] |
|      f2 |10 |       2 |    5000 |   50 |  0.25 |standard | sshape3 |     878 |  1024.0 |  1024.0 |    0,00 |0,0020 |1592601000371 |[0.41054493, 0.94952756, 0.93983287, 0.32757849, 0.85819143, 0.48555535, 0.073161006, 0.7399507, 0.38969278, 0.44777352, 0.51586366, 0.29130328, 0.24395877, 0.43073273, 0.6986298, 0.26700705, 0.6878567, 0.47147954, 0.22776312, 0.41793156] |[1.0, 1.0, 1.0, 1.0, 1.0, 1.0, 1.0, 1.0, 1.0, 1.0, 1.0, 1.0, 1.0, 0.0, 1.0, 0.0, 1.0, 0.0, 1.0, 1.0] |
|      f2 |11 |       1 |    5000 |   50 |  0.25 |standard | sshape3 |     878 |  1024.0 |  1024.0 |    0,00 |-0,0010 |1592601000374 |[0.77106404, 1.0, 0.43084124, 0.30908066, 1.0, 0.42404014, 1.0, 0.009698549, 0.46706396, 1.0E-12, 0.95570546, 0.05943452, 1.0, 0.9713234, 0.8293179, 0.17811847, 0.23397541, 0.48900282, 0.6964422, 0.6755276] |[1.0, 1.0, 1.0, 1.0, 1.0, 1.0, 1.0, 1.0, 1.0, 1.0, 1.0, 1.0, 1.0, 0.0, 1.0, 0.0, 1.0, 0.0, 1.0, 1.0] |
|      f2 |11 |       2 |    5000 |   50 |  0.25 |standard | sshape3 |     878 |  1024.0 |  1024.0 |    0,00 |0,0030 |1592601000374 |[0.77106404, 1.0, 0.43084124, 0.30908066, 1.0, 0.42404014, 1.0, 0.009698549, 0.46706396, 1.0E-12, 0.95570546, 0.05943452, 1.0, 0.9713234, 0.8293179, 0.17811847, 0.23397541, 0.48900282, 0.6964422, 0.6755276] |[1.0, 1.0, 1.0, 1.0, 1.0, 1.0, 1.0, 1.0, 1.0, 1.0, 1.0, 1.0, 1.0, 0.0, 1.0, 0.0, 1.0, 0.0, 1.0, 1.0] |
|      f2 |12 |       1 |    5000 |   50 |  0.25 |standard | sshape3 |     878 |  1024.0 |  1024.0 |    0,00 |  0,0 |1592601000377 |[0.5079539, 0.65753305, 0.57125515, 1.0, 0.92549896, 0.25520712, 1.0E-12, 0.55276906, 1.0, 0.13905829, 0.8886915, 1.0E-12, 0.07347177, 0.96373314, 0.59509, 0.5001927, 0.7606635, 1.0E-12, 0.35061324, 0.40204483] |[1.0, 1.0, 1.0, 1.0, 1.0, 1.0, 1.0, 1.0, 1.0, 1.0, 1.0, 1.0, 1.0, 0.0, 1.0, 0.0, 1.0, 0.0, 1.0, 1.0] |
|      f2 |12 |       2 |    5000 |   50 |  0.25 |standard | sshape3 |     878 |  1024.0 |  1024.0 |    0,00 |0,0030 |1592601000377 |[0.5079539, 0.65753305, 0.57125515, 1.0, 0.92549896, 0.25520712, 1.0E-12, 0.55276906, 1.0, 0.13905829, 0.8886915, 1.0E-12, 0.07347177, 0.96373314, 0.59509, 0.5001927, 0.7606635, 1.0E-12, 0.35061324, 0.40204483] |[1.0, 1.0, 1.0, 1.0, 1.0, 1.0, 1.0, 1.0, 1.0, 1.0, 1.0, 1.0, 1.0, 0.0, 1.0, 0.0, 1.0, 0.0, 1.0, 1.0] |
|      f2 |13 |       1 |    5000 |   50 |  0.25 |standard | sshape3 |     878 |  1024.0 |  1024.0 |    0,00 |-0,0010 |1592601000381 |[0.7286726, 0.20362827, 0.6308488, 1.0, 0.55696046, 0.8817992, 0.16208011, 1.0, 0.7912164, 0.72212714, 0.21137714, 0.6386746, 0.8607164, 0.5736396, 0.7888643, 1.0, 0.7721143, 1.0E-12, 0.18035343, 0.27180123] |[1.0, 1.0, 1.0, 1.0, 1.0, 1.0, 1.0, 1.0, 1.0, 1.0, 1.0, 1.0, 1.0, 0.0, 1.0, 0.0, 1.0, 0.0, 1.0, 1.0] |
|      f2 |13 |       2 |    5000 |   50 |  0.25 |standard | sshape3 |     878 |  1024.0 |  1024.0 |    0,00 |0,0020 |1592601000381 |[0.7286726, 0.20362827, 0.6308488, 1.0, 0.55696046, 0.8817992, 0.16208011, 1.0, 0.7912164, 0.72212714, 0.21137714, 0.6386746, 0.8607164, 0.5736396, 0.7888643, 1.0, 0.7721143, 1.0E-12, 0.18035343, 0.27180123] |[1.0, 1.0, 1.0, 1.0, 1.0, 1.0, 1.0, 1.0, 1.0, 1.0, 1.0, 1.0, 1.0, 0.0, 1.0, 0.0, 1.0, 0.0, 1.0, 1.0] |
|      f2 |14 |       1 |    5000 |   50 |  0.25 |standard | sshape3 |     878 |  1024.0 |  1024.0 |    0,00 |-0,0010 |1592601000384 |[0.88168466, 0.69268334, 0.6652477, 0.02782771, 0.82814395, 0.9987698, 0.52627426, 0.90730226, 0.91882986, 0.011483936, 0.38031945, 0.05871935, 0.923241, 0.4754864, 0.70944446, 0.8535272, 0.909132, 0.7128109, 0.48958534, 0.5480728] |[1.0, 1.0, 1.0, 1.0, 1.0, 0.0, 1.0, 1.0, 1.0, 1.0, 1.0, 1.0, 1.0, 0.0, 1.0, 0.0, 1.0, 1.0, 1.0, 1.0] |
|      f2 |14 |       2 |    5000 |   50 |  0.25 |standard | sshape3 |     878 |  1024.0 |  1024.0 |    0,00 |0,0020 |1592601000384 |[0.88168466, 0.69268334, 0.6652477, 0.02782771, 0.82814395, 0.9987698, 0.52627426, 0.90730226, 0.91882986, 0.011483936, 0.38031945, 0.05871935, 0.923241, 0.4754864, 0.70944446, 0.8535272, 0.909132, 0.7128109, 0.48958534, 0.5480728] |[1.0, 1.0, 1.0, 1.0, 1.0, 0.0, 1.0, 1.0, 1.0, 1.0, 1.0, 1.0, 1.0, 0.0, 1.0, 0.0, 1.0, 1.0, 1.0, 1.0] |
|      f2 |15 |       1 |    5000 |   50 |  0.25 |standard | sshape3 |     878 |  1024.0 |  1024.0 |    0,00 |  0,0 |1592601000386 |[0.2711257, 0.07585154, 0.89920044, 0.07575662, 0.7744152, 0.6448588, 0.67772084, 0.43191403, 0.69254524, 0.7050868, 0.36322626, 0.17681806, 0.754985, 0.048165467, 0.6795104, 0.12746443, 0.98572564, 0.80402493, 0.6688612, 0.43442678] |[0.0, 1.0, 1.0, 1.0, 1.0, 1.0, 1.0, 1.0, 1.0, 1.0, 1.0, 1.0, 1.0, 0.0, 1.0, 1.0, 0.0, 1.0, 1.0, 1.0] |
|      f2 |15 |       2 |    5000 |   50 |  0.25 |standard | sshape3 |     878 |  1024.0 |  1024.0 |    0,00 |0,0020 |1592601000386 |[0.2711257, 0.07585154, 0.89920044, 0.07575662, 0.7744152, 0.6448588, 0.67772084, 0.43191403, 0.69254524, 0.7050868, 0.36322626, 0.17681806, 0.754985, 0.048165467, 0.6795104, 0.12746443, 0.98572564, 0.80402493, 0.6688612, 0.43442678] |[0.0, 1.0, 1.0, 1.0, 1.0, 1.0, 1.0, 1.0, 1.0, 1.0, 1.0, 1.0, 1.0, 0.0, 1.0, 1.0, 0.0, 1.0, 1.0, 1.0] |
