|Instancia |Ejecucion |Iteracion |Iter Max |Nidos |   %Pa |tipoDiscretizacion |tipoBinarizacion | CapMoch |   Optmo |OptimoObtenido |     RDP | time |      semilla |VectorSolucionReal |VectorSolucionBinario |
-------------------------------------------------------------------------------------------------
|     f10 | 1 |       1 |    5000 |   50 |  0.25 |standard | sshape3 |     879 |  1025.0 |  1025.0 |    0,00 |-1,6e+09 |1592601088021 |[0.39172912, 0.95576966, 0.35507014, 0.7480134, 0.7867715, 0.57062, 0.93839693, 0.6774651, 0.19447578, 0.432554, 0.19277366, 0.48252857, 0.28945526, 0.33606282, 0.008924326, 0.28213555, 0.23128493, 0.3809796, 0.41232657, 0.9482925] |[0.0, 1.0, 1.0, 1.0, 1.0, 1.0, 1.0, 1.0, 1.0, 0.0, 1.0, 1.0, 0.0, 1.0, 0.0, 1.0, 1.0, 1.0, 1.0, 1.0] |
|     f10 | 1 |       2 |    5000 |   50 |  0.25 |standard | sshape3 |     879 |  1025.0 |  1025.0 |    0,00 |0,0010 |1592601088021 |[0.39172912, 0.95576966, 0.35507014, 0.7480134, 0.7867715, 0.57062, 0.93839693, 0.6774651, 0.19447578, 0.432554, 0.19277366, 0.48252857, 0.28945526, 0.33606282, 0.008924326, 0.28213555, 0.23128493, 0.3809796, 0.41232657, 0.9482925] |[0.0, 1.0, 1.0, 1.0, 1.0, 1.0, 1.0, 1.0, 1.0, 0.0, 1.0, 1.0, 0.0, 1.0, 0.0, 1.0, 1.0, 1.0, 1.0, 1.0] |
|     f10 | 2 |       1 |    5000 |   50 |  0.25 |standard | sshape3 |     879 |  1025.0 |  1025.0 |    0,00 |  0,0 |1592601088022 |[0.06480694, 0.5401826, 0.30319765, 0.7625204, 0.86622757, 0.08289853, 0.7397417, 0.31851172, 0.6281875, 0.93714184, 0.4400973, 0.573501, 0.41081947, 0.91280377, 1.0E-12, 0.3426368, 0.27180573, 0.31681028, 0.7165267, 0.7114559] |[1.0, 1.0, 1.0, 1.0, 1.0, 1.0, 1.0, 0.0, 1.0, 1.0, 1.0, 1.0, 1.0, 1.0, 1.0, 1.0, 1.0, 1.0, 0.0, 0.0] |
|     f10 | 2 |       2 |    5000 |   50 |  0.25 |standard | sshape3 |     879 |  1025.0 |  1025.0 |    0,00 |0,0010 |1592601088022 |[0.06480694, 0.5401826, 0.30319765, 0.7625204, 0.86622757, 0.08289853, 0.7397417, 0.31851172, 0.6281875, 0.93714184, 0.4400973, 0.573501, 0.41081947, 0.91280377, 1.0E-12, 0.3426368, 0.27180573, 0.31681028, 0.7165267, 0.7114559] |[1.0, 1.0, 1.0, 1.0, 1.0, 1.0, 1.0, 0.0, 1.0, 1.0, 1.0, 1.0, 1.0, 1.0, 1.0, 1.0, 1.0, 1.0, 0.0, 0.0] |
|     f10 | 3 |       1 |    5000 |   50 |  0.25 |standard | sshape3 |     879 |  1025.0 |  1025.0 |    0,00 |  0,0 |1592601088023 |[0.1586293, 0.45896763, 0.02465725, 0.8107351, 0.04382485, 0.642853, 0.45269167, 0.92585975, 0.16206717, 0.37775475, 0.109704554, 0.047955573, 0.08643645, 0.081361175, 0.006591141, 0.43149513, 0.7634059, 0.08370006, 0.50462556, 0.6169376] |[1.0, 1.0, 1.0, 1.0, 1.0, 1.0, 1.0, 1.0, 1.0, 0.0, 1.0, 1.0, 1.0, 1.0, 0.0, 1.0, 0.0, 1.0, 1.0, 1.0] |
|     f10 | 3 |       2 |    5000 |   50 |  0.25 |standard | sshape3 |     879 |  1025.0 |  1025.0 |    0,00 |0,0010 |1592601088023 |[0.1586293, 0.45896763, 0.02465725, 0.8107351, 0.04382485, 0.642853, 0.45269167, 0.92585975, 0.16206717, 0.37775475, 0.109704554, 0.047955573, 0.08643645, 0.081361175, 0.006591141, 0.43149513, 0.7634059, 0.08370006, 0.50462556, 0.6169376] |[1.0, 1.0, 1.0, 1.0, 1.0, 1.0, 1.0, 1.0, 1.0, 0.0, 1.0, 1.0, 1.0, 1.0, 0.0, 1.0, 0.0, 1.0, 1.0, 1.0] |
|     f10 | 4 |       1 |    5000 |   50 |  0.25 |standard | sshape3 |     879 |  1025.0 |  1025.0 |    0,00 |  0,0 |1592601088024 |[0.8558748, 0.12160027, 0.8481807, 0.97095746, 0.7024243, 0.14495939, 0.8719029, 0.92367756, 0.06591606, 6.733537E-4, 0.061155677, 0.1926288, 0.92592937, 0.14381409, 0.3232054, 0.26594645, 0.85735893, 0.4912244, 0.94123393, 0.7216201] |[1.0, 1.0, 1.0, 1.0, 1.0, 1.0, 1.0, 0.0, 1.0, 0.0, 1.0, 1.0, 1.0, 1.0, 1.0, 1.0, 1.0, 1.0, 0.0, 1.0] |
|     f10 | 4 |       2 |    5000 |   50 |  0.25 |standard | sshape3 |     879 |  1025.0 |  1025.0 |    0,00 |0,0010 |1592601088024 |[0.8558748, 0.12160027, 0.8481807, 0.97095746, 0.7024243, 0.14495939, 0.8719029, 0.92367756, 0.06591606, 6.733537E-4, 0.061155677, 0.1926288, 0.92592937, 0.14381409, 0.3232054, 0.26594645, 0.85735893, 0.4912244, 0.94123393, 0.7216201] |[1.0, 1.0, 1.0, 1.0, 1.0, 1.0, 1.0, 0.0, 1.0, 0.0, 1.0, 1.0, 1.0, 1.0, 1.0, 1.0, 1.0, 1.0, 0.0, 1.0] |
|     f10 | 5 |       1 |    5000 |   50 |  0.25 |standard | sshape3 |     879 |  1025.0 |  1025.0 |    0,00 |  0,0 |1592601088025 |[0.72623634, 0.32179886, 0.8986292, 0.2992866, 0.9352282, 0.89769244, 0.7968083, 0.05021113, 1.0, 0.8341697, 1.0, 0.26803112, 0.5259819, 0.21467474, 1.0E-12, 0.3939731, 0.74519825, 0.8439392, 0.47595373, 0.52101225] |[1.0, 1.0, 1.0, 1.0, 1.0, 1.0, 1.0, 1.0, 1.0, 0.0, 1.0, 1.0, 1.0, 1.0, 0.0, 1.0, 0.0, 1.0, 1.0, 1.0] |
|     f10 | 5 |       2 |    5000 |   50 |  0.25 |standard | sshape3 |     879 |  1025.0 |  1025.0 |    0,00 |0,0010 |1592601088025 |[0.72623634, 0.32179886, 0.8986292, 0.2992866, 0.9352282, 0.89769244, 0.7968083, 0.05021113, 1.0, 0.8341697, 1.0, 0.26803112, 0.5259819, 0.21467474, 1.0E-12, 0.3939731, 0.74519825, 0.8439392, 0.47595373, 0.52101225] |[1.0, 1.0, 1.0, 1.0, 1.0, 1.0, 1.0, 1.0, 1.0, 0.0, 1.0, 1.0, 1.0, 1.0, 0.0, 1.0, 0.0, 1.0, 1.0, 1.0] |
|     f10 | 6 |       1 |    5000 |   50 |  0.25 |standard | sshape3 |     879 |  1025.0 |  1025.0 |    0,00 |-0,0010 |1592601088027 |[0.78907984, 0.6878574, 0.41646373, 0.058210373, 0.9724496, 0.5693589, 0.7299681, 0.44103712, 0.9918392, 0.6287129, 0.4445008, 0.57882935, 0.4850155, 0.5682255, 0.19328028, 0.96339154, 0.9109675, 0.15057778, 0.016551733, 0.8018565] |[1.0, 1.0, 1.0, 1.0, 1.0, 0.0, 1.0, 1.0, 1.0, 1.0, 1.0, 1.0, 0.0, 0.0, 0.0, 1.0, 0.0, 1.0, 1.0, 1.0] |
|     f10 | 6 |       2 |    5000 |   50 |  0.25 |standard | sshape3 |     879 |  1025.0 |  1025.0 |    0,00 |0,0010 |1592601088027 |[0.78907984, 0.6878574, 0.41646373, 0.058210373, 0.9724496, 0.5693589, 0.7299681, 0.44103712, 0.9918392, 0.6287129, 0.4445008, 0.57882935, 0.4850155, 0.5682255, 0.19328028, 0.96339154, 0.9109675, 0.15057778, 0.016551733, 0.8018565] |[1.0, 1.0, 1.0, 1.0, 1.0, 0.0, 1.0, 1.0, 1.0, 1.0, 1.0, 1.0, 0.0, 0.0, 0.0, 1.0, 0.0, 1.0, 1.0, 1.0] |
|     f10 | 7 |       1 |    5000 |   50 |  0.25 |standard | sshape3 |     879 |  1025.0 |  1025.0 |    0,00 |  0,0 |1592601088028 |[0.46601504, 0.35301793, 0.39641854, 0.6712623, 0.62854534, 0.059520192, 0.8520277, 0.7639898, 0.21243511, 0.62072283, 0.13577324, 0.39305532, 0.8813863, 0.114790946, 0.09021057, 0.4954278, 0.69180876, 0.36512923, 0.10017593, 0.4571511] |[1.0, 1.0, 1.0, 1.0, 1.0, 1.0, 0.0, 1.0, 1.0, 1.0, 1.0, 1.0, 1.0, 1.0, 0.0, 1.0, 0.0, 1.0, 1.0, 1.0] |
|     f10 | 7 |       2 |    5000 |   50 |  0.25 |standard | sshape3 |     879 |  1025.0 |  1025.0 |    0,00 |0,0020 |1592601088028 |[0.46601504, 0.35301793, 0.39641854, 0.6712623, 0.62854534, 0.059520192, 0.8520277, 0.7639898, 0.21243511, 0.62072283, 0.13577324, 0.39305532, 0.8813863, 0.114790946, 0.09021057, 0.4954278, 0.69180876, 0.36512923, 0.10017593, 0.4571511] |[1.0, 1.0, 1.0, 1.0, 1.0, 1.0, 0.0, 1.0, 1.0, 1.0, 1.0, 1.0, 1.0, 1.0, 0.0, 1.0, 0.0, 1.0, 1.0, 1.0] |
|     f10 | 8 |       1 |    5000 |   50 |  0.25 |standard | sshape3 |     879 |  1025.0 |  1025.0 |    0,00 |-0,0010 |1592601088031 |[0.5544577, 0.9531045, 0.8023214, 0.4417668, 0.35948664, 0.54106814, 0.25374907, 0.63153493, 0.981513, 0.66194916, 0.93835306, 0.112077594, 0.013011575, 0.4332161, 0.45930886, 0.8335382, 0.9835817, 0.17874521, 0.6157079, 0.22352785] |[0.0, 1.0, 1.0, 1.0, 1.0, 1.0, 1.0, 1.0, 1.0, 1.0, 1.0, 1.0, 1.0, 1.0, 1.0, 1.0, 1.0, 1.0, 0.0, 0.0] |
|     f10 | 8 |       2 |    5000 |   50 |  0.25 |standard | sshape3 |     879 |  1025.0 |  1025.0 |    0,00 |0,0010 |1592601088031 |[0.5544577, 0.9531045, 0.8023214, 0.4417668, 0.35948664, 0.54106814, 0.25374907, 0.63153493, 0.981513, 0.66194916, 0.93835306, 0.112077594, 0.013011575, 0.4332161, 0.45930886, 0.8335382, 0.9835817, 0.17874521, 0.6157079, 0.22352785] |[0.0, 1.0, 1.0, 1.0, 1.0, 1.0, 1.0, 1.0, 1.0, 1.0, 1.0, 1.0, 1.0, 1.0, 1.0, 1.0, 1.0, 1.0, 0.0, 0.0] |
|     f10 | 9 |       1 |    5000 |   50 |  0.25 |standard | sshape3 |     879 |  1025.0 |  1025.0 |    0,00 |  0,0 |1592601088032 |[0.59457356, 0.21340658, 0.8373173, 0.13092557, 0.29965296, 0.6990912, 0.58172923, 0.974677, 0.83753395, 0.17720251, 0.41403952, 0.4738591, 0.76454353, 0.13041009, 0.17318879, 0.8882397, 0.5300296, 0.73729604, 0.49038437, 0.80162746] |[0.0, 1.0, 1.0, 1.0, 0.0, 0.0, 1.0, 1.0, 1.0, 1.0, 0.0, 1.0, 1.0, 1.0, 1.0, 0.0, 1.0, 1.0, 1.0, 1.0] |
|     f10 | 9 |       2 |    5000 |   50 |  0.25 |standard | sshape3 |     879 |  1025.0 |  1025.0 |    0,00 |0,0010 |1592601088032 |[0.59457356, 0.21340658, 0.8373173, 0.13092557, 0.29965296, 0.6990912, 0.58172923, 0.974677, 0.83753395, 0.17720251, 0.41403952, 0.4738591, 0.76454353, 0.13041009, 0.17318879, 0.8882397, 0.5300296, 0.73729604, 0.49038437, 0.80162746] |[0.0, 1.0, 1.0, 1.0, 0.0, 0.0, 1.0, 1.0, 1.0, 1.0, 0.0, 1.0, 1.0, 1.0, 1.0, 0.0, 1.0, 1.0, 1.0, 1.0] |
|     f10 |10 |       1 |    5000 |   50 |  0.25 |standard | sshape3 |     879 |  1025.0 |  1025.0 |    0,00 |  0,0 |1592601088033 |[0.96915126, 0.7796906, 0.6110976, 1.0E-12, 0.48793504, 1.0, 1.0, 0.507803, 0.78184533, 0.28195512, 0.7738358, 0.5071152, 0.7723924, 0.39379814, 0.09478369, 1.0E-12, 0.26978332, 0.37544224, 1.0E-12, 0.30452478] |[1.0, 1.0, 1.0, 1.0, 1.0, 1.0, 1.0, 1.0, 1.0, 0.0, 1.0, 1.0, 1.0, 1.0, 0.0, 1.0, 0.0, 1.0, 1.0, 1.0] |
|     f10 |10 |       2 |    5000 |   50 |  0.25 |standard | sshape3 |     879 |  1025.0 |  1025.0 |    0,00 |0,0010 |1592601088033 |[0.96915126, 0.7796906, 0.6110976, 1.0E-12, 0.48793504, 1.0, 1.0, 0.507803, 0.78184533, 0.28195512, 0.7738358, 0.5071152, 0.7723924, 0.39379814, 0.09478369, 1.0E-12, 0.26978332, 0.37544224, 1.0E-12, 0.30452478] |[1.0, 1.0, 1.0, 1.0, 1.0, 1.0, 1.0, 1.0, 1.0, 0.0, 1.0, 1.0, 1.0, 1.0, 0.0, 1.0, 0.0, 1.0, 1.0, 1.0] |
|     f10 |11 |       1 |    5000 |   50 |  0.25 |standard | sshape3 |     879 |  1025.0 |  1025.0 |    0,00 |  0,0 |1592601088034 |[0.7746307, 0.37818694, 0.04632014, 0.09943119, 0.9297298, 0.89680636, 1.0, 0.35358727, 1.0E-12, 0.707819, 0.98094255, 0.91319966, 1.0, 1.0, 1.0, 0.7829654, 0.578784, 0.3058113, 1.0, 0.42149436] |[1.0, 1.0, 1.0, 1.0, 1.0, 1.0, 1.0, 1.0, 1.0, 0.0, 1.0, 1.0, 1.0, 1.0, 0.0, 1.0, 0.0, 1.0, 1.0, 1.0] |
|     f10 |11 |       2 |    5000 |   50 |  0.25 |standard | sshape3 |     879 |  1025.0 |  1025.0 |    0,00 |0,0010 |1592601088034 |[0.7746307, 0.37818694, 0.04632014, 0.09943119, 0.9297298, 0.89680636, 1.0, 0.35358727, 1.0E-12, 0.707819, 0.98094255, 0.91319966, 1.0, 1.0, 1.0, 0.7829654, 0.578784, 0.3058113, 1.0, 0.42149436] |[1.0, 1.0, 1.0, 1.0, 1.0, 1.0, 1.0, 1.0, 1.0, 0.0, 1.0, 1.0, 1.0, 1.0, 0.0, 1.0, 0.0, 1.0, 1.0, 1.0] |
|     f10 |12 |       1 |    5000 |   50 |  0.25 |standard | sshape3 |     879 |  1025.0 |  1025.0 |    0,00 |-0,0010 |1592601088036 |[0.55601656, 0.94053817, 0.31427044, 0.6026936, 0.14955217, 0.047748923, 0.16007924, 0.9585127, 0.18715459, 0.34448516, 0.9901387, 0.9267385, 0.016333878, 0.5412653, 0.15028292, 0.7161035, 0.9036082, 0.3438993, 0.9247074, 0.5493104] |[1.0, 1.0, 1.0, 1.0, 1.0, 1.0, 0.0, 1.0, 1.0, 1.0, 1.0, 1.0, 1.0, 1.0, 0.0, 1.0, 1.0, 1.0, 1.0, 0.0] |
|     f10 |12 |       2 |    5000 |   50 |  0.25 |standard | sshape3 |     879 |  1025.0 |  1025.0 |    0,00 |0,0010 |1592601088036 |[0.55601656, 0.94053817, 0.31427044, 0.6026936, 0.14955217, 0.047748923, 0.16007924, 0.9585127, 0.18715459, 0.34448516, 0.9901387, 0.9267385, 0.016333878, 0.5412653, 0.15028292, 0.7161035, 0.9036082, 0.3438993, 0.9247074, 0.5493104] |[1.0, 1.0, 1.0, 1.0, 1.0, 1.0, 0.0, 1.0, 1.0, 1.0, 1.0, 1.0, 1.0, 1.0, 0.0, 1.0, 1.0, 1.0, 1.0, 0.0] |
|     f10 |13 |       1 |    5000 |   50 |  0.25 |standard | sshape3 |     879 |  1025.0 |  1025.0 |    0,00 |  0,0 |1592601088037 |[0.3756354, 0.11409369, 0.7335859, 0.9210305, 0.14824791, 0.3502229, 0.99155515, 0.55702156, 0.6858688, 0.38158306, 0.16061999, 0.82300764, 0.8185663, 0.47794238, 0.14875056, 0.45529854, 0.16912395, 0.22968136, 0.4951337, 0.15652448] |[1.0, 1.0, 1.0, 1.0, 1.0, 1.0, 1.0, 1.0, 1.0, 1.0, 1.0, 1.0, 1.0, 1.0, 1.0, 0.0, 0.0, 1.0, 0.0, 1.0] |
|     f10 |13 |       2 |    5000 |   50 |  0.25 |standard | sshape3 |     879 |  1025.0 |  1025.0 |    0,00 |0,0010 |1592601088037 |[0.3756354, 0.11409369, 0.7335859, 0.9210305, 0.14824791, 0.3502229, 0.99155515, 0.55702156, 0.6858688, 0.38158306, 0.16061999, 0.82300764, 0.8185663, 0.47794238, 0.14875056, 0.45529854, 0.16912395, 0.22968136, 0.4951337, 0.15652448] |[1.0, 1.0, 1.0, 1.0, 1.0, 1.0, 1.0, 1.0, 1.0, 1.0, 1.0, 1.0, 1.0, 1.0, 1.0, 0.0, 0.0, 1.0, 0.0, 1.0] |
|     f10 |14 |       1 |    5000 |   50 |  0.25 |standard | sshape3 |     879 |  1025.0 |  1025.0 |    0,00 |  0,0 |1592601088038 |[0.7770981, 0.2702974, 0.36159173, 0.43958306, 0.53211176, 0.9930398, 0.673867, 1.0, 0.29036143, 0.78278804, 1.0, 0.5851782, 0.6677662, 0.4783482, 0.39510873, 0.81031066, 0.7084088, 1.0E-12, 1.0, 0.79611963] |[1.0, 1.0, 1.0, 1.0, 1.0, 1.0, 1.0, 1.0, 1.0, 0.0, 1.0, 1.0, 1.0, 1.0, 0.0, 1.0, 0.0, 1.0, 1.0, 1.0] |
|     f10 |14 |       2 |    5000 |   50 |  0.25 |standard | sshape3 |     879 |  1025.0 |  1025.0 |    0,00 |0,0010 |1592601088038 |[0.7770981, 0.2702974, 0.36159173, 0.43958306, 0.53211176, 0.9930398, 0.673867, 1.0, 0.29036143, 0.78278804, 1.0, 0.5851782, 0.6677662, 0.4783482, 0.39510873, 0.81031066, 0.7084088, 1.0E-12, 1.0, 0.79611963] |[1.0, 1.0, 1.0, 1.0, 1.0, 1.0, 1.0, 1.0, 1.0, 0.0, 1.0, 1.0, 1.0, 1.0, 0.0, 1.0, 0.0, 1.0, 1.0, 1.0] |
|     f10 |15 |       1 |    5000 |   50 |  0.25 |standard | sshape3 |     879 |  1025.0 |  1019.0 |    0,59 |  0,0 |1592601088039 |[0.29884207, 0.766452, 0.5842007, 0.15737686, 0.9325177, 0.511224, 1.0, 0.81355476, 0.017884642, 0.94659996, 0.1823341, 0.025035888, 1.0E-12, 0.37682277, 0.6408894, 0.95296836, 0.26097932, 0.37655634, 0.26892775, 0.42984593] |[1.0, 1.0, 1.0, 1.0, 1.0, 1.0, 0.0, 1.0, 1.0, 0.0, 1.0, 1.0, 1.0, 1.0, 1.0, 1.0, 0.0, 1.0, 1.0, 1.0] |
|     f10 |15 |       3 |    5000 |   50 |  0.25 |standard | sshape3 |     879 |  1025.0 |  1025.0 |    0,00 |0,0020 |1592601088039 |[0.73944044, 0.5504629, 0.9934683, 0.74643207, 4.9508957E-4, 0.7413631, 0.51189166, 0.89242685, 0.6061294, 1.0E-12, 0.7460972, 0.8878873, 0.20310706, 0.78023386, 0.006209659, 0.46986303, 0.06988384, 0.30529892, 0.39214712, 0.7649545] |[1.0, 1.0, 1.0, 1.0, 1.0, 1.0, 1.0, 1.0, 1.0, 1.0, 0.0, 1.0, 1.0, 1.0, 1.0, 1.0, 0.0, 1.0, 0.0, 1.0] |
