| # | Nest | %Desc |#Iter |Instancia | CapMoch |ValOptmo | BestFit |     RDP | time |      semilla |VectorSolucion |
-------------------------------------------------------------------------------------------------
| 1 |   50 |  0.25 | 5000 |      f3 |      20 |    35.0 |    35.0 |    0,00 |-1,6e+09 |1592521383796 |[0.6430438, 0.21112263, 0.79796296, 0.023804486] |
| 1 |   50 |  0.25 | 5000 |      f3 |      20 |    35.0 |    35.0 |    0,00 |0,0010 |1592521383796 |[0.6430438, 0.21112263, 0.79796296, 0.023804486] |
| 2 |   50 |  0.25 | 5000 |      f3 |      20 |    35.0 |    35.0 |    0,00 |-0,0010 |1592521383798 |[0.23760277, 0.7453943, 0.57957596, 0.18643826] |
| 2 |   50 |  0.25 | 5000 |      f3 |      20 |    35.0 |    35.0 |    0,00 |0,0010 |1592521383798 |[0.23760277, 0.7453943, 0.57957596, 0.18643826] |
| 3 |   50 |  0.25 | 5000 |      f3 |      20 |    35.0 |    35.0 |    0,00 |  0,0 |1592521383799 |[0.92279446, 0.70901084, 0.754333, 0.16309583] |
| 3 |   50 |  0.25 | 5000 |      f3 |      20 |    35.0 |    35.0 |    0,00 |  0,0 |1592521383799 |[0.92279446, 0.70901084, 0.754333, 0.16309583] |
| 4 |   50 |  0.25 | 5000 |      f3 |      20 |    35.0 |    35.0 |    0,00 |-0,0010 |1592521383800 |[0.8062267, 0.9084521, 0.47434056, 0.5494972] |
| 4 |   50 |  0.25 | 5000 |      f3 |      20 |    35.0 |    35.0 |    0,00 |  0,0 |1592521383800 |[0.8062267, 0.9084521, 0.47434056, 0.5494972] |
| 5 |   50 |  0.25 | 5000 |      f3 |      20 |    35.0 |    35.0 |    0,00 |-0,0010 |1592521383801 |[0.6029143, 0.9374484, 0.49333447, 0.13683718] |
| 5 |   50 |  0.25 | 5000 |      f3 |      20 |    35.0 |    35.0 |    0,00 |  0,0 |1592521383801 |[0.6029143, 0.9374484, 0.49333447, 0.13683718] |
| 6 |   50 |  0.25 | 5000 |      f3 |      20 |    35.0 |    35.0 |    0,00 |-0,0010 |1592521383802 |[0.30923343, 0.2706939, 0.9588112, 0.3696779] |
| 6 |   50 |  0.25 | 5000 |      f3 |      20 |    35.0 |    35.0 |    0,00 |  0,0 |1592521383802 |[0.30923343, 0.2706939, 0.9588112, 0.3696779] |
| 7 |   50 |  0.25 | 5000 |      f3 |      20 |    35.0 |    35.0 |    0,00 |  0,0 |1592521383802 |[0.12105131, 0.7186413, 0.5078038, 0.7523626] |
| 7 |   50 |  0.25 | 5000 |      f3 |      20 |    35.0 |    35.0 |    0,00 |0,0010 |1592521383802 |[0.12105131, 0.7186413, 0.5078038, 0.7523626] |
| 8 |   50 |  0.25 | 5000 |      f3 |      20 |    35.0 |    35.0 |    0,00 |  0,0 |1592521383803 |[0.8983822, 0.4453075, 0.900196, 0.1385104] |
| 8 |   50 |  0.25 | 5000 |      f3 |      20 |    35.0 |    35.0 |    0,00 |0,0010 |1592521383803 |[0.8983822, 0.4453075, 0.900196, 0.1385104] |
| 9 |   50 |  0.25 | 5000 |      f3 |      20 |    35.0 |    35.0 |    0,00 |  0,0 |1592521383804 |[0.64531463, 0.01942408, 0.20656633, 0.56318474] |
| 9 |   50 |  0.25 | 5000 |      f3 |      20 |    35.0 |    35.0 |    0,00 |0,0010 |1592521383804 |[0.64531463, 0.01942408, 0.20656633, 0.56318474] |
|10 |   50 |  0.25 | 5000 |      f3 |      20 |    35.0 |    35.0 |    0,00 |  0,0 |1592521383805 |[0.11474419, 0.3547426, 0.67882615, 0.18360859] |
|10 |   50 |  0.25 | 5000 |      f3 |      20 |    35.0 |    35.0 |    0,00 |0,0010 |1592521383805 |[0.11474419, 0.3547426, 0.67882615, 0.18360859] |
|11 |   50 |  0.25 | 5000 |      f3 |      20 |    35.0 |    35.0 |    0,00 |  0,0 |1592521383806 |[0.9172706, 0.2285524, 0.22910541, 0.21180606] |
|11 |   50 |  0.25 | 5000 |      f3 |      20 |    35.0 |    35.0 |    0,00 |0,0020 |1592521383806 |[0.9172706, 0.2285524, 0.22910541, 0.21180606] |
|12 |   50 |  0.25 | 5000 |      f3 |      20 |    35.0 |    35.0 |    0,00 |-0,0010 |1592521383809 |[0.0047737956, 0.47380942, 0.035267353, 0.5094607] |
|12 |   50 |  0.25 | 5000 |      f3 |      20 |    35.0 |    35.0 |    0,00 |  0,0 |1592521383809 |[0.0047737956, 0.47380942, 0.035267353, 0.5094607] |
|13 |   50 |  0.25 | 5000 |      f3 |      20 |    35.0 |    35.0 |    0,00 |  0,0 |1592521383809 |[0.68921995, 0.37167305, 0.34554994, 0.21575487] |
|13 |   50 |  0.25 | 5000 |      f3 |      20 |    35.0 |    35.0 |    0,00 |0,0010 |1592521383809 |[0.68921995, 0.37167305, 0.34554994, 0.21575487] |
|14 |   50 |  0.25 | 5000 |      f3 |      20 |    35.0 |    35.0 |    0,00 |  0,0 |1592521383810 |[0.432837, 0.64731693, 0.8974187, 0.7625479] |
|14 |   50 |  0.25 | 5000 |      f3 |      20 |    35.0 |    35.0 |    0,00 |0,0010 |1592521383810 |[0.432837, 0.64731693, 0.8974187, 0.7625479] |
|15 |   50 |  0.25 | 5000 |      f3 |      20 |    35.0 |    35.0 |    0,00 |  0,0 |1592521383811 |[0.20720994, 0.5507313, 0.31596887, 0.0027675629] |
|15 |   50 |  0.25 | 5000 |      f3 |      20 |    35.0 |    35.0 |    0,00 |  0,0 |1592521383811 |[0.20720994, 0.5507313, 0.31596887, 0.0027675629] |
