| # | Nest | %Desc |#Iter |Instancia | CapMoch |ValOptmo | BestFit |     RDP | time |      semilla |VectorSolucion |
-------------------------------------------------------------------------------------------------
| 1 |   25 |  0.25 | 2500 |      f3 |      20 |    35.0 |    35.0 |    0,00 |-1,6e+09 |1592499472868 |[0.22230148, 0.74609315, 0.9593253, 0.7820975] |
| 2 |   25 |  0.25 | 2500 |      f3 |      20 |    35.0 |    35.0 |    0,00 |-0,0010 |1592499472871 |[0.4976555, 0.013270915, 0.9751795, 0.93740153] |
| 3 |   25 |  0.25 | 2500 |      f3 |      20 |    35.0 |    35.0 |    0,00 |-0,0010 |1592499472873 |[0.6569498, 0.9598756, 0.6733654, 0.20367134] |
| 4 |   25 |  0.25 | 2500 |      f3 |      20 |    35.0 |    35.0 |    0,00 |-0,0010 |1592499472876 |[0.9251279, 0.94721615, 0.6361931, 0.83712286] |
| 5 |   25 |  0.25 | 2500 |      f3 |      20 |    35.0 |    35.0 |    0,00 |-0,0010 |1592499472878 |[0.063263, 0.9103035, 0.56982917, 0.40014154] |
| 6 |   25 |  0.25 | 2500 |      f3 |      20 |    35.0 |    35.0 |    0,00 |-0,0010 |1592499472880 |[0.46817505, 0.34398943, 0.88089794, 0.58982587] |
| 7 |   25 |  0.25 | 2500 |      f3 |      20 |    35.0 |    35.0 |    0,00 |-0,0010 |1592499472882 |[0.3908775, 0.70358104, 0.29806334, 0.5195151] |
| 8 |   25 |  0.25 | 2500 |      f3 |      20 |    35.0 |    35.0 |    0,00 |-0,0010 |1592499472884 |[0.38361198, 0.031790316, 0.93202245, 0.67872185] |
| 9 |   25 |  0.25 | 2500 |      f3 |      20 |    35.0 |    35.0 |    0,00 |-0,0010 |1592499472886 |[0.99043685, 0.8602134, 0.46592635, 0.582409] |
|10 |   25 |  0.25 | 2500 |      f3 |      20 |    35.0 |    35.0 |    0,00 |-0,0010 |1592499472888 |[0.85755295, 0.021211386, 0.68695384, 0.93594486] |
|11 |   25 |  0.25 | 2500 |      f3 |      20 |    35.0 |    35.0 |    0,00 |  0,0 |1592499472889 |[0.25198883, 0.95583034, 0.71452135, 0.7195198] |
|12 |   25 |  0.25 | 2500 |      f3 |      20 |    35.0 |    35.0 |    0,00 |-0,0010 |1592499472891 |[0.55582184, 0.12776536, 0.1109373, 0.43185943] |
|13 |   25 |  0.25 | 2500 |      f3 |      20 |    35.0 |    35.0 |    0,00 |-0,0010 |1592499472893 |[0.85940623, 0.52914524, 0.5048515, 0.013334513] |
|14 |   25 |  0.25 | 2500 |      f3 |      20 |    35.0 |    35.0 |    0,00 |  0,0 |1592499472894 |[0.37580818, 0.30948466, 0.09615928, 0.76197803] |
|15 |   25 |  0.25 | 2500 |      f3 |      20 |    35.0 |    35.0 |    0,00 |-0,0010 |1592499472896 |[0.70044595, 0.99362296, 0.7024289, 0.122988164] |
