| # | Nest | %Desc |#Iter |Instancia | CapMoch |ValOptmo | BestFit |     RDP | time |      semilla |VectorSolucion |
-------------------------------------------------------------------------------------------------
| 1 |   50 |  0.25 | 5000 |      f1 |     269 |   295.0 |   295.0 |    0,00 |-1,6e+09 |1592531789846 |[0.819573, 0.6415798, 0.0813665, 0.25541234, 0.25709158, 0.55129606, 0.192363, 0.7639992, 0.37375978, 0.64585066] |
| 1 |   50 |  0.25 | 5000 |      f1 |     269 |   295.0 |   295.0 |    0,00 |6,1e+02 |1592531789846 |[0.819573, 0.6415798, 0.0813665, 0.25541234, 0.25709158, 0.55129606, 0.192363, 0.7639992, 0.37375978, 0.64585066] |
| 2 |   50 |  0.25 | 5000 |      f1 |     269 |   295.0 |   295.0 |    0,00 |-0,0020 |1592532404149 |[0.31887242, 0.8399922, 0.24745384, 0.88895345, 0.026021374, 0.38160017, 0.48476958, 0.26842797, 0.4063619, 0.045067497] |
| 2 |   50 |  0.25 | 5000 |      f1 |     269 |   295.0 |   295.0 |    0,00 |0,0030 |1592532404149 |[0.31887242, 0.8399922, 0.24745384, 0.88895345, 0.026021374, 0.38160017, 0.48476958, 0.26842797, 0.4063619, 0.045067497] |
| 3 |   50 |  0.25 | 5000 |      f1 |     269 |   295.0 |   295.0 |    0,00 |-0,0020 |1592532404154 |[0.032077286, 0.76645464, 0.79039097, 0.34199917, 0.5198789, 0.75670236, 0.69129664, 0.4192349, 0.9266292, 0.30464083] |
| 3 |   50 |  0.25 | 5000 |      f1 |     269 |   295.0 |   295.0 |    0,00 |0,0030 |1592532404154 |[0.032077286, 0.76645464, 0.79039097, 0.34199917, 0.5198789, 0.75670236, 0.69129664, 0.4192349, 0.9266292, 0.30464083] |
| 4 |   50 |  0.25 | 5000 |      f1 |     269 |   295.0 |   295.0 |    0,00 |-0,0030 |1592532404160 |[0.11922888, 0.6978787, 0.86991614, 0.15770456, 0.3976643, 0.76408476, 0.34913838, 0.10996611, 0.3644987, 0.44766557] |
| 4 |   50 |  0.25 | 5000 |      f1 |     269 |   295.0 |   295.0 |    0,00 |0,0030 |1592532404160 |[0.11922888, 0.6978787, 0.86991614, 0.15770456, 0.3976643, 0.76408476, 0.34913838, 0.10996611, 0.3644987, 0.44766557] |
| 5 |   50 |  0.25 | 5000 |      f1 |     269 |   295.0 |   295.0 |    0,00 |-0,0010 |1592532404164 |[0.48717275, 0.60926986, 0.6867773, 0.7803514, 0.83813936, 0.8811673, 0.98755616, 0.96207905, 0.5952368, 0.3378405] |
| 5 |   50 |  0.25 | 5000 |      f1 |     269 |   295.0 |   295.0 |    0,00 |0,0040 |1592532404164 |[0.48717275, 0.60926986, 0.6867773, 0.7803514, 0.83813936, 0.8811673, 0.98755616, 0.96207905, 0.5952368, 0.3378405] |
| 6 |   50 |  0.25 | 5000 |      f1 |     269 |   295.0 |   295.0 |    0,00 |-0,0030 |1592532404171 |[0.12184968, 0.3942906, 0.91445947, 0.655686, 0.60273045, 0.996465, 0.13323937, 0.45294896, 0.99188423, 0.34628582] |
| 6 |   50 |  0.25 | 5000 |      f1 |     269 |   295.0 |   295.0 |    0,00 |0,0020 |1592532404171 |[0.12184968, 0.3942906, 0.91445947, 0.655686, 0.60273045, 0.996465, 0.13323937, 0.45294896, 0.99188423, 0.34628582] |
| 7 |   50 |  0.25 | 5000 |      f1 |     269 |   295.0 |   295.0 |    0,00 |-0,0010 |1592532404174 |[0.6947012, 0.7504801, 0.15287736, 0.14340134, 0.884797, 0.26501256, 0.58762246, 0.53222007, 0.12842977, 0.5922123] |
| 7 |   50 |  0.25 | 5000 |      f1 |     269 |   295.0 |   295.0 |    0,00 |0,0020 |1592532404174 |[0.6947012, 0.7504801, 0.15287736, 0.14340134, 0.884797, 0.26501256, 0.58762246, 0.53222007, 0.12842977, 0.5922123] |
| 8 |   50 |  0.25 | 5000 |      f1 |     269 |   295.0 |   295.0 |    0,00 |-0,0010 |1592532404177 |[0.33014655, 1.0, 0.93475854, 0.42260322, 1.0E-12, 0.81622005, 0.62093943, 0.16996695, 1.0, 0.11580467] |
| 8 |   50 |  0.25 | 5000 |      f1 |     269 |   295.0 |   295.0 |    0,00 |0,0020 |1592532404177 |[0.33014655, 1.0, 0.93475854, 0.42260322, 1.0E-12, 0.81622005, 0.62093943, 0.16996695, 1.0, 0.11580467] |
| 9 |   50 |  0.25 | 5000 |      f1 |     269 |   295.0 |   295.0 |    0,00 |-0,0010 |1592532404180 |[0.7282175, 0.7220155, 0.19233304, 0.9219479, 0.29918587, 0.3998391, 0.9436647, 0.5114501, 0.84688395, 0.28895652] |
| 9 |   50 |  0.25 | 5000 |      f1 |     269 |   295.0 |   295.0 |    0,00 |0,0020 |1592532404180 |[0.7282175, 0.7220155, 0.19233304, 0.9219479, 0.29918587, 0.3998391, 0.9436647, 0.5114501, 0.84688395, 0.28895652] |
|10 |   50 |  0.25 | 5000 |      f1 |     269 |   295.0 |   295.0 |    0,00 |-0,0020 |1592532404184 |[0.18374455, 0.82660925, 0.063268125, 0.8412838, 0.6334805, 0.50173765, 0.09576971, 0.8967121, 0.64750016, 0.5592825] |
|10 |   50 |  0.25 | 5000 |      f1 |     269 |   295.0 |   295.0 |    0,00 |0,0020 |1592532404184 |[0.18374455, 0.82660925, 0.063268125, 0.8412838, 0.6334805, 0.50173765, 0.09576971, 0.8967121, 0.64750016, 0.5592825] |
|11 |   50 |  0.25 | 5000 |      f1 |     269 |   295.0 |   295.0 |    0,00 |-0,0010 |1592532404187 |[0.21742058, 0.50544643, 0.26725027, 0.05912757, 0.11482414, 0.89738697, 1.0E-12, 0.5674201, 1.0, 0.4469698] |
|11 |   50 |  0.25 | 5000 |      f1 |     269 |   295.0 |   295.0 |    0,00 |0,0010 |1592532404187 |[0.21742058, 0.50544643, 0.26725027, 0.05912757, 0.11482414, 0.89738697, 1.0E-12, 0.5674201, 1.0, 0.4469698] |
|12 |   50 |  0.25 | 5000 |      f1 |     269 |   295.0 |   295.0 |    0,00 |-0,0020 |1592532404190 |[0.47290808, 0.14228567, 0.14040622, 0.05293334, 0.5970506, 0.36439472, 0.3758036, 0.4161654, 0.967376, 0.72787863] |
|12 |   50 |  0.25 | 5000 |      f1 |     269 |   295.0 |   295.0 |    0,00 |0,0020 |1592532404190 |[0.47290808, 0.14228567, 0.14040622, 0.05293334, 0.5970506, 0.36439472, 0.3758036, 0.4161654, 0.967376, 0.72787863] |
|13 |   50 |  0.25 | 5000 |      f1 |     269 |   295.0 |   295.0 |    0,00 |-0,0020 |1592532404194 |[0.71424884, 0.119102895, 0.11671698, 0.91043764, 0.038818, 0.6503925, 0.34535068, 0.69279504, 0.5992683, 0.3001275] |
|13 |   50 |  0.25 | 5000 |      f1 |     269 |   295.0 |   295.0 |    0,00 |0,0010 |1592532404194 |[0.71424884, 0.119102895, 0.11671698, 0.91043764, 0.038818, 0.6503925, 0.34535068, 0.69279504, 0.5992683, 0.3001275] |
|14 |   50 |  0.25 | 5000 |      f1 |     269 |   295.0 |   295.0 |    0,00 |-0,0010 |1592532404196 |[0.09384686, 0.24479371, 0.22483629, 0.16883951, 0.1957652, 0.69185984, 0.26803046, 0.5626051, 0.9694184, 0.8710597] |
|14 |   50 |  0.25 | 5000 |      f1 |     269 |   295.0 |   295.0 |    0,00 |0,0010 |1592532404196 |[0.09384686, 0.24479371, 0.22483629, 0.16883951, 0.1957652, 0.69185984, 0.26803046, 0.5626051, 0.9694184, 0.8710597] |
|15 |   50 |  0.25 | 5000 |      f1 |     269 |   295.0 |   295.0 |    0,00 |-0,0010 |1592532404198 |[0.27334106, 0.08322704, 0.087547146, 0.6591999, 0.27823097, 0.51043844, 0.15580826, 0.8233502, 0.9120282, 0.42767137] |
|15 |   50 |  0.25 | 5000 |      f1 |     269 |   295.0 |   295.0 |    0,00 |0,0010 |1592532404198 |[0.27334106, 0.08322704, 0.087547146, 0.6591999, 0.27823097, 0.51043844, 0.15580826, 0.8233502, 0.9120282, 0.42767137] |
