| # | Nest | %Desc |#Iter |Instancia | CapMoch |ValOptmo | BestFit |     RDP | time |      semilla |VectorSolucion |
-------------------------------------------------------------------------------------------------
| 1 |   50 |  0.25 | 5000 |      f6 |      60 |    52.0 |    52.0 |    0,00 |-1,6e+09 |1592532541065 |[0.6197525, 0.8993939, 0.7937983, 0.6963273, 0.2653224, 0.4595675, 0.12995309, 0.42625153, 0.89061964, 0.1259697] |
| 1 |   50 |  0.25 | 5000 |      f6 |      60 |    52.0 |    52.0 |    0,00 |0,0020 |1592532541065 |[0.6197525, 0.8993939, 0.7937983, 0.6963273, 0.2653224, 0.4595675, 0.12995309, 0.42625153, 0.89061964, 0.1259697] |
| 2 |   50 |  0.25 | 5000 |      f6 |      60 |    52.0 |    52.0 |    0,00 |  0,0 |1592532541067 |[0.10105276, 0.6760743, 0.72247463, 0.03800416, 0.7252847, 0.262946, 0.05929941, 0.9469199, 0.97682977, 0.12219381] |
| 2 |   50 |  0.25 | 5000 |      f6 |      60 |    52.0 |    52.0 |    0,00 |0,0010 |1592532541067 |[0.10105276, 0.6760743, 0.72247463, 0.03800416, 0.7252847, 0.262946, 0.05929941, 0.9469199, 0.97682977, 0.12219381] |
| 3 |   50 |  0.25 | 5000 |      f6 |      60 |    52.0 |    52.0 |    0,00 |  0,0 |1592532541068 |[0.61480147, 0.33440864, 0.7288128, 0.0930627, 0.5316576, 0.7162822, 0.115656614, 0.1418041, 0.4791035, 0.9902361] |
| 3 |   50 |  0.25 | 5000 |      f6 |      60 |    52.0 |    52.0 |    0,00 |0,0010 |1592532541068 |[0.61480147, 0.33440864, 0.7288128, 0.0930627, 0.5316576, 0.7162822, 0.115656614, 0.1418041, 0.4791035, 0.9902361] |
| 4 |   50 |  0.25 | 5000 |      f6 |      60 |    52.0 |    52.0 |    0,00 |  0,0 |1592532541069 |[0.612724, 0.6186355, 0.96398467, 0.88144934, 0.8515246, 0.9622546, 0.9796857, 0.058387697, 0.8882077, 0.15626454] |
| 4 |   50 |  0.25 | 5000 |      f6 |      60 |    52.0 |    52.0 |    0,00 |0,0010 |1592532541069 |[0.612724, 0.6186355, 0.96398467, 0.88144934, 0.8515246, 0.9622546, 0.9796857, 0.058387697, 0.8882077, 0.15626454] |
| 5 |   50 |  0.25 | 5000 |      f6 |      60 |    52.0 |    52.0 |    0,00 |  0,0 |1592532541070 |[0.49234918, 0.46107614, 0.6339505, 0.20570488, 0.55555475, 0.5538502, 0.06859214, 0.47180977, 0.6682445, 0.8319412] |
| 5 |   50 |  0.25 | 5000 |      f6 |      60 |    52.0 |    52.0 |    0,00 |0,0010 |1592532541070 |[0.49234918, 0.46107614, 0.6339505, 0.20570488, 0.55555475, 0.5538502, 0.06859214, 0.47180977, 0.6682445, 0.8319412] |
| 6 |   50 |  0.25 | 5000 |      f6 |      60 |    52.0 |    52.0 |    0,00 |  0,0 |1592532541071 |[0.2619248, 0.9663184, 0.15554929, 0.21484333, 0.30552453, 0.15857553, 0.48457152, 0.56007344, 0.6936024, 0.52443033] |
| 6 |   50 |  0.25 | 5000 |      f6 |      60 |    52.0 |    52.0 |    0,00 |0,0010 |1592532541071 |[0.2619248, 0.9663184, 0.15554929, 0.21484333, 0.30552453, 0.15857553, 0.48457152, 0.56007344, 0.6936024, 0.52443033] |
| 7 |   50 |  0.25 | 5000 |      f6 |      60 |    52.0 |    52.0 |    0,00 |  0,0 |1592532541072 |[0.5213435, 0.7020097, 0.28378975, 0.19272745, 0.5304512, 0.9918646, 0.5370494, 0.22342461, 0.08243543, 0.1727714] |
| 7 |   50 |  0.25 | 5000 |      f6 |      60 |    52.0 |    52.0 |    0,00 |  0,0 |1592532541072 |[0.5213435, 0.7020097, 0.28378975, 0.19272745, 0.5304512, 0.9918646, 0.5370494, 0.22342461, 0.08243543, 0.1727714] |
| 8 |   50 |  0.25 | 5000 |      f6 |      60 |    52.0 |    52.0 |    0,00 |-0,0010 |1592532541073 |[0.4834723, 0.3397618, 0.027897239, 0.729771, 0.31214094, 0.43338323, 0.45878702, 0.35785848, 0.16738296, 0.76379204] |
| 8 |   50 |  0.25 | 5000 |      f6 |      60 |    52.0 |    52.0 |    0,00 |  0,0 |1592532541073 |[0.4834723, 0.3397618, 0.027897239, 0.729771, 0.31214094, 0.43338323, 0.45878702, 0.35785848, 0.16738296, 0.76379204] |
| 9 |   50 |  0.25 | 5000 |      f6 |      60 |    52.0 |    52.0 |    0,00 |  0,0 |1592532541073 |[0.4138049, 0.9176101, 0.44242948, 0.95619595, 0.9983622, 0.9847137, 0.29699314, 0.96933043, 0.3200559, 0.62146294] |
| 9 |   50 |  0.25 | 5000 |      f6 |      60 |    52.0 |    52.0 |    0,00 |0,0010 |1592532541073 |[0.4138049, 0.9176101, 0.44242948, 0.95619595, 0.9983622, 0.9847137, 0.29699314, 0.96933043, 0.3200559, 0.62146294] |
|10 |   50 |  0.25 | 5000 |      f6 |      60 |    52.0 |    52.0 |    0,00 |  0,0 |1592532541074 |[0.67666084, 0.6778291, 0.96578544, 0.6002554, 0.04348755, 0.36825347, 0.88362026, 0.4699499, 0.82703197, 0.18059158] |
|10 |   50 |  0.25 | 5000 |      f6 |      60 |    52.0 |    52.0 |    0,00 |0,0010 |1592532541074 |[0.67666084, 0.6778291, 0.96578544, 0.6002554, 0.04348755, 0.36825347, 0.88362026, 0.4699499, 0.82703197, 0.18059158] |
|11 |   50 |  0.25 | 5000 |      f6 |      60 |    52.0 |    52.0 |    0,00 |  0,0 |1592532541075 |[0.35723048, 0.3853768, 0.99738735, 0.21168822, 0.8442632, 0.817998, 0.20668024, 0.5887098, 0.0037558079, 0.7456357] |
|11 |   50 |  0.25 | 5000 |      f6 |      60 |    52.0 |    52.0 |    0,00 |0,0010 |1592532541075 |[0.35723048, 0.3853768, 0.99738735, 0.21168822, 0.8442632, 0.817998, 0.20668024, 0.5887098, 0.0037558079, 0.7456357] |
|12 |   50 |  0.25 | 5000 |      f6 |      60 |    52.0 |    52.0 |    0,00 |  0,0 |1592532541076 |[0.8987694, 0.94311565, 0.3623125, 0.33216316, 0.9309457, 0.6591576, 0.3640434, 0.5046403, 0.8869709, 0.20678765] |
|12 |   50 |  0.25 | 5000 |      f6 |      60 |    52.0 |    52.0 |    0,00 |  0,0 |1592532541076 |[0.8987694, 0.94311565, 0.3623125, 0.33216316, 0.9309457, 0.6591576, 0.3640434, 0.5046403, 0.8869709, 0.20678765] |
|13 |   50 |  0.25 | 5000 |      f6 |      60 |    52.0 |    52.0 |    0,00 |  0,0 |1592532541076 |[0.58743435, 0.5502295, 0.77942383, 0.93276256, 0.96849155, 0.1090737, 0.29081595, 0.84097844, 0.6559223, 0.9977471] |
|13 |   50 |  0.25 | 5000 |      f6 |      60 |    52.0 |    52.0 |    0,00 |0,0010 |1592532541076 |[0.58743435, 0.5502295, 0.77942383, 0.93276256, 0.96849155, 0.1090737, 0.29081595, 0.84097844, 0.6559223, 0.9977471] |
|14 |   50 |  0.25 | 5000 |      f6 |      60 |    52.0 |    52.0 |    0,00 |  0,0 |1592532541077 |[0.9759648, 0.40835136, 0.10208213, 0.7039715, 0.89305395, 0.41780794, 0.9904149, 0.46464008, 0.1976943, 0.8256326] |
|14 |   50 |  0.25 | 5000 |      f6 |      60 |    52.0 |    52.0 |    0,00 |0,0010 |1592532541077 |[0.9759648, 0.40835136, 0.10208213, 0.7039715, 0.89305395, 0.41780794, 0.9904149, 0.46464008, 0.1976943, 0.8256326] |
|15 |   50 |  0.25 | 5000 |      f6 |      60 |    52.0 |    52.0 |    0,00 |  0,0 |1592532541078 |[0.6292934, 0.15492177, 0.7582926, 0.9064659, 0.22287112, 0.44609702, 0.5763692, 0.82083774, 0.2488944, 0.27701223] |
|15 |   50 |  0.25 | 5000 |      f6 |      60 |    52.0 |    52.0 |    0,00 |0,0010 |1592532541078 |[0.6292934, 0.15492177, 0.7582926, 0.9064659, 0.22287112, 0.44609702, 0.5763692, 0.82083774, 0.2488944, 0.27701223] |
