| # | Nest | %Desc |#Iter |Instancia | CapMoch |ValOptmo | BestFit |     RDP | time |      semilla |VectorSolucion |
-------------------------------------------------------------------------------------------------
| 1 |   25 |  0.25 | 2500 |      f6 |      60 |    52.0 |    52.0 |    0,00 |-1,6e+09 |1592499473559 |[0.4180442, 0.77966213, 0.23749262, 0.8332746, 0.8911717, 0.86418366, 0.81575996, 0.06394255, 0.2660278, 0.93218786] |
| 2 |   25 |  0.25 | 2500 |      f6 |      60 |    52.0 |    52.0 |    0,00 |-0,0010 |1592499473562 |[0.9155763, 0.6207461, 0.9914643, 0.45354003, 0.72167116, 0.8856339, 0.12064171, 0.6527606, 0.4155336, 0.82793784] |
| 3 |   25 |  0.25 | 2500 |      f6 |      60 |    52.0 |    52.0 |    0,00 |-0,0010 |1592499473568 |[0.45667875, 0.077302694, 0.019008815, 0.34789878, 0.44365627, 0.31207073, 0.9266265, 0.75533843, 0.5143552, 0.40014362] |
| 4 |   25 |  0.25 | 2500 |      f6 |      60 |    52.0 |    52.0 |    0,00 |  0,0 |1592499473569 |[0.37203598, 0.18534666, 0.13839453, 0.75709164, 0.5575619, 0.5639903, 0.63775873, 0.0573076, 0.30745208, 0.060802877] |
| 5 |   25 |  0.25 | 2500 |      f6 |      60 |    52.0 |    52.0 |    0,00 |  0,0 |1592499473571 |[0.086928844, 0.33436668, 0.3288204, 0.74842805, 0.54183716, 0.7534697, 0.36761397, 0.59247607, 0.41488916, 0.4407133] |
| 6 |   25 |  0.25 | 2500 |      f6 |      60 |    52.0 |    52.0 |    0,00 |  0,0 |1592499473572 |[0.12153429, 0.88167, 0.96519065, 0.5618754, 0.54074794, 0.8905094, 0.48020262, 0.94624007, 0.4026938, 0.7481467] |
| 7 |   25 |  0.25 | 2500 |      f6 |      60 |    52.0 |    52.0 |    0,00 |-0,0010 |1592499473574 |[0.12356645, 0.60562694, 0.3009689, 0.9148457, 0.2597825, 0.8231286, 0.1671707, 0.8640911, 0.69844747, 0.83886075] |
| 8 |   25 |  0.25 | 2500 |      f6 |      60 |    52.0 |    52.0 |    0,00 |  0,0 |1592499473575 |[0.7478506, 0.7352072, 0.3852018, 0.72430336, 0.50529915, 0.46105677, 0.873882, 0.41757762, 0.838239, 0.26578557] |
| 9 |   25 |  0.25 | 2500 |      f6 |      60 |    52.0 |    52.0 |    0,00 |  0,0 |1592499473576 |[0.1571387, 0.28944486, 0.34834152, 0.64237535, 0.972133, 0.97253907, 0.3724, 0.56358784, 0.52303135, 0.36898816] |
|10 |   25 |  0.25 | 2500 |      f6 |      60 |    52.0 |    52.0 |    0,00 |-0,0010 |1592499473578 |[0.9147367, 0.7566871, 0.6718314, 0.9376547, 0.13428384, 0.9810733, 0.478131, 0.43853217, 0.3745613, 0.25579792] |
|11 |   25 |  0.25 | 2500 |      f6 |      60 |    52.0 |    52.0 |    0,00 |-0,0010 |1592499473579 |[0.04678607, 0.6097353, 0.12696892, 0.965713, 0.76139855, 0.92650056, 0.59790325, 0.3795582, 0.56657714, 0.7114822] |
|12 |   25 |  0.25 | 2500 |      f6 |      60 |    52.0 |    52.0 |    0,00 |-0,0010 |1592499473580 |[0.44424927, 0.5532694, 0.89845365, 0.56715465, 0.3686039, 0.39754462, 0.509039, 0.5831049, 0.35887456, 0.42536324] |
|13 |   25 |  0.25 | 2500 |      f6 |      60 |    52.0 |    52.0 |    0,00 |  0,0 |1592499473581 |[0.4681443, 0.78048503, 0.31671888, 0.37998676, 0.47336918, 0.03057766, 0.85634995, 0.12070948, 0.80531496, 0.15123338] |
|14 |   25 |  0.25 | 2500 |      f6 |      60 |    52.0 |    52.0 |    0,00 |  0,0 |1592499473582 |[0.39501178, 0.50374615, 0.33624774, 0.79958755, 0.24211764, 0.45482993, 0.94003785, 0.18656278, 0.68570316, 0.9711395] |
|15 |   25 |  0.25 | 2500 |      f6 |      60 |    52.0 |    52.0 |    0,00 |-0,0010 |1592499473584 |[0.4424492, 0.50712013, 0.271923, 0.55912316, 0.8848843, 0.18839431, 0.0033177137, 0.96614814, 0.56091046, 0.924739] |
