| # | Nest | %Desc |#Iter |Instancia | CapMoch |ValOptmo | BestFit |     RDP | time |      semilla |VectorSolucion |
-------------------------------------------------------------------------------------------------
| 1 |   25 |  0.25 | 2500 |      f9 |      80 |   130.0 |   130.0 |    0,00 |0,0010 |1592496331662 |[0.5332118, 0.7699601, 0.088540435, 0.4501053, 0.8481881] |
| 2 |   25 |  0.25 | 2500 |      f9 |      80 |   130.0 |   130.0 |    0,00 |0,0010 |1592496331663 |[0.15586424, 0.7684223, 0.2768702, 0.27708215, 0.9002928] |
| 3 |   25 |  0.25 | 2500 |      f9 |      80 |   130.0 |   130.0 |    0,00 |  0,0 |1592496331669 |[0.68348444, 0.7109515, 0.8785395, 0.53810006, 0.3446809] |
| 4 |   25 |  0.25 | 2500 |      f9 |      80 |   130.0 |   130.0 |    0,00 |  0,0 |1592496331670 |[0.23402071, 0.63855857, 0.15407711, 0.35603678, 0.93289703] |
| 5 |   25 |  0.25 | 2500 |      f9 |      80 |   130.0 |   130.0 |    0,00 |0,0010 |1592496331670 |[0.036464155, 0.5068792, 0.32251227, 0.63320273, 0.5673743] |
| 6 |   25 |  0.25 | 2500 |      f9 |      80 |   130.0 |   130.0 |    0,00 |  0,0 |1592496331671 |[0.86523795, 0.5542493, 0.19628346, 0.9406879, 0.8898689] |
| 7 |   25 |  0.25 | 2500 |      f9 |      80 |   130.0 |   130.0 |    0,00 |  0,0 |1592496331672 |[0.8290101, 0.35930073, 0.19555438, 0.14777601, 0.81956995] |
| 8 |   25 |  0.25 | 2500 |      f9 |      80 |   130.0 |   130.0 |    0,00 |  0,0 |1592496331673 |[0.83943254, 0.3168016, 0.4610718, 0.6042041, 0.7057036] |
| 9 |   25 |  0.25 | 2500 |      f9 |      80 |   130.0 |   130.0 |    0,00 |0,0010 |1592496331673 |[0.059716344, 0.53132516, 0.5189478, 0.66392183, 0.036545277] |
|10 |   25 |  0.25 | 2500 |      f9 |      80 |   130.0 |   130.0 |    0,00 |0,0010 |1592496331674 |[0.79233897, 0.091778815, 0.2658025, 0.5586439, 0.4622566] |
|11 |   25 |  0.25 | 2500 |      f9 |      80 |   130.0 |   130.0 |    0,00 |  0,0 |1592496331676 |[0.18963349, 0.751413, 0.59211373, 0.9511896, 0.36248976] |
|12 |   25 |  0.25 | 2500 |      f9 |      80 |   130.0 |   130.0 |    0,00 |  0,0 |1592496331677 |[0.014079213, 0.9630417, 0.3567565, 0.36932498, 0.9934697] |
|13 |   25 |  0.25 | 2500 |      f9 |      80 |   130.0 |   130.0 |    0,00 |0,0010 |1592496331678 |[0.5229951, 0.92736685, 0.25526583, 0.42708528, 0.71754044] |
|14 |   25 |  0.25 | 2500 |      f9 |      80 |   130.0 |   130.0 |    0,00 |0,0010 |1592496331679 |[0.13713557, 0.7825748, 0.98150617, 0.7759981, 0.7027729] |
|15 |   25 |  0.25 | 2500 |      f9 |      80 |   130.0 |   130.0 |    0,00 |  0,0 |1592496331681 |[0.79230565, 0.5574877, 0.39715558, 0.07700914, 0.06011057] |
