| # | Nest | %Desc |#Iter |Instancia | CapMoch |ValOptmo | BestFit |     RDP | time |      semilla |VectorSolucion |
-------------------------------------------------------------------------------------------------
| 1 |   25 |  0.25 | 2500 |      f8 |   10000 |  9767.0 |  9744.0 |    0,24 |  1,4 |1566873286662 |[0, 1, 1, 1, 1, 1, 1, 1, 0, 1, 0, 0, 0, 0, 0, 1, 1, 0, 0, 0, 0, 1, 0] |
| 2 |   25 |  0.25 | 2500 |      f8 |   10000 |  9767.0 |  9744.0 |    0,24 |  1,3 |1566873288027 |[0, 1, 1, 1, 1, 1, 1, 1, 0, 1, 0, 0, 0, 0, 0, 1, 1, 0, 0, 0, 0, 1, 0] |
| 3 |   25 |  0.25 | 2500 |      f8 |   10000 |  9767.0 |  9744.0 |    0,24 |  1,3 |1566873289336 |[0, 1, 1, 1, 1, 1, 1, 1, 0, 1, 0, 0, 0, 0, 0, 1, 1, 0, 0, 0, 0, 1, 0] |
| 4 |   25 |  0.25 | 2500 |      f8 |   10000 |  9767.0 |  9744.0 |    0,24 |  1,3 |1566873290654 |[0, 1, 1, 1, 1, 1, 1, 1, 0, 0, 1, 0, 0, 0, 0, 1, 1, 0, 0, 0, 0, 1, 0] |
| 5 |   25 |  0.25 | 2500 |      f8 |   10000 |  9767.0 |  9743.0 |    0,25 |  1,3 |1566873291959 |[0, 1, 1, 1, 1, 1, 1, 1, 0, 0, 0, 0, 0, 0, 1, 1, 1, 0, 0, 0, 0, 1, 0] |
| 6 |   25 |  0.25 | 2500 |      f8 |   10000 |  9767.0 |  9744.0 |    0,24 |  1,3 |1566873293267 |[0, 1, 1, 1, 1, 1, 1, 1, 0, 1, 0, 0, 0, 0, 0, 1, 1, 0, 0, 0, 0, 1, 0] |
| 7 |   25 |  0.25 | 2500 |      f8 |   10000 |  9767.0 |  9743.0 |    0,25 |  1,3 |1566873294579 |[0, 1, 1, 1, 1, 1, 1, 1, 0, 0, 0, 0, 0, 0, 1, 1, 1, 0, 0, 0, 0, 1, 0] |
| 8 |   25 |  0.25 | 2500 |      f8 |   10000 |  9767.0 |  9744.0 |    0,24 |  1,3 |1566873295912 |[0, 1, 1, 1, 1, 1, 1, 1, 0, 1, 0, 0, 0, 0, 0, 1, 1, 0, 0, 0, 0, 1, 0] |
| 9 |   25 |  0.25 | 2500 |      f8 |   10000 |  9767.0 |  9744.0 |    0,24 |  1,3 |1566873297212 |[0, 1, 1, 1, 1, 1, 1, 1, 0, 1, 0, 0, 0, 0, 0, 1, 1, 0, 0, 0, 0, 1, 0] |
|10 |   25 |  0.25 | 2500 |      f8 |   10000 |  9767.0 |  9743.0 |    0,25 |  1,3 |1566873298518 |[0, 1, 1, 1, 1, 1, 1, 1, 0, 0, 0, 0, 0, 1, 0, 1, 1, 0, 0, 0, 0, 1, 0] |
|11 |   25 |  0.25 | 2500 |      f8 |   10000 |  9767.0 |  9744.0 |    0,24 |  1,3 |1566873299854 |[0, 1, 1, 1, 1, 1, 1, 1, 0, 1, 0, 0, 0, 0, 0, 1, 1, 0, 0, 0, 0, 1, 0] |
|12 |   25 |  0.25 | 2500 |      f8 |   10000 |  9767.0 |  9744.0 |    0,24 |  1,3 |1566873301155 |[0, 1, 1, 1, 1, 1, 1, 1, 0, 0, 1, 0, 0, 0, 0, 1, 1, 0, 0, 0, 0, 1, 0] |
|13 |   25 |  0.25 | 2500 |      f8 |   10000 |  9767.0 |  9744.0 |    0,24 |  1,3 |1566873302464 |[0, 1, 1, 1, 1, 1, 1, 1, 0, 0, 1, 0, 0, 0, 0, 1, 1, 0, 0, 0, 0, 1, 0] |
|14 |   25 |  0.25 | 2500 |      f8 |   10000 |  9767.0 |  9744.0 |    0,24 |  1,3 |1566873303771 |[0, 1, 1, 1, 1, 1, 1, 1, 0, 0, 1, 0, 0, 0, 0, 1, 1, 0, 0, 0, 0, 1, 0] |
|15 |   25 |  0.25 | 2500 |      f8 |   10000 |  9767.0 |  9744.0 |    0,24 |  1,3 |1566873305065 |[0, 1, 1, 1, 1, 1, 1, 1, 0, 1, 0, 0, 0, 0, 0, 1, 1, 0, 0, 0, 0, 1, 0] |
|16 |   25 |  0.25 | 2500 |      f8 |   10000 |  9767.0 |  9746.0 |    0,22 |  2,0 |1566873306386 |[0, 1, 1, 1, 0, 1, 0, 1, 0, 1, 0, 1, 1, 0, 1, 1, 1, 0, 0, 0, 0, 0, 0] |
|17 |   25 |  0.25 | 2500 |      f8 |   10000 |  9767.0 |  9744.0 |    0,24 |  1,3 |1566873308354 |[0, 1, 1, 1, 1, 1, 1, 1, 0, 0, 1, 0, 0, 0, 0, 1, 1, 0, 0, 0, 0, 1, 0] |
|18 |   25 |  0.25 | 2500 |      f8 |   10000 |  9767.0 |  9744.0 |    0,24 |  1,3 |1566873309659 |[0, 1, 1, 1, 1, 1, 1, 1, 0, 0, 1, 0, 0, 0, 0, 1, 1, 0, 0, 0, 0, 1, 0] |
|19 |   25 |  0.25 | 2500 |      f8 |   10000 |  9767.0 |  9743.0 |    0,25 |  1,3 |1566873310973 |[0, 1, 1, 1, 1, 1, 1, 1, 0, 0, 0, 0, 0, 0, 1, 1, 1, 0, 0, 0, 0, 1, 0] |
|20 |   25 |  0.25 | 2500 |      f8 |   10000 |  9767.0 |  9744.0 |    0,24 |  1,4 |1566873312274 |[0, 1, 1, 1, 1, 1, 1, 1, 0, 0, 1, 0, 0, 0, 0, 1, 1, 0, 0, 0, 0, 1, 0] |
|21 |   25 |  0.25 | 2500 |      f8 |   10000 |  9767.0 |  9744.0 |    0,24 |  1,3 |1566873313632 |[0, 1, 1, 1, 1, 1, 1, 1, 0, 1, 0, 0, 0, 0, 0, 1, 1, 0, 0, 0, 0, 1, 0] |
|22 |   25 |  0.25 | 2500 |      f8 |   10000 |  9767.0 |  9744.0 |    0,24 |  1,3 |1566873314956 |[0, 1, 1, 1, 1, 1, 1, 1, 0, 0, 1, 0, 0, 0, 0, 1, 1, 0, 0, 0, 0, 1, 0] |
|23 |   25 |  0.25 | 2500 |      f8 |   10000 |  9767.0 |  9743.0 |    0,25 |  1,3 |1566873316288 |[0, 1, 1, 1, 1, 1, 1, 1, 0, 0, 0, 0, 0, 0, 1, 1, 1, 0, 0, 0, 0, 1, 0] |
|24 |   25 |  0.25 | 2500 |      f8 |   10000 |  9767.0 |  9744.0 |    0,24 |  1,3 |1566873317612 |[0, 1, 1, 1, 1, 1, 1, 1, 0, 0, 1, 0, 0, 0, 0, 1, 1, 0, 0, 0, 0, 1, 0] |
|25 |   25 |  0.25 | 2500 |      f8 |   10000 |  9767.0 |  9744.0 |    0,24 |  1,3 |1566873318919 |[0, 1, 1, 1, 1, 1, 1, 1, 0, 0, 1, 0, 0, 0, 0, 1, 1, 0, 0, 0, 0, 1, 0] |
|26 |   25 |  0.25 | 2500 |      f8 |   10000 |  9767.0 |  9744.0 |    0,24 |  1,3 |1566873320220 |[0, 1, 1, 1, 1, 1, 1, 1, 0, 0, 1, 0, 0, 0, 0, 1, 1, 0, 0, 0, 0, 1, 0] |
|27 |   25 |  0.25 | 2500 |      f8 |   10000 |  9767.0 |  9744.0 |    0,24 |  1,3 |1566873321531 |[0, 1, 1, 1, 1, 1, 1, 1, 0, 0, 1, 0, 0, 0, 0, 1, 1, 0, 0, 0, 0, 1, 0] |
|28 |   25 |  0.25 | 2500 |      f8 |   10000 |  9767.0 |  9744.0 |    0,24 |  1,3 |1566873322836 |[0, 1, 1, 1, 1, 1, 1, 1, 0, 1, 0, 0, 0, 0, 0, 1, 1, 0, 0, 0, 0, 1, 0] |
|29 |   25 |  0.25 | 2500 |      f8 |   10000 |  9767.0 |  9744.0 |    0,24 |  1,3 |1566873324135 |[0, 1, 1, 1, 1, 1, 1, 1, 0, 1, 0, 0, 0, 0, 0, 1, 1, 0, 0, 0, 0, 1, 0] |
|30 |   25 |  0.25 | 2500 |      f8 |   10000 |  9767.0 |  9744.0 |    0,24 |  1,3 |1566873325442 |[0, 1, 1, 1, 1, 1, 1, 1, 0, 0, 1, 0, 0, 0, 0, 1, 1, 0, 0, 0, 0, 1, 0] |
|31 |   25 |  0.25 | 2500 |      f8 |   10000 |  9767.0 |  9743.0 |    0,25 |  1,3 |1566873326762 |[0, 1, 1, 1, 1, 1, 1, 1, 0, 0, 0, 0, 0, 1, 0, 1, 1, 0, 0, 0, 0, 1, 0] |
