| # | Nest | %Desc |#Iter |Instancia | CapMoch |ValOptmo | BestFit |     RDP | time |      semilla |VectorSolucion |
-------------------------------------------------------------------------------------------------
| 1 |   50 |  0.25 | 5000 |      f2 |     878 |  1024.0 |  1018.0 |    0,59 |-1,6e+09 |1592512601813 |[0.6846901, 0.91010445, 0.30296916, 0.5771291, 0.35865974, 0.29977638, 0.18235743, 0.10626316, 0.8301743, 0.93714315, 0.78460395, 0.9662204, 0.23214895, 0.3524937, 0.7567757, 0.35530335, 0.004222691, 0.013666034, 0.6331863, 0.32633942] |
| 1 |   75 |  0.45 | 5000 |      f2 |     878 |  1024.0 |  1018.0 |    0,59 |   11 |1592512601813 |[0.3404346, 0.188074, 0.20919085, 0.82317555, 0.9524652, 0.23088837, 0.15724462, 0.6320094, 0.37266237, 0.17805898, 0.28434682, 0.66139233, 0.024495602, 0.98196715, 0.047634244, 0.9712088, 0.48884237, 0.8392819, 0.024646223, 0.39197892] |
| 2 |   50 |  0.25 | 5000 |      f2 |     878 |  1024.0 |  1018.0 |    0,59 |-0,0010 |1592512612806 |[0.3931036, 0.7955123, 0.265656, 0.6002856, 0.05746472, 0.9276372, 0.99655104, 0.44308966, 0.16499782, 0.6365619, 0.9916428, 0.55895627, 0.5495741, 0.014622629, 0.42399424, 0.9546803, 0.31616724, 0.2072627, 0.040959, 0.13685054] |
| 2 |   75 |  0.45 | 5000 |      f2 |     878 |  1024.0 |  1018.0 |    0,59 |   11 |1592512612806 |[0.022361338, 0.87221956, 0.3411551, 0.7301442, 0.53346115, 0.6221425, 0.8923772, 0.33956778, 0.6741865, 0.27918202, 0.14660656, 0.4053623, 0.6144596, 0.25648326, 0.22195685, 0.12830645, 0.59218305, 0.8479775, 0.32418233, 0.27149385] |
| 3 |   50 |  0.25 | 5000 |      f2 |     878 |  1024.0 |  1018.0 |    0,59 |  0,0 |1592512623831 |[0.62468654, 0.3621568, 0.6432827, 0.9783589, 0.9340786, 0.20713753, 0.47633606, 0.33970046, 0.6858088, 0.8708001, 0.5009891, 0.4878407, 0.23365891, 0.8588935, 0.2819314, 0.8551583, 0.25792092, 0.5720209, 0.08563107, 0.10017276] |
| 3 |   75 |  0.45 | 5000 |      f2 |     878 |  1024.0 |  1018.0 |    0,59 |   11 |1592512623831 |[0.15906316, 0.92142004, 0.95717037, 0.17595404, 0.08956444, 0.91747105, 0.009857118, 0.5826021, 0.68477476, 0.81711566, 0.8424123, 0.61822206, 0.0079600215, 0.47364378, 0.04443127, 0.15756708, 0.7363652, 0.73010635, 0.15792376, 0.19577503] |
| 4 |   50 |  0.25 | 5000 |      f2 |     878 |  1024.0 |  1018.0 |    0,59 |-0,0010 |1592512634806 |[0.31004125, 0.60892224, 0.19616312, 0.8878175, 0.97202283, 0.33029616, 0.20702112, 0.47471535, 0.40978616, 0.003834784, 0.33497202, 0.33732098, 0.31641465, 0.17114514, 0.721172, 0.69602394, 0.7511932, 0.31539845, 0.26618576, 0.33337516] |
| 4 |   75 |  0.45 | 5000 |      f2 |     878 |  1024.0 |  1018.0 |    0,59 |   11 |1592512634806 |[0.31004125, 0.60892224, 0.19616312, 0.8878175, 0.97202283, 0.33029616, 0.20702112, 0.47471535, 0.40978616, 0.003834784, 0.33497202, 0.33732098, 0.31641465, 0.17114514, 0.721172, 0.69602394, 0.7511932, 0.31539845, 0.26618576, 0.33337516] |
| 5 |   50 |  0.25 | 5000 |      f2 |     878 |  1024.0 |  1018.0 |    0,59 |  0,0 |1592512645707 |[0.5290932, 0.36604613, 0.5248286, 0.27099514, 0.5110318, 0.5950347, 0.6611959, 0.98626006, 0.05010122, 0.9348285, 0.9753337, 0.3062349, 0.70743096, 0.68501407, 0.11663759, 0.35748255, 0.4798882, 0.44693726, 0.13949853, 0.9403687] |
| 5 |   75 |  0.45 | 5000 |      f2 |     878 |  1024.0 |  1018.0 |    0,59 |   11 |1592512645707 |[0.5290932, 0.36604613, 0.5248286, 0.27099514, 0.5110318, 0.5950347, 0.6611959, 0.98626006, 0.05010122, 0.9348285, 0.9753337, 0.3062349, 0.70743096, 0.68501407, 0.11663759, 0.35748255, 0.4798882, 0.44693726, 0.13949853, 0.9403687] |
| 6 |   50 |  0.25 | 5000 |      f2 |     878 |  1024.0 |  1018.0 |    0,59 |  0,0 |1592512656591 |[0.8706623, 0.34454668, 0.49128747, 0.014177144, 0.73017585, 0.94612485, 0.45089382, 0.23085678, 0.75840276, 0.028298378, 0.57576114, 0.05992371, 0.40481853, 0.035727024, 0.6226519, 0.2395401, 0.94125277, 0.2217446, 0.90358365, 0.70390165] |
| 6 |   75 |  0.45 | 5000 |      f2 |     878 |  1024.0 |  1018.0 |    0,59 |   11 |1592512656591 |[0.69132966, 0.2647403, 0.91458905, 0.22023726, 0.36210418, 0.16487938, 0.25628322, 0.35660118, 0.19190699, 0.59864455, 0.9982926, 0.5729315, 0.4752102, 0.9387238, 0.17992002, 0.6201414, 0.6503151, 0.31358194, 0.46402925, 0.5010124] |
| 7 |   50 |  0.25 | 5000 |      f2 |     878 |  1024.0 |  1018.0 |    0,59 |  0,0 |1592512667514 |[0.36121213, 0.9018663, 0.24558324, 0.22982097, 0.98372424, 0.08305675, 0.073174715, 0.44791037, 0.039758384, 0.20185173, 0.2866068, 0.74333787, 0.29101312, 0.775089, 0.6849595, 0.9987929, 0.20371419, 0.9765282, 0.23196715, 0.14737868] |
| 7 |   75 |  0.45 | 5000 |      f2 |     878 |  1024.0 |  1018.0 |    0,59 |   11 |1592512667514 |[0.95631576, 0.76912457, 0.63740987, 0.012592316, 0.4479658, 0.75506335, 0.967454, 0.88041335, 0.11812079, 0.64365745, 0.5488372, 0.24520326, 0.5810412, 0.9440738, 0.35428154, 0.77835757, 0.78252524, 0.90689063, 0.5638566, 0.9648872] |
| 8 |   50 |  0.25 | 5000 |      f2 |     878 |  1024.0 |  1018.0 |    0,59 |  0,0 |1592512678382 |[0.42654467, 0.48991323, 0.07415533, 0.58642405, 0.87379235, 0.09067589, 0.5098879, 0.21217954, 0.2110917, 0.82284534, 0.61876756, 0.12030655, 0.20740074, 0.17419946, 0.88880706, 0.006998718, 0.03604877, 0.53977627, 0.4519406, 0.3804633] |
| 8 |   75 |  0.44 | 5000 |      f2 |     878 |  1024.0 |  1018.0 |    0,59 |   11 |1592512678382 |[0.35668874, 0.5315623, 0.27443528, 0.44795257, 0.5794362, 0.14356178, 0.6594946, 0.17104793, 0.39255565, 0.43224794, 0.02405256, 0.260382, 0.24104607, 0.53912926, 0.45077002, 0.24374866, 0.4562335, 0.24904221, 0.6883356, 0.109648466] |
| 9 |   50 |  0.25 | 5000 |      f2 |     878 |  1024.0 |  1018.0 |    0,59 |  0,0 |1592512689256 |[0.33891708, 0.13347608, 0.39631855, 0.14587355, 0.87435085, 0.3435219, 0.57275677, 0.41763806, 0.029675782, 0.9780535, 0.16581869, 0.36297095, 0.49923718, 0.26217896, 0.61265403, 0.88982224, 0.4033845, 0.19874394, 0.08231032, 0.6214448] |
| 9 |   75 |  0.45 | 5000 |      f2 |     878 |  1024.0 |  1018.0 |    0,59 |   11 |1592512689256 |[0.8937331, 0.42891216, 0.49613613, 0.8540666, 0.22910058, 0.7340486, 0.18916231, 0.5615691, 0.5865066, 0.6725094, 0.057004273, 0.031583965, 0.4669212, 0.33227164, 0.2951098, 0.6000124, 0.07319337, 0.6486154, 0.25197792, 0.12703055] |
|10 |   50 |  0.25 | 5000 |      f2 |     878 |  1024.0 |  1018.0 |    0,59 |  0,0 |1592512700307 |[0.8294509, 0.94587886, 0.9563471, 0.6111639, 0.55212164, 0.5442078, 0.75136626, 0.26786196, 0.6268264, 0.49487084, 0.7101422, 0.99630195, 0.79290146, 0.14288348, 0.48967218, 0.5626207, 0.87409127, 0.30765378, 0.3446173, 0.68009436] |
|10 |   75 |  0.45 | 5000 |      f2 |     878 |  1024.0 |  1018.0 |    0,59 |   11 |1592512700307 |[0.8294509, 0.94587886, 0.9563471, 0.6111639, 0.55212164, 0.5442078, 0.75136626, 0.26786196, 0.6268264, 0.49487084, 0.7101422, 0.99630195, 0.79290146, 0.14288348, 0.48967218, 0.5626207, 0.87409127, 0.30765378, 0.3446173, 0.68009436] |
|11 |   50 |  0.25 | 5000 |      f2 |     878 |  1024.0 |  1018.0 |    0,59 |  0,0 |1592512711214 |[0.1476143, 0.8912619, 0.31874245, 0.65364295, 0.2682194, 0.8259924, 0.44259107, 0.7047555, 0.1509946, 0.1555351, 0.001123488, 0.24939704, 0.64408255, 0.14875573, 0.28843063, 0.12480402, 0.2948118, 0.8386537, 0.9511243, 0.52833277] |
|11 |   75 |  0.45 | 5000 |      f2 |     878 |  1024.0 |  1018.0 |    0,59 |   11 |1592512711214 |[0.39239538, 0.9159947, 0.47615284, 0.19785511, 0.51781905, 0.8072821, 0.8152627, 0.0536139, 0.53652954, 0.36390013, 0.062440515, 0.6720852, 0.886518, 0.18647242, 0.44093102, 0.5127144, 0.9280806, 0.9745105, 0.72618294, 0.988985] |
|12 |   50 |  0.25 | 5000 |      f2 |     878 |  1024.0 |  1018.0 |    0,59 |  0,0 |1592512722111 |[0.4746486, 0.3270257, 0.54992986, 0.62158716, 0.9892967, 0.9688241, 0.23137891, 0.25533324, 0.8281812, 0.26267505, 0.9236536, 0.9578741, 0.25301623, 0.09656608, 0.5149545, 0.53913146, 0.2030313, 0.9008006, 0.9319822, 0.5164371] |
|12 |   75 |  0.45 | 5000 |      f2 |     878 |  1024.0 |  1018.0 |    0,59 |   11 |1592512722111 |[0.66745085, 0.47490662, 0.45695227, 0.94343233, 0.9813177, 0.3194304, 0.4272697, 0.22479999, 0.8085384, 0.41564518, 0.31919783, 0.6102828, 0.9332782, 0.85238254, 0.9503594, 0.90064776, 0.49455243, 0.17713684, 0.46795583, 0.35025656] |
|13 |   50 |  0.25 | 5000 |      f2 |     878 |  1024.0 |  1018.0 |    0,59 |  0,0 |1592512733058 |[0.34237528, 0.94081324, 0.96673006, 0.76643294, 0.637255, 0.10834342, 0.80323935, 0.35321134, 0.88469505, 0.9605335, 0.56159353, 0.10644275, 0.9741915, 0.56007814, 0.8761917, 0.89687145, 0.539677, 0.32917053, 0.5916602, 0.75298697] |
