|Instancia |Ejecucion |Iteracion |Iter Max |Nidos |   %Pa |tipoDiscretizacion |tipoBinarizacion | CapMoch |   Optmo |OptimoObtenido |     RDP | time |      semilla |VectorSolucionReal |VectorSolucionBinario |
-------------------------------------------------------------------------------------------------
|      f1 | 1 |       1 |    5000 |   50 |  0.25 |standard | sshape3 |     269 |   295.0 |   295.0 |    0,00 |-1,6e+09 |1592601000269 |[0.5419643, 0.2010959, 0.7379501, 0.44410133, 0.48936984, 0.6216042, 0.7389479, 0.5697398, 0.8313718, 0.18181072] |[0.0, 1.0, 0.0, 0.0, 0.0, 1.0, 0.0, 1.0, 1.0, 1.0] |
|      f1 | 1 |       2 |    5000 |   50 |  0.25 |standard | sshape3 |     269 |   295.0 |   295.0 |    0,00 |0,018 |1592601000269 |[0.5419643, 0.2010959, 0.7379501, 0.44410133, 0.48936984, 0.6216042, 0.7389479, 0.5697398, 0.8313718, 0.18181072] |[0.0, 1.0, 0.0, 0.0, 0.0, 1.0, 0.0, 1.0, 1.0, 1.0] |
|      f1 | 2 |       1 |    5000 |   50 |  0.25 |standard | sshape3 |     269 |   295.0 |   295.0 |    0,00 |-0,0020 |1592601000289 |[0.93074757, 0.61511153, 0.8272269, 0.6666493, 0.07631743, 0.2767841, 0.49175024, 0.8776281, 0.3033985, 0.5910625] |[0.0, 1.0, 1.0, 0.0, 0.0, 0.0, 0.0, 1.0, 1.0, 1.0] |
|      f1 | 2 |       2 |    5000 |   50 |  0.25 |standard | sshape3 |     269 |   295.0 |   295.0 |    0,00 |0,0030 |1592601000289 |[0.93074757, 0.61511153, 0.8272269, 0.6666493, 0.07631743, 0.2767841, 0.49175024, 0.8776281, 0.3033985, 0.5910625] |[0.0, 1.0, 1.0, 0.0, 0.0, 0.0, 0.0, 1.0, 1.0, 1.0] |
|      f1 | 3 |       1 |    5000 |   50 |  0.25 |standard | sshape3 |     269 |   295.0 |   295.0 |    0,00 |-0,0010 |1592601000293 |[0.18474491, 0.2596319, 0.7527104, 0.6092472, 0.23444793, 0.22251372, 0.19691932, 0.8691114, 0.173885, 0.8622541] |[0.0, 1.0, 1.0, 1.0, 0.0, 0.0, 0.0, 1.0, 1.0, 1.0] |
|      f1 | 3 |       2 |    5000 |   50 |  0.25 |standard | sshape3 |     269 |   295.0 |   295.0 |    0,00 |0,0020 |1592601000293 |[0.18474491, 0.2596319, 0.7527104, 0.6092472, 0.23444793, 0.22251372, 0.19691932, 0.8691114, 0.173885, 0.8622541] |[0.0, 1.0, 1.0, 1.0, 0.0, 0.0, 0.0, 1.0, 1.0, 1.0] |
|      f1 | 4 |       1 |    5000 |   50 |  0.25 |standard | sshape3 |     269 |   295.0 |   295.0 |    0,00 |-0,0020 |1592601000297 |[0.1851287, 0.5911846, 0.251271, 0.7861396, 0.93072784, 0.746745, 0.5031945, 0.9100331, 0.46767458, 0.9633453] |[0.0, 1.0, 0.0, 1.0, 1.0, 1.0, 0.0, 0.0, 1.0, 1.0] |
|      f1 | 4 |       2 |    5000 |   50 |  0.25 |standard | sshape3 |     269 |   295.0 |   295.0 |    0,00 |0,0040 |1592601000297 |[0.1851287, 0.5911846, 0.251271, 0.7861396, 0.93072784, 0.746745, 0.5031945, 0.9100331, 0.46767458, 0.9633453] |[0.0, 1.0, 0.0, 1.0, 1.0, 1.0, 0.0, 0.0, 1.0, 1.0] |
|      f1 | 5 |       1 |    5000 |   50 |  0.25 |standard | sshape3 |     269 |   295.0 |   295.0 |    0,00 |-0,0010 |1592601000302 |[0.11368644, 0.89938855, 0.17353582, 0.025435686, 0.9686999, 0.26630628, 0.81795156, 0.86899835, 0.33436722, 0.34869778] |[0.0, 1.0, 1.0, 0.0, 0.0, 1.0, 0.0, 1.0, 1.0, 0.0] |
|      f1 | 5 |       2 |    5000 |   50 |  0.25 |standard | sshape3 |     269 |   295.0 |   295.0 |    0,00 |0,0020 |1592601000302 |[0.11368644, 0.89938855, 0.17353582, 0.025435686, 0.9686999, 0.26630628, 0.81795156, 0.86899835, 0.33436722, 0.34869778] |[0.0, 1.0, 1.0, 0.0, 0.0, 1.0, 0.0, 1.0, 1.0, 0.0] |
|      f1 | 6 |       1 |    5000 |   50 |  0.25 |standard | sshape3 |     269 |   295.0 |   295.0 |    0,00 |-0,0030 |1592601000307 |[0.13959968, 0.4734475, 0.66618234, 0.9737743, 0.4484133, 0.0636279, 0.39353198, 0.28520477, 0.22718102, 0.6196266] |[0.0, 1.0, 0.0, 0.0, 0.0, 1.0, 0.0, 1.0, 1.0, 1.0] |
|      f1 | 6 |       2 |    5000 |   50 |  0.25 |standard | sshape3 |     269 |   295.0 |   295.0 |    0,00 |0,0020 |1592601000307 |[0.13959968, 0.4734475, 0.66618234, 0.9737743, 0.4484133, 0.0636279, 0.39353198, 0.28520477, 0.22718102, 0.6196266] |[0.0, 1.0, 0.0, 0.0, 0.0, 1.0, 0.0, 1.0, 1.0, 1.0] |
|      f1 | 7 |       1 |    5000 |   50 |  0.25 |standard | sshape3 |     269 |   295.0 |   295.0 |    0,00 |-0,0010 |1592601000310 |[0.4581822, 0.6423796, 0.97276044, 0.10537326, 0.29616126, 0.47458053, 0.18107595, 0.485273, 0.1875696, 0.1554257] |[0.0, 1.0, 1.0, 1.0, 0.0, 0.0, 0.0, 1.0, 1.0, 1.0] |
|      f1 | 7 |       2 |    5000 |   50 |  0.25 |standard | sshape3 |     269 |   295.0 |   295.0 |    0,00 |0,0020 |1592601000310 |[0.4581822, 0.6423796, 0.97276044, 0.10537326, 0.29616126, 0.47458053, 0.18107595, 0.485273, 0.1875696, 0.1554257] |[0.0, 1.0, 1.0, 1.0, 0.0, 0.0, 0.0, 1.0, 1.0, 1.0] |
|      f1 | 8 |       1 |    5000 |   50 |  0.25 |standard | sshape3 |     269 |   295.0 |   295.0 |    0,00 |-0,0020 |1592601000314 |[0.5470346, 0.71023667, 0.45340472, 0.51507014, 0.8977909, 0.7420735, 0.86846536, 0.07386088, 0.5186856, 0.9852682] |[0.0, 1.0, 1.0, 0.0, 0.0, 1.0, 0.0, 1.0, 0.0, 1.0] |
|      f1 | 8 |       2 |    5000 |   50 |  0.25 |standard | sshape3 |     269 |   295.0 |   295.0 |    0,00 |0,0020 |1592601000314 |[0.5470346, 0.71023667, 0.45340472, 0.51507014, 0.8977909, 0.7420735, 0.86846536, 0.07386088, 0.5186856, 0.9852682] |[0.0, 1.0, 1.0, 0.0, 0.0, 1.0, 0.0, 1.0, 0.0, 1.0] |
|      f1 | 9 |       1 |    5000 |   50 |  0.25 |standard | sshape3 |     269 |   295.0 |   295.0 |    0,00 |-0,0020 |1592601000318 |[0.20319659, 0.7100409, 0.36074752, 0.22197479, 0.99466884, 0.6593726, 0.5072379, 0.14092821, 0.9476506, 0.2709856] |[0.0, 1.0, 1.0, 1.0, 0.0, 0.0, 0.0, 1.0, 1.0, 1.0] |
|      f1 | 9 |       2 |    5000 |   50 |  0.25 |standard | sshape3 |     269 |   295.0 |   295.0 |    0,00 |0,0020 |1592601000318 |[0.20319659, 0.7100409, 0.36074752, 0.22197479, 0.99466884, 0.6593726, 0.5072379, 0.14092821, 0.9476506, 0.2709856] |[0.0, 1.0, 1.0, 1.0, 0.0, 0.0, 0.0, 1.0, 1.0, 1.0] |
|      f1 |10 |       1 |    5000 |   50 |  0.25 |standard | sshape3 |     269 |   295.0 |   295.0 |    0,00 |-0,0010 |1592601000321 |[0.23603688, 1.0E-12, 0.2428247, 0.72845894, 0.4459682, 0.8981487, 0.016051637, 0.44583648, 0.23380345, 0.67006654] |[0.0, 1.0, 0.0, 0.0, 0.0, 1.0, 0.0, 1.0, 1.0, 1.0] |
|      f1 |10 |       2 |    5000 |   50 |  0.25 |standard | sshape3 |     269 |   295.0 |   295.0 |    0,00 |0,0020 |1592601000321 |[0.23603688, 1.0E-12, 0.2428247, 0.72845894, 0.4459682, 0.8981487, 0.016051637, 0.44583648, 0.23380345, 0.67006654] |[0.0, 1.0, 0.0, 0.0, 0.0, 1.0, 0.0, 1.0, 1.0, 1.0] |
|      f1 |11 |       1 |    5000 |   50 |  0.25 |standard | sshape3 |     269 |   295.0 |   295.0 |    0,00 |-0,0010 |1592601000324 |[0.54462713, 0.16488138, 0.1640603, 0.1225062, 1.0E-12, 0.48341748, 1.0E-12, 0.34582293, 0.10113585, 0.056060538] |[0.0, 1.0, 1.0, 1.0, 0.0, 0.0, 0.0, 1.0, 1.0, 1.0] |
|      f1 |11 |       2 |    5000 |   50 |  0.25 |standard | sshape3 |     269 |   295.0 |   295.0 |    0,00 |0,0020 |1592601000324 |[0.54462713, 0.16488138, 0.1640603, 0.1225062, 1.0E-12, 0.48341748, 1.0E-12, 0.34582293, 0.10113585, 0.056060538] |[0.0, 1.0, 1.0, 1.0, 0.0, 0.0, 0.0, 1.0, 1.0, 1.0] |
|      f1 |12 |       1 |    5000 |   50 |  0.25 |standard | sshape3 |     269 |   295.0 |   295.0 |    0,00 |-0,0010 |1592601000327 |[0.4804479, 0.6571938, 0.051727746, 0.6955739, 0.16924253, 0.16062236, 0.17454696, 0.7632366, 0.8498736, 0.5594892] |[1.0, 1.0, 1.0, 0.0, 0.0, 0.0, 0.0, 1.0, 0.0, 1.0] |
|      f1 |12 |       2 |    5000 |   50 |  0.25 |standard | sshape3 |     269 |   295.0 |   295.0 |    0,00 |0,0030 |1592601000327 |[0.4804479, 0.6571938, 0.051727746, 0.6955739, 0.16924253, 0.16062236, 0.17454696, 0.7632366, 0.8498736, 0.5594892] |[1.0, 1.0, 1.0, 0.0, 0.0, 0.0, 0.0, 1.0, 0.0, 1.0] |
|      f1 |13 |       1 |    5000 |   50 |  0.25 |standard | sshape3 |     269 |   295.0 |   295.0 |    0,00 |-0,0010 |1592601000331 |[0.9229247, 1.0, 0.820123, 0.035597995, 0.14848877, 0.13883008, 1.0, 0.69838005, 1.0, 0.8432289] |[0.0, 1.0, 1.0, 1.0, 0.0, 0.0, 0.0, 1.0, 1.0, 1.0] |
|      f1 |13 |       2 |    5000 |   50 |  0.25 |standard | sshape3 |     269 |   295.0 |   295.0 |    0,00 |0,0020 |1592601000331 |[0.9229247, 1.0, 0.820123, 0.035597995, 0.14848877, 0.13883008, 1.0, 0.69838005, 1.0, 0.8432289] |[0.0, 1.0, 1.0, 1.0, 0.0, 0.0, 0.0, 1.0, 1.0, 1.0] |
|      f1 |14 |       1 |    5000 |   50 |  0.25 |standard | sshape3 |     269 |   295.0 |   295.0 |    0,00 |-0,0010 |1592601000334 |[0.25175574, 0.97504306, 0.06514709, 0.6995868, 0.8806161, 0.5892547, 6.3755794E-4, 0.68322456, 0.53820676, 0.6631213] |[1.0, 1.0, 1.0, 0.0, 0.0, 0.0, 1.0, 0.0, 0.0, 0.0] |
|      f1 |14 |       2 |    5000 |   50 |  0.25 |standard | sshape3 |     269 |   295.0 |   295.0 |    0,00 |0,0020 |1592601000334 |[0.25175574, 0.97504306, 0.06514709, 0.6995868, 0.8806161, 0.5892547, 6.3755794E-4, 0.68322456, 0.53820676, 0.6631213] |[1.0, 1.0, 1.0, 0.0, 0.0, 0.0, 1.0, 0.0, 0.0, 0.0] |
|      f1 |15 |       1 |    5000 |   50 |  0.25 |standard | sshape3 |     269 |   295.0 |   295.0 |    0,00 |-0,0010 |1592601000337 |[0.44828525, 0.6800896, 0.9360872, 0.15136762, 0.9187563, 0.33089522, 0.9632635, 0.6471199, 0.13714351, 0.19754304] |[1.0, 1.0, 0.0, 0.0, 1.0, 1.0, 0.0, 0.0, 0.0, 1.0] |
|      f1 |15 |       2 |    5000 |   50 |  0.25 |standard | sshape3 |     269 |   295.0 |   295.0 |    0,00 |0,0020 |1592601000337 |[0.44828525, 0.6800896, 0.9360872, 0.15136762, 0.9187563, 0.33089522, 0.9632635, 0.6471199, 0.13714351, 0.19754304] |[1.0, 1.0, 0.0, 0.0, 1.0, 1.0, 0.0, 0.0, 0.0, 1.0] |
