| # | Nest | %Desc |#Iter |Instancia | CapMoch |ValOptmo | BestFit |     RDP | time |      semilla |VectorSolucion |
-------------------------------------------------------------------------------------------------
| 1 |   50 |  0.25 | 5000 |      f2 |     878 |  1024.0 |  1018.0 |    0,59 |-1,6e+09 |1592532507943 |[0.123860665, 0.42127517, 0.5247076, 0.93955857, 0.89676976, 0.38693044, 0.17269538, 0.67151374, 0.889089, 0.24627432, 0.17668797, 0.74048656, 0.89555377, 0.4694392, 0.07241078, 0.17663473, 0.8797189, 0.855591, 0.062309295, 0.4664147] |
| 1 |   50 |  0.25 | 5000 |      f2 |     878 |  1024.0 |  1024.0 |    0,00 |0,0030 |1592532507943 |[0.64593935, 0.46888465, 1.0, 0.33093026, 1.0, 0.16092616, 0.4033334, 0.6037744, 0.16366108, 0.98023665, 0.51153636, 0.5916612, 1.0, 0.32317728, 0.523359, 0.16902484, 0.8720829, 0.6179542, 0.77873045, 1.0] |
| 2 |   50 |  0.25 | 5000 |      f2 |     878 |  1024.0 |  1024.0 |    0,00 |-0,0010 |1592532507947 |[0.5365762, 0.74952227, 0.65605253, 0.65390676, 0.76219255, 0.60147697, 0.8066203, 0.9935, 0.41950756, 0.39391667, 0.31469405, 0.42078948, 0.21599674, 0.90337706, 0.23682421, 0.1421234, 0.08227128, 0.8724294, 0.04392785, 0.44548917] |
| 2 |   50 |  0.25 | 5000 |      f2 |     878 |  1024.0 |  1024.0 |    0,00 |0,0020 |1592532507947 |[0.5365762, 0.74952227, 0.65605253, 0.65390676, 0.76219255, 0.60147697, 0.8066203, 0.9935, 0.41950756, 0.39391667, 0.31469405, 0.42078948, 0.21599674, 0.90337706, 0.23682421, 0.1421234, 0.08227128, 0.8724294, 0.04392785, 0.44548917] |
| 3 |   50 |  0.25 | 5000 |      f2 |     878 |  1024.0 |  1024.0 |    0,00 |-0,0010 |1592532507950 |[0.5147069, 0.039102066, 0.06674445, 0.20891282, 0.7023375, 0.94630134, 0.6250348, 0.25526956, 0.5025328, 0.31446037, 0.14876425, 0.28107363, 0.40641603, 0.32162622, 0.903091, 0.9365, 0.35663828, 0.55054474, 0.8073531, 0.5399443] |
| 3 |   50 |  0.25 | 5000 |      f2 |     878 |  1024.0 |  1024.0 |    0,00 |0,0030 |1592532507950 |[0.5147069, 0.039102066, 0.06674445, 0.20891282, 0.7023375, 0.94630134, 0.6250348, 0.25526956, 0.5025328, 0.31446037, 0.14876425, 0.28107363, 0.40641603, 0.32162622, 0.903091, 0.9365, 0.35663828, 0.55054474, 0.8073531, 0.5399443] |
| 4 |   50 |  0.25 | 5000 |      f2 |     878 |  1024.0 |  1024.0 |    0,00 |-0,0010 |1592532507954 |[0.9067717, 0.45906267, 0.89755857, 0.56816655, 0.5273033, 0.7565922, 0.81108606, 0.8179413, 0.07129245, 0.32754663, 0.17121357, 0.95766014, 0.2507604, 0.9107922, 0.5666979, 0.18563853, 0.10267854, 0.26108074, 0.31732437, 0.88947684] |
| 4 |   50 |  0.25 | 5000 |      f2 |     878 |  1024.0 |  1024.0 |    0,00 |0,0020 |1592532507954 |[0.9067717, 0.45906267, 0.89755857, 0.56816655, 0.5273033, 0.7565922, 0.81108606, 0.8179413, 0.07129245, 0.32754663, 0.17121357, 0.95766014, 0.2507604, 0.9107922, 0.5666979, 0.18563853, 0.10267854, 0.26108074, 0.31732437, 0.88947684] |
| 5 |   50 |  0.25 | 5000 |      f2 |     878 |  1024.0 |  1024.0 |    0,00 |  0,0 |1592532507956 |[0.56504303, 0.8657162, 0.04563421, 0.40750253, 0.9861557, 0.29522854, 0.48316675, 0.71017766, 0.5134292, 0.5825142, 0.7612134, 0.1460461, 0.10997647, 0.94415814, 0.079410136, 0.1916486, 0.5901474, 0.08849901, 0.23114496, 0.95275724] |
| 5 |   50 |  0.25 | 5000 |      f2 |     878 |  1024.0 |  1024.0 |    0,00 |0,0030 |1592532507956 |[0.56504303, 0.8657162, 0.04563421, 0.40750253, 0.9861557, 0.29522854, 0.48316675, 0.71017766, 0.5134292, 0.5825142, 0.7612134, 0.1460461, 0.10997647, 0.94415814, 0.079410136, 0.1916486, 0.5901474, 0.08849901, 0.23114496, 0.95275724] |
| 6 |   50 |  0.25 | 5000 |      f2 |     878 |  1024.0 |  1024.0 |    0,00 |-0,0010 |1592532507960 |[0.60428417, 0.5841915, 0.9338159, 0.058818817, 0.9353929, 0.038792312, 0.12424296, 0.1304813, 0.5612222, 0.8643847, 0.91827554, 0.49931479, 0.25846136, 0.13974047, 0.39326572, 0.3620981, 0.101534784, 0.3738616, 0.6587712, 0.03239906] |
| 6 |   50 |  0.25 | 5000 |      f2 |     878 |  1024.0 |  1024.0 |    0,00 |0,0020 |1592532507960 |[0.60428417, 0.5841915, 0.9338159, 0.058818817, 0.9353929, 0.038792312, 0.12424296, 0.1304813, 0.5612222, 0.8643847, 0.91827554, 0.49931479, 0.25846136, 0.13974047, 0.39326572, 0.3620981, 0.101534784, 0.3738616, 0.6587712, 0.03239906] |
| 7 |   50 |  0.25 | 5000 |      f2 |     878 |  1024.0 |  1024.0 |    0,00 |  0,0 |1592532507962 |[0.27427655, 0.063934386, 0.5486091, 0.23205769, 0.70550543, 0.36775166, 0.45781618, 0.11208445, 0.26510465, 0.68333435, 0.8500929, 0.32535607, 0.2219361, 0.58022845, 0.99260503, 0.6141983, 0.2789796, 0.16346651, 0.80326575, 0.78749686] |
| 7 |   50 |  0.25 | 5000 |      f2 |     878 |  1024.0 |  1024.0 |    0,00 |0,0020 |1592532507962 |[0.27427655, 0.063934386, 0.5486091, 0.23205769, 0.70550543, 0.36775166, 0.45781618, 0.11208445, 0.26510465, 0.68333435, 0.8500929, 0.32535607, 0.2219361, 0.58022845, 0.99260503, 0.6141983, 0.2789796, 0.16346651, 0.80326575, 0.78749686] |
| 8 |   50 |  0.25 | 5000 |      f2 |     878 |  1024.0 |  1024.0 |    0,00 |-0,0010 |1592532507965 |[0.6464186, 0.8260348, 0.090426445, 0.20865223, 0.64447904, 0.34141368, 0.4916668, 1.0E-12, 0.05540482, 1.0E-12, 1.0, 0.17774412, 0.8787309, 0.7246018, 0.32713988, 0.8446666, 0.15849647, 0.90918726, 0.26631767, 0.53618807] |
| 8 |   50 |  0.25 | 5000 |      f2 |     878 |  1024.0 |  1024.0 |    0,00 |0,0020 |1592532507965 |[0.6464186, 0.8260348, 0.090426445, 0.20865223, 0.64447904, 0.34141368, 0.4916668, 1.0E-12, 0.05540482, 1.0E-12, 1.0, 0.17774412, 0.8787309, 0.7246018, 0.32713988, 0.8446666, 0.15849647, 0.90918726, 0.26631767, 0.53618807] |
| 9 |   50 |  0.25 | 5000 |      f2 |     878 |  1024.0 |  1024.0 |    0,00 |  0,0 |1592532507967 |[0.33167797, 0.9347773, 0.52646977, 0.088076316, 0.037403814, 0.7796328, 0.2651607, 0.67967325, 0.24744777, 0.020457901, 0.9372522, 0.7442587, 0.23318596, 0.5567825, 0.92387193, 0.12313014, 0.22302265, 0.5515795, 0.7433485, 0.37365213] |
| 9 |   50 |  0.25 | 5000 |      f2 |     878 |  1024.0 |  1024.0 |    0,00 |0,0020 |1592532507967 |[0.33167797, 0.9347773, 0.52646977, 0.088076316, 0.037403814, 0.7796328, 0.2651607, 0.67967325, 0.24744777, 0.020457901, 0.9372522, 0.7442587, 0.23318596, 0.5567825, 0.92387193, 0.12313014, 0.22302265, 0.5515795, 0.7433485, 0.37365213] |
|10 |   50 |  0.25 | 5000 |      f2 |     878 |  1024.0 |  1024.0 |    0,00 |-0,0010 |1592532507970 |[0.9627418, 0.77576965, 0.964986, 0.94768405, 0.29557502, 0.5307705, 0.17001915, 0.11605102, 0.4032154, 0.7380707, 0.3529384, 0.9420385, 0.54387826, 0.3677112, 0.43808025, 0.08644688, 0.53993934, 0.2763635, 0.040979445, 0.82474786] |
|10 |   50 |  0.25 | 5000 |      f2 |     878 |  1024.0 |  1024.0 |    0,00 |0,0020 |1592532507970 |[0.9627418, 0.77576965, 0.964986, 0.94768405, 0.29557502, 0.5307705, 0.17001915, 0.11605102, 0.4032154, 0.7380707, 0.3529384, 0.9420385, 0.54387826, 0.3677112, 0.43808025, 0.08644688, 0.53993934, 0.2763635, 0.040979445, 0.82474786] |
|11 |   50 |  0.25 | 5000 |      f2 |     878 |  1024.0 |  1024.0 |    0,00 |  0,0 |1592532507972 |[0.10842428, 0.1825328, 0.5779924, 0.41133332, 0.060485233, 0.18442906, 0.6050888, 0.6829935, 0.8802323, 0.70714027, 0.11234197, 0.4160428, 0.019182615, 0.47813058, 0.35928565, 0.7678424, 0.8455828, 0.9570428, 0.46561852, 0.88796306] |
|11 |   50 |  0.25 | 5000 |      f2 |     878 |  1024.0 |  1024.0 |    0,00 |0,0040 |1592532507972 |[0.10842428, 0.1825328, 0.5779924, 0.41133332, 0.060485233, 0.18442906, 0.6050888, 0.6829935, 0.8802323, 0.70714027, 0.11234197, 0.4160428, 0.019182615, 0.47813058, 0.35928565, 0.7678424, 0.8455828, 0.9570428, 0.46561852, 0.88796306] |
|12 |   50 |  0.25 | 5000 |      f2 |     878 |  1024.0 |  1024.0 |    0,00 |-0,0010 |1592532507977 |[1.0, 0.1847781, 0.205759, 0.5743335, 0.5883672, 0.35839137, 0.2616489, 0.5602384, 0.19144058, 0.3400054, 1.0, 1.0, 0.81811845, 0.40692574, 0.84769696, 0.7112771, 1.0, 1.0E-12, 0.63432986, 0.83281755] |
|12 |   50 |  0.25 | 5000 |      f2 |     878 |  1024.0 |  1024.0 |    0,00 |0,0020 |1592532507977 |[1.0, 0.1847781, 0.205759, 0.5743335, 0.5883672, 0.35839137, 0.2616489, 0.5602384, 0.19144058, 0.3400054, 1.0, 1.0, 0.81811845, 0.40692574, 0.84769696, 0.7112771, 1.0, 1.0E-12, 0.63432986, 0.83281755] |
|13 |   50 |  0.25 | 5000 |      f2 |     878 |  1024.0 |  1018.0 |    0,59 |-0,0010 |1592532507980 |[0.8526772, 0.16488552, 0.7320246, 0.35226226, 0.55286145, 0.7853036, 0.7401957, 0.25397855, 0.21477246, 0.8799962, 0.76840127, 0.250804, 0.42974102, 0.9122204, 0.629678, 0.72361654, 0.972139, 0.6821723, 0.99387926, 0.73872983] |
|13 |   50 |  0.25 | 5000 |      f2 |     878 |  1024.0 |  1024.0 |    0,00 |0,0020 |1592532507980 |[0.5369006, 0.020450626, 0.9799669, 0.2218995, 0.3975617, 0.05391591, 0.95956564, 1.0, 0.7710076, 0.075654484, 0.46280953, 0.43843454, 0.27915844, 0.44670957, 0.21240683, 0.94737685, 0.90246195, 0.43358308, 0.3317298, 0.81689715] |
|14 |   50 |  0.25 | 5000 |      f2 |     878 |  1024.0 |  1024.0 |    0,00 |-0,0010 |1592532507983 |[0.102636635, 0.20220476, 0.3647114, 0.0619061, 0.7904461, 0.1731394, 0.42453802, 0.92721283, 0.24119556, 0.12761492, 0.43544143, 0.67690444, 0.6321276, 0.18104869, 0.5997737, 0.463354, 0.5108883, 0.200154, 0.37471992, 0.09878135] |
|14 |   50 |  0.25 | 5000 |      f2 |     878 |  1024.0 |  1024.0 |    0,00 |0,0010 |1592532507983 |[0.102636635, 0.20220476, 0.3647114, 0.0619061, 0.7904461, 0.1731394, 0.42453802, 0.92721283, 0.24119556, 0.12761492, 0.43544143, 0.67690444, 0.6321276, 0.18104869, 0.5997737, 0.463354, 0.5108883, 0.200154, 0.37471992, 0.09878135] |
|15 |   50 |  0.25 | 5000 |      f2 |     878 |  1024.0 |  1018.0 |    0,59 |-0,0010 |1592532507985 |[0.07451534, 0.77079684, 0.9807699, 0.035500944, 0.26503533, 0.36297715, 0.70464134, 0.83175635, 0.08885753, 0.30214626, 0.6633373, 0.22092426, 0.2833423, 0.61773795, 0.59300685, 0.8244345, 0.4229918, 0.836357, 0.43903983, 0.111444] |
|15 |   50 |  0.25 | 5000 |      f2 |     878 |  1024.0 |  1024.0 |    0,00 |0,0020 |1592532507985 |[0.9308953, 0.76591784, 1.0, 0.15779817, 0.45995694, 0.4965967, 0.10924884, 1.0, 0.34853196, 0.7297866, 0.9552833, 0.97960865, 0.80544657, 0.43677565, 0.04812955, 0.48069486, 1.0, 0.43533492, 0.586261, 0.33596283] |
