| # | Nest | %Desc |#Iter |Instancia | CapMoch |ValOptmo | BestFit |     RDP | time |      semilla |VectorSolucion |
-------------------------------------------------------------------------------------------------
| 1 |   25 |  0.25 | 2500 |     f10 |     879 |  1025.0 |  1019.0 |    0,59 |-1,6e+09 |1592499857634 |[0.73746866, 0.14191246, 0.9181061, 0.8877891, 0.98551214, 0.89380795, 0.92660695, 0.0019162893, 0.40128016, 0.78784615, 0.99910814, 0.18818337, 0.31531948, 0.7442393, 0.49208117, 0.13022602, 0.17325121, 0.16492325, 0.3205976, 0.54381853] |
| 2 |   25 |  0.25 | 2500 |     f10 |     879 |  1025.0 |  1019.0 |    0,59 |  0,0 |1592499859859 |[0.45784098, 0.9356361, 0.2892452, 0.16169357, 0.6577388, 0.13607514, 0.5323678, 0.35998827, 0.02611643, 0.08958566, 0.06120628, 0.67332864, 0.00810504, 0.69258994, 0.6825246, 0.12862742, 0.58647007, 0.9323065, 0.36475235, 0.7441984] |
| 3 |   25 |  0.25 | 2500 |     f10 |     879 |  1025.0 |  1019.0 |    0,59 |-0,0010 |1592499862094 |[0.056038678, 0.018344581, 0.12452793, 0.7414028, 0.49358374, 0.6358537, 0.037835598, 0.62926215, 0.32956415, 0.39509726, 0.52495533, 0.25730532, 0.41549003, 0.696732, 0.4004298, 0.88941664, 0.44706678, 0.5450496, 0.23613727, 0.5244722] |
| 4 |   25 |  0.25 | 2500 |     f10 |     879 |  1025.0 |  1019.0 |    0,59 |  0,0 |1592499864325 |[0.9928422, 0.049111903, 0.9429898, 0.45854586, 0.38289154, 0.6054093, 0.51707447, 0.118092954, 0.037829638, 0.06660706, 0.4906168, 0.7410024, 0.87343186, 0.5912491, 0.90600866, 0.10582602, 0.92202604, 0.75375396, 0.9106493, 0.7442227] |
| 5 |   25 |  0.25 | 2500 |     f10 |     879 |  1025.0 |  1019.0 |    0,59 |-0,0010 |1592499866567 |[0.9667805, 0.9123222, 0.17101097, 0.8773977, 0.84487027, 0.17320275, 0.8352239, 0.8042491, 0.89928967, 0.91632843, 0.7956496, 0.94236976, 0.19132048, 0.88347465, 0.575694, 0.24226838, 0.5357699, 0.3204683, 0.11117542, 0.11430234] |
| 6 |   25 |  0.25 | 2500 |     f10 |     879 |  1025.0 |  1019.0 |    0,59 |  0,0 |1592499868815 |[0.33618975, 0.20192271, 0.64240116, 0.2636189, 0.8197631, 0.7414882, 0.8513227, 0.57526165, 0.9113478, 0.57748586, 0.47584397, 0.17083299, 0.37719518, 0.003373742, 0.9318546, 0.614071, 0.5989056, 0.16812062, 0.7258883, 0.23167235] |
| 7 |   25 |  0.25 | 2500 |     f10 |     879 |  1025.0 |  1019.0 |    0,59 |-0,0010 |1592499871072 |[0.9949775, 0.48528326, 0.043801785, 0.69463074, 0.13379157, 0.51769495, 0.9231616, 0.8548917, 0.34644294, 0.585715, 0.68706894, 0.1598149, 0.16400611, 0.97440064, 0.31607974, 0.23892653, 0.20086312, 0.17596036, 0.79876935, 0.1366061] |
| 8 |   25 |  0.25 | 2500 |     f10 |     879 |  1025.0 |  1019.0 |    0,59 |  0,0 |1592499873332 |[0.07549238, 0.7196752, 0.96282816, 0.9337307, 0.94933695, 0.6653189, 0.059931993, 0.2864787, 0.16500932, 0.34348482, 0.22518533, 0.8727202, 0.39128423, 0.9673565, 0.9303161, 0.8118979, 0.6371159, 0.037360072, 0.61293846, 0.28335732] |
| 9 |   25 |  0.25 | 2500 |     f10 |     879 |  1025.0 |  1019.0 |    0,59 |-0,0010 |1592499875567 |[0.5544628, 0.6776206, 0.98704875, 0.6820676, 0.4257396, 0.7557421, 0.9008596, 0.771207, 0.12551063, 0.38743162, 0.025462568, 0.8105189, 0.144993, 0.17476517, 0.69474465, 0.066666126, 0.09018034, 0.18806368, 0.56627023, 0.21460032] |
|10 |   25 |  0.25 | 2500 |     f10 |     879 |  1025.0 |  1019.0 |    0,59 |  0,0 |1592499877780 |[0.6075826, 0.073498964, 0.37447912, 0.08453685, 0.8956841, 0.07564241, 0.015841186, 0.19144213, 0.7954324, 0.945309, 0.5149923, 0.37662804, 0.03871268, 0.24611372, 0.5552561, 0.40280575, 0.44351512, 0.97197944, 0.46179855, 0.9432922] |
|11 |   25 |  0.25 | 2500 |     f10 |     879 |  1025.0 |  1019.0 |    0,59 |  0,0 |1592499880011 |[0.9632203, 0.27945793, 0.487059, 0.5783207, 0.9680444, 0.84197897, 0.32113957, 0.67777944, 0.82622355, 0.97147137, 0.2562489, 0.44593596, 0.87618977, 0.7103022, 0.27343357, 0.33288056, 0.9349045, 0.26345563, 0.43805712, 0.8705808] |
|12 |   25 |  0.25 | 2500 |     f10 |     879 |  1025.0 |  1019.0 |    0,59 |  0,0 |1592499882237 |[0.7156873, 0.97923595, 0.71404535, 0.93489796, 0.84708315, 0.99708563, 0.57201415, 0.05787587, 0.3143837, 0.47749364, 0.60891145, 0.7117629, 0.86299485, 0.22984713, 0.11892098, 0.4599142, 0.8509613, 0.5088719, 0.6706539, 0.8016705] |
|13 |   25 |  0.25 | 2500 |     f10 |     879 |  1025.0 |  1019.0 |    0,59 |-0,0010 |1592499884454 |[0.99309427, 0.95974034, 0.9932177, 0.85460734, 0.4971637, 0.69700235, 0.9776057, 0.29802984, 0.2089876, 0.52826875, 0.95772415, 0.21300644, 0.94541633, 0.15655458, 0.9134028, 0.5713633, 0.586456, 0.032854676, 0.73923683, 0.9003253] |
|14 |   25 |  0.25 | 2500 |     f10 |     879 |  1025.0 |  1019.0 |    0,59 |  0,0 |1592499886678 |[0.98423713, 0.9034949, 0.90515685, 0.37675357, 0.059119463, 0.79051346, 0.24970281, 0.7835556, 0.9148298, 0.1362626, 0.8452704, 0.17858154, 0.11306095, 0.010561705, 0.51191133, 0.37533724, 0.7576747, 0.5544718, 0.76569694, 0.8339998] |
|15 |   25 |  0.25 | 2500 |     f10 |     879 |  1025.0 |  1019.0 |    0,59 |  0,0 |1592499888900 |[0.80642915, 0.55454755, 0.5336808, 0.62288064, 0.10795635, 0.3957218, 0.6353745, 0.9396245, 0.9923903, 0.34795213, 0.6342938, 0.29199934, 0.013037622, 0.22572988, 0.17047185, 0.1643526, 0.7154736, 0.4238879, 0.37372333, 0.6689747] |
