| # | Nest | %Desc |#Iter |Instancia | CapMoch |ValOptmo | BestFit |     RDP | time |      semilla |VectorSolucion |
-------------------------------------------------------------------------------------------------
| 1 |   60 |0.34545454 | 5000 |      f2 |     878 |  1024.0 |  1018.0 |    0,59 |-1,6e+09 |1592512601813 |[0.47226816, 0.8511979, 0.42302155, 0.07162666, 0.62386143, 0.74241143, 0.09003955, 0.89723754, 0.461385, 0.4355541, 0.5225044, 0.13285148, 0.09977311, 0.74952424, 0.69662976, 0.36092913, 0.33817184, 0.34497488, 0.34800613, 0.64337784] |
| 1 |   60 |  0.45 | 5000 |      f2 |     878 |  1024.0 |  1018.0 |    0,59 |-1,6e+09 |1592512601813 |[0.7779815, 0.9817891, 0.48879582, 0.62565696, 0.048739493, 0.5381503, 0.1101076, 0.4841795, 0.026078284, 0.18238819, 0.09316915, 0.7927897, 0.8578957, 0.52946496, 0.9675885, 0.29846787, 0.66039157, 0.5249134, 0.3597576, 0.28858912] |
| 1 |   60 |0.33333334 | 5000 |      f2 |     878 |  1024.0 |  1018.0 |    0,59 |-1,6e+09 |1592512601813 |[0.7779815, 0.9817891, 0.48879582, 0.62565696, 0.048739493, 0.5381503, 0.1101076, 0.4841795, 0.026078284, 0.18238819, 0.09316915, 0.7927897, 0.8578957, 0.52946496, 0.9675885, 0.29846787, 0.66039157, 0.5249134, 0.3597576, 0.28858912] |
| 1 |   60 |0.28333333 | 5000 |      f2 |     878 |  1024.0 |  1018.0 |    0,59 |-1,6e+09 |1592512601813 |[0.06926525, 0.975433, 0.37255287, 0.97356516, 0.5605815, 0.3206079, 0.589458, 0.1922844, 0.35447747, 0.052868545, 0.93080544, 0.31305802, 0.22451878, 0.8930193, 0.58672625, 0.43878102, 0.47009587, 0.1685623, 0.32333028, 0.39002234] |
| 2 |   60 |0.38181818 | 5000 |      f2 |     878 |  1024.0 |  1018.0 |    0,59 |-0,0010 |1592512612806 |[0.022361338, 0.87221956, 0.3411551, 0.7301442, 0.53346115, 0.6221425, 0.8923772, 0.33956778, 0.6741865, 0.27918202, 0.14660656, 0.4053623, 0.6144596, 0.25648326, 0.22195685, 0.12830645, 0.59218305, 0.8479775, 0.32418233, 0.27149385] |
| 2 |   60 |  0.45 | 5000 |      f2 |     878 |  1024.0 |  1018.0 |    0,59 |-0,0010 |1592512612806 |[0.022361338, 0.87221956, 0.3411551, 0.7301442, 0.53346115, 0.6221425, 0.8923772, 0.33956778, 0.6741865, 0.27918202, 0.14660656, 0.4053623, 0.6144596, 0.25648326, 0.22195685, 0.12830645, 0.59218305, 0.8479775, 0.32418233, 0.27149385] |
| 2 |   60 |   0.4 | 5000 |      f2 |     878 |  1024.0 |  1018.0 |    0,59 |-0,0010 |1592512612806 |[0.022361338, 0.87221956, 0.3411551, 0.7301442, 0.53346115, 0.6221425, 0.8923772, 0.33956778, 0.6741865, 0.27918202, 0.14660656, 0.4053623, 0.6144596, 0.25648326, 0.22195685, 0.12830645, 0.59218305, 0.8479775, 0.32418233, 0.27149385] |
| 2 |   60 |0.36666667 | 5000 |      f2 |     878 |  1024.0 |  1018.0 |    0,59 |-0,0010 |1592512612806 |[0.022361338, 0.87221956, 0.3411551, 0.7301442, 0.53346115, 0.6221425, 0.8923772, 0.33956778, 0.6741865, 0.27918202, 0.14660656, 0.4053623, 0.6144596, 0.25648326, 0.22195685, 0.12830645, 0.59218305, 0.8479775, 0.32418233, 0.27149385] |
| 3 |   60 |0.3090909 | 5000 |      f2 |     878 |  1024.0 |  1018.0 |    0,59 |  0,0 |1592512623831 |[0.15906316, 0.92142004, 0.95717037, 0.17595404, 0.08956444, 0.91747105, 0.009857118, 0.5826021, 0.68477476, 0.81711566, 0.8424123, 0.61822206, 0.0079600215, 0.47364378, 0.04443127, 0.15756708, 0.7363652, 0.73010635, 0.15792376, 0.19577503] |
| 3 |   60 |  0.45 | 5000 |      f2 |     878 |  1024.0 |  1018.0 |    0,59 |  0,0 |1592512623831 |[0.15906316, 0.92142004, 0.95717037, 0.17595404, 0.08956444, 0.91747105, 0.009857118, 0.5826021, 0.68477476, 0.81711566, 0.8424123, 0.61822206, 0.0079600215, 0.47364378, 0.04443127, 0.15756708, 0.7363652, 0.73010635, 0.15792376, 0.19577503] |
| 3 |   60 |0.38333333 | 5000 |      f2 |     878 |  1024.0 |  1018.0 |    0,59 |  0,0 |1592512623831 |[0.15906316, 0.92142004, 0.95717037, 0.17595404, 0.08956444, 0.91747105, 0.009857118, 0.5826021, 0.68477476, 0.81711566, 0.8424123, 0.61822206, 0.0079600215, 0.47364378, 0.04443127, 0.15756708, 0.7363652, 0.73010635, 0.15792376, 0.19577503] |
| 3 |   60 |0.36666667 | 5000 |      f2 |     878 |  1024.0 |  1018.0 |    0,59 |  0,0 |1592512623831 |[0.15906316, 0.92142004, 0.95717037, 0.17595404, 0.08956444, 0.91747105, 0.009857118, 0.5826021, 0.68477476, 0.81711566, 0.8424123, 0.61822206, 0.0079600215, 0.47364378, 0.04443127, 0.15756708, 0.7363652, 0.73010635, 0.15792376, 0.19577503] |
| 4 |   60 |0.34545454 | 5000 |      f2 |     878 |  1024.0 |  1018.0 |    0,59 |-0,0010 |1592512634806 |[0.31004125, 0.60892224, 0.19616312, 0.8878175, 0.97202283, 0.33029616, 0.20702112, 0.47471535, 0.40978616, 0.003834784, 0.33497202, 0.33732098, 0.31641465, 0.17114514, 0.721172, 0.69602394, 0.7511932, 0.31539845, 0.26618576, 0.33337516] |
| 4 |   60 |  0.45 | 5000 |      f2 |     878 |  1024.0 |  1018.0 |    0,59 |-0,0010 |1592512634806 |[0.31004125, 0.60892224, 0.19616312, 0.8878175, 0.97202283, 0.33029616, 0.20702112, 0.47471535, 0.40978616, 0.003834784, 0.33497202, 0.33732098, 0.31641465, 0.17114514, 0.721172, 0.69602394, 0.7511932, 0.31539845, 0.26618576, 0.33337516] |
| 4 |   60 |0.38333333 | 5000 |      f2 |     878 |  1024.0 |  1018.0 |    0,59 |-0,0010 |1592512634806 |[0.31004125, 0.60892224, 0.19616312, 0.8878175, 0.97202283, 0.33029616, 0.20702112, 0.47471535, 0.40978616, 0.003834784, 0.33497202, 0.33732098, 0.31641465, 0.17114514, 0.721172, 0.69602394, 0.7511932, 0.31539845, 0.26618576, 0.33337516] |
| 4 |   60 |0.41666666 | 5000 |      f2 |     878 |  1024.0 |  1018.0 |    0,59 |-0,0010 |1592512634806 |[0.31004125, 0.60892224, 0.19616312, 0.8878175, 0.97202283, 0.33029616, 0.20702112, 0.47471535, 0.40978616, 0.003834784, 0.33497202, 0.33732098, 0.31641465, 0.17114514, 0.721172, 0.69602394, 0.7511932, 0.31539845, 0.26618576, 0.33337516] |
| 5 |   60 |0.43636364 | 5000 |      f2 |     878 |  1024.0 |  1018.0 |    0,59 |  0,0 |1592512645707 |[0.5290932, 0.36604613, 0.5248286, 0.27099514, 0.5110318, 0.5950347, 0.6611959, 0.98626006, 0.05010122, 0.9348285, 0.9753337, 0.3062349, 0.70743096, 0.68501407, 0.11663759, 0.35748255, 0.4798882, 0.44693726, 0.13949853, 0.9403687] |
| 5 |   60 |  0.45 | 5000 |      f2 |     878 |  1024.0 |  1018.0 |    0,59 |  0,0 |1592512645707 |[0.5290932, 0.36604613, 0.5248286, 0.27099514, 0.5110318, 0.5950347, 0.6611959, 0.98626006, 0.05010122, 0.9348285, 0.9753337, 0.3062349, 0.70743096, 0.68501407, 0.11663759, 0.35748255, 0.4798882, 0.44693726, 0.13949853, 0.9403687] |
| 5 |   60 |0.41666666 | 5000 |      f2 |     878 |  1024.0 |  1018.0 |    0,59 |  0,0 |1592512645707 |[0.5290932, 0.36604613, 0.5248286, 0.27099514, 0.5110318, 0.5950347, 0.6611959, 0.98626006, 0.05010122, 0.9348285, 0.9753337, 0.3062349, 0.70743096, 0.68501407, 0.11663759, 0.35748255, 0.4798882, 0.44693726, 0.13949853, 0.9403687] |
| 5 |   60 |0.36666667 | 5000 |      f2 |     878 |  1024.0 |  1018.0 |    0,59 |  0,0 |1592512645707 |[0.5290932, 0.36604613, 0.5248286, 0.27099514, 0.5110318, 0.5950347, 0.6611959, 0.98626006, 0.05010122, 0.9348285, 0.9753337, 0.3062349, 0.70743096, 0.68501407, 0.11663759, 0.35748255, 0.4798882, 0.44693726, 0.13949853, 0.9403687] |
| 6 |   60 |0.3090909 | 5000 |      f2 |     878 |  1024.0 |  1018.0 |    0,59 |  0,0 |1592512656591 |[0.8706623, 0.34454668, 0.49128747, 0.014177144, 0.73017585, 0.94612485, 0.45089382, 0.23085678, 0.75840276, 0.028298378, 0.57576114, 0.05992371, 0.40481853, 0.035727024, 0.6226519, 0.2395401, 0.94125277, 0.2217446, 0.90358365, 0.70390165] |
| 6 |   60 |  0.45 | 5000 |      f2 |     878 |  1024.0 |  1018.0 |    0,59 |  0,0 |1592512656591 |[0.5039536, 0.33108264, 0.07232171, 0.48985326, 0.81515807, 0.15943956, 0.4230296, 0.6342331, 0.6606681, 0.20009387, 0.0653559, 0.37234145, 0.5479679, 0.79886425, 0.9038745, 0.090851486, 0.6649332, 0.2786352, 0.7150803, 0.40729707] |
| 6 |   60 |0.33333334 | 5000 |      f2 |     878 |  1024.0 |  1018.0 |    0,59 |  0,0 |1592512656591 |[0.508331, 0.8567707, 0.42745513, 0.7230746, 0.5253244, 0.30678755, 0.95418566, 0.33767742, 0.77935064, 0.88114244, 0.29410934, 0.40699166, 0.971285, 0.1701464, 0.28998506, 0.32664537, 0.034865916, 0.3469994, 0.7476859, 0.41722578] |
| 6 |   60 |  0.35 | 5000 |      f2 |     878 |  1024.0 |  1018.0 |    0,59 |  0,0 |1592512656591 |[0.508331, 0.8567707, 0.42745513, 0.7230746, 0.5253244, 0.30678755, 0.95418566, 0.33767742, 0.77935064, 0.88114244, 0.29410934, 0.40699166, 0.971285, 0.1701464, 0.28998506, 0.32664537, 0.034865916, 0.3469994, 0.7476859, 0.41722578] |
| 7 |   60 |0.29090908 | 5000 |      f2 |     878 |  1024.0 |  1018.0 |    0,59 |  0,0 |1592512667514 |[0.36121213, 0.9018663, 0.24558324, 0.22982097, 0.98372424, 0.08305675, 0.073174715, 0.44791037, 0.039758384, 0.20185173, 0.2866068, 0.74333787, 0.29101312, 0.775089, 0.6849595, 0.9987929, 0.20371419, 0.9765282, 0.23196715, 0.14737868] |
| 7 |   60 |  0.45 | 5000 |      f2 |     878 |  1024.0 |  1018.0 |    0,59 |  0,0 |1592512667514 |[0.48550266, 0.6650414, 0.15292561, 0.28451133, 0.56087285, 0.22896665, 0.27967364, 0.55699676, 0.06691867, 0.13182515, 0.24066597, 0.4732527, 0.9344997, 0.75505507, 0.18905044, 0.6376586, 0.12296218, 0.7347907, 0.3015846, 0.124188185] |
| 7 |   60 |0.36666667 | 5000 |      f2 |     878 |  1024.0 |  1018.0 |    0,59 |  0,0 |1592512667514 |[0.95631576, 0.76912457, 0.63740987, 0.012592316, 0.4479658, 0.75506335, 0.967454, 0.88041335, 0.11812079, 0.64365745, 0.5488372, 0.24520326, 0.5810412, 0.9440738, 0.35428154, 0.77835757, 0.78252524, 0.90689063, 0.5638566, 0.9648872] |
| 7 |   60 |0.33333334 | 5000 |      f2 |     878 |  1024.0 |  1018.0 |    0,59 |  0,0 |1592512667514 |[0.95631576, 0.76912457, 0.63740987, 0.012592316, 0.4479658, 0.75506335, 0.967454, 0.88041335, 0.11812079, 0.64365745, 0.5488372, 0.24520326, 0.5810412, 0.9440738, 0.35428154, 0.77835757, 0.78252524, 0.90689063, 0.5638566, 0.9648872] |
| 8 |   60 |0.25454545 | 5000 |      f2 |     878 |  1024.0 |  1018.0 |    0,59 |  0,0 |1592512678382 |[0.42654467, 0.48991323, 0.07415533, 0.58642405, 0.87379235, 0.09067589, 0.5098879, 0.21217954, 0.2110917, 0.82284534, 0.61876756, 0.12030655, 0.20740074, 0.17419946, 0.88880706, 0.006998718, 0.03604877, 0.53977627, 0.4519406, 0.3804633] |
| 8 |   60 |  0.45 | 5000 |      f2 |     878 |  1024.0 |  1018.0 |    0,59 |  0,0 |1592512678382 |[0.42654467, 0.48991323, 0.07415533, 0.58642405, 0.87379235, 0.09067589, 0.5098879, 0.21217954, 0.2110917, 0.82284534, 0.61876756, 0.12030655, 0.20740074, 0.17419946, 0.88880706, 0.006998718, 0.03604877, 0.53977627, 0.4519406, 0.3804633] |
| 8 |   60 |   0.3 | 5000 |      f2 |     878 |  1024.0 |  1018.0 |    0,59 |  0,0 |1592512678382 |[0.9104667, 0.82421803, 0.12322515, 0.52269787, 0.10087556, 0.15604013, 0.52583855, 0.029726565, 0.29604924, 0.22771311, 0.3163919, 0.3761133, 0.5506883, 0.66467696, 0.29684317, 0.27431864, 0.67114085, 0.4079734, 0.47582382, 0.7497811] |
| 8 |   60 |0.36666667 | 5000 |      f2 |     878 |  1024.0 |  1018.0 |    0,59 |  0,0 |1592512678382 |[0.35668874, 0.5315623, 0.27443528, 0.44795257, 0.5794362, 0.14356178, 0.6594946, 0.17104793, 0.39255565, 0.43224794, 0.02405256, 0.260382, 0.24104607, 0.53912926, 0.45077002, 0.24374866, 0.4562335, 0.24904221, 0.6883356, 0.109648466] |
| 9 |   60 |0.43636364 | 5000 |      f2 |     878 |  1024.0 |  1018.0 |    0,59 |  0,0 |1592512689256 |[0.69253314, 0.6164559, 0.9846311, 0.6338718, 0.21079713, 0.97505623, 0.91587365, 0.8133988, 0.45082462, 0.2555151, 0.7594673, 0.6531339, 0.5915641, 0.9513663, 0.71396935, 0.15648067, 0.59394217, 0.80061334, 0.8044695, 0.0804742] |
| 9 |   60 |  0.45 | 5000 |      f2 |     878 |  1024.0 |  1018.0 |    0,59 |  0,0 |1592512689256 |[0.69253314, 0.6164559, 0.9846311, 0.6338718, 0.21079713, 0.97505623, 0.91587365, 0.8133988, 0.45082462, 0.2555151, 0.7594673, 0.6531339, 0.5915641, 0.9513663, 0.71396935, 0.15648067, 0.59394217, 0.80061334, 0.8044695, 0.0804742] |
| 9 |   60 |0.38333333 | 5000 |      f2 |     878 |  1024.0 |  1018.0 |    0,59 |  0,0 |1592512689256 |[0.69253314, 0.6164559, 0.9846311, 0.6338718, 0.21079713, 0.97505623, 0.91587365, 0.8133988, 0.45082462, 0.2555151, 0.7594673, 0.6531339, 0.5915641, 0.9513663, 0.71396935, 0.15648067, 0.59394217, 0.80061334, 0.8044695, 0.0804742] |
| 9 |   60 |0.38333333 | 5000 |      f2 |     878 |  1024.0 |  1018.0 |    0,59 |  0,0 |1592512689256 |[0.69253314, 0.6164559, 0.9846311, 0.6338718, 0.21079713, 0.97505623, 0.91587365, 0.8133988, 0.45082462, 0.2555151, 0.7594673, 0.6531339, 0.5915641, 0.9513663, 0.71396935, 0.15648067, 0.59394217, 0.80061334, 0.8044695, 0.0804742] |
|10 |   60 |0.34545454 | 5000 |      f2 |     878 |  1024.0 |  1018.0 |    0,59 |  0,0 |1592512700307 |[0.8294509, 0.94587886, 0.9563471, 0.6111639, 0.55212164, 0.5442078, 0.75136626, 0.26786196, 0.6268264, 0.49487084, 0.7101422, 0.99630195, 0.79290146, 0.14288348, 0.48967218, 0.5626207, 0.87409127, 0.30765378, 0.3446173, 0.68009436] |
|10 |   60 |  0.45 | 5000 |      f2 |     878 |  1024.0 |  1018.0 |    0,59 |  0,0 |1592512700307 |[0.8294509, 0.94587886, 0.9563471, 0.6111639, 0.55212164, 0.5442078, 0.75136626, 0.26786196, 0.6268264, 0.49487084, 0.7101422, 0.99630195, 0.79290146, 0.14288348, 0.48967218, 0.5626207, 0.87409127, 0.30765378, 0.3446173, 0.68009436] |
|10 |   60 |0.43333334 | 5000 |      f2 |     878 |  1024.0 |  1018.0 |    0,59 |  0,0 |1592512700307 |[0.8294509, 0.94587886, 0.9563471, 0.6111639, 0.55212164, 0.5442078, 0.75136626, 0.26786196, 0.6268264, 0.49487084, 0.7101422, 0.99630195, 0.79290146, 0.14288348, 0.48967218, 0.5626207, 0.87409127, 0.30765378, 0.3446173, 0.68009436] |
|10 |   60 |0.43333334 | 5000 |      f2 |     878 |  1024.0 |  1018.0 |    0,59 |  0,0 |1592512700307 |[0.8294509, 0.94587886, 0.9563471, 0.6111639, 0.55212164, 0.5442078, 0.75136626, 0.26786196, 0.6268264, 0.49487084, 0.7101422, 0.99630195, 0.79290146, 0.14288348, 0.48967218, 0.5626207, 0.87409127, 0.30765378, 0.3446173, 0.68009436] |
|11 |   60 |0.36363637 | 5000 |      f2 |     878 |  1024.0 |  1018.0 |    0,59 |  0,0 |1592512711214 |[0.1476143, 0.8912619, 0.31874245, 0.65364295, 0.2682194, 0.8259924, 0.44259107, 0.7047555, 0.1509946, 0.1555351, 0.001123488, 0.24939704, 0.64408255, 0.14875573, 0.28843063, 0.12480402, 0.2948118, 0.8386537, 0.9511243, 0.52833277] |
|11 |   60 |  0.45 | 5000 |      f2 |     878 |  1024.0 |  1018.0 |    0,59 |  0,0 |1592512711214 |[0.1476143, 0.8912619, 0.31874245, 0.65364295, 0.2682194, 0.8259924, 0.44259107, 0.7047555, 0.1509946, 0.1555351, 0.001123488, 0.24939704, 0.64408255, 0.14875573, 0.28843063, 0.12480402, 0.2948118, 0.8386537, 0.9511243, 0.52833277] |
|11 |   60 |0.31666666 | 5000 |      f2 |     878 |  1024.0 |  1018.0 |    0,59 |  0,0 |1592512711214 |[0.1476143, 0.8912619, 0.31874245, 0.65364295, 0.2682194, 0.8259924, 0.44259107, 0.7047555, 0.1509946, 0.1555351, 0.001123488, 0.24939704, 0.64408255, 0.14875573, 0.28843063, 0.12480402, 0.2948118, 0.8386537, 0.9511243, 0.52833277] |
|11 |   60 |0.36666667 | 5000 |      f2 |     878 |  1024.0 |  1018.0 |    0,59 |  0,0 |1592512711214 |[0.39239538, 0.9159947, 0.47615284, 0.19785511, 0.51781905, 0.8072821, 0.8152627, 0.0536139, 0.53652954, 0.36390013, 0.062440515, 0.6720852, 0.886518, 0.18647242, 0.44093102, 0.5127144, 0.9280806, 0.9745105, 0.72618294, 0.988985] |
|12 |   60 |0.3272727 | 5000 |      f2 |     878 |  1024.0 |  1018.0 |    0,59 |  0,0 |1592512722111 |[0.4746486, 0.3270257, 0.54992986, 0.62158716, 0.9892967, 0.9688241, 0.23137891, 0.25533324, 0.8281812, 0.26267505, 0.9236536, 0.9578741, 0.25301623, 0.09656608, 0.5149545, 0.53913146, 0.2030313, 0.9008006, 0.9319822, 0.5164371] |
|12 |   60 |  0.45 | 5000 |      f2 |     878 |  1024.0 |  1018.0 |    0,59 |  0,0 |1592512722111 |[0.66745085, 0.47490662, 0.45695227, 0.94343233, 0.9813177, 0.3194304, 0.4272697, 0.22479999, 0.8085384, 0.41564518, 0.31919783, 0.6102828, 0.9332782, 0.85238254, 0.9503594, 0.90064776, 0.49455243, 0.17713684, 0.46795583, 0.35025656] |
|12 |   60 |0.36666667 | 5000 |      f2 |     878 |  1024.0 |  1018.0 |    0,59 |  0,0 |1592512722111 |[0.66745085, 0.47490662, 0.45695227, 0.94343233, 0.9813177, 0.3194304, 0.4272697, 0.22479999, 0.8085384, 0.41564518, 0.31919783, 0.6102828, 0.9332782, 0.85238254, 0.9503594, 0.90064776, 0.49455243, 0.17713684, 0.46795583, 0.35025656] |
|12 |   60 |0.41666666 | 5000 |      f2 |     878 |  1024.0 |  1018.0 |    0,59 |  0,0 |1592512722111 |[0.66745085, 0.47490662, 0.45695227, 0.94343233, 0.9813177, 0.3194304, 0.4272697, 0.22479999, 0.8085384, 0.41564518, 0.31919783, 0.6102828, 0.9332782, 0.85238254, 0.9503594, 0.90064776, 0.49455243, 0.17713684, 0.46795583, 0.35025656] |
