| # | Nest | %Desc |#Iter |Instancia | CapMoch |ValOptmo | BestFit |     RDP | time |      semilla |VectorSolucion |
-------------------------------------------------------------------------------------------------
| 1 |   25 |  0.25 | 2500 |      f9 |      80 |   130.0 |   130.0 |    0,00 |  0,0 |1592496346900 |[0.11728293, 0.76261, 0.46567875, 0.20005071, 0.8475677] |
| 2 |   25 |  0.25 | 2500 |      f9 |      80 |   130.0 |   130.0 |    0,00 |  0,0 |1592496346901 |[0.38668406, 0.6953052, 0.5507022, 0.17366344, 0.51136154] |
| 3 |   25 |  0.25 | 2500 |      f9 |      80 |   130.0 |   130.0 |    0,00 |  0,0 |1592496346907 |[0.5359927, 0.8355183, 0.9502635, 0.786564, 0.66182184] |
| 4 |   25 |  0.25 | 2500 |      f9 |      80 |   130.0 |   130.0 |    0,00 |0,0010 |1592496346908 |[0.6668477, 0.7153099, 0.36100423, 0.03135097, 0.6925777] |
| 5 |   25 |  0.25 | 2500 |      f9 |      80 |   130.0 |   130.0 |    0,00 |  0,0 |1592496346910 |[0.7907729, 0.5737377, 0.78131807, 0.45223773, 0.7040794] |
| 6 |   25 |  0.25 | 2500 |      f9 |      80 |   130.0 |   130.0 |    0,00 |  0,0 |1592496346912 |[0.46647274, 0.7233843, 0.64083326, 0.90481156, 0.6514027] |
| 7 |   25 |  0.25 | 2500 |      f9 |      80 |   130.0 |   130.0 |    0,00 |  0,0 |1592496346913 |[0.41764456, 0.062362313, 0.25046694, 0.7210023, 0.3568716] |
| 8 |   25 |  0.25 | 2500 |      f9 |      80 |   130.0 |   130.0 |    0,00 |  0,0 |1592496346914 |[0.33741117, 0.9682779, 0.89449316, 0.6748946, 0.19968706] |
| 9 |   25 |  0.25 | 2500 |      f9 |      80 |   130.0 |   130.0 |    0,00 |  0,0 |1592496346915 |[0.40017706, 0.7763095, 0.3392685, 0.4528265, 0.057363153] |
|10 |   25 |  0.25 | 2500 |      f9 |      80 |   130.0 |   130.0 |    0,00 |  0,0 |1592496346916 |[0.5804323, 0.07481247, 0.6798722, 0.07706565, 0.23161608] |
|11 |   25 |  0.25 | 2500 |      f9 |      80 |   130.0 |   130.0 |    0,00 |0,0010 |1592496346916 |[0.5404922, 0.19519693, 0.1088621, 0.6545939, 0.4743207] |
|12 |   25 |  0.25 | 2500 |      f9 |      80 |   130.0 |   130.0 |    0,00 |  0,0 |1592496346917 |[0.9267299, 0.24431044, 0.53676015, 0.8996367, 0.8813821] |
|13 |   25 |  0.25 | 2500 |      f9 |      80 |   130.0 |   130.0 |    0,00 |  0,0 |1592496346918 |[0.65767014, 0.45492846, 0.68072516, 0.1459719, 0.27831304] |
|14 |   25 |  0.25 | 2500 |      f9 |      80 |   130.0 |   130.0 |    0,00 |  0,0 |1592496346919 |[0.79993755, 0.1111176, 0.2287687, 0.778741, 0.043568015] |
|15 |   25 |  0.25 | 2500 |      f9 |      80 |   130.0 |   130.0 |    0,00 |  0,0 |1592496346920 |[0.8390188, 0.5650198, 0.991888, 0.6472813, 0.97429484] |
