|Instancia |Ejecucion |Iteracion |Iter Max |Nidos |   %Pa |tipoDiscretizacion |tipoBinarizacion | CapMoch |   Optmo |OptimoObtenido |     RDP | time |      semilla |VectorSolucionReal |VectorSolucionBinario |
-------------------------------------------------------------------------------------------------
|      f5 | 1 |       1 |    5000 |   25 |  0.25 |standard | sshape3 |     375 |481.0694 |481.06937 |    0,00 |-1,6e+09 |1594079941767 |[0.7734086, 0.31252682, 0.16416495, 0.32650232, 0.4469729, 0.62068516, 0.6474898, 0.18025903, 0.28269327, 0.7617274, 0.29947355, 0.32847175, 0.11352854, 0.8858098, 0.46274817] |[0.0, 0.0, 1.0, 0.0, 1.0, 0.0, 1.0, 1.0, 0.0, 1.0, 1.0, 1.0, 0.0, 1.0, 1.0] |
|      f5 | 1 |       2 |    5000 |   25 |  0.25 |standard | sshape3 |     375 |481.0694 |481.06937 |    0,00 |0,011 |1594079941767 |[0.7734086, 0.31252682, 0.16416495, 0.32650232, 0.4469729, 0.62068516, 0.6474898, 0.18025903, 0.28269327, 0.7617274, 0.29947355, 0.32847175, 0.11352854, 0.8858098, 0.46274817] |[0.0, 0.0, 1.0, 0.0, 1.0, 0.0, 1.0, 1.0, 0.0, 1.0, 1.0, 1.0, 0.0, 1.0, 1.0] |
|      f5 | 2 |       1 |    5000 |   25 |  0.25 |standard | sshape3 |     375 |481.0694 |481.06937 |    0,00 |-0,0020 |1594079941780 |[0.08650604, 0.012373425, 0.6346707, 1.0E-12, 0.50601345, 0.4051748, 0.6254248, 0.7535612, 0.21005778, 1.0, 0.27508336, 0.3723553, 0.72675335, 0.92864543, 0.8951104] |[0.0, 0.0, 1.0, 0.0, 1.0, 0.0, 1.0, 1.0, 0.0, 1.0, 1.0, 1.0, 0.0, 1.0, 1.0] |
|      f5 | 2 |       2 |    5000 |   25 |  0.25 |standard | sshape3 |     375 |481.0694 |481.06937 |    0,00 |0,0050 |1594079941780 |[0.08650604, 0.012373425, 0.6346707, 1.0E-12, 0.50601345, 0.4051748, 0.6254248, 0.7535612, 0.21005778, 1.0, 0.27508336, 0.3723553, 0.72675335, 0.92864543, 0.8951104] |[0.0, 0.0, 1.0, 0.0, 1.0, 0.0, 1.0, 1.0, 0.0, 1.0, 1.0, 1.0, 0.0, 1.0, 1.0] |
|      f5 | 3 |       1 |    5000 |   25 |  0.25 |standard | sshape3 |     375 |481.0694 |481.06937 |    0,00 |-0,0020 |1594079941787 |[0.043539643, 0.88742214, 0.6329369, 0.36842197, 0.70300454, 0.5980607, 0.9169413, 0.70698243, 0.19454837, 0.7976785, 0.07719278, 0.41879845, 0.25215226, 0.12176973, 0.5507782] |[0.0, 0.0, 0.0, 1.0, 0.0, 0.0, 1.0, 1.0, 1.0, 1.0, 1.0, 1.0, 0.0, 1.0, 1.0] |
|      f5 | 3 |       2 |    5000 |   25 |  0.25 |standard | sshape3 |     375 |481.0694 |481.06937 |    0,00 |0,0030 |1594079941787 |[0.043539643, 0.88742214, 0.6329369, 0.36842197, 0.70300454, 0.5980607, 0.9169413, 0.70698243, 0.19454837, 0.7976785, 0.07719278, 0.41879845, 0.25215226, 0.12176973, 0.5507782] |[0.0, 0.0, 0.0, 1.0, 0.0, 0.0, 1.0, 1.0, 1.0, 1.0, 1.0, 1.0, 0.0, 1.0, 1.0] |
|      f5 | 4 |       1 |    5000 |   25 |  0.25 |standard | sshape3 |     375 |481.0694 |481.06937 |    0,00 |-0,0040 |1594079941794 |[0.32865518, 0.026809216, 0.45336568, 0.7893857, 0.20768124, 0.39111465, 0.1476416, 0.9610855, 0.3077119, 0.48354656, 0.2247892, 0.5880279, 0.43332273, 0.033433795, 0.8891727] |[0.0, 1.0, 0.0, 1.0, 0.0, 0.0, 0.0, 1.0, 1.0, 1.0, 1.0, 1.0, 0.0, 0.0, 1.0] |
|      f5 | 4 |       2 |    5000 |   25 |  0.25 |standard | sshape3 |     375 |481.0694 |481.06937 |    0,00 |0,0020 |1594079941794 |[0.32865518, 0.026809216, 0.45336568, 0.7893857, 0.20768124, 0.39111465, 0.1476416, 0.9610855, 0.3077119, 0.48354656, 0.2247892, 0.5880279, 0.43332273, 0.033433795, 0.8891727] |[0.0, 1.0, 0.0, 1.0, 0.0, 0.0, 0.0, 1.0, 1.0, 1.0, 1.0, 1.0, 0.0, 0.0, 1.0] |
|      f5 | 5 |       1 |    5000 |   25 |  0.25 |standard | sshape3 |     375 |481.0694 |481.06937 |    0,00 |-0,0010 |1594079941797 |[0.6020633, 0.5438487, 0.26553425, 0.15813366, 0.66467005, 0.3189455, 0.8130013, 0.17700207, 0.7543193, 0.49893117, 0.311609, 0.54416996, 0.38922435, 0.5284657, 0.058315936] |[0.0, 1.0, 1.0, 0.0, 0.0, 1.0, 0.0, 1.0, 1.0, 0.0, 1.0, 1.0, 1.0, 0.0, 0.0] |
|      f5 | 5 |       2 |    5000 |   25 |  0.25 |standard | sshape3 |     375 |481.0694 |481.06937 |    0,00 |0,0030 |1594079941797 |[0.6020633, 0.5438487, 0.26553425, 0.15813366, 0.66467005, 0.3189455, 0.8130013, 0.17700207, 0.7543193, 0.49893117, 0.311609, 0.54416996, 0.38922435, 0.5284657, 0.058315936] |[0.0, 1.0, 1.0, 0.0, 0.0, 1.0, 0.0, 1.0, 1.0, 0.0, 1.0, 1.0, 1.0, 0.0, 0.0] |
|      f5 | 6 |       1 |    5000 |   25 |  0.25 |standard | sshape3 |     375 |481.0694 |481.06937 |    0,00 |-0,0020 |1594079941802 |[0.053155348, 0.8817382, 0.80207837, 0.2287448, 0.87260485, 0.55821186, 0.14129287, 0.9713421, 0.5786098, 0.8105852, 0.7523544, 0.68499637, 0.9596397, 1.0, 0.8010102] |[0.0, 0.0, 1.0, 0.0, 1.0, 0.0, 1.0, 1.0, 0.0, 1.0, 1.0, 1.0, 0.0, 1.0, 1.0] |
|      f5 | 6 |       2 |    5000 |   25 |  0.25 |standard | sshape3 |     375 |481.0694 |481.06937 |    0,00 |0,0020 |1594079941802 |[0.053155348, 0.8817382, 0.80207837, 0.2287448, 0.87260485, 0.55821186, 0.14129287, 0.9713421, 0.5786098, 0.8105852, 0.7523544, 0.68499637, 0.9596397, 1.0, 0.8010102] |[0.0, 0.0, 1.0, 0.0, 1.0, 0.0, 1.0, 1.0, 0.0, 1.0, 1.0, 1.0, 0.0, 1.0, 1.0] |
|      f5 | 7 |       1 |    5000 |   25 |  0.25 |standard | sshape3 |     375 |481.0694 |481.06937 |    0,00 |-0,0010 |1594079941805 |[0.24889693, 0.18251207, 0.0961133, 0.77030957, 0.4596408, 0.95081264, 0.76858795, 0.47898275, 1.0, 0.66371655, 0.62128997, 0.9171082, 0.41507754, 0.6239543, 0.9221611] |[0.0, 0.0, 1.0, 0.0, 1.0, 0.0, 1.0, 1.0, 0.0, 1.0, 1.0, 1.0, 0.0, 1.0, 1.0] |
|      f5 | 7 |       2 |    5000 |   25 |  0.25 |standard | sshape3 |     375 |481.0694 |481.06937 |    0,00 |0,0020 |1594079941805 |[0.24889693, 0.18251207, 0.0961133, 0.77030957, 0.4596408, 0.95081264, 0.76858795, 0.47898275, 1.0, 0.66371655, 0.62128997, 0.9171082, 0.41507754, 0.6239543, 0.9221611] |[0.0, 0.0, 1.0, 0.0, 1.0, 0.0, 1.0, 1.0, 0.0, 1.0, 1.0, 1.0, 0.0, 1.0, 1.0] |
|      f5 | 8 |       1 |    5000 |   25 |  0.25 |standard | sshape3 |     375 |481.0694 |481.06937 |    0,00 |-0,0020 |1594079941809 |[0.49567735, 0.14925103, 0.19017689, 0.41186464, 0.25076416, 0.47320104, 0.050714497, 0.56533927, 0.756224, 0.9932494, 0.64110506, 0.56831455, 0.918122, 0.26142052, 0.5677258] |[0.0, 0.0, 0.0, 0.0, 1.0, 0.0, 1.0, 1.0, 1.0, 1.0, 1.0, 1.0, 0.0, 1.0, 1.0] |
|      f5 | 8 |       2 |    5000 |   25 |  0.25 |standard | sshape3 |     375 |481.0694 |481.06937 |    0,00 |0,0020 |1594079941809 |[0.49567735, 0.14925103, 0.19017689, 0.41186464, 0.25076416, 0.47320104, 0.050714497, 0.56533927, 0.756224, 0.9932494, 0.64110506, 0.56831455, 0.918122, 0.26142052, 0.5677258] |[0.0, 0.0, 0.0, 0.0, 1.0, 0.0, 1.0, 1.0, 1.0, 1.0, 1.0, 1.0, 0.0, 1.0, 1.0] |
|      f5 | 9 |       1 |    5000 |   25 |  0.25 |standard | sshape3 |     375 |481.0694 |481.06937 |    0,00 |-0,0020 |1594079941813 |[0.71072966, 0.57275385, 0.9848522, 0.156785, 0.3774187, 0.9351046, 0.3510589, 0.8289429, 0.27659693, 0.8232064, 0.9627004, 0.85713965, 0.9908289, 0.4262439, 0.85848594] |[0.0, 0.0, 1.0, 0.0, 1.0, 0.0, 1.0, 1.0, 0.0, 1.0, 1.0, 1.0, 0.0, 1.0, 1.0] |
|      f5 | 9 |       2 |    5000 |   25 |  0.25 |standard | sshape3 |     375 |481.0694 |481.06937 |    0,00 |0,0020 |1594079941813 |[0.71072966, 0.57275385, 0.9848522, 0.156785, 0.3774187, 0.9351046, 0.3510589, 0.8289429, 0.27659693, 0.8232064, 0.9627004, 0.85713965, 0.9908289, 0.4262439, 0.85848594] |[0.0, 0.0, 1.0, 0.0, 1.0, 0.0, 1.0, 1.0, 0.0, 1.0, 1.0, 1.0, 0.0, 1.0, 1.0] |
|      f5 |10 |       1 |    5000 |   25 |  0.25 |standard | sshape3 |     375 |481.0694 |481.06937 |    0,00 |-0,0010 |1594079941816 |[0.95258826, 0.94821835, 0.9091478, 0.30439526, 0.49068844, 0.15474373, 0.58931506, 0.73661005, 0.15151918, 0.45872033, 0.48271173, 0.37239635, 0.2030651, 0.6387445, 0.42918032] |[0.0, 0.0, 1.0, 1.0, 0.0, 0.0, 1.0, 1.0, 1.0, 0.0, 1.0, 1.0, 0.0, 0.0, 1.0] |
|      f5 |10 |       2 |    5000 |   25 |  0.25 |standard | sshape3 |     375 |481.0694 |481.06937 |    0,00 |0,0020 |1594079941816 |[0.95258826, 0.94821835, 0.9091478, 0.30439526, 0.49068844, 0.15474373, 0.58931506, 0.73661005, 0.15151918, 0.45872033, 0.48271173, 0.37239635, 0.2030651, 0.6387445, 0.42918032] |[0.0, 0.0, 1.0, 1.0, 0.0, 0.0, 1.0, 1.0, 1.0, 0.0, 1.0, 1.0, 0.0, 0.0, 1.0] |
|      f5 |11 |       1 |    5000 |   25 |  0.25 |standard | sshape3 |     375 |481.0694 |481.06937 |    0,00 |-0,0010 |1594079941819 |[0.8950168, 0.70512956, 0.73317194, 0.45334202, 0.59931016, 0.4987331, 0.4052155, 0.3212217, 0.89852065, 0.48641294, 0.60038406, 0.4293806, 0.037451923, 0.36123085, 0.9454774] |[0.0, 0.0, 1.0, 1.0, 1.0, 0.0, 1.0, 1.0, 0.0, 0.0, 1.0, 1.0, 0.0, 0.0, 1.0] |
|      f5 |11 |       2 |    5000 |   25 |  0.25 |standard | sshape3 |     375 |481.0694 |481.06937 |    0,00 |0,0020 |1594079941819 |[0.8950168, 0.70512956, 0.73317194, 0.45334202, 0.59931016, 0.4987331, 0.4052155, 0.3212217, 0.89852065, 0.48641294, 0.60038406, 0.4293806, 0.037451923, 0.36123085, 0.9454774] |[0.0, 0.0, 1.0, 1.0, 1.0, 0.0, 1.0, 1.0, 0.0, 0.0, 1.0, 1.0, 0.0, 0.0, 1.0] |
|      f5 |12 |       1 |    5000 |   25 |  0.25 |standard | sshape3 |     375 |481.0694 |481.06937 |    0,00 |-0,0010 |1594079941822 |[0.5703531, 0.6905795, 0.50305015, 0.098875605, 0.8625326, 0.02462798, 0.22549671, 0.057875946, 0.23333295, 0.76678234, 0.8450228, 0.87429094, 0.7283097, 0.24231198, 0.45372972] |[0.0, 1.0, 1.0, 0.0, 1.0, 0.0, 0.0, 1.0, 0.0, 0.0, 1.0, 1.0, 0.0, 1.0, 1.0] |
|      f5 |12 |       2 |    5000 |   25 |  0.25 |standard | sshape3 |     375 |481.0694 |481.06937 |    0,00 |0,0020 |1594079941822 |[0.5703531, 0.6905795, 0.50305015, 0.098875605, 0.8625326, 0.02462798, 0.22549671, 0.057875946, 0.23333295, 0.76678234, 0.8450228, 0.87429094, 0.7283097, 0.24231198, 0.45372972] |[0.0, 1.0, 1.0, 0.0, 1.0, 0.0, 0.0, 1.0, 0.0, 0.0, 1.0, 1.0, 0.0, 1.0, 1.0] |
|      f5 |13 |       1 |    5000 |   25 |  0.25 |standard | sshape3 |     375 |481.0694 |481.06937 |    0,00 |-0,0010 |1594079941825 |[0.26890305, 0.15652677, 0.18780676, 0.40175515, 0.4092271, 0.6636267, 0.16437465, 0.73732245, 1.0E-12, 0.39875382, 0.42077115, 0.06518713, 0.9075652, 1.0E-12, 0.57885665] |[0.0, 0.0, 1.0, 0.0, 1.0, 0.0, 1.0, 1.0, 0.0, 1.0, 1.0, 1.0, 0.0, 1.0, 1.0] |
|      f5 |13 |       2 |    5000 |   25 |  0.25 |standard | sshape3 |     375 |481.0694 |481.06937 |    0,00 |0,0020 |1594079941825 |[0.26890305, 0.15652677, 0.18780676, 0.40175515, 0.4092271, 0.6636267, 0.16437465, 0.73732245, 1.0E-12, 0.39875382, 0.42077115, 0.06518713, 0.9075652, 1.0E-12, 0.57885665] |[0.0, 0.0, 1.0, 0.0, 1.0, 0.0, 1.0, 1.0, 0.0, 1.0, 1.0, 1.0, 0.0, 1.0, 1.0] |
|      f5 |14 |       1 |    5000 |   25 |  0.25 |standard | sshape3 |     375 |481.0694 |481.06937 |    0,00 |-0,0010 |1594079941828 |[0.6617175, 0.23708445, 0.6545702, 0.7205518, 0.78064436, 0.68050647, 0.6692957, 0.58073086, 0.10991579, 0.58940315, 0.61830497, 0.16871732, 0.85967666, 0.060947776, 0.639907] |[0.0, 0.0, 1.0, 1.0, 1.0, 0.0, 1.0, 1.0, 0.0, 0.0, 1.0, 1.0, 0.0, 1.0, 0.0] |
|      f5 |14 |       2 |    5000 |   25 |  0.25 |standard | sshape3 |     375 |481.0694 |481.06937 |    0,00 |0,0020 |1594079941828 |[0.6617175, 0.23708445, 0.6545702, 0.7205518, 0.78064436, 0.68050647, 0.6692957, 0.58073086, 0.10991579, 0.58940315, 0.61830497, 0.16871732, 0.85967666, 0.060947776, 0.639907] |[0.0, 0.0, 1.0, 1.0, 1.0, 0.0, 1.0, 1.0, 0.0, 0.0, 1.0, 1.0, 0.0, 1.0, 0.0] |
|      f5 |15 |       1 |    5000 |   25 |  0.25 |standard | sshape3 |     375 |481.0694 |481.06937 |    0,00 |-0,0010 |1594079941831 |[0.8385626, 0.077645145, 0.36878067, 0.4416812, 0.82110053, 0.5870936, 0.683878, 0.49334097, 0.6717628, 0.9564625, 0.632187, 0.06643804, 0.3652643, 0.5771134, 0.03844819] |[0.0, 0.0, 1.0, 0.0, 1.0, 1.0, 0.0, 1.0, 1.0, 1.0, 1.0, 1.0, 0.0, 1.0, 0.0] |
|      f5 |15 |       2 |    5000 |   25 |  0.25 |standard | sshape3 |     375 |481.0694 |481.06937 |    0,00 |0,0020 |1594079941831 |[0.8385626, 0.077645145, 0.36878067, 0.4416812, 0.82110053, 0.5870936, 0.683878, 0.49334097, 0.6717628, 0.9564625, 0.632187, 0.06643804, 0.3652643, 0.5771134, 0.03844819] |[0.0, 0.0, 1.0, 0.0, 1.0, 1.0, 0.0, 1.0, 1.0, 1.0, 1.0, 1.0, 0.0, 1.0, 0.0] |
