| # | Nest | %Desc |#Iter |Instancia | CapMoch |ValOptmo | BestFit |     RDP | time |      semilla |VectorSolucion |
-------------------------------------------------------------------------------------------------
| 1 |   50 |  0.25 | 5000 |      f6 |      60 |    52.0 |    52.0 |    0,00 |-1,6e+09 |1592513136668 |[0.20393747, 0.9031624, 0.79981595, 0.83042353, 0.44115096, 0.22905946, 0.5583407, 0.86291355, 0.9865339, 0.1546719] |
| 1 |   50 |  0.25 | 5000 |      f6 |      60 |    52.0 |    52.0 |    0,00 |0,0020 |1592513136668 |[0.20393747, 0.9031624, 0.79981595, 0.83042353, 0.44115096, 0.22905946, 0.5583407, 0.86291355, 0.9865339, 0.1546719] |
| 2 |   50 |  0.25 | 5000 |      f6 |      60 |    52.0 |    52.0 |    0,00 |  0,0 |1592513136670 |[0.2936703, 0.9323889, 0.95121, 0.70154667, 0.6547011, 0.44716257, 0.6574676, 0.46973568, 0.7064835, 0.7837426] |
| 2 |   50 |  0.25 | 5000 |      f6 |      60 |    52.0 |    52.0 |    0,00 |0,0010 |1592513136670 |[0.2936703, 0.9323889, 0.95121, 0.70154667, 0.6547011, 0.44716257, 0.6574676, 0.46973568, 0.7064835, 0.7837426] |
| 3 |   50 |  0.25 | 5000 |      f6 |      60 |    52.0 |    52.0 |    0,00 |  0,0 |1592513136671 |[0.28283352, 0.12032527, 0.9774995, 0.12801844, 0.999284, 0.51769644, 0.5058621, 0.18577933, 0.6231569, 0.42032617] |
| 3 |   50 |  0.25 | 5000 |      f6 |      60 |    52.0 |    52.0 |    0,00 |0,0020 |1592513136671 |[0.28283352, 0.12032527, 0.9774995, 0.12801844, 0.999284, 0.51769644, 0.5058621, 0.18577933, 0.6231569, 0.42032617] |
| 4 |   50 |  0.25 | 5000 |      f6 |      60 |    52.0 |    52.0 |    0,00 |  0,0 |1592513136673 |[0.93067616, 0.55395705, 0.6443321, 0.9414725, 0.9483932, 0.3365988, 0.52832097, 0.18639928, 0.5766633, 0.8205654] |
| 4 |   50 |  0.25 | 5000 |      f6 |      60 |    52.0 |    52.0 |    0,00 |0,0010 |1592513136673 |[0.93067616, 0.55395705, 0.6443321, 0.9414725, 0.9483932, 0.3365988, 0.52832097, 0.18639928, 0.5766633, 0.8205654] |
| 5 |   50 |  0.25 | 5000 |      f6 |      60 |    52.0 |    52.0 |    0,00 |  0,0 |1592513136674 |[0.37552446, 0.09575981, 0.67425084, 0.20618474, 0.77703476, 0.5916204, 0.8695937, 0.42351186, 0.62665063, 0.3139783] |
| 5 |   50 |  0.25 | 5000 |      f6 |      60 |    52.0 |    52.0 |    0,00 |0,0010 |1592513136674 |[0.37552446, 0.09575981, 0.67425084, 0.20618474, 0.77703476, 0.5916204, 0.8695937, 0.42351186, 0.62665063, 0.3139783] |
| 6 |   50 |  0.25 | 5000 |      f6 |      60 |    52.0 |    52.0 |    0,00 |  0,0 |1592513136675 |[0.6332953, 0.20484239, 0.89558804, 0.3768326, 0.13133979, 0.33115005, 0.54727304, 0.12410784, 0.58612686, 0.7788349] |
| 6 |   50 |  0.25 | 5000 |      f6 |      60 |    52.0 |    52.0 |    0,00 |0,0010 |1592513136675 |[0.6332953, 0.20484239, 0.89558804, 0.3768326, 0.13133979, 0.33115005, 0.54727304, 0.12410784, 0.58612686, 0.7788349] |
| 7 |   50 |  0.25 | 5000 |      f6 |      60 |    52.0 |    52.0 |    0,00 |  0,0 |1592513136676 |[0.78348196, 0.8174961, 0.99274564, 0.4300204, 0.6883846, 0.7554801, 0.2226848, 0.75095314, 0.20905596, 0.6598682] |
| 7 |   50 |  0.25 | 5000 |      f6 |      60 |    52.0 |    52.0 |    0,00 |0,0020 |1592513136676 |[0.78348196, 0.8174961, 0.99274564, 0.4300204, 0.6883846, 0.7554801, 0.2226848, 0.75095314, 0.20905596, 0.6598682] |
| 8 |   50 |  0.25 | 5000 |      f6 |      60 |    52.0 |    52.0 |    0,00 |  0,0 |1592513136678 |[0.8497136, 0.2908817, 0.20361948, 0.86563945, 0.4181128, 0.95978713, 0.046806455, 0.78867054, 0.034094334, 0.90339273] |
| 8 |   50 |  0.25 | 5000 |      f6 |      60 |    52.0 |    52.0 |    0,00 |0,0010 |1592513136678 |[0.8497136, 0.2908817, 0.20361948, 0.86563945, 0.4181128, 0.95978713, 0.046806455, 0.78867054, 0.034094334, 0.90339273] |
| 9 |   50 |  0.25 | 5000 |      f6 |      60 |    52.0 |    52.0 |    0,00 |  0,0 |1592513136679 |[0.43851107, 0.831957, 0.49985784, 0.015356958, 0.82607174, 0.13063085, 0.39963138, 0.802303, 0.87273973, 0.317842] |
| 9 |   50 |  0.25 | 5000 |      f6 |      60 |    52.0 |    52.0 |    0,00 |0,0010 |1592513136679 |[0.43851107, 0.831957, 0.49985784, 0.015356958, 0.82607174, 0.13063085, 0.39963138, 0.802303, 0.87273973, 0.317842] |
|10 |   50 |  0.25 | 5000 |      f6 |      60 |    52.0 |    52.0 |    0,00 |  0,0 |1592513136680 |[0.812447, 0.07857567, 0.2779594, 0.66371953, 0.30823398, 0.12750226, 0.6433641, 0.79776865, 0.8415157, 0.081333816] |
|10 |   50 |  0.25 | 5000 |      f6 |      60 |    52.0 |    52.0 |    0,00 |0,0010 |1592513136680 |[0.812447, 0.07857567, 0.2779594, 0.66371953, 0.30823398, 0.12750226, 0.6433641, 0.79776865, 0.8415157, 0.081333816] |
|11 |   50 |  0.25 | 5000 |      f6 |      60 |    52.0 |    52.0 |    0,00 |-0,0010 |1592513136682 |[0.4456069, 0.86538285, 0.35927826, 0.9497956, 0.074703276, 0.099019885, 0.63193685, 0.9154572, 0.5054889, 0.70016783] |
|11 |   50 |  0.25 | 5000 |      f6 |      60 |    52.0 |    52.0 |    0,00 |0,0010 |1592513136682 |[0.4456069, 0.86538285, 0.35927826, 0.9497956, 0.074703276, 0.099019885, 0.63193685, 0.9154572, 0.5054889, 0.70016783] |
|12 |   50 |  0.25 | 5000 |      f6 |      60 |    52.0 |    52.0 |    0,00 |  0,0 |1592513136683 |[0.8966433, 0.1342954, 0.36730963, 0.11548853, 0.87416655, 0.27763385, 0.33167952, 0.8765735, 0.5730212, 0.46486443] |
|12 |   50 |  0.25 | 5000 |      f6 |      60 |    52.0 |    52.0 |    0,00 |0,0010 |1592513136683 |[0.8966433, 0.1342954, 0.36730963, 0.11548853, 0.87416655, 0.27763385, 0.33167952, 0.8765735, 0.5730212, 0.46486443] |
|13 |   50 |  0.25 | 5000 |      f6 |      60 |    52.0 |    52.0 |    0,00 |  0,0 |1592513136684 |[0.48863137, 0.8642407, 0.14621735, 0.5458209, 0.7584441, 0.1983512, 0.5463251, 0.5244729, 0.29309916, 0.91965425] |
|13 |   50 |  0.25 | 5000 |      f6 |      60 |    52.0 |    52.0 |    0,00 |0,0010 |1592513136684 |[0.48863137, 0.8642407, 0.14621735, 0.5458209, 0.7584441, 0.1983512, 0.5463251, 0.5244729, 0.29309916, 0.91965425] |
|14 |   50 |  0.25 | 5000 |      f6 |      60 |    52.0 |    52.0 |    0,00 |  0,0 |1592513136685 |[0.75123465, 0.29846376, 0.76083744, 0.5304217, 0.7783868, 0.53639215, 0.4442101, 0.13084728, 0.77912295, 0.846265] |
|14 |   50 |  0.25 | 5000 |      f6 |      60 |    52.0 |    52.0 |    0,00 |0,0010 |1592513136685 |[0.75123465, 0.29846376, 0.76083744, 0.5304217, 0.7783868, 0.53639215, 0.4442101, 0.13084728, 0.77912295, 0.846265] |
|15 |   50 |  0.25 | 5000 |      f6 |      60 |    52.0 |    52.0 |    0,00 |  0,0 |1592513136686 |[0.076034546, 0.54102343, 0.36366898, 0.65245384, 0.2845226, 0.06738359, 0.36077923, 0.6659781, 0.98837656, 0.929551] |
|15 |   50 |  0.25 | 5000 |      f6 |      60 |    52.0 |    52.0 |    0,00 |0,0010 |1592513136686 |[0.076034546, 0.54102343, 0.36366898, 0.65245384, 0.2845226, 0.06738359, 0.36077923, 0.6659781, 0.98837656, 0.929551] |
