| # | Nest | %Desc |#Iter |Instancia | CapMoch |ValOptmo | BestFit |     RDP | time |      semilla |VectorSolucion |
-------------------------------------------------------------------------------------------------
| 1 |   50 |  0.25 | 5000 |      f2 |     878 |  1024.0 |  1024.0 |    0,00 |-1,6e+09 |1592532404200 |[0.7533648, 0.95878285, 0.20675814, 0.48555756, 0.19624019, 0.40516114, 0.8984953, 0.7061479, 0.29569954, 0.7113727, 0.7069793, 0.8325737, 0.94483125, 0.3467539, 0.14592648, 0.8548749, 0.3223291, 0.73846143, 0.993808, 0.18770623] |
| 1 |   50 |  0.25 | 5000 |      f2 |     878 |  1024.0 |  1024.0 |    0,00 |0,0020 |1592532404200 |[0.7533648, 0.95878285, 0.20675814, 0.48555756, 0.19624019, 0.40516114, 0.8984953, 0.7061479, 0.29569954, 0.7113727, 0.7069793, 0.8325737, 0.94483125, 0.3467539, 0.14592648, 0.8548749, 0.3223291, 0.73846143, 0.993808, 0.18770623] |
| 2 |   50 |  0.25 | 5000 |      f2 |     878 |  1024.0 |  1024.0 |    0,00 |-0,0010 |1592532404203 |[0.6133163, 0.32273436, 0.31183684, 0.49155617, 0.42394143, 0.7854465, 0.35472614, 0.9930152, 0.627956, 0.8767694, 0.27377433, 0.45746094, 0.5897205, 0.20461684, 0.53205514, 0.6437673, 0.7612859, 0.09779197, 0.7310878, 0.4088602] |
| 2 |   50 |  0.25 | 5000 |      f2 |     878 |  1024.0 |  1024.0 |    0,00 |0,0020 |1592532404203 |[0.6133163, 0.32273436, 0.31183684, 0.49155617, 0.42394143, 0.7854465, 0.35472614, 0.9930152, 0.627956, 0.8767694, 0.27377433, 0.45746094, 0.5897205, 0.20461684, 0.53205514, 0.6437673, 0.7612859, 0.09779197, 0.7310878, 0.4088602] |
| 3 |   50 |  0.25 | 5000 |      f2 |     878 |  1024.0 |  1024.0 |    0,00 |  0,0 |1592532404205 |[0.6010814, 1.0E-12, 0.9783746, 1.0, 0.87180847, 0.96711195, 0.150232, 0.7101662, 0.5776667, 0.7773292, 1.0E-12, 0.30520213, 0.3952642, 0.057285935, 1.0, 0.2823869, 0.41707703, 0.7638426, 0.15660205, 0.5434881] |
| 3 |   50 |  0.25 | 5000 |      f2 |     878 |  1024.0 |  1024.0 |    0,00 |0,0020 |1592532404205 |[0.6010814, 1.0E-12, 0.9783746, 1.0, 0.87180847, 0.96711195, 0.150232, 0.7101662, 0.5776667, 0.7773292, 1.0E-12, 0.30520213, 0.3952642, 0.057285935, 1.0, 0.2823869, 0.41707703, 0.7638426, 0.15660205, 0.5434881] |
| 4 |   50 |  0.25 | 5000 |      f2 |     878 |  1024.0 |  1024.0 |    0,00 |-0,0010 |1592532404208 |[0.67963094, 0.5199691, 0.87546206, 0.40788108, 0.7148335, 0.4577667, 0.25464296, 0.13687837, 0.19066173, 0.5348067, 0.6106039, 0.46401775, 0.543752, 0.27676302, 0.55876017, 0.9227128, 0.45032877, 0.30383116, 0.26826757, 0.69088453] |
| 4 |   50 |  0.25 | 5000 |      f2 |     878 |  1024.0 |  1024.0 |    0,00 |0,0020 |1592532404208 |[0.67963094, 0.5199691, 0.87546206, 0.40788108, 0.7148335, 0.4577667, 0.25464296, 0.13687837, 0.19066173, 0.5348067, 0.6106039, 0.46401775, 0.543752, 0.27676302, 0.55876017, 0.9227128, 0.45032877, 0.30383116, 0.26826757, 0.69088453] |
| 5 |   50 |  0.25 | 5000 |      f2 |     878 |  1024.0 |  1024.0 |    0,00 |  0,0 |1592532404210 |[1.0, 0.76724815, 0.45472676, 0.9302997, 1.0, 0.7162216, 0.43297625, 0.33590496, 0.0951509, 0.19372576, 0.069493055, 0.81941295, 1.0, 0.67721087, 0.11583555, 0.6148565, 0.6533617, 0.4037788, 1.0, 1.0E-12] |
| 5 |   50 |  0.25 | 5000 |      f2 |     878 |  1024.0 |  1024.0 |    0,00 |0,0020 |1592532404210 |[1.0, 0.76724815, 0.45472676, 0.9302997, 1.0, 0.7162216, 0.43297625, 0.33590496, 0.0951509, 0.19372576, 0.069493055, 0.81941295, 1.0, 0.67721087, 0.11583555, 0.6148565, 0.6533617, 0.4037788, 1.0, 1.0E-12] |
| 6 |   50 |  0.25 | 5000 |      f2 |     878 |  1024.0 |  1024.0 |    0,00 |-0,0010 |1592532404213 |[0.38818932, 0.9966902, 0.92594165, 0.15416086, 0.45890677, 0.4682595, 0.9123586, 0.035538197, 0.8314988, 0.1421063, 0.85665405, 0.10901207, 0.7939982, 0.467202, 0.8255732, 0.46482694, 0.20849526, 0.0047459602, 0.8338251, 0.84020835] |
| 6 |   50 |  0.25 | 5000 |      f2 |     878 |  1024.0 |  1024.0 |    0,00 |0,0020 |1592532404213 |[0.38818932, 0.9966902, 0.92594165, 0.15416086, 0.45890677, 0.4682595, 0.9123586, 0.035538197, 0.8314988, 0.1421063, 0.85665405, 0.10901207, 0.7939982, 0.467202, 0.8255732, 0.46482694, 0.20849526, 0.0047459602, 0.8338251, 0.84020835] |
| 7 |   50 |  0.25 | 5000 |      f2 |     878 |  1024.0 |  1024.0 |    0,00 |  0,0 |1592532404215 |[0.78688216, 0.29859975, 0.82285804, 0.49914882, 0.8871939, 0.6037445, 0.11748941, 0.6783518, 0.8223888, 0.121993765, 0.7781645, 0.4921904, 0.66909343, 0.5134339, 0.7329224, 1.0E-12, 0.76172215, 0.2598501, 0.8953038, 0.46421072] |
| 7 |   50 |  0.25 | 5000 |      f2 |     878 |  1024.0 |  1024.0 |    0,00 |0,0020 |1592532404215 |[0.78688216, 0.29859975, 0.82285804, 0.49914882, 0.8871939, 0.6037445, 0.11748941, 0.6783518, 0.8223888, 0.121993765, 0.7781645, 0.4921904, 0.66909343, 0.5134339, 0.7329224, 1.0E-12, 0.76172215, 0.2598501, 0.8953038, 0.46421072] |
| 8 |   50 |  0.25 | 5000 |      f2 |     878 |  1024.0 |  1024.0 |    0,00 |-0,0010 |1592532404218 |[0.82140285, 0.114090234, 0.20209934, 0.057781592, 0.40239042, 0.76886684, 0.07059241, 0.6703638, 0.63012224, 0.5076954, 0.78513604, 0.051062286, 0.30608433, 0.8481669, 0.29881915, 0.29631057, 0.5500636, 0.26894972, 0.91511863, 0.20788847] |
| 8 |   50 |  0.25 | 5000 |      f2 |     878 |  1024.0 |  1024.0 |    0,00 |0,0020 |1592532404218 |[0.82140285, 0.114090234, 0.20209934, 0.057781592, 0.40239042, 0.76886684, 0.07059241, 0.6703638, 0.63012224, 0.5076954, 0.78513604, 0.051062286, 0.30608433, 0.8481669, 0.29881915, 0.29631057, 0.5500636, 0.26894972, 0.91511863, 0.20788847] |
| 9 |   50 |  0.25 | 5000 |      f2 |     878 |  1024.0 |  1024.0 |    0,00 |  0,0 |1592532404220 |[0.37974125, 0.17793536, 0.92816275, 0.5722513, 0.25010365, 0.2964462, 0.65218455, 0.954591, 0.1286484, 0.6288659, 0.3189751, 0.37853986, 0.95197755, 0.87276024, 0.7950488, 0.23252892, 0.81029576, 0.42144102, 0.3123402, 0.9643363] |
| 9 |   50 |  0.25 | 5000 |      f2 |     878 |  1024.0 |  1024.0 |    0,00 |0,0020 |1592532404220 |[0.37974125, 0.17793536, 0.92816275, 0.5722513, 0.25010365, 0.2964462, 0.65218455, 0.954591, 0.1286484, 0.6288659, 0.3189751, 0.37853986, 0.95197755, 0.87276024, 0.7950488, 0.23252892, 0.81029576, 0.42144102, 0.3123402, 0.9643363] |
|10 |   50 |  0.25 | 5000 |      f2 |     878 |  1024.0 |  1018.0 |    0,59 |-0,0010 |1592532404223 |[0.07075769, 0.32881963, 0.44909814, 0.34954107, 0.62040913, 0.7559856, 0.4681288, 0.035005357, 0.8293232, 0.4827057, 0.23600864, 0.9974147, 1.0, 1.0, 0.19219601, 0.08976525, 0.5303689, 0.0365842, 1.0, 0.4863662] |
|10 |   50 |  0.25 | 5000 |      f2 |     878 |  1024.0 |  1024.0 |    0,00 |0,0020 |1592532404223 |[0.62564427, 0.27014667, 0.13331778, 1.0E-12, 0.65515697, 1.0E-12, 0.52719206, 0.9141248, 0.78148276, 0.33097833, 0.99927413, 1.0, 1.0, 0.4199457, 0.4478435, 0.16403048, 0.9323206, 0.42247364, 0.89429677, 0.21860911] |
|11 |   50 |  0.25 | 5000 |      f2 |     878 |  1024.0 |  1024.0 |    0,00 |-0,0010 |1592532404226 |[0.8975188, 0.023596585, 0.7330146, 0.88228446, 0.67294353, 0.06723255, 0.08831972, 0.27847487, 0.7233942, 0.020805657, 0.035336137, 0.27683806, 0.98333746, 0.16099745, 0.47917855, 0.42529738, 0.998089, 0.18734378, 0.63054615, 0.7684589] |
|11 |   50 |  0.25 | 5000 |      f2 |     878 |  1024.0 |  1024.0 |    0,00 |0,0040 |1592532404226 |[0.8975188, 0.023596585, 0.7330146, 0.88228446, 0.67294353, 0.06723255, 0.08831972, 0.27847487, 0.7233942, 0.020805657, 0.035336137, 0.27683806, 0.98333746, 0.16099745, 0.47917855, 0.42529738, 0.998089, 0.18734378, 0.63054615, 0.7684589] |
|12 |   50 |  0.25 | 5000 |      f2 |     878 |  1024.0 |  1018.0 |    0,59 |  0,0 |1592532404230 |[1.0, 0.05539413, 0.80822355, 1.0, 0.20308578, 0.99517435, 0.07286035, 0.55882853, 0.32693473, 0.65921354, 0.41171306, 0.922756, 0.6362406, 0.66554666, 0.9644269, 0.25236672, 1.0E-12, 0.5575745, 0.38577205, 1.0] |
|12 |   50 |  0.25 | 5000 |      f2 |     878 |  1024.0 |  1024.0 |    0,00 |0,0030 |1592532404230 |[0.73770094, 0.033599794, 1.0, 0.8398802, 0.6489943, 0.4382792, 0.9575622, 0.63277227, 1.0E-12, 0.70200014, 0.915612, 0.34532547, 0.80137026, 0.118518606, 0.95454836, 0.38552707, 1.0E-12, 0.46842998, 0.33311293, 0.95061964] |
|13 |   50 |  0.25 | 5000 |      f2 |     878 |  1024.0 |  1024.0 |    0,00 |-0,0010 |1592532404234 |[0.5902731, 0.048299935, 0.7108183, 0.42441717, 0.30547458, 0.0071508875, 0.90864503, 0.29161826, 0.75312114, 0.24214888, 0.48217756, 0.41270542, 0.8005551, 0.58577734, 0.88983023, 0.41333005, 0.46384546, 0.58027816, 0.5917405, 0.4157153] |
|13 |   50 |  0.25 | 5000 |      f2 |     878 |  1024.0 |  1024.0 |    0,00 |0,0020 |1592532404234 |[0.5902731, 0.048299935, 0.7108183, 0.42441717, 0.30547458, 0.0071508875, 0.90864503, 0.29161826, 0.75312114, 0.24214888, 0.48217756, 0.41270542, 0.8005551, 0.58577734, 0.88983023, 0.41333005, 0.46384546, 0.58027816, 0.5917405, 0.4157153] |
|14 |   50 |  0.25 | 5000 |      f2 |     878 |  1024.0 |  1024.0 |    0,00 |  0,0 |1592532404236 |[0.34916088, 0.34860876, 0.79571307, 0.23820867, 0.2526121, 0.3869175, 0.18052122, 0.50591594, 0.35837436, 0.87330496, 0.812274, 0.35468924, 0.27771008, 1.0E-12, 0.20147043, 1.0, 0.28196415, 0.042375058, 0.8634291, 0.67448807] |
|14 |   50 |  0.25 | 5000 |      f2 |     878 |  1024.0 |  1024.0 |    0,00 |0,0020 |1592532404236 |[0.34916088, 0.34860876, 0.79571307, 0.23820867, 0.2526121, 0.3869175, 0.18052122, 0.50591594, 0.35837436, 0.87330496, 0.812274, 0.35468924, 0.27771008, 1.0E-12, 0.20147043, 1.0, 0.28196415, 0.042375058, 0.8634291, 0.67448807] |
|15 |   50 |  0.25 | 5000 |      f2 |     878 |  1024.0 |  1024.0 |    0,00 |  0,0 |1592532404238 |[0.8092277, 0.5162344, 0.7661569, 0.9466954, 0.33418164, 0.3281577, 0.04676772, 0.9257546, 0.14622416, 0.90467274, 0.402399, 0.07166785, 0.81013274, 0.28656033, 0.5006563, 0.2684317, 0.8992692, 0.3289961, 0.28194913, 0.05758276] |
|15 |   50 |  0.25 | 5000 |      f2 |     878 |  1024.0 |  1024.0 |    0,00 |0,0020 |1592532404238 |[0.8092277, 0.5162344, 0.7661569, 0.9466954, 0.33418164, 0.3281577, 0.04676772, 0.9257546, 0.14622416, 0.90467274, 0.402399, 0.07166785, 0.81013274, 0.28656033, 0.5006563, 0.2684317, 0.8992692, 0.3289961, 0.28194913, 0.05758276] |
