| # | Nest | %Desc |#Iter |Instancia | CapMoch |ValOptmo | BestFit |     RDP | time |      semilla |VectorSolucion |
-------------------------------------------------------------------------------------------------
| 1 |   25 |  0.25 | 2500 |      f6 |      60 |    52.0 |    52.0 |    0,00 |  0,0 |1592497232942 |[0.06417638, 0.21917248, 0.3886075, 0.4765476, 0.9077449, 0.356345, 0.435176, 0.60747653, 0.89512444, 0.108912826] |
| 2 |   25 |  0.25 | 2500 |      f6 |      60 |    52.0 |    52.0 |    0,00 |  0,0 |1592497232944 |[0.76829445, 0.42160487, 0.5016173, 0.086407065, 0.6763446, 0.52304757, 0.41043735, 0.4412846, 0.5226937, 0.7754885] |
| 3 |   25 |  0.25 | 2500 |      f6 |      60 |    52.0 |    52.0 |    0,00 |0,0010 |1592497232949 |[0.94528896, 0.019880533, 0.61982906, 0.7555394, 0.68111813, 0.53074056, 0.37783486, 0.7728179, 0.76125777, 0.851191] |
| 4 |   25 |  0.25 | 2500 |      f6 |      60 |    52.0 |    52.0 |    0,00 |  0,0 |1592497232951 |[0.20469671, 0.045084536, 0.3584568, 0.048413157, 0.5651902, 0.93015057, 0.8546472, 0.08098304, 0.82486, 0.36814207] |
| 5 |   25 |  0.25 | 2500 |      f6 |      60 |    52.0 |    52.0 |    0,00 |  0,0 |1592497232952 |[0.56678563, 0.3114239, 0.74420047, 0.21001422, 0.45342183, 0.16088039, 0.12663901, 0.9876981, 0.7338175, 0.078543484] |
| 6 |   25 |  0.25 | 2500 |      f6 |      60 |    52.0 |    52.0 |    0,00 |0,0010 |1592497232953 |[0.30892396, 0.7968833, 0.4406216, 0.9281243, 0.33831203, 0.2163713, 0.62869674, 0.23026782, 0.7482184, 0.72325987] |
| 7 |   25 |  0.25 | 2500 |      f6 |      60 |    52.0 |    52.0 |    0,00 |0,0010 |1592497232954 |[0.94169515, 0.62320614, 0.6182745, 0.8839697, 0.039889038, 0.64720315, 0.10581273, 0.8196491, 0.82988495, 0.75183946] |
| 8 |   25 |  0.25 | 2500 |      f6 |      60 |    52.0 |    52.0 |    0,00 |0,0010 |1592497232955 |[0.24546838, 0.5348487, 0.43270868, 0.59490484, 0.17673075, 0.015250862, 0.0026811361, 0.22361785, 0.6669484, 0.20613545] |
| 9 |   25 |  0.25 | 2500 |      f6 |      60 |    52.0 |    52.0 |    0,00 |  0,0 |1592497232957 |[0.7638053, 0.20707768, 0.48156798, 0.4702435, 0.29364234, 0.026693583, 0.35460514, 0.7789896, 0.33461595, 0.14571291] |
|10 |   25 |  0.25 | 2500 |      f6 |      60 |    52.0 |    52.0 |    0,00 |  0,0 |1592497232958 |[0.9793045, 0.9193006, 0.6001471, 0.6139664, 0.51867825, 0.6897236, 0.044672787, 0.60848486, 0.01706922, 0.34154415] |
|11 |   25 |  0.25 | 2500 |      f6 |      60 |    52.0 |    52.0 |    0,00 |  0,0 |1592497232959 |[0.7635942, 0.008297503, 0.7753113, 0.56424963, 0.5020815, 0.4330938, 0.4388823, 0.21873403, 0.8846458, 0.6098591] |
|12 |   25 |  0.25 | 2500 |      f6 |      60 |    52.0 |    52.0 |    0,00 |  0,0 |1592497232960 |[0.67863476, 0.97764206, 0.3778289, 0.41765302, 0.6281593, 0.8510718, 0.13606751, 0.06348401, 0.79253983, 0.015190899] |
|13 |   25 |  0.25 | 2500 |      f6 |      60 |    52.0 |    52.0 |    0,00 |0,0010 |1592497232961 |[0.76318336, 0.36037928, 0.6912138, 0.06596035, 0.96291405, 0.27932978, 0.21558511, 0.8738285, 0.16846633, 0.05570519] |
|14 |   25 |  0.25 | 2500 |      f6 |      60 |    52.0 |    52.0 |    0,00 |  0,0 |1592497232963 |[0.25645465, 0.26514333, 0.8768533, 0.88457054, 0.56007737, 0.38179904, 0.73433167, 0.69638795, 0.6008486, 0.37836897] |
|15 |   25 |  0.25 | 2500 |      f6 |      60 |    52.0 |    52.0 |    0,00 |0,0010 |1592497232964 |[0.42772955, 0.097292304, 0.97119385, 0.4481367, 0.029770374, 0.95742565, 0.023267806, 0.22931397, 0.5569497, 0.51037925] |
