| # | Nest | %Desc |#Iter |Instancia | CapMoch |ValOptmo | BestFit |     RDP | time |      semilla |VectorSolucion |
-------------------------------------------------------------------------------------------------
| 1 |   50 |  0.25 | 5000 |      f4 |      11 |    23.0 |    23.0 |    0,00 |-1,6e+09 |1592532508007 |[0.38464022, 0.92735803, 0.29545906, 0.38657683] |
| 1 |   50 |  0.25 | 5000 |      f4 |      11 |    23.0 |    23.0 |    0,00 |0,0010 |1592532508007 |[0.38464022, 0.92735803, 0.29545906, 0.38657683] |
| 2 |   50 |  0.25 | 5000 |      f4 |      11 |    23.0 |    23.0 |    0,00 |-0,0010 |1592532508009 |[0.2644303, 0.840447, 0.8148174, 0.89869946] |
| 2 |   50 |  0.25 | 5000 |      f4 |      11 |    23.0 |    23.0 |    0,00 |0,0010 |1592532508009 |[0.2644303, 0.840447, 0.8148174, 0.89869946] |
| 3 |   50 |  0.25 | 5000 |      f4 |      11 |    23.0 |    23.0 |    0,00 |  0,0 |1592532508010 |[0.29761842, 0.21117914, 0.77383894, 0.73800874] |
| 3 |   50 |  0.25 | 5000 |      f4 |      11 |    23.0 |    23.0 |    0,00 |0,0010 |1592532508010 |[0.29761842, 0.21117914, 0.77383894, 0.73800874] |
| 4 |   50 |  0.25 | 5000 |      f4 |      11 |    23.0 |    23.0 |    0,00 |  0,0 |1592532508011 |[0.026583716, 0.57792705, 0.06943068, 0.0716884] |
| 4 |   50 |  0.25 | 5000 |      f4 |      11 |    23.0 |    23.0 |    0,00 |0,0010 |1592532508011 |[0.026583716, 0.57792705, 0.06943068, 0.0716884] |
| 5 |   50 |  0.25 | 5000 |      f4 |      11 |    23.0 |    23.0 |    0,00 |  0,0 |1592532508012 |[0.4102903, 0.71752083, 0.5416865, 0.44440562] |
| 5 |   50 |  0.25 | 5000 |      f4 |      11 |    23.0 |    23.0 |    0,00 |0,0010 |1592532508012 |[0.4102903, 0.71752083, 0.5416865, 0.44440562] |
| 6 |   50 |  0.25 | 5000 |      f4 |      11 |    23.0 |    23.0 |    0,00 |  0,0 |1592532508013 |[0.6309244, 0.37912226, 0.84611124, 0.5406793] |
| 6 |   50 |  0.25 | 5000 |      f4 |      11 |    23.0 |    23.0 |    0,00 |0,0010 |1592532508013 |[0.6309244, 0.37912226, 0.84611124, 0.5406793] |
| 7 |   50 |  0.25 | 5000 |      f4 |      11 |    23.0 |    23.0 |    0,00 |  0,0 |1592532508014 |[0.63877773, 0.39403772, 0.052274656, 0.31425875] |
| 7 |   50 |  0.25 | 5000 |      f4 |      11 |    23.0 |    23.0 |    0,00 |0,0010 |1592532508014 |[0.63877773, 0.39403772, 0.052274656, 0.31425875] |
| 8 |   50 |  0.25 | 5000 |      f4 |      11 |    23.0 |    23.0 |    0,00 |  0,0 |1592532508015 |[0.6668857, 0.70648295, 0.52551156, 0.5770228] |
| 8 |   50 |  0.25 | 5000 |      f4 |      11 |    23.0 |    23.0 |    0,00 |0,0010 |1592532508015 |[0.6668857, 0.70648295, 0.52551156, 0.5770228] |
| 9 |   50 |  0.25 | 5000 |      f4 |      11 |    23.0 |    23.0 |    0,00 |  0,0 |1592532508016 |[0.3683498, 0.91723883, 0.43383142, 0.35555688] |
| 9 |   50 |  0.25 | 5000 |      f4 |      11 |    23.0 |    23.0 |    0,00 |  0,0 |1592532508016 |[0.3683498, 0.91723883, 0.43383142, 0.35555688] |
|10 |   50 |  0.25 | 5000 |      f4 |      11 |    23.0 |    23.0 |    0,00 |-0,0010 |1592532508017 |[0.5940406, 0.17618996, 0.66256875, 0.31176394] |
|10 |   50 |  0.25 | 5000 |      f4 |      11 |    23.0 |    23.0 |    0,00 |0,0020 |1592532508017 |[0.5940406, 0.17618996, 0.66256875, 0.31176394] |
|11 |   50 |  0.25 | 5000 |      f4 |      11 |    23.0 |    23.0 |    0,00 |-0,0010 |1592532508020 |[0.03392321, 0.53516215, 0.88547355, 0.2492938] |
|11 |   50 |  0.25 | 5000 |      f4 |      11 |    23.0 |    23.0 |    0,00 |  0,0 |1592532508020 |[0.03392321, 0.53516215, 0.88547355, 0.2492938] |
|12 |   50 |  0.25 | 5000 |      f4 |      11 |    23.0 |    23.0 |    0,00 |-0,0010 |1592532508021 |[0.85062116, 0.7420337, 0.38591117, 0.91217583] |
|12 |   50 |  0.25 | 5000 |      f4 |      11 |    23.0 |    23.0 |    0,00 |  0,0 |1592532508021 |[0.85062116, 0.7420337, 0.38591117, 0.91217583] |
|13 |   50 |  0.25 | 5000 |      f4 |      11 |    23.0 |    23.0 |    0,00 |-0,0010 |1592532508022 |[0.38811645, 0.6872814, 0.5240944, 0.8956544] |
|13 |   50 |  0.25 | 5000 |      f4 |      11 |    23.0 |    23.0 |    0,00 |  0,0 |1592532508022 |[0.38811645, 0.6872814, 0.5240944, 0.8956544] |
|14 |   50 |  0.25 | 5000 |      f4 |      11 |    23.0 |    23.0 |    0,00 |-0,0010 |1592532508023 |[0.5185221, 0.33119434, 0.006798506, 0.81828624] |
|14 |   50 |  0.25 | 5000 |      f4 |      11 |    23.0 |    23.0 |    0,00 |  0,0 |1592532508023 |[0.5185221, 0.33119434, 0.006798506, 0.81828624] |
|15 |   50 |  0.25 | 5000 |      f4 |      11 |    23.0 |    22.0 |    4,35 |-0,0010 |1592532508024 |[0.6749111, 0.070907414, 0.72196186, 0.4150269] |
|15 |   50 |  0.32 | 5000 |      f4 |      11 |    23.0 |    22.0 |    4,35 |-0,0010 |1592532508024 |[0.6749111, 0.070907414, 0.72196186, 0.4150269] |
|15 |   50 |  0.32 | 5000 |      f4 |      11 |    23.0 |    22.0 |    4,35 |-0,0010 |1592532508024 |[0.6749111, 0.070907414, 0.72196186, 0.4150269] |
|15 |   55 |  0.32 | 5000 |      f4 |      11 |    23.0 |    22.0 |    4,35 |-0,0010 |1592532508024 |[0.6749111, 0.070907414, 0.72196186, 0.4150269] |
|15 |   55 |0.29090908 | 5000 |      f4 |      11 |    23.0 |    22.0 |    4,35 |-0,0010 |1592532508024 |[0.6749111, 0.070907414, 0.72196186, 0.4150269] |
|15 |   55 |0.29090908 | 5000 |      f4 |      11 |    23.0 |    22.0 |    4,35 |-0,0010 |1592532508024 |[0.6749111, 0.070907414, 0.72196186, 0.4150269] |
|15 |   55 |0.29090908 | 5000 |      f4 |      11 |    23.0 |    22.0 |    4,35 |-0,0010 |1592532508024 |[0.6749111, 0.070907414, 0.72196186, 0.4150269] |
|15 |   60 |0.29090908 | 5000 |      f4 |      11 |    23.0 |    22.0 |    4,35 |-0,0010 |1592532508024 |[0.6749111, 0.070907414, 0.72196186, 0.4150269] |
|15 |   60 |  0.45 | 5000 |      f4 |      11 |    23.0 |    22.0 |    4,35 |-0,0010 |1592532508024 |[0.6749111, 0.070907414, 0.72196186, 0.4150269] |
|15 |   60 |  0.45 | 5000 |      f4 |      11 |    23.0 |    22.0 |    4,35 |-0,0010 |1592532508024 |[0.6749111, 0.070907414, 0.72196186, 0.4150269] |
|15 |   60 |  0.45 | 5000 |      f4 |      11 |    23.0 |    22.0 |    4,35 |-0,0010 |1592532508024 |[0.6749111, 0.070907414, 0.72196186, 0.4150269] |
|15 |   65 |  0.45 | 5000 |      f4 |      11 |    23.0 |    22.0 |    4,35 |-0,0010 |1592532508024 |[0.6749111, 0.070907414, 0.72196186, 0.4150269] |
|15 |   65 |  0.45 | 5000 |      f4 |      11 |    23.0 |    22.0 |    4,35 |-0,0010 |1592532508024 |[0.6749111, 0.070907414, 0.72196186, 0.4150269] |
|15 |   65 |  0.45 | 5000 |      f4 |      11 |    23.0 |    22.0 |    4,35 |-0,0010 |1592532508024 |[0.6749111, 0.070907414, 0.72196186, 0.4150269] |
|15 |   65 |  0.45 | 5000 |      f4 |      11 |    23.0 |    22.0 |    4,35 |-0,0010 |1592532508024 |[0.6749111, 0.070907414, 0.72196186, 0.4150269] |
|15 |   70 |  0.45 | 5000 |      f4 |      11 |    23.0 |    22.0 |    4,35 |-0,0010 |1592532508024 |[0.6749111, 0.070907414, 0.72196186, 0.4150269] |
|15 |   70 |  0.45 | 5000 |      f4 |      11 |    23.0 |    22.0 |    4,35 |-0,0010 |1592532508024 |[0.6749111, 0.070907414, 0.72196186, 0.4150269] |
|15 |   70 |  0.45 | 5000 |      f4 |      11 |    23.0 |    22.0 |    4,35 |-0,0010 |1592532508024 |[0.6749111, 0.070907414, 0.72196186, 0.4150269] |
|15 |   70 |  0.45 | 5000 |      f4 |      11 |    23.0 |    22.0 |    4,35 |-0,0010 |1592532508024 |[0.6749111, 0.070907414, 0.72196186, 0.4150269] |
|15 |   75 |  0.45 | 5000 |      f4 |      11 |    23.0 |    22.0 |    4,35 |-0,0010 |1592532508024 |[0.6749111, 0.070907414, 0.72196186, 0.4150269] |
|15 |   75 |  0.45 | 5000 |      f4 |      11 |    23.0 |    22.0 |    4,35 |-0,0010 |1592532508024 |[0.6749111, 0.070907414, 0.72196186, 0.4150269] |
|15 |   75 |  0.45 | 5000 |      f4 |      11 |    23.0 |    22.0 |    4,35 | 0,58 |1592532508024 |[0.6749111, 0.070907414, 0.72196186, 0.4150269] |
