| # | Nest | %Desc |#Iter |Instancia | CapMoch |ValOptmo | BestFit |     RDP | time |      semilla |VectorSolucion |
-------------------------------------------------------------------------------------------------
| 1 |   25 |  0.25 | 2500 |     f10 |     879 |  1025.0 |  1025.0 |    0,00 |  1,3 |1566873338788 |[1, 1, 1, 1, 1, 1, 1, 1, 1, 0, 1, 1, 1, 1, 0, 1, 0, 1, 1, 1] |
| 2 |   25 |  0.25 | 2500 |     f10 |     879 |  1025.0 |  1025.0 |    0,00 |  1,3 |1566873340127 |[1, 1, 1, 1, 1, 1, 1, 1, 1, 0, 1, 1, 1, 1, 0, 1, 0, 1, 1, 1] |
| 3 |   25 |  0.25 | 2500 |     f10 |     879 |  1025.0 |  1019.0 |    0,59 |  1,3 |1566873341413 |[1, 1, 1, 1, 1, 1, 0, 1, 1, 0, 1, 1, 1, 1, 1, 1, 0, 1, 1, 1] |
| 4 |   25 |  0.25 | 2500 |     f10 |     879 |  1025.0 |  1019.0 |    0,59 |  1,2 |1566873342669 |[1, 1, 1, 1, 1, 1, 0, 1, 1, 0, 1, 1, 1, 1, 1, 1, 0, 1, 1, 1] |
| 5 |   25 |  0.25 | 2500 |     f10 |     879 |  1025.0 |  1019.0 |    0,59 |  1,2 |1566873343892 |[1, 1, 1, 1, 1, 1, 0, 1, 1, 0, 1, 1, 1, 1, 1, 1, 0, 1, 1, 1] |
| 6 |   25 |  0.25 | 2500 |     f10 |     879 |  1025.0 |  1019.0 |    0,59 |  1,2 |1566873345117 |[1, 1, 1, 1, 1, 1, 0, 1, 1, 0, 1, 1, 1, 1, 1, 1, 0, 1, 1, 1] |
| 7 |   25 |  0.25 | 2500 |     f10 |     879 |  1025.0 |  1019.0 |    0,59 |  1,2 |1566873346337 |[1, 1, 1, 1, 1, 1, 0, 1, 1, 0, 1, 1, 1, 1, 1, 1, 0, 1, 1, 1] |
| 8 |   25 |  0.25 | 2500 |     f10 |     879 |  1025.0 |  1019.0 |    0,59 |  1,2 |1566873347561 |[1, 1, 1, 1, 1, 1, 0, 1, 1, 0, 1, 1, 1, 1, 1, 1, 0, 1, 1, 1] |
| 9 |   25 |  0.25 | 2500 |     f10 |     879 |  1025.0 |  1019.0 |    0,59 |  1,2 |1566873348783 |[1, 1, 1, 1, 1, 1, 0, 1, 1, 0, 1, 1, 1, 1, 1, 1, 0, 1, 1, 1] |
|10 |   25 |  0.25 | 2500 |     f10 |     879 |  1025.0 |  1019.0 |    0,59 |  1,2 |1566873350003 |[1, 1, 1, 1, 1, 1, 0, 1, 1, 0, 1, 1, 1, 1, 1, 1, 0, 1, 1, 1] |
|11 |   25 |  0.25 | 2500 |     f10 |     879 |  1025.0 |  1019.0 |    0,59 |  1,2 |1566873351213 |[1, 1, 1, 1, 1, 1, 0, 1, 1, 0, 1, 1, 1, 1, 1, 1, 0, 1, 1, 1] |
|12 |   25 |  0.25 | 2500 |     f10 |     879 |  1025.0 |  1025.0 |    0,00 |  1,3 |1566873352426 |[1, 1, 1, 1, 1, 1, 1, 1, 1, 0, 1, 1, 1, 1, 0, 1, 0, 1, 1, 1] |
|13 |   25 |  0.25 | 2500 |     f10 |     879 |  1025.0 |  1019.0 |    0,59 |  1,2 |1566873353720 |[1, 1, 1, 1, 1, 1, 0, 1, 1, 0, 1, 1, 1, 1, 1, 1, 0, 1, 1, 1] |
|14 |   25 |  0.25 | 2500 |     f10 |     879 |  1025.0 |  1019.0 |    0,59 |  1,2 |1566873354935 |[1, 1, 1, 1, 1, 1, 0, 1, 1, 0, 1, 1, 1, 1, 1, 1, 0, 1, 1, 1] |
|15 |   25 |  0.25 | 2500 |     f10 |     879 |  1025.0 |  1025.0 |    0,00 |  1,3 |1566873356169 |[1, 1, 1, 1, 1, 1, 1, 1, 1, 0, 1, 1, 1, 1, 0, 1, 0, 1, 1, 1] |
|16 |   25 |  0.25 | 2500 |     f10 |     879 |  1025.0 |  1019.0 |    0,59 |  1,2 |1566873357461 |[1, 1, 1, 1, 1, 1, 0, 1, 1, 0, 1, 1, 1, 1, 1, 1, 0, 1, 1, 1] |
|17 |   25 |  0.25 | 2500 |     f10 |     879 |  1025.0 |  1025.0 |    0,00 |  1,3 |1566873358682 |[1, 1, 1, 1, 1, 1, 1, 1, 1, 0, 1, 1, 1, 1, 0, 1, 0, 1, 1, 1] |
|18 |   25 |  0.25 | 2500 |     f10 |     879 |  1025.0 |  1019.0 |    0,59 |  1,2 |1566873359966 |[1, 1, 1, 1, 1, 1, 0, 1, 1, 0, 1, 1, 1, 1, 1, 1, 0, 1, 1, 1] |
|19 |   25 |  0.25 | 2500 |     f10 |     879 |  1025.0 |  1019.0 |    0,59 |  1,2 |1566873361187 |[1, 1, 1, 1, 1, 1, 0, 1, 1, 0, 1, 1, 1, 1, 1, 1, 0, 1, 1, 1] |
|20 |   25 |  0.25 | 2500 |     f10 |     879 |  1025.0 |  1019.0 |    0,59 |  1,2 |1566873362402 |[1, 1, 1, 1, 1, 1, 0, 1, 1, 0, 1, 1, 1, 1, 1, 1, 0, 1, 1, 1] |
|21 |   25 |  0.25 | 2500 |     f10 |     879 |  1025.0 |  1019.0 |    0,59 |  1,2 |1566873363634 |[1, 1, 1, 1, 1, 1, 0, 1, 1, 0, 1, 1, 1, 1, 1, 1, 0, 1, 1, 1] |
|22 |   25 |  0.25 | 2500 |     f10 |     879 |  1025.0 |  1019.0 |    0,59 |  1,2 |1566873364851 |[1, 1, 1, 1, 1, 1, 0, 1, 1, 0, 1, 1, 1, 1, 1, 1, 0, 1, 1, 1] |
|23 |   25 |  0.25 | 2500 |     f10 |     879 |  1025.0 |  1019.0 |    0,59 |  1,3 |1566873366066 |[1, 1, 1, 1, 1, 1, 0, 1, 1, 0, 1, 1, 1, 1, 1, 1, 0, 1, 1, 1] |
|24 |   25 |  0.25 | 2500 |     f10 |     879 |  1025.0 |  1025.0 |    0,00 |  1,3 |1566873367323 |[1, 1, 1, 1, 1, 1, 1, 1, 1, 0, 1, 1, 1, 1, 0, 1, 0, 1, 1, 1] |
|25 |   25 |  0.25 | 2500 |     f10 |     879 |  1025.0 |  1019.0 |    0,59 |  1,3 |1566873368616 |[1, 1, 1, 1, 1, 1, 0, 1, 1, 0, 1, 1, 1, 1, 1, 1, 0, 1, 1, 1] |
|26 |   25 |  0.25 | 2500 |     f10 |     879 |  1025.0 |  1019.0 |    0,59 |  1,2 |1566873369866 |[1, 1, 1, 1, 1, 1, 0, 1, 1, 0, 1, 1, 1, 1, 1, 1, 0, 1, 1, 1] |
|27 |   25 |  0.25 | 2500 |     f10 |     879 |  1025.0 |  1019.0 |    0,59 |  1,2 |1566873371104 |[1, 1, 1, 1, 1, 1, 0, 1, 1, 0, 1, 1, 1, 1, 1, 1, 0, 1, 1, 1] |
|28 |   25 |  0.25 | 2500 |     f10 |     879 |  1025.0 |  1019.0 |    0,59 |  1,2 |1566873372323 |[1, 1, 1, 1, 1, 1, 0, 1, 1, 0, 1, 1, 1, 1, 1, 1, 0, 1, 1, 1] |
|29 |   25 |  0.25 | 2500 |     f10 |     879 |  1025.0 |  1019.0 |    0,59 |  1,2 |1566873373549 |[1, 1, 1, 1, 1, 1, 0, 1, 1, 0, 1, 1, 1, 1, 1, 1, 0, 1, 1, 1] |
|30 |   25 |  0.25 | 2500 |     f10 |     879 |  1025.0 |  1025.0 |    0,00 |  1,3 |1566873374778 |[1, 1, 1, 1, 1, 1, 1, 1, 1, 0, 1, 1, 1, 1, 0, 1, 0, 1, 1, 1] |
|31 |   25 |  0.25 | 2500 |     f10 |     879 |  1025.0 |  1019.0 |    0,59 |  1,2 |1566873376065 |[1, 1, 1, 1, 1, 1, 0, 1, 1, 0, 1, 1, 1, 1, 1, 1, 0, 1, 1, 1] |
