| # | Nest | %Desc |#Iter |Instancia | CapMoch |ValOptmo | BestFit |     RDP | time |      semilla |VectorSolucion |
-------------------------------------------------------------------------------------------------
| 1 |   65 |  0.25 | 5000 |      f2 |     878 |  1024.0 |  1018.0 |    0,59 |-1,6e+09 |1592512601813 |[0.06926525, 0.975433, 0.37255287, 0.97356516, 0.5605815, 0.3206079, 0.589458, 0.1922844, 0.35447747, 0.052868545, 0.93080544, 0.31305802, 0.22451878, 0.8930193, 0.58672625, 0.43878102, 0.47009587, 0.1685623, 0.32333028, 0.39002234] |
| 1 |   65 |  0.45 | 5000 |      f2 |     878 |  1024.0 |  1018.0 |    0,59 |-1,6e+09 |1592512601813 |[0.06926525, 0.975433, 0.37255287, 0.97356516, 0.5605815, 0.3206079, 0.589458, 0.1922844, 0.35447747, 0.052868545, 0.93080544, 0.31305802, 0.22451878, 0.8930193, 0.58672625, 0.43878102, 0.47009587, 0.1685623, 0.32333028, 0.39002234] |
| 1 |   65 |0.32307693 | 5000 |      f2 |     878 |  1024.0 |  1018.0 |    0,59 |-1,6e+09 |1592512601813 |[0.16091114, 0.04434061, 0.13928735, 0.17389184, 0.9768658, 0.36543405, 0.0020947456, 0.3407055, 0.09318024, 0.77492815, 0.41637576, 0.3307008, 0.62475663, 0.33169264, 0.49359548, 0.09975612, 0.22455245, 0.55185646, 0.37586445, 0.95256346] |
| 1 |   65 |0.30769232 | 5000 |      f2 |     878 |  1024.0 |  1018.0 |    0,59 |-1,6e+09 |1592512601813 |[0.34272444, 0.79900193, 0.9941295, 0.7652142, 0.53439116, 0.6761334, 0.009346962, 0.8064139, 0.93730634, 0.0648334, 0.10940105, 0.13666397, 0.86689115, 0.77868813, 0.30716026, 0.6536744, 0.3269003, 0.24691826, 0.17056453, 0.68755347] |
| 2 |   65 |0.33333334 | 5000 |      f2 |     878 |  1024.0 |  1018.0 |    0,59 |-0,0010 |1592512612806 |[0.022361338, 0.87221956, 0.3411551, 0.7301442, 0.53346115, 0.6221425, 0.8923772, 0.33956778, 0.6741865, 0.27918202, 0.14660656, 0.4053623, 0.6144596, 0.25648326, 0.22195685, 0.12830645, 0.59218305, 0.8479775, 0.32418233, 0.27149385] |
| 2 |   65 |  0.45 | 5000 |      f2 |     878 |  1024.0 |  1018.0 |    0,59 |-0,0010 |1592512612806 |[0.022361338, 0.87221956, 0.3411551, 0.7301442, 0.53346115, 0.6221425, 0.8923772, 0.33956778, 0.6741865, 0.27918202, 0.14660656, 0.4053623, 0.6144596, 0.25648326, 0.22195685, 0.12830645, 0.59218305, 0.8479775, 0.32418233, 0.27149385] |
| 2 |   65 |   0.4 | 5000 |      f2 |     878 |  1024.0 |  1018.0 |    0,59 |-0,0010 |1592512612806 |[0.022361338, 0.87221956, 0.3411551, 0.7301442, 0.53346115, 0.6221425, 0.8923772, 0.33956778, 0.6741865, 0.27918202, 0.14660656, 0.4053623, 0.6144596, 0.25648326, 0.22195685, 0.12830645, 0.59218305, 0.8479775, 0.32418233, 0.27149385] |
| 2 |   65 |0.36923078 | 5000 |      f2 |     878 |  1024.0 |  1018.0 |    0,59 |-0,0010 |1592512612806 |[0.022361338, 0.87221956, 0.3411551, 0.7301442, 0.53346115, 0.6221425, 0.8923772, 0.33956778, 0.6741865, 0.27918202, 0.14660656, 0.4053623, 0.6144596, 0.25648326, 0.22195685, 0.12830645, 0.59218305, 0.8479775, 0.32418233, 0.27149385] |
| 3 |   65 |0.26666668 | 5000 |      f2 |     878 |  1024.0 |  1018.0 |    0,59 |  0,0 |1592512623831 |[0.15906316, 0.92142004, 0.95717037, 0.17595404, 0.08956444, 0.91747105, 0.009857118, 0.5826021, 0.68477476, 0.81711566, 0.8424123, 0.61822206, 0.0079600215, 0.47364378, 0.04443127, 0.15756708, 0.7363652, 0.73010635, 0.15792376, 0.19577503] |
| 3 |   65 |  0.45 | 5000 |      f2 |     878 |  1024.0 |  1018.0 |    0,59 |  0,0 |1592512623831 |[0.15906316, 0.92142004, 0.95717037, 0.17595404, 0.08956444, 0.91747105, 0.009857118, 0.5826021, 0.68477476, 0.81711566, 0.8424123, 0.61822206, 0.0079600215, 0.47364378, 0.04443127, 0.15756708, 0.7363652, 0.73010635, 0.15792376, 0.19577503] |
| 3 |   65 |0.43076923 | 5000 |      f2 |     878 |  1024.0 |  1018.0 |    0,59 |  0,0 |1592512623831 |[0.15906316, 0.92142004, 0.95717037, 0.17595404, 0.08956444, 0.91747105, 0.009857118, 0.5826021, 0.68477476, 0.81711566, 0.8424123, 0.61822206, 0.0079600215, 0.47364378, 0.04443127, 0.15756708, 0.7363652, 0.73010635, 0.15792376, 0.19577503] |
| 3 |   65 |0.41538462 | 5000 |      f2 |     878 |  1024.0 |  1018.0 |    0,59 |  0,0 |1592512623831 |[0.15906316, 0.92142004, 0.95717037, 0.17595404, 0.08956444, 0.91747105, 0.009857118, 0.5826021, 0.68477476, 0.81711566, 0.8424123, 0.61822206, 0.0079600215, 0.47364378, 0.04443127, 0.15756708, 0.7363652, 0.73010635, 0.15792376, 0.19577503] |
| 4 |   65 |0.36666667 | 5000 |      f2 |     878 |  1024.0 |  1018.0 |    0,59 |-0,0010 |1592512634806 |[0.31004125, 0.60892224, 0.19616312, 0.8878175, 0.97202283, 0.33029616, 0.20702112, 0.47471535, 0.40978616, 0.003834784, 0.33497202, 0.33732098, 0.31641465, 0.17114514, 0.721172, 0.69602394, 0.7511932, 0.31539845, 0.26618576, 0.33337516] |
| 4 |   65 |  0.45 | 5000 |      f2 |     878 |  1024.0 |  1018.0 |    0,59 |-0,0010 |1592512634806 |[0.31004125, 0.60892224, 0.19616312, 0.8878175, 0.97202283, 0.33029616, 0.20702112, 0.47471535, 0.40978616, 0.003834784, 0.33497202, 0.33732098, 0.31641465, 0.17114514, 0.721172, 0.69602394, 0.7511932, 0.31539845, 0.26618576, 0.33337516] |
| 4 |   65 |   0.4 | 5000 |      f2 |     878 |  1024.0 |  1018.0 |    0,59 |-0,0010 |1592512634806 |[0.31004125, 0.60892224, 0.19616312, 0.8878175, 0.97202283, 0.33029616, 0.20702112, 0.47471535, 0.40978616, 0.003834784, 0.33497202, 0.33732098, 0.31641465, 0.17114514, 0.721172, 0.69602394, 0.7511932, 0.31539845, 0.26618576, 0.33337516] |
| 4 |   65 |0.44615385 | 5000 |      f2 |     878 |  1024.0 |  1018.0 |    0,59 |-0,0010 |1592512634806 |[0.31004125, 0.60892224, 0.19616312, 0.8878175, 0.97202283, 0.33029616, 0.20702112, 0.47471535, 0.40978616, 0.003834784, 0.33497202, 0.33732098, 0.31641465, 0.17114514, 0.721172, 0.69602394, 0.7511932, 0.31539845, 0.26618576, 0.33337516] |
| 5 |   65 |0.36666667 | 5000 |      f2 |     878 |  1024.0 |  1018.0 |    0,59 |  0,0 |1592512645707 |[0.5290932, 0.36604613, 0.5248286, 0.27099514, 0.5110318, 0.5950347, 0.6611959, 0.98626006, 0.05010122, 0.9348285, 0.9753337, 0.3062349, 0.70743096, 0.68501407, 0.11663759, 0.35748255, 0.4798882, 0.44693726, 0.13949853, 0.9403687] |
| 5 |   65 |  0.45 | 5000 |      f2 |     878 |  1024.0 |  1018.0 |    0,59 |  0,0 |1592512645707 |[0.5290932, 0.36604613, 0.5248286, 0.27099514, 0.5110318, 0.5950347, 0.6611959, 0.98626006, 0.05010122, 0.9348285, 0.9753337, 0.3062349, 0.70743096, 0.68501407, 0.11663759, 0.35748255, 0.4798882, 0.44693726, 0.13949853, 0.9403687] |
| 5 |   65 |0.35384616 | 5000 |      f2 |     878 |  1024.0 |  1018.0 |    0,59 |  0,0 |1592512645707 |[0.5290932, 0.36604613, 0.5248286, 0.27099514, 0.5110318, 0.5950347, 0.6611959, 0.98626006, 0.05010122, 0.9348285, 0.9753337, 0.3062349, 0.70743096, 0.68501407, 0.11663759, 0.35748255, 0.4798882, 0.44693726, 0.13949853, 0.9403687] |
| 5 |   65 |   0.4 | 5000 |      f2 |     878 |  1024.0 |  1018.0 |    0,59 |  0,0 |1592512645707 |[0.5290932, 0.36604613, 0.5248286, 0.27099514, 0.5110318, 0.5950347, 0.6611959, 0.98626006, 0.05010122, 0.9348285, 0.9753337, 0.3062349, 0.70743096, 0.68501407, 0.11663759, 0.35748255, 0.4798882, 0.44693726, 0.13949853, 0.9403687] |
| 6 |   65 |   0.3 | 5000 |      f2 |     878 |  1024.0 |  1018.0 |    0,59 |  0,0 |1592512656591 |[0.508331, 0.8567707, 0.42745513, 0.7230746, 0.5253244, 0.30678755, 0.95418566, 0.33767742, 0.77935064, 0.88114244, 0.29410934, 0.40699166, 0.971285, 0.1701464, 0.28998506, 0.32664537, 0.034865916, 0.3469994, 0.7476859, 0.41722578] |
| 6 |   65 |  0.45 | 5000 |      f2 |     878 |  1024.0 |  1018.0 |    0,59 |  0,0 |1592512656591 |[0.508331, 0.8567707, 0.42745513, 0.7230746, 0.5253244, 0.30678755, 0.95418566, 0.33767742, 0.77935064, 0.88114244, 0.29410934, 0.40699166, 0.971285, 0.1701464, 0.28998506, 0.32664537, 0.034865916, 0.3469994, 0.7476859, 0.41722578] |
| 6 |   65 |0.32307693 | 5000 |      f2 |     878 |  1024.0 |  1018.0 |    0,59 |  0,0 |1592512656591 |[0.2858411, 0.82407576, 0.340025, 0.94757706, 0.16416615, 0.08207947, 0.31667858, 0.19232517, 0.52812797, 0.6608372, 0.12565213, 0.97150725, 0.5697939, 0.8749632, 0.3841821, 0.68319756, 0.44895518, 0.22499537, 0.6621422, 0.603964] |
| 6 |   65 |0.3846154 | 5000 |      f2 |     878 |  1024.0 |  1018.0 |    0,59 |  0,0 |1592512656591 |[0.69132966, 0.2647403, 0.91458905, 0.22023726, 0.36210418, 0.16487938, 0.25628322, 0.35660118, 0.19190699, 0.59864455, 0.9982926, 0.5729315, 0.4752102, 0.9387238, 0.17992002, 0.6201414, 0.6503151, 0.31358194, 0.46402925, 0.5010124] |
| 7 |   65 |0.28333333 | 5000 |      f2 |     878 |  1024.0 |  1018.0 |    0,59 |  0,0 |1592512667514 |[0.95631576, 0.76912457, 0.63740987, 0.012592316, 0.4479658, 0.75506335, 0.967454, 0.88041335, 0.11812079, 0.64365745, 0.5488372, 0.24520326, 0.5810412, 0.9440738, 0.35428154, 0.77835757, 0.78252524, 0.90689063, 0.5638566, 0.9648872] |
| 7 |   65 |  0.45 | 5000 |      f2 |     878 |  1024.0 |  1018.0 |    0,59 |  0,0 |1592512667514 |[0.95631576, 0.76912457, 0.63740987, 0.012592316, 0.4479658, 0.75506335, 0.967454, 0.88041335, 0.11812079, 0.64365745, 0.5488372, 0.24520326, 0.5810412, 0.9440738, 0.35428154, 0.77835757, 0.78252524, 0.90689063, 0.5638566, 0.9648872] |
| 7 |   65 |0.36923078 | 5000 |      f2 |     878 |  1024.0 |  1018.0 |    0,59 |  0,0 |1592512667514 |[0.95631576, 0.76912457, 0.63740987, 0.012592316, 0.4479658, 0.75506335, 0.967454, 0.88041335, 0.11812079, 0.64365745, 0.5488372, 0.24520326, 0.5810412, 0.9440738, 0.35428154, 0.77835757, 0.78252524, 0.90689063, 0.5638566, 0.9648872] |
| 7 |   65 |0.2769231 | 5000 |      f2 |     878 |  1024.0 |  1018.0 |    0,59 |  0,0 |1592512667514 |[0.95631576, 0.76912457, 0.63740987, 0.012592316, 0.4479658, 0.75506335, 0.967454, 0.88041335, 0.11812079, 0.64365745, 0.5488372, 0.24520326, 0.5810412, 0.9440738, 0.35428154, 0.77835757, 0.78252524, 0.90689063, 0.5638566, 0.9648872] |
| 8 |   65 |  0.35 | 5000 |      f2 |     878 |  1024.0 |  1018.0 |    0,59 |  0,0 |1592512678382 |[0.35668874, 0.5315623, 0.27443528, 0.44795257, 0.5794362, 0.14356178, 0.6594946, 0.17104793, 0.39255565, 0.43224794, 0.02405256, 0.260382, 0.24104607, 0.53912926, 0.45077002, 0.24374866, 0.4562335, 0.24904221, 0.6883356, 0.109648466] |
| 8 |   65 |  0.45 | 5000 |      f2 |     878 |  1024.0 |  1018.0 |    0,59 |  0,0 |1592512678382 |[0.35668874, 0.5315623, 0.27443528, 0.44795257, 0.5794362, 0.14356178, 0.6594946, 0.17104793, 0.39255565, 0.43224794, 0.02405256, 0.260382, 0.24104607, 0.53912926, 0.45077002, 0.24374866, 0.4562335, 0.24904221, 0.6883356, 0.109648466] |
| 8 |   65 |0.33846155 | 5000 |      f2 |     878 |  1024.0 |  1018.0 |    0,59 |  0,0 |1592512678382 |[0.35668874, 0.5315623, 0.27443528, 0.44795257, 0.5794362, 0.14356178, 0.6594946, 0.17104793, 0.39255565, 0.43224794, 0.02405256, 0.260382, 0.24104607, 0.53912926, 0.45077002, 0.24374866, 0.4562335, 0.24904221, 0.6883356, 0.109648466] |
| 8 |   65 |0.3846154 | 5000 |      f2 |     878 |  1024.0 |  1018.0 |    0,59 |  0,0 |1592512678382 |[0.35668874, 0.5315623, 0.27443528, 0.44795257, 0.5794362, 0.14356178, 0.6594946, 0.17104793, 0.39255565, 0.43224794, 0.02405256, 0.260382, 0.24104607, 0.53912926, 0.45077002, 0.24374866, 0.4562335, 0.24904221, 0.6883356, 0.109648466] |
| 9 |   65 |  0.35 | 5000 |      f2 |     878 |  1024.0 |  1018.0 |    0,59 |  0,0 |1592512689256 |[0.69253314, 0.6164559, 0.9846311, 0.6338718, 0.21079713, 0.97505623, 0.91587365, 0.8133988, 0.45082462, 0.2555151, 0.7594673, 0.6531339, 0.5915641, 0.9513663, 0.71396935, 0.15648067, 0.59394217, 0.80061334, 0.8044695, 0.0804742] |
| 9 |   65 |  0.45 | 5000 |      f2 |     878 |  1024.0 |  1018.0 |    0,59 |  0,0 |1592512689256 |[0.8937331, 0.42891216, 0.49613613, 0.8540666, 0.22910058, 0.7340486, 0.18916231, 0.5615691, 0.5865066, 0.6725094, 0.057004273, 0.031583965, 0.4669212, 0.33227164, 0.2951098, 0.6000124, 0.07319337, 0.6486154, 0.25197792, 0.12703055] |
| 9 |   65 |0.35384616 | 5000 |      f2 |     878 |  1024.0 |  1018.0 |    0,59 |  0,0 |1592512689256 |[0.8937331, 0.42891216, 0.49613613, 0.8540666, 0.22910058, 0.7340486, 0.18916231, 0.5615691, 0.5865066, 0.6725094, 0.057004273, 0.031583965, 0.4669212, 0.33227164, 0.2951098, 0.6000124, 0.07319337, 0.6486154, 0.25197792, 0.12703055] |
| 9 |   65 |0.33846155 | 5000 |      f2 |     878 |  1024.0 |  1018.0 |    0,59 |  0,0 |1592512689256 |[0.8937331, 0.42891216, 0.49613613, 0.8540666, 0.22910058, 0.7340486, 0.18916231, 0.5615691, 0.5865066, 0.6725094, 0.057004273, 0.031583965, 0.4669212, 0.33227164, 0.2951098, 0.6000124, 0.07319337, 0.6486154, 0.25197792, 0.12703055] |
|10 |   65 |0.43333334 | 5000 |      f2 |     878 |  1024.0 |  1018.0 |    0,59 |  0,0 |1592512700307 |[0.8294509, 0.94587886, 0.9563471, 0.6111639, 0.55212164, 0.5442078, 0.75136626, 0.26786196, 0.6268264, 0.49487084, 0.7101422, 0.99630195, 0.79290146, 0.14288348, 0.48967218, 0.5626207, 0.87409127, 0.30765378, 0.3446173, 0.68009436] |
|10 |   65 |  0.45 | 5000 |      f2 |     878 |  1024.0 |  1018.0 |    0,59 |  0,0 |1592512700307 |[0.8294509, 0.94587886, 0.9563471, 0.6111639, 0.55212164, 0.5442078, 0.75136626, 0.26786196, 0.6268264, 0.49487084, 0.7101422, 0.99630195, 0.79290146, 0.14288348, 0.48967218, 0.5626207, 0.87409127, 0.30765378, 0.3446173, 0.68009436] |
|10 |   65 |  0.45 | 5000 |      f2 |     878 |  1024.0 |  1018.0 |    0,59 |  0,0 |1592512700307 |[0.8294509, 0.94587886, 0.9563471, 0.6111639, 0.55212164, 0.5442078, 0.75136626, 0.26786196, 0.6268264, 0.49487084, 0.7101422, 0.99630195, 0.79290146, 0.14288348, 0.48967218, 0.5626207, 0.87409127, 0.30765378, 0.3446173, 0.68009436] |
|10 |   65 |0.3846154 | 5000 |      f2 |     878 |  1024.0 |  1018.0 |    0,59 |  0,0 |1592512700307 |[0.8294509, 0.94587886, 0.9563471, 0.6111639, 0.55212164, 0.5442078, 0.75136626, 0.26786196, 0.6268264, 0.49487084, 0.7101422, 0.99630195, 0.79290146, 0.14288348, 0.48967218, 0.5626207, 0.87409127, 0.30765378, 0.3446173, 0.68009436] |
|11 |   65 |0.43333334 | 5000 |      f2 |     878 |  1024.0 |  1018.0 |    0,59 |  0,0 |1592512711214 |[0.39239538, 0.9159947, 0.47615284, 0.19785511, 0.51781905, 0.8072821, 0.8152627, 0.0536139, 0.53652954, 0.36390013, 0.062440515, 0.6720852, 0.886518, 0.18647242, 0.44093102, 0.5127144, 0.9280806, 0.9745105, 0.72618294, 0.988985] |
|11 |   65 |  0.45 | 5000 |      f2 |     878 |  1024.0 |  1018.0 |    0,59 |  0,0 |1592512711214 |[0.39239538, 0.9159947, 0.47615284, 0.19785511, 0.51781905, 0.8072821, 0.8152627, 0.0536139, 0.53652954, 0.36390013, 0.062440515, 0.6720852, 0.886518, 0.18647242, 0.44093102, 0.5127144, 0.9280806, 0.9745105, 0.72618294, 0.988985] |
|11 |   65 |0.3846154 | 5000 |      f2 |     878 |  1024.0 |  1018.0 |    0,59 |  0,0 |1592512711214 |[0.39239538, 0.9159947, 0.47615284, 0.19785511, 0.51781905, 0.8072821, 0.8152627, 0.0536139, 0.53652954, 0.36390013, 0.062440515, 0.6720852, 0.886518, 0.18647242, 0.44093102, 0.5127144, 0.9280806, 0.9745105, 0.72618294, 0.988985] |
|11 |   65 |0.2923077 | 5000 |      f2 |     878 |  1024.0 |  1018.0 |    0,59 |  0,0 |1592512711214 |[0.39239538, 0.9159947, 0.47615284, 0.19785511, 0.51781905, 0.8072821, 0.8152627, 0.0536139, 0.53652954, 0.36390013, 0.062440515, 0.6720852, 0.886518, 0.18647242, 0.44093102, 0.5127144, 0.9280806, 0.9745105, 0.72618294, 0.988985] |
|12 |   65 |0.33333334 | 5000 |      f2 |     878 |  1024.0 |  1018.0 |    0,59 |  0,0 |1592512722111 |[0.66745085, 0.47490662, 0.45695227, 0.94343233, 0.9813177, 0.3194304, 0.4272697, 0.22479999, 0.8085384, 0.41564518, 0.31919783, 0.6102828, 0.9332782, 0.85238254, 0.9503594, 0.90064776, 0.49455243, 0.17713684, 0.46795583, 0.35025656] |
|12 |   65 |  0.45 | 5000 |      f2 |     878 |  1024.0 |  1018.0 |    0,59 |  0,0 |1592512722111 |[0.66745085, 0.47490662, 0.45695227, 0.94343233, 0.9813177, 0.3194304, 0.4272697, 0.22479999, 0.8085384, 0.41564518, 0.31919783, 0.6102828, 0.9332782, 0.85238254, 0.9503594, 0.90064776, 0.49455243, 0.17713684, 0.46795583, 0.35025656] |
|12 |   65 |0.30769232 | 5000 |      f2 |     878 |  1024.0 |  1018.0 |    0,59 |  0,0 |1592512722111 |[0.66745085, 0.47490662, 0.45695227, 0.94343233, 0.9813177, 0.3194304, 0.4272697, 0.22479999, 0.8085384, 0.41564518, 0.31919783, 0.6102828, 0.9332782, 0.85238254, 0.9503594, 0.90064776, 0.49455243, 0.17713684, 0.46795583, 0.35025656] |
|12 |   65 |0.2923077 | 5000 |      f2 |     878 |  1024.0 |  1018.0 |    0,59 |  0,0 |1592512722111 |[0.66745085, 0.47490662, 0.45695227, 0.94343233, 0.9813177, 0.3194304, 0.4272697, 0.22479999, 0.8085384, 0.41564518, 0.31919783, 0.6102828, 0.9332782, 0.85238254, 0.9503594, 0.90064776, 0.49455243, 0.17713684, 0.46795583, 0.35025656] |
