| # | Nest | %Desc |#Iter |Instancia | CapMoch |ValOptmo | BestFit |     RDP | time |      semilla |VectorSolucion |
-------------------------------------------------------------------------------------------------
| 1 |   25 |  0.25 | 2500 |      f3 |      20 |    35.0 |    35.0 |    0,00 |  0,0 |1592497307538 |[0.7986075, 0.07755607, 0.80933136, 0.49131948] |
| 2 |   25 |  0.25 | 2500 |      f3 |      20 |    35.0 |    35.0 |    0,00 |  0,0 |1592497307540 |[0.45008308, 0.20102477, 0.775178, 0.2568251] |
| 3 |   25 |  0.25 | 2500 |      f3 |      20 |    35.0 |    35.0 |    0,00 |  0,0 |1592497307546 |[0.6465994, 0.057013273, 0.8748591, 0.2645949] |
| 4 |   25 |  0.25 | 2500 |      f3 |      20 |    35.0 |    35.0 |    0,00 |  0,0 |1592497307547 |[0.05555111, 0.6150575, 0.060330093, 0.8896586] |
| 5 |   25 |  0.25 | 2500 |      f3 |      20 |    35.0 |    35.0 |    0,00 |  0,0 |1592497307549 |[0.63027763, 0.6687124, 0.52642715, 0.36335152] |
| 6 |   25 |  0.25 | 2500 |      f3 |      20 |    35.0 |    35.0 |    0,00 |  0,0 |1592497307551 |[0.94457215, 0.94828194, 0.48189723, 0.27792406] |
| 7 |   25 |  0.25 | 2500 |      f3 |      20 |    35.0 |    35.0 |    0,00 |  0,0 |1592497307552 |[0.08572316, 0.29359853, 0.40254992, 0.4062261] |
| 8 |   25 |  0.25 | 2500 |      f3 |      20 |    35.0 |    35.0 |    0,00 |  0,0 |1592497307553 |[0.7706922, 0.3087927, 0.54263437, 0.16319132] |
| 9 |   25 |  0.25 | 2500 |      f3 |      20 |    35.0 |    35.0 |    0,00 |0,0010 |1592497307554 |[0.2233122, 0.51711476, 0.27803695, 0.23006165] |
|10 |   25 |  0.25 | 2500 |      f3 |      20 |    35.0 |    35.0 |    0,00 |  0,0 |1592497307556 |[0.021992624, 0.6780363, 0.68272316, 0.7570494] |
|11 |   25 |  0.25 | 2500 |      f3 |      20 |    35.0 |    35.0 |    0,00 |  0,0 |1592497307557 |[0.92534655, 0.84314966, 0.4056716, 0.90906674] |
|12 |   25 |  0.25 | 2500 |      f3 |      20 |    35.0 |    35.0 |    0,00 |  0,0 |1592497307558 |[0.3436895, 0.63842237, 0.49301857, 0.15420777] |
|13 |   25 |  0.25 | 2500 |      f3 |      20 |    35.0 |    35.0 |    0,00 |  0,0 |1592497307559 |[0.040140927, 0.42644417, 0.91157615, 0.8219568] |
|14 |   25 |  0.25 | 2500 |      f3 |      20 |    35.0 |    35.0 |    0,00 |  0,0 |1592497307561 |[0.042227387, 0.37977773, 0.06491798, 0.91435635] |
|15 |   25 |  0.25 | 2500 |      f3 |      20 |    35.0 |    35.0 |    0,00 |  0,0 |1592497307562 |[0.48771352, 0.44223052, 0.834387, 0.6089897] |
