| # | Nest | %Desc |#Iter |Instancia | CapMoch |ValOptmo | BestFit |     RDP | time |      semilla |VectorSolucion |
-------------------------------------------------------------------------------------------------
| 1 |   25 |  0.25 | 2500 |      f3 |      20 |    35.0 |    35.0 |    0,00 |  0,0 |1592497232250 |[0.29432994, 0.44599068, 0.21117431, 0.67898685] |
| 2 |   25 |  0.25 | 2500 |      f3 |      20 |    35.0 |    35.0 |    0,00 |  0,0 |1592497232252 |[0.15080649, 0.73198134, 0.8964299, 0.61837757] |
| 3 |   25 |  0.25 | 2500 |      f3 |      20 |    35.0 |    35.0 |    0,00 |0,0010 |1592497232255 |[0.22384238, 0.98741955, 0.36976945, 0.8233647] |
| 4 |   25 |  0.25 | 2500 |      f3 |      20 |    35.0 |    35.0 |    0,00 |  0,0 |1592497232258 |[0.7494705, 0.92773205, 0.04187548, 0.6020006] |
| 5 |   25 |  0.25 | 2500 |      f3 |      20 |    35.0 |    35.0 |    0,00 |  0,0 |1592497232260 |[0.35163313, 0.9743317, 0.53992784, 0.81516224] |
| 6 |   25 |  0.25 | 2500 |      f3 |      20 |    35.0 |    35.0 |    0,00 |  0,0 |1592497232262 |[0.6757179, 0.6285661, 0.41137248, 0.26048255] |
| 7 |   25 |  0.25 | 2500 |      f3 |      20 |    35.0 |    35.0 |    0,00 |0,0010 |1592497232263 |[0.3771348, 0.7631973, 0.9139114, 0.21768379] |
| 8 |   25 |  0.25 | 2500 |      f3 |      20 |    35.0 |    35.0 |    0,00 |  0,0 |1592497232265 |[0.3602872, 0.8416156, 0.050269663, 0.22425944] |
| 9 |   25 |  0.25 | 2500 |      f3 |      20 |    35.0 |    35.0 |    0,00 |  0,0 |1592497232267 |[0.007104039, 0.26694912, 0.03284514, 0.8569353] |
|10 |   25 |  0.25 | 2500 |      f3 |      20 |    35.0 |    35.0 |    0,00 |  0,0 |1592497232268 |[0.6348524, 0.99845177, 0.48443717, 0.9548363] |
|11 |   25 |  0.25 | 2500 |      f3 |      20 |    35.0 |    35.0 |    0,00 |0,0010 |1592497232269 |[0.0067788363, 0.57849985, 0.92704314, 0.21010768] |
|12 |   25 |  0.25 | 2500 |      f3 |      20 |    35.0 |    35.0 |    0,00 |  0,0 |1592497232271 |[0.70162237, 0.9873526, 0.13417357, 0.04115361] |
|13 |   25 |  0.25 | 2500 |      f3 |      20 |    35.0 |    35.0 |    0,00 |  0,0 |1592497232272 |[0.46456325, 0.57581717, 0.23965424, 0.76257503] |
|14 |   25 |  0.25 | 2500 |      f3 |      20 |    35.0 |    35.0 |    0,00 |  0,0 |1592497232274 |[0.116803944, 0.18063468, 0.6742268, 0.86814517] |
|15 |   25 |  0.25 | 2500 |      f3 |      20 |    35.0 |    35.0 |    0,00 |  0,0 |1592497232275 |[0.36869317, 0.96516925, 0.87513083, 0.17220473] |
