| # | Nest | %Desc |#Iter |Instancia | CapMoch |ValOptmo | BestFit |     RDP | time |      semilla |VectorSolucion |
-------------------------------------------------------------------------------------------------
| 1 |   25 |  0.25 | 2500 |      f6 |      60 |    52.0 |    52.0 |    0,00 |-1,6e+09 |1592499813434 |[0.32020748, 0.4901656, 0.7216138, 0.99361223, 0.35879123, 0.072037876, 0.4101746, 0.68472165, 0.3275959, 0.8946679] |
| 2 |   25 |  0.25 | 2500 |      f6 |      60 |    52.0 |    52.0 |    0,00 |-0,0010 |1592499813436 |[0.40323687, 0.7760513, 0.112864494, 0.9404534, 0.7576063, 0.45536083, 0.22887027, 0.9649908, 0.4185878, 0.4914537] |
| 3 |   25 |  0.25 | 2500 |      f6 |      60 |    52.0 |    52.0 |    0,00 |  0,0 |1592499813437 |[0.30873364, 0.07110232, 0.5185561, 0.628579, 0.35871434, 0.8817656, 0.7902577, 0.22803289, 0.052378714, 0.2608099] |
| 4 |   25 |  0.25 | 2500 |      f6 |      60 |    52.0 |    52.0 |    0,00 |-0,0010 |1592499813438 |[0.5875177, 0.8142324, 0.488037, 0.1923461, 0.5154557, 0.86904985, 0.95129603, 0.30380708, 0.9394926, 0.86437494] |
| 5 |   25 |  0.25 | 2500 |      f6 |      60 |    52.0 |    52.0 |    0,00 |  0,0 |1592499813438 |[0.86119056, 0.74507904, 0.6702288, 0.49156463, 0.6408485, 0.17235988, 0.16562426, 0.43188977, 0.44653314, 0.0714491] |
| 6 |   25 |  0.25 | 2500 |      f6 |      60 |    52.0 |    52.0 |    0,00 |  0,0 |1592499813439 |[0.0536927, 0.6099479, 0.9584518, 0.5769041, 0.7199367, 0.84109604, 0.46212125, 0.7536191, 0.0015289187, 0.2664696] |
| 7 |   25 |  0.25 | 2500 |      f6 |      60 |    52.0 |    52.0 |    0,00 |  0,0 |1592499813440 |[0.8697052, 0.6463277, 0.21525109, 0.5247711, 0.18520385, 0.023893416, 0.121376395, 0.61834824, 0.89820665, 0.9280993] |
| 8 |   25 |  0.25 | 2500 |      f6 |      60 |    52.0 |    52.0 |    0,00 |  0,0 |1592499813441 |[0.4768619, 0.69269305, 0.79004997, 0.9778722, 0.88375115, 0.90425885, 0.6991941, 0.41854215, 0.5423881, 0.441823] |
| 9 |   25 |  0.25 | 2500 |      f6 |      60 |    52.0 |    52.0 |    0,00 |  0,0 |1592499813442 |[0.31917137, 0.23080236, 0.87961566, 0.13974667, 0.7966944, 0.748571, 0.023409188, 0.8788233, 0.12388092, 0.6763891] |
|10 |   25 |  0.25 | 2500 |      f6 |      60 |    52.0 |    52.0 |    0,00 |  0,0 |1592499813443 |[0.4250161, 0.2670685, 0.92889374, 0.25313306, 0.14345717, 0.4993862, 0.60772574, 0.5996724, 0.9615636, 0.929617] |
|11 |   25 |  0.25 | 2500 |      f6 |      60 |    52.0 |    52.0 |    0,00 |  0,0 |1592499813444 |[0.7079561, 0.7972934, 0.5947832, 0.54606086, 0.5925401, 0.8139736, 0.9239744, 0.67464584, 0.84729815, 0.92385095] |
|12 |   25 |  0.25 | 2500 |      f6 |      60 |    52.0 |    52.0 |    0,00 |  0,0 |1592499813445 |[0.82831526, 0.63946587, 0.54625595, 0.25392228, 0.6119391, 0.78435236, 0.2747398, 0.8288462, 0.31145346, 0.75988466] |
|13 |   25 |  0.25 | 2500 |      f6 |      60 |    52.0 |    52.0 |    0,00 |  0,0 |1592499813446 |[0.1897428, 0.66306067, 0.705078, 0.14320517, 0.4992785, 0.033902824, 0.046593904, 0.6698353, 0.020900428, 0.46644163] |
|14 |   25 |  0.25 | 2500 |      f6 |      60 |    52.0 |    52.0 |    0,00 |-0,0010 |1592499813447 |[0.5401655, 0.7934296, 0.84314835, 0.1915021, 0.49908525, 0.7552909, 0.29450893, 0.68199444, 0.2903111, 0.052401364] |
|15 |   25 |  0.25 | 2500 |      f6 |      60 |    52.0 |    52.0 |    0,00 |  0,0 |1592499813448 |[0.1428752, 0.15120673, 0.5120278, 0.26863033, 0.78354746, 0.071700454, 0.3149588, 0.68726367, 0.39571232, 0.46502036] |
