| # | Nest | %Desc |#Iter |Instancia | CapMoch |ValOptmo | BestFit |     RDP | time |      semilla |VectorSolucion |
-------------------------------------------------------------------------------------------------
| 1 |   25 |  0.25 | 2500 |      f2 |     878 |  1024.0 |  1018.0 |    0,59 |-1,6e+09 |1592499756141 |[0.15090144, 0.32726353, 0.2106927, 0.7815925, 0.19729877, 0.09644413, 0.7534205, 0.554141, 0.6784364, 0.17439824, 0.122455776, 0.18714547, 0.2658729, 0.79279643, 0.09478986, 0.7167209, 0.973872, 0.14440542, 0.47814393, 0.46178365] |
| 2 |   25 |  0.25 | 2500 |      f2 |     878 |  1024.0 |  1018.0 |    0,59 |-0,0010 |1592499758381 |[0.71131694, 0.8614097, 0.14794546, 0.9212024, 0.02127111, 0.5142924, 0.8224177, 0.36761802, 0.9854331, 0.0031677485, 0.044160903, 0.26862746, 0.44971037, 0.6942397, 0.7282478, 0.08212513, 0.09290153, 0.09380323, 0.26070982, 0.59279674] |
| 3 |   25 |  0.25 | 2500 |      f2 |     878 |  1024.0 |  1018.0 |    0,59 |  0,0 |1592499760659 |[0.4111932, 0.38269275, 0.97416747, 0.62174386, 0.79507977, 0.50747144, 0.70391446, 0.63851774, 0.1372391, 0.14956176, 0.41033268, 0.47467196, 0.5807669, 0.31118757, 0.6453079, 0.53838545, 0.6305121, 0.5524891, 0.4197507, 0.0366261] |
| 4 |   25 |  0.25 | 2500 |      f2 |     878 |  1024.0 |  1018.0 |    0,59 |  0,0 |1592499762891 |[0.49460858, 0.1411668, 0.7469782, 0.9816087, 0.82174677, 0.68634766, 0.27850902, 0.052593708, 0.42012507, 0.9468857, 0.20500267, 0.38543677, 0.33987045, 0.3251326, 0.941007, 0.8521349, 0.8919227, 0.21395713, 0.9273836, 0.98760355] |
| 5 |   25 |  0.25 | 2500 |      f2 |     878 |  1024.0 |  1018.0 |    0,59 |-0,0010 |1592499765116 |[0.1672867, 0.192025, 0.26608944, 0.03412646, 0.05769217, 0.46142846, 0.74241984, 0.93184084, 0.16199118, 0.5363158, 0.86468774, 0.15601498, 0.17247361, 0.70834213, 0.066123545, 0.6896992, 0.5646751, 0.6080595, 0.08771372, 0.39847398] |
| 6 |   25 |  0.25 | 2500 |      f2 |     878 |  1024.0 |  1018.0 |    0,59 |  0,0 |1592499767351 |[0.9606218, 0.9893945, 0.7542764, 0.6906467, 0.6990446, 0.8599473, 0.9180912, 0.9319448, 0.5138949, 0.34523588, 0.05041164, 0.10057765, 0.5397073, 0.14498514, 0.16555959, 0.2782287, 0.7703773, 0.3493929, 0.21083677, 0.21542317] |
| 7 |   25 |  0.25 | 2500 |      f2 |     878 |  1024.0 |  1018.0 |    0,59 |-0,0010 |1592499769571 |[0.23134512, 0.084052086, 0.534106, 0.42329293, 0.0689854, 0.39844978, 0.083447516, 0.30899245, 0.58597386, 0.86909765, 0.3612926, 0.12617546, 0.3627907, 0.25594503, 0.3752852, 0.07375795, 0.085434854, 0.8970525, 0.9602472, 0.9093717] |
| 8 |   25 |  0.25 | 2500 |      f2 |     878 |  1024.0 |  1018.0 |    0,59 |  0,0 |1592499771795 |[0.76489955, 0.8325147, 0.09136844, 0.9567623, 0.63062716, 0.28991258, 0.44737238, 0.02610755, 0.6331387, 0.5753106, 0.062530994, 0.58049524, 0.6998719, 0.17288709, 0.16209346, 0.6900605, 0.119288504, 0.13915634, 0.012435019, 0.91934943] |
| 9 |   25 |  0.25 | 2500 |      f2 |     878 |  1024.0 |  1018.0 |    0,59 |  0,0 |1592499774021 |[0.032940567, 0.052156806, 0.034439087, 0.8914512, 0.8272347, 0.14263195, 0.9498579, 0.15383512, 0.3307417, 0.59097904, 0.6671723, 0.038909197, 0.3945614, 0.486161, 0.6550636, 0.28070134, 0.48163927, 0.18370414, 0.741362, 0.024996936] |
|10 |   25 |  0.25 | 2500 |      f2 |     878 |  1024.0 |  1018.0 |    0,59 |-0,0010 |1592499776235 |[0.113238394, 0.74751663, 0.56562793, 0.85467005, 0.3783769, 0.31047195, 0.08940017, 0.39261955, 0.034623682, 0.21534795, 0.23794395, 0.54092157, 0.72752565, 0.9924388, 0.9481528, 0.74336064, 0.012237668, 0.12119055, 0.49569714, 0.67302287] |
|11 |   25 |  0.25 | 2500 |      f2 |     878 |  1024.0 |  1018.0 |    0,59 |  0,0 |1592499778454 |[0.73298067, 0.30583602, 0.7881629, 0.9831097, 0.3451935, 0.11686909, 0.28434557, 0.114471376, 0.30977654, 0.3757912, 0.12924826, 0.029370666, 0.62396693, 0.20387399, 0.7247889, 0.91568696, 0.14226556, 0.7579142, 0.29190385, 0.42736912] |
|12 |   25 |  0.25 | 2500 |      f2 |     878 |  1024.0 |  1018.0 |    0,59 |  0,0 |1592499780682 |[0.59703165, 0.22057313, 0.8124662, 0.9946727, 0.6984503, 0.48439723, 0.7191249, 0.5594446, 0.9311538, 0.20828784, 0.32014084, 0.95084864, 0.21983725, 0.5372091, 0.39072347, 0.9002883, 0.69855446, 0.93526673, 0.74159235, 0.07859874] |
|13 |   25 |  0.25 | 2500 |      f2 |     878 |  1024.0 |  1018.0 |    0,59 |  0,0 |1592499782899 |[0.53111494, 0.06378281, 0.18874848, 0.68862927, 0.89064175, 0.71219504, 0.61268955, 0.6586697, 0.7167341, 0.8852955, 0.7410779, 0.3222342, 0.4632321, 0.8984774, 0.6098605, 0.79671276, 0.8071127, 0.7419848, 0.67567587, 0.8985949] |
|14 |   25 |  0.25 | 2500 |      f2 |     878 |  1024.0 |  1018.0 |    0,59 |  0,0 |1592499785129 |[0.22798252, 0.67743444, 0.6897, 0.04411465, 0.18529797, 0.43511152, 0.63138527, 0.7846078, 0.5487443, 0.062459648, 0.27452767, 0.6383457, 0.50699073, 0.40612698, 0.20973563, 0.6690251, 0.3084587, 0.5945555, 0.116986215, 0.327568] |
|15 |   25 |  0.25 | 2500 |      f2 |     878 |  1024.0 |  1018.0 |    0,59 |-0,0010 |1592499787383 |[0.5913054, 0.99218875, 0.6965955, 0.22542667, 0.1957736, 0.11010313, 0.048740268, 0.35102773, 0.60831076, 0.39700228, 0.61279076, 0.35403067, 0.93999434, 0.6501824, 0.8046772, 0.9815179, 0.48080093, 0.112706244, 0.7341077, 0.67335856] |
