| # | Nest | %Desc |#Iter |Instancia | CapMoch |ValOptmo | BestFit |     RDP | time |      semilla |VectorSolucion |
-------------------------------------------------------------------------------------------------
| 1 |   25 |  0.25 | 2500 |      f6 |      60 |    52.0 |    52.0 |    0,00 |-1,6e+09 |1592499289522 |[0.9506334, 0.7094239, 0.3604979, 0.92777723, 0.5257798, 0.87833124, 0.57342786, 0.07526058, 4.4977665E-4, 0.1681987] |
| 2 |   25 |  0.25 | 2500 |      f6 |      60 |    52.0 |    52.0 |    0,00 |  0,0 |1592499289524 |[0.49471128, 0.11858648, 0.7368569, 0.453521, 0.048520327, 0.089113414, 0.97541183, 0.3143347, 0.34488952, 0.5176782] |
| 3 |   25 |  0.25 | 2500 |      f6 |      60 |    52.0 |    52.0 |    0,00 |-0,0010 |1592499289526 |[0.3696863, 0.28794605, 0.12543696, 0.4363231, 0.54755217, 0.6335826, 0.70309913, 0.053970754, 0.7092124, 0.38382506] |
| 4 |   25 |  0.25 | 2500 |      f6 |      60 |    52.0 |    52.0 |    0,00 |  0,0 |1592499289527 |[0.41824412, 0.37369144, 0.5406633, 0.047769606, 0.70687497, 0.57525396, 0.54729587, 0.26312244, 0.016539037, 0.027128398] |
| 5 |   25 |  0.25 | 2500 |      f6 |      60 |    52.0 |    52.0 |    0,00 |  0,0 |1592499289528 |[0.8387339, 0.19335693, 0.7344289, 0.23757774, 0.93233836, 0.9521414, 0.117195606, 0.63730997, 0.9465872, 0.9251619] |
| 6 |   25 |  0.25 | 2500 |      f6 |      60 |    52.0 |    52.0 |    0,00 |-0,0010 |1592499289530 |[0.70939386, 0.19702, 0.7371132, 0.6792953, 0.39268816, 0.775123, 0.34575891, 0.3523566, 0.47577447, 0.115808606] |
| 7 |   25 |  0.25 | 2500 |      f6 |      60 |    52.0 |    52.0 |    0,00 |  0,0 |1592499289531 |[0.4418245, 0.4094352, 0.15389812, 0.009091675, 0.34671605, 0.25609893, 0.8088531, 0.32388592, 0.8385684, 0.4703989] |
| 8 |   25 |  0.25 | 2500 |      f6 |      60 |    52.0 |    52.0 |    0,00 |  0,0 |1592499289532 |[0.18185043, 0.9033702, 0.78322244, 0.90478045, 0.5055858, 0.5653337, 0.7215389, 0.7106725, 0.3669272, 0.6641499] |
| 9 |   25 |  0.25 | 2500 |      f6 |      60 |    52.0 |    52.0 |    0,00 |  0,0 |1592499289533 |[0.817661, 0.29901707, 0.4043035, 0.843054, 0.7104247, 0.48487127, 0.24893188, 0.70126265, 0.7392552, 0.04028803] |
|10 |   25 |  0.25 | 2500 |      f6 |      60 |    52.0 |    52.0 |    0,00 |-0,0010 |1592499289535 |[0.6842084, 0.46707225, 0.053380847, 0.95224005, 0.49607038, 0.28536832, 0.1751501, 0.26341075, 0.34129864, 0.8652762] |
|11 |   25 |  0.25 | 2500 |      f6 |      60 |    52.0 |    52.0 |    0,00 |  0,0 |1592499289536 |[0.045132875, 0.35378677, 0.21471703, 0.5891858, 0.93705666, 0.9983345, 0.46512985, 0.6823809, 0.8232915, 0.69972414] |
|12 |   25 |  0.25 | 2500 |      f6 |      60 |    52.0 |    52.0 |    0,00 |-0,0010 |1592499289538 |[0.9231992, 0.80976516, 0.92438674, 0.860933, 0.5449896, 0.78167856, 0.6119205, 0.39871627, 0.23539716, 0.8574464] |
|13 |   25 |  0.25 | 2500 |      f6 |      60 |    52.0 |    52.0 |    0,00 |-0,0010 |1592499289540 |[0.7095061, 0.78938854, 0.054332852, 0.29279226, 0.1122455, 0.8889769, 0.34122694, 0.8290505, 0.31407624, 0.027898252] |
|14 |   25 |  0.25 | 2500 |      f6 |      60 |    52.0 |    52.0 |    0,00 |-0,0010 |1592499289542 |[0.84060735, 0.26666784, 0.04511434, 0.11549616, 0.11933774, 0.84916914, 0.015295744, 0.7176836, 0.074148774, 0.43584704] |
|15 |   25 |  0.25 | 2500 |      f6 |      60 |    52.0 |    52.0 |    0,00 |-0,0010 |1592499289544 |[0.62055725, 0.9893689, 0.6087438, 0.31524867, 0.7310235, 0.9800946, 0.46258575, 0.7078875, 0.99887085, 0.10958958] |
