|Instancia |Ejecucion |Iteracion |Iter Max |Nidos |   %Pa |tipoDiscretizacion |tipoBinarizacion | CapMoch |   Optmo |OptimoObtenido |     RDP | time |      semilla |VectorSolucionReal |VectorSolucionBinario |
-------------------------------------------------------------------------------------------------
|      f8 | 1 |       1 |    5000 |   50 |  0.25 |standard | sshape3 |   10000 |  9767.0 |  9763.0 |    0,04 |-1,6e+09 |1592654871665 |[0.47292563, 0.42246303, 0.8873584, 0.28255612, 0.04603506, 0.5059099, 0.8870466, 0.29265106, 0.21163876, 0.29918164, 0.9894008, 0.4599772, 0.40695253, 0.33287978, 0.13466255, 0.52016115, 0.64472514, 0.6815039, 0.99963975, 0.9288409, 0.6066189, 0.18962598, 0.82114863] |[0.0, 1.0, 1.0, 0.0, 1.0, 1.0, 1.0, 1.0, 0.0, 1.0, 0.0, 0.0, 1.0, 0.0, 0.0, 0.0, 0.0, 1.0, 1.0, 1.0, 0.0, 0.0, 0.0] |
|      f8 | 1 |      14 |    5000 |   50 |  0.25 |standard | sshape3 |   10000 |  9767.0 |  9767.0 |    0,00 |0,0080 |1592654871665 |[0.5716077, 0.8435828, 0.54957724, 0.42055193, 0.17738117, 0.4332446, 0.96589833, 0.78903675, 0.8115157, 0.8627529, 0.22791518, 0.64841473, 0.85932463, 0.7486401, 0.06331324, 0.07434364, 0.33181572, 0.53548986, 0.27709842, 0.91365623, 0.27858162, 0.39336255, 0.8125375] |[0.0, 0.0, 1.0, 0.0, 0.0, 0.0, 0.0, 1.0, 1.0, 1.0, 1.0, 0.0, 1.0, 1.0, 0.0, 0.0, 1.0, 0.0, 1.0, 1.0, 1.0, 0.0, 0.0] |
|      f8 | 2 |       1 |    5000 |   50 |  0.25 |standard | sshape3 |   10000 |  9767.0 |  9756.0 |    0,11 |  0,0 |1592654871673 |[0.64600134, 0.89115214, 0.8585279, 0.060017645, 0.6837182, 0.88197345, 0.10474676, 0.32605982, 0.06064427, 0.01766771, 0.26484358, 0.26819158, 0.13695735, 0.8340732, 0.6401974, 0.6680299, 0.7358318, 0.76564085, 0.34824038, 0.048027396, 0.05470717, 0.28881663, 0.6402476] |[0.0, 0.0, 0.0, 1.0, 0.0, 1.0, 1.0, 0.0, 1.0, 1.0, 1.0, 1.0, 0.0, 0.0, 0.0, 1.0, 1.0, 1.0, 0.0, 1.0, 0.0, 1.0, 0.0] |
|      f8 | 2 |       8 |    5000 |   50 |  0.25 |standard | sshape3 |   10000 |  9767.0 |  9767.0 |    0,00 |0,0050 |1592654871673 |[0.24913923, 0.15772459, 0.4735947, 0.677322, 0.2852108, 0.9160973, 0.3591451, 0.9963008, 0.7121322, 0.1201539, 0.54375887, 1.0, 1.0E-12, 0.56744456, 0.37900755, 0.25863773, 1.0, 0.7400296, 1.0, 0.24448606, 1.0E-12, 0.9452285, 0.2615887] |[1.0, 1.0, 1.0, 1.0, 1.0, 1.0, 1.0, 1.0, 0.0, 1.0, 0.0, 0.0, 0.0, 0.0, 0.0, 1.0, 1.0, 0.0, 0.0, 0.0, 0.0, 0.0, 0.0] |
|      f8 | 3 |       1 |    5000 |   50 |  0.25 |standard | sshape3 |   10000 |  9767.0 |  9759.0 |    0,08 |  0,0 |1592654871678 |[0.76571167, 0.13236523, 0.81833106, 0.028640091, 0.52516484, 0.46061945, 0.52275616, 0.6157313, 0.13508111, 0.011276305, 0.4722762, 0.9608919, 0.23362458, 0.6760604, 0.30564094, 0.2103759, 0.4600659, 0.22205281, 0.030593455, 0.10311812, 0.28621173, 0.18113089, 0.14742434] |[1.0, 1.0, 1.0, 1.0, 0.0, 0.0, 1.0, 1.0, 0.0, 1.0, 1.0, 0.0, 1.0, 1.0, 1.0, 0.0, 0.0, 1.0, 0.0, 0.0, 0.0, 1.0, 0.0] |
|      f8 | 3 |      34 |    5000 |   50 |  0.25 |standard | sshape3 |   10000 |  9767.0 |  9767.0 |    0,00 |0,020 |1592654871678 |[0.13155039, 0.6684381, 0.53175634, 0.8295029, 0.9997722, 0.78591406, 0.6260507, 0.51486415, 0.20595253, 0.5174265, 0.65909207, 1.0, 1.0E-12, 0.35210374, 0.69275355, 0.6092033, 1.0, 1.0, 1.0, 0.7017135, 0.66748935, 0.4078553, 0.5803128] |[1.0, 1.0, 1.0, 0.0, 1.0, 1.0, 0.0, 1.0, 1.0, 1.0, 0.0, 0.0, 0.0, 0.0, 0.0, 0.0, 1.0, 0.0, 0.0, 0.0, 0.0, 1.0, 0.0] |
|      f8 | 4 |       1 |    5000 |   50 |  0.25 |standard | sshape3 |   10000 |  9767.0 |  9763.0 |    0,04 |  0,0 |1592654871698 |[0.7563522, 0.8963071, 0.6525109, 0.9159803, 0.07378823, 0.07485589, 0.14312398, 0.6762012, 0.006920489, 0.34684238, 0.44583577, 0.049593292, 0.65032434, 0.19706796, 0.04334722, 0.6720091, 0.200294, 0.8668993, 0.8819609, 0.5848979, 0.32916299, 0.18587586, 0.25323775] |[1.0, 0.0, 1.0, 0.0, 1.0, 0.0, 0.0, 0.0, 0.0, 0.0, 0.0, 0.0, 0.0, 0.0, 0.0, 1.0, 1.0, 1.0, 1.0, 1.0, 1.0, 0.0, 1.0] |
|      f8 | 4 |      66 |    5000 |   50 |  0.25 |standard | sshape3 |   10000 |  9767.0 |  9767.0 |    0,00 |0,037 |1592654871698 |[0.5539611, 0.15331946, 0.5818622, 0.69054043, 0.185918, 0.29205117, 1.0, 0.49930725, 0.27500436, 0.41033208, 1.0E-12, 0.5603065, 0.12789425, 0.2905841, 0.72275853, 1.0, 0.43306202, 0.50620204, 0.45232242, 1.0E-12, 0.21520299, 0.318006, 0.42279008] |[1.0, 1.0, 1.0, 1.0, 1.0, 1.0, 1.0, 1.0, 0.0, 0.0, 1.0, 0.0, 0.0, 0.0, 0.0, 1.0, 1.0, 0.0, 0.0, 0.0, 0.0, 0.0, 0.0] |
|      f8 | 5 |       1 |    5000 |   50 |  0.25 |standard | sshape3 |   10000 |  9767.0 |  9755.0 |    0,12 |  0,0 |1592654871735 |[0.29805225, 0.32587117, 0.64843047, 0.8990334, 0.5897516, 0.8026755, 0.9658791, 0.57411736, 0.38756424, 0.23260301, 0.3802204, 0.31909335, 0.87840635, 0.61130553, 0.42089814, 0.122808576, 0.7876568, 0.9716303, 0.15539646, 0.42850626, 0.28416425, 0.43923968, 0.7413192] |[1.0, 0.0, 1.0, 1.0, 1.0, 0.0, 1.0, 0.0, 0.0, 1.0, 1.0, 0.0, 1.0, 1.0, 0.0, 1.0, 1.0, 0.0, 0.0, 0.0, 0.0, 1.0, 0.0] |
|      f8 | 5 |      45 |    5000 |   50 |  0.25 |standard | sshape3 |   10000 |  9767.0 |  9767.0 |    0,00 |0,025 |1592654871735 |[0.8123562, 0.42506585, 0.100936644, 0.03401518, 1.0, 0.99056053, 0.5992271, 1.0, 0.3344453, 1.0E-12, 0.13921416, 0.50153, 0.84023243, 1.0E-12, 1.0, 0.9557003, 0.12802595, 1.0E-12, 0.6281539, 0.17694703, 0.76496977, 0.7300401, 0.1689053] |[1.0, 1.0, 1.0, 1.0, 1.0, 1.0, 1.0, 1.0, 0.0, 1.0, 0.0, 0.0, 0.0, 0.0, 0.0, 1.0, 1.0, 0.0, 0.0, 0.0, 0.0, 0.0, 0.0] |
|      f8 | 6 |       1 |    5000 |   50 |  0.25 |standard | sshape3 |   10000 |  9767.0 |  9763.0 |    0,04 |-0,0010 |1592654871761 |[0.71533567, 0.9032131, 0.19019872, 0.44231832, 0.028009772, 0.29593605, 0.22108382, 0.31736875, 0.7802168, 0.5453792, 0.2631479, 0.9655137, 0.3704788, 0.054246366, 0.14636701, 0.21644825, 0.7571757, 0.5886668, 0.25302207, 0.33196515, 0.9464659, 0.8757711, 0.4718827] |[1.0, 1.0, 0.0, 0.0, 0.0, 1.0, 0.0, 1.0, 1.0, 1.0, 1.0, 1.0, 0.0, 1.0, 0.0, 1.0, 1.0, 1.0, 0.0, 0.0, 0.0, 0.0, 0.0] |
|      f8 | 6 |      17 |    5000 |   50 |  0.25 |standard | sshape3 |   10000 |  9767.0 |  9767.0 |    0,00 |0,0090 |1592654871761 |[0.2887237, 0.164902, 0.037068997, 0.65054, 0.50874406, 0.82809424, 0.7049239, 0.09546017, 0.30611956, 0.089515075, 0.35913733, 0.28297234, 0.031480424, 0.15805528, 0.6760896, 0.09164397, 0.69616306, 0.55228287, 0.12540539, 0.93396217, 0.479854, 0.46312186, 0.47243124] |[1.0, 0.0, 0.0, 1.0, 1.0, 1.0, 0.0, 1.0, 1.0, 1.0, 1.0, 0.0, 0.0, 0.0, 0.0, 0.0, 1.0, 0.0, 1.0, 0.0, 0.0, 1.0, 0.0] |
|      f8 | 7 |       1 |    5000 |   50 |  0.25 |standard | sshape3 |   10000 |  9767.0 |  9758.0 |    0,09 |  0,0 |1592654871770 |[0.07352167, 0.96984714, 0.7409071, 0.5686457, 0.85275644, 0.7409014, 0.31312847, 0.8241381, 0.5006224, 0.8482693, 0.016928673, 0.1914249, 0.20812148, 0.93944585, 0.6437325, 0.2863338, 0.94549215, 0.37627983, 0.82338375, 0.61707884, 0.39344394, 0.8689927, 0.30862838] |[1.0, 1.0, 0.0, 1.0, 1.0, 1.0, 0.0, 0.0, 1.0, 1.0, 1.0, 0.0, 0.0, 1.0, 1.0, 0.0, 0.0, 1.0, 0.0, 0.0, 0.0, 1.0, 0.0] |
|      f8 | 7 |      12 |    5000 |   50 |  0.25 |standard | sshape3 |   10000 |  9767.0 |  9767.0 |    0,00 |0,0070 |1592654871770 |[0.7293669, 0.21515177, 0.93229705, 0.74602914, 0.6905306, 0.19425838, 0.90885675, 0.8787735, 0.9726387, 0.89501536, 1.0, 0.5725678, 0.11829439, 0.157865, 0.5993474, 0.7977578, 0.21319878, 0.524276, 0.8557535, 0.71300244, 0.6462395, 0.22215503, 0.7211041] |[0.0, 1.0, 0.0, 0.0, 1.0, 0.0, 1.0, 0.0, 0.0, 1.0, 1.0, 0.0, 1.0, 0.0, 1.0, 1.0, 1.0, 1.0, 1.0, 0.0, 0.0, 1.0, 0.0] |
|      f8 | 8 |       1 |    5000 |   50 |  0.25 |standard | sshape3 |   10000 |  9767.0 |  9759.0 |    0,08 |  0,0 |1592654871777 |[0.36391613, 0.880716, 1.0, 1.0, 0.022578046, 1.0, 0.27946046, 0.4674492, 0.37334284, 0.8162094, 0.3379386, 0.13463174, 0.21684915, 0.63086116, 1.0E-12, 1.0, 0.32106692, 0.8777416, 0.73445475, 0.030935317, 0.452631, 0.61946446, 0.5660299] |[1.0, 1.0, 1.0, 0.0, 1.0, 1.0, 1.0, 1.0, 1.0, 1.0, 0.0, 0.0, 0.0, 0.0, 0.0, 1.0, 1.0, 0.0, 0.0, 0.0, 0.0, 0.0, 0.0] |
|      f8 | 8 |       6 |    5000 |   50 |  0.25 |standard | sshape3 |   10000 |  9767.0 |  9767.0 |    0,00 |0,0030 |1592654871777 |[0.1408598, 1.0E-12, 0.5520478, 0.48625752, 0.9452937, 1.0, 0.1701006, 1.0, 0.89727783, 1.0, 1.0, 0.66367847, 0.25589114, 0.33859128, 1.0, 1.0E-12, 0.6901424, 0.6897926, 0.4729933, 0.45769763, 0.7907043, 1.0, 0.42204338] |[1.0, 1.0, 1.0, 1.0, 1.0, 1.0, 1.0, 1.0, 0.0, 1.0, 0.0, 0.0, 0.0, 0.0, 0.0, 1.0, 1.0, 0.0, 0.0, 0.0, 0.0, 0.0, 0.0] |
|      f8 | 9 |       1 |    5000 |   50 |  0.25 |standard | sshape3 |   10000 |  9767.0 |  9761.0 |    0,06 |  0,0 |1592654871780 |[0.44677603, 0.03559258, 0.8164697, 0.3829197, 0.66904455, 0.9504072, 1.0, 0.17236155, 0.96213216, 0.36250892, 0.09360278, 0.5474525, 1.0E-12, 1.0E-12, 0.3284089, 0.06790656, 0.8579024, 0.43035862, 0.06882384, 0.08649172, 0.36679363, 0.29120612, 0.96679723] |[1.0, 1.0, 1.0, 1.0, 1.0, 1.0, 0.0, 1.0, 1.0, 0.0, 0.0, 1.0, 0.0, 0.0, 0.0, 1.0, 0.0, 0.0, 0.0, 0.0, 0.0, 0.0, 0.0] |
|      f8 | 9 |      46 |    5000 |   50 |  0.25 |standard | sshape3 |   10000 |  9767.0 |  9767.0 |    0,00 |0,027 |1592654871780 |[0.9351285, 0.71870136, 0.18973519, 0.22550063, 0.42118034, 0.25994596, 0.90606856, 0.3096089, 0.60818267, 0.3450283, 0.5441276, 0.023431906, 0.28186774, 0.008715018, 0.08785368, 0.1610153, 0.7133198, 0.42898753, 0.9211913, 0.95818007, 0.4636432, 0.072006345, 0.92286545] |[0.0, 1.0, 0.0, 1.0, 1.0, 1.0, 1.0, 0.0, 1.0, 0.0, 1.0, 1.0, 0.0, 0.0, 0.0, 1.0, 1.0, 0.0, 0.0, 0.0, 0.0, 1.0, 0.0] |
|      f8 |10 |       1 |    5000 |   50 |  0.25 |standard | sshape3 |   10000 |  9767.0 |  9753.0 |    0,14 |  0,0 |1592654871807 |[0.6236691, 0.98313016, 0.7083313, 0.50809747, 0.48353496, 0.87855667, 0.46356907, 0.39335686, 0.69605124, 0.7661341, 0.97361785, 0.13963099, 0.86081135, 0.91442716, 0.32047316, 0.5541518, 0.5499604, 0.31456682, 0.6325421, 0.3479218, 0.26401526, 0.7282447, 0.80042315] |[0.0, 0.0, 1.0, 1.0, 1.0, 0.0, 0.0, 0.0, 1.0, 0.0, 0.0, 0.0, 1.0, 0.0, 1.0, 1.0, 1.0, 0.0, 1.0, 0.0, 1.0, 0.0, 0.0] |
|      f8 |10 |      10 |    5000 |   50 |  0.25 |standard | sshape3 |   10000 |  9767.0 |  9767.0 |    0,00 |0,0050 |1592654871807 |[0.73832226, 0.35865435, 0.8526481, 1.0E-12, 1.0, 1.0E-12, 0.72178614, 1.0E-12, 0.6200433, 0.02910666, 0.8949642, 0.52908975, 0.5671022, 0.4272887, 0.79231495, 0.73927456, 0.9077325, 0.3449643, 0.20171721, 1.0E-12, 1.0E-12, 1.0, 0.3386999] |[1.0, 1.0, 1.0, 1.0, 1.0, 1.0, 1.0, 1.0, 0.0, 1.0, 0.0, 0.0, 0.0, 0.0, 0.0, 1.0, 1.0, 0.0, 0.0, 0.0, 0.0, 0.0, 0.0] |
|      f8 |11 |       1 |    5000 |   50 |  0.25 |standard | sshape3 |   10000 |  9767.0 |  9757.0 |    0,10 |-0,0010 |1592654871813 |[0.1028158, 0.102828555, 0.9110745, 0.77071524, 0.15322658, 0.86829925, 0.9656737, 0.102707006, 0.4246075, 0.22047347, 0.8834679, 0.5411654, 0.65963143, 0.2698822, 0.1318621, 0.98040426, 0.283109, 0.2197268, 0.39626634, 0.020605547, 0.8791691, 0.051511683, 0.10617836] |[1.0, 0.0, 1.0, 1.0, 0.0, 1.0, 0.0, 0.0, 0.0, 0.0, 1.0, 0.0, 0.0, 1.0, 1.0, 1.0, 1.0, 1.0, 1.0, 0.0, 0.0, 1.0, 0.0] |
|      f8 |11 |      29 |    5000 |   50 |  0.25 |standard | sshape3 |   10000 |  9767.0 |  9767.0 |    0,00 |0,016 |1592654871813 |[0.3730832, 0.7120656, 0.47154254, 0.47668788, 0.5073964, 0.86667734, 0.17018554, 0.51735306, 0.66804534, 0.80795103, 0.7850141, 0.78278035, 0.8611254, 0.24216893, 0.050725095, 0.9516783, 0.18809493, 0.8316985, 1.0E-12, 0.9946792, 0.8045763, 0.20751317, 0.8402394] |[1.0, 1.0, 1.0, 1.0, 1.0, 1.0, 1.0, 1.0, 0.0, 1.0, 0.0, 0.0, 0.0, 0.0, 0.0, 1.0, 1.0, 0.0, 0.0, 0.0, 0.0, 0.0, 0.0] |
|      f8 |12 |       1 |    5000 |   50 |  0.25 |standard | sshape3 |   10000 |  9767.0 |  9765.0 |    0,02 |  0,0 |1592654871829 |[0.9046624, 0.715679, 0.20495023, 0.68735427, 0.23286885, 0.23542324, 0.7019321, 0.899301, 0.12013307, 0.42164657, 0.27678823, 0.29990315, 0.081283316, 0.5230086, 0.084934145, 0.99611616, 0.5125221, 0.91657, 0.7439321, 0.60019964, 0.7540697, 0.122008055, 0.64064723] |[1.0, 1.0, 1.0, 1.0, 0.0, 0.0, 0.0, 1.0, 0.0, 0.0, 0.0, 1.0, 0.0, 0.0, 1.0, 1.0, 1.0, 1.0, 0.0, 0.0, 0.0, 1.0, 0.0] |
|      f8 |12 |      11 |    5000 |   50 |  0.25 |standard | sshape3 |   10000 |  9767.0 |  9767.0 |    0,00 |0,0060 |1592654871829 |[0.6314781, 1.0, 0.9482529, 0.73769134, 0.80830914, 0.8681411, 0.9293944, 0.369109, 0.4112578, 0.11162064, 0.52584076, 0.42319036, 0.87616974, 0.52295846, 0.86032075, 0.67948765, 0.38493848, 0.7345932, 0.20981814, 0.5084786, 0.38875, 0.8657194, 1.0E-12] |[1.0, 1.0, 1.0, 1.0, 1.0, 1.0, 1.0, 1.0, 0.0, 1.0, 0.0, 0.0, 0.0, 0.0, 0.0, 1.0, 1.0, 0.0, 0.0, 0.0, 0.0, 0.0, 0.0] |
|      f8 |13 |       1 |    5000 |   50 |  0.25 |standard | sshape3 |   10000 |  9767.0 |  9763.0 |    0,04 |  0,0 |1592654871835 |[0.6397567, 0.75292444, 0.24463955, 0.7182155, 0.78789496, 0.94012225, 0.14002407, 0.36763275, 0.3110535, 0.16967288, 0.8592365, 0.87650055, 0.33892635, 0.4500396, 0.060257383, 0.5309833, 0.70078295, 0.06710402, 0.933829, 0.08703938, 0.09680092, 0.23469846, 0.2360288] |[1.0, 0.0, 0.0, 0.0, 1.0, 0.0, 0.0, 1.0, 0.0, 1.0, 1.0, 1.0, 1.0, 1.0, 1.0, 0.0, 1.0, 0.0, 0.0, 1.0, 0.0, 1.0, 0.0] |
|      f8 |13 |       6 |    5000 |   50 |  0.25 |standard | sshape3 |   10000 |  9767.0 |  9767.0 |    0,00 |0,0030 |1592654871835 |[0.27315983, 0.8170033, 0.28098696, 0.28743201, 0.64004344, 0.37927333, 0.87422574, 0.11914733, 0.8854948, 0.054292686, 0.24590942, 0.40966746, 0.8273693, 0.79341555, 0.6800469, 0.4399311, 0.8454888, 0.044668525, 0.6167681, 0.05224483, 0.114108525, 0.2912012, 1.0] |[1.0, 0.0, 1.0, 0.0, 0.0, 1.0, 1.0, 1.0, 0.0, 0.0, 0.0, 1.0, 1.0, 0.0, 1.0, 1.0, 1.0, 0.0, 0.0, 0.0, 0.0, 1.0, 0.0] |
|      f8 |14 |       1 |    5000 |   50 |  0.25 |standard | sshape3 |   10000 |  9767.0 |  9758.0 |    0,09 |  0,0 |1592654871838 |[0.6342594, 0.7359033, 0.20940739, 0.48195237, 0.9368267, 1.0E-12, 1.0, 0.15146345, 0.8081851, 0.32803577, 0.18489848, 0.36937493, 1.0E-12, 0.61315393, 0.13455947, 0.9930451, 0.08336538, 1.0, 0.28614798, 1.0, 0.62690115, 0.41464528, 0.78779566] |[1.0, 1.0, 0.0, 1.0, 1.0, 1.0, 1.0, 1.0, 1.0, 1.0, 0.0, 0.0, 0.0, 0.0, 0.0, 1.0, 1.0, 0.0, 0.0, 0.0, 0.0, 0.0, 0.0] |
|      f8 |14 |      39 |    5000 |   50 |  0.25 |standard | sshape3 |   10000 |  9767.0 |  9767.0 |    0,00 |0,022 |1592654871838 |[0.9771008, 0.8279269, 1.0E-12, 1.0E-12, 0.67707443, 1.0E-12, 0.316282, 0.3755778, 0.59270716, 0.10463659, 0.9556933, 0.28660947, 0.42010602, 0.6529865, 0.762289, 0.82875097, 0.85275596, 0.84253913, 0.613519, 1.0E-12, 1.0, 0.24973392, 0.80777544] |[1.0, 1.0, 1.0, 1.0, 1.0, 1.0, 1.0, 1.0, 0.0, 1.0, 0.0, 0.0, 0.0, 0.0, 0.0, 1.0, 1.0, 0.0, 0.0, 0.0, 0.0, 0.0, 0.0] |
|      f8 |15 |       1 |    5000 |   50 |  0.25 |standard | sshape3 |   10000 |  9767.0 |  9756.0 |    0,11 |  0,0 |1592654871860 |[0.8855178, 0.24254996, 0.1706856, 0.4214782, 0.19505574, 0.44287163, 0.7382503, 0.9660515, 0.8349274, 0.024884677, 0.10711365, 0.73349774, 0.9883585, 0.5728168, 0.04281007, 0.81192696, 0.5744519, 0.86149716, 0.6315179, 0.78368497, 0.23972799, 0.7929213, 0.6266507] |[1.0, 1.0, 0.0, 1.0, 1.0, 1.0, 0.0, 1.0, 1.0, 0.0, 0.0, 1.0, 0.0, 0.0, 0.0, 1.0, 1.0, 0.0, 0.0, 0.0, 0.0, 0.0, 0.0] |
|      f8 |15 |      52 |    5000 |   50 |  0.25 |standard | sshape3 |   10000 |  9767.0 |  9767.0 |    0,00 |0,030 |1592654871860 |[0.71120054, 0.34509405, 0.9993788, 0.28927994, 0.82089394, 0.48633945, 0.71786803, 0.8516469, 0.90398717, 0.62428045, 0.6186186, 0.10823299, 1.0E-12, 0.23474225, 0.10703637, 0.20828246, 0.64574367, 0.9747109, 0.05635324, 0.64151025, 1.0, 0.90664893, 0.86447763] |[1.0, 1.0, 1.0, 1.0, 1.0, 1.0, 1.0, 1.0, 0.0, 1.0, 0.0, 0.0, 0.0, 0.0, 0.0, 1.0, 1.0, 0.0, 0.0, 0.0, 0.0, 0.0, 0.0] |
|      f8 |16 |       1 |    5000 |   50 |  0.25 |standard | sshape3 |   10000 |  9767.0 |  9761.0 |    0,06 |  0,0 |1592654871890 |[0.0057472587, 0.94785124, 0.7521946, 0.5306967, 0.35956794, 0.8650495, 0.7119498, 0.6004103, 0.42190492, 0.36695778, 0.98191774, 0.986024, 0.7422892, 0.20124906, 0.171467, 0.30710548, 0.50881237, 0.31814635, 0.99042493, 0.19869202, 0.8803012, 0.140221, 0.7808999] |[0.0, 1.0, 0.0, 1.0, 1.0, 1.0, 0.0, 1.0, 1.0, 1.0, 1.0, 1.0, 0.0, 0.0, 0.0, 0.0, 1.0, 0.0, 0.0, 0.0, 0.0, 1.0, 0.0] |
|      f8 |16 |      18 |    5000 |   50 |  0.25 |standard | sshape3 |   10000 |  9767.0 |  9767.0 |    0,00 |0,010 |1592654871890 |[0.7419176, 1.0E-12, 0.28584424, 1.0, 0.5644799, 0.10459849, 0.5049232, 0.9127994, 0.51303136, 1.0E-12, 0.7799208, 1.0E-12, 0.9454882, 0.02965372, 0.38388067, 1.0, 0.3361835, 0.0056372313, 0.4125084, 0.49154463, 0.9990781, 0.64383984, 1.0E-12] |[1.0, 1.0, 1.0, 1.0, 1.0, 1.0, 1.0, 1.0, 0.0, 0.0, 1.0, 0.0, 0.0, 0.0, 0.0, 1.0, 1.0, 0.0, 0.0, 0.0, 0.0, 0.0, 0.0] |
|      f8 |17 |       1 |    5000 |   50 |  0.25 |standard | sshape3 |   10000 |  9767.0 |  9761.0 |    0,06 |  0,0 |1592654871900 |[0.5493525, 0.15097217, 0.01864006, 0.36286935, 0.5123156, 0.6054964, 0.7616465, 0.97810364, 0.64325905, 0.8228031, 0.8401328, 0.30415034, 0.93299675, 0.92413646, 0.5887421, 0.6238304, 0.81559765, 0.67872137, 0.6710666, 0.38954103, 0.20798832, 0.747398, 0.56465316] |[0.0, 0.0, 1.0, 1.0, 1.0, 0.0, 0.0, 1.0, 0.0, 0.0, 0.0, 1.0, 1.0, 1.0, 0.0, 1.0, 0.0, 1.0, 1.0, 0.0, 0.0, 1.0, 0.0] |
|      f8 |17 |      14 |    5000 |   50 |  0.25 |standard | sshape3 |   10000 |  9767.0 |  9767.0 |    0,00 |0,0070 |1592654871900 |[0.67286557, 0.3406897, 0.67789, 0.75910777, 0.30499366, 0.2727761, 0.48005775, 0.56367105, 0.65760916, 0.27360955, 0.6328509, 0.7848313, 0.4525018, 0.25188336, 0.6758469, 0.82056415, 0.6984665, 0.5393028, 0.8685492, 0.2592254, 0.4570755, 0.3639546, 0.5868086] |[1.0, 1.0, 0.0, 0.0, 1.0, 1.0, 1.0, 1.0, 1.0, 0.0, 1.0, 1.0, 0.0, 0.0, 0.0, 0.0, 1.0, 0.0, 0.0, 0.0, 0.0, 1.0, 0.0] |
|      f8 |18 |       1 |    5000 |   50 |  0.25 |standard | sshape3 |   10000 |  9767.0 |  9759.0 |    0,08 |-0,0010 |1592654871908 |[0.46565938, 0.37074807, 0.61799407, 0.5331721, 0.8903512, 1.0E-12, 0.2291778, 0.13563937, 1.0, 0.6934615, 0.44994032, 1.0, 0.06512017, 0.38153923, 1.0E-12, 1.0, 0.46320245, 1.0, 0.66450864, 0.6680377, 0.45594138, 0.8033012, 0.14738095] |[1.0, 1.0, 1.0, 1.0, 1.0, 1.0, 1.0, 0.0, 1.0, 1.0, 0.0, 1.0, 0.0, 0.0, 0.0, 1.0, 0.0, 0.0, 0.0, 0.0, 0.0, 0.0, 0.0] |
|      f8 |18 |       3 |    5000 |   50 |  0.25 |standard | sshape3 |   10000 |  9767.0 |  9767.0 |    0,00 |0,0010 |1592654871908 |[0.4803012, 0.61381054, 0.6186924, 0.22727238, 0.94210505, 0.120212264, 1.0, 0.12070881, 0.28432667, 0.792046, 0.2742131, 0.9454706, 0.35669684, 0.743481, 0.5809655, 0.037966985, 0.9547247, 0.45898306, 1.0E-12, 0.5620726, 0.7372783, 0.7798655, 0.27422753] |[1.0, 1.0, 1.0, 1.0, 1.0, 1.0, 1.0, 1.0, 0.0, 1.0, 0.0, 0.0, 0.0, 0.0, 0.0, 1.0, 1.0, 0.0, 0.0, 0.0, 0.0, 0.0, 0.0] |
|      f8 |19 |       1 |    5000 |   50 |  0.25 |standard | sshape3 |   10000 |  9767.0 |  9761.0 |    0,06 |  0,0 |1592654871909 |[0.1584333, 0.63180107, 0.50361156, 0.5056533, 0.03234655, 0.09752529, 0.5714448, 0.63619494, 0.56384796, 0.39511746, 0.9605461, 0.730982, 0.17706662, 0.51565933, 0.49573523, 0.9983926, 0.95850945, 0.16742264, 0.8924688, 0.17361775, 0.31043118, 0.42619154, 0.8993346] |[1.0, 1.0, 0.0, 0.0, 0.0, 0.0, 1.0, 0.0, 1.0, 0.0, 0.0, 0.0, 1.0, 0.0, 0.0, 1.0, 1.0, 0.0, 1.0, 1.0, 0.0, 1.0, 0.0] |
|      f8 |19 |       5 |    5000 |   50 |  0.25 |standard | sshape3 |   10000 |  9767.0 |  9767.0 |    0,00 |0,0030 |1592654871909 |[0.15903142, 0.63129026, 0.50329983, 0.50672114, 0.032380454, 0.097214766, 0.5711512, 0.63759404, 0.56384516, 0.39127678, 0.965597, 0.7271403, 0.18059182, 0.519451, 0.49607757, 0.9983899, 0.95756537, 0.16831823, 0.89531255, 0.16423303, 0.30962625, 0.42625406, 0.896531] |[0.0, 0.0, 1.0, 1.0, 1.0, 1.0, 1.0, 1.0, 1.0, 1.0, 1.0, 0.0, 0.0, 0.0, 0.0, 0.0, 1.0, 0.0, 0.0, 0.0, 0.0, 1.0, 0.0] |
|      f8 |20 |       1 |    5000 |   50 |  0.25 |standard | sshape3 |   10000 |  9767.0 |  9755.0 |    0,12 |  0,0 |1592654871912 |[0.7256745, 0.7815349, 0.6840496, 0.28285098, 0.2891215, 0.6342981, 0.66535634, 0.56237644, 0.8445759, 0.38166076, 0.93881446, 0.63041687, 0.41204768, 0.19620359, 0.20288974, 0.6205112, 0.11236709, 0.99358237, 0.8453992, 0.57978666, 0.6700826, 0.78512937, 0.49163502] |[1.0, 0.0, 0.0, 0.0, 0.0, 1.0, 1.0, 0.0, 0.0, 1.0, 1.0, 1.0, 1.0, 0.0, 0.0, 0.0, 1.0, 1.0, 0.0, 1.0, 1.0, 1.0, 0.0] |
|      f8 |20 |       8 |    5000 |   50 |  0.25 |standard | sshape3 |   10000 |  9767.0 |  9767.0 |    0,00 |0,0050 |1592654871912 |[0.4099556, 1.0, 0.3329774, 0.8304196, 0.13001299, 0.9232048, 0.97096175, 0.16058443, 1.0E-12, 0.3597059, 1.0, 0.7472187, 0.5089276, 0.76771975, 1.0E-12, 0.755831, 0.13218893, 0.5992997, 0.3225927, 0.53228045, 0.14215264, 0.6490814, 0.96089894] |[1.0, 1.0, 1.0, 1.0, 1.0, 1.0, 1.0, 1.0, 0.0, 1.0, 0.0, 0.0, 0.0, 0.0, 0.0, 1.0, 1.0, 0.0, 0.0, 0.0, 0.0, 0.0, 0.0] |
|      f8 |21 |       1 |    5000 |   50 |  0.25 |standard | sshape3 |   10000 |  9767.0 |  9758.0 |    0,09 |  0,0 |1592654871917 |[0.93912154, 0.17644012, 0.10811597, 0.7223117, 0.047128975, 0.65549135, 0.14376014, 0.6973489, 0.3122092, 0.7617735, 0.89876294, 0.058956325, 0.43995786, 0.46863484, 0.60510576, 0.93914163, 0.65855116, 0.7129008, 0.8015621, 0.093003154, 0.10959464, 0.829341, 0.80328447] |[1.0, 0.0, 1.0, 1.0, 0.0, 1.0, 1.0, 0.0, 0.0, 1.0, 1.0, 1.0, 1.0, 1.0, 0.0, 1.0, 0.0, 0.0, 0.0, 0.0, 0.0, 1.0, 0.0] |
|      f8 |21 |      47 |    5000 |   50 |  0.25 |standard | sshape3 |   10000 |  9767.0 |  9767.0 |    0,00 |0,027 |1592654871917 |[0.69729006, 0.9149626, 0.42381194, 0.9953209, 0.17065117, 0.8080067, 0.9048133, 0.5940634, 0.13929003, 0.9996182, 0.9942358, 0.7794379, 0.91343844, 0.16363418, 0.41512132, 0.17864642, 0.8517506, 0.24408534, 0.21514466, 0.6497846, 0.8245576, 0.94837874, 0.17807835] |[0.0, 1.0, 1.0, 0.0, 0.0, 0.0, 1.0, 1.0, 1.0, 1.0, 1.0, 1.0, 1.0, 0.0, 1.0, 0.0, 0.0, 1.0, 0.0, 0.0, 0.0, 1.0, 0.0] |
|      f8 |22 |       1 |    5000 |   50 |  0.25 |standard | sshape3 |   10000 |  9767.0 |  9757.0 |    0,10 |  0,0 |1592654871944 |[0.9725707, 0.80023324, 0.72924536, 0.71710056, 0.51847255, 1.0, 1.0E-12, 0.8927767, 0.43504024, 0.08372894, 0.83978003, 0.8486248, 0.011671945, 0.59025705, 0.12411732, 1.0, 0.1428552, 0.46797797, 0.5418254, 0.22139534, 0.08656121, 0.46580812, 0.25687727] |[1.0, 1.0, 1.0, 0.0, 1.0, 1.0, 0.0, 1.0, 1.0, 1.0, 1.0, 0.0, 0.0, 0.0, 0.0, 1.0, 1.0, 0.0, 0.0, 0.0, 0.0, 0.0, 0.0] |
|      f8 |22 |       6 |    5000 |   50 |  0.25 |standard | sshape3 |   10000 |  9767.0 |  9767.0 |    0,00 |0,0030 |1592654871944 |[0.98718375, 0.85154396, 0.92025596, 0.88044465, 0.6528337, 1.0, 1.0E-12, 0.9428137, 0.62368995, 0.4399896, 0.83815026, 0.86705005, 0.014456257, 0.678821, 1.0E-12, 1.0, 0.20124228, 0.11636487, 0.92257535, 0.23456033, 1.0E-12, 0.44389763, 0.1856023] |[1.0, 1.0, 1.0, 1.0, 1.0, 1.0, 1.0, 1.0, 0.0, 1.0, 0.0, 0.0, 0.0, 0.0, 0.0, 1.0, 1.0, 0.0, 0.0, 0.0, 0.0, 0.0, 0.0] |
|      f8 |23 |       1 |    5000 |   50 |  0.25 |standard | sshape3 |   10000 |  9767.0 |  9761.0 |    0,06 |  0,0 |1592654871947 |[0.64834917, 0.5096156, 0.44405836, 0.023712337, 0.3855266, 0.15982985, 0.9003425, 0.04368949, 0.25985956, 0.94887924, 0.333044, 0.13343835, 0.6479989, 0.5015934, 0.23316187, 0.5435963, 0.7368408, 0.3655129, 0.97969294, 0.80558926, 0.5210151, 0.53162473, 0.90273947] |[1.0, 0.0, 1.0, 0.0, 0.0, 1.0, 1.0, 0.0, 0.0, 1.0, 0.0, 0.0, 1.0, 0.0, 1.0, 1.0, 1.0, 1.0, 1.0, 0.0, 0.0, 1.0, 0.0] |
|      f8 |23 |      21 |    5000 |   50 |  0.25 |standard | sshape3 |   10000 |  9767.0 |  9767.0 |    0,00 |0,012 |1592654871947 |[0.23678969, 0.35058412, 0.20075475, 0.50615805, 0.7939011, 0.18475538, 1.0, 0.52591854, 0.60095996, 1.0, 0.9633376, 0.9861903, 0.529215, 0.228747, 0.35111743, 0.930225, 0.9458521, 1.0, 0.20239931, 0.8583804, 0.10612333, 0.648113, 0.8280609] |[1.0, 1.0, 1.0, 1.0, 1.0, 1.0, 1.0, 1.0, 0.0, 1.0, 0.0, 0.0, 0.0, 0.0, 0.0, 1.0, 1.0, 0.0, 0.0, 0.0, 0.0, 0.0, 0.0] |
|      f8 |24 |       1 |    5000 |   50 |  0.25 |standard | sshape3 |   10000 |  9767.0 |  9763.0 |    0,04 |  0,0 |1592654871959 |[0.71500117, 0.46487957, 0.97151893, 0.12902643, 0.04689829, 0.36249703, 0.7011079, 0.50583905, 0.27128243, 0.9632258, 0.25713876, 0.9111109, 0.38861343, 0.6280892, 0.11424678, 0.6831984, 1.0, 0.08438478, 0.08045889, 0.60307384, 0.7687286, 0.04322679, 0.25593984] |[1.0, 1.0, 0.0, 1.0, 0.0, 1.0, 0.0, 1.0, 0.0, 0.0, 1.0, 0.0, 1.0, 1.0, 0.0, 0.0, 0.0, 1.0, 0.0, 1.0, 0.0, 1.0, 0.0] |
|      f8 |24 |      27 |    5000 |   50 |  0.25 |standard | sshape3 |   10000 |  9767.0 |  9767.0 |    0,00 |0,015 |1592654871959 |[0.7075847, 0.3514207, 0.97686267, 0.058835216, 1.0E-12, 0.231006, 0.7786772, 0.52923405, 0.32743588, 0.60616434, 0.5914757, 1.0, 1.0, 0.36378762, 0.18311462, 0.6285396, 1.0, 0.24852106, 1.0E-12, 0.6574786, 0.8088323, 0.01774888, 0.26034114] |[1.0, 1.0, 1.0, 1.0, 1.0, 1.0, 1.0, 1.0, 0.0, 0.0, 1.0, 0.0, 0.0, 0.0, 0.0, 1.0, 1.0, 0.0, 0.0, 0.0, 0.0, 0.0, 0.0] |
|      f8 |25 |       1 |    5000 |   50 |  0.25 |standard | sshape3 |   10000 |  9767.0 |  9758.0 |    0,09 |-0,0010 |1592654871975 |[0.3934741, 0.7967984, 0.9698831, 0.1582841, 0.003330764, 0.37226018, 0.19304986, 0.14381972, 0.02553187, 0.74652636, 0.6522119, 0.26933417, 0.48421103, 0.50706315, 0.02357822, 0.73452497, 0.6366388, 0.46553954, 0.93713874, 0.8978924, 0.34175596, 0.19586228, 0.809781] |[1.0, 0.0, 1.0, 1.0, 1.0, 0.0, 1.0, 1.0, 1.0, 1.0, 1.0, 0.0, 1.0, 1.0, 0.0, 0.0, 0.0, 0.0, 0.0, 0.0, 0.0, 1.0, 0.0] |
|      f8 |25 |      13 |    5000 |   50 |  0.25 |standard | sshape3 |   10000 |  9767.0 |  9767.0 |    0,00 |0,0070 |1592654871975 |[0.65301967, 1.0E-12, 0.9999647, 7.695331E-4, 0.4728766, 0.92023504, 0.45521033, 0.6659272, 0.7245833, 0.59629995, 1.0E-12, 0.16789576, 0.7079317, 0.9985225, 0.6179774, 1.0, 0.58458024, 0.22200577, 0.047743767, 1.0, 0.5451248, 0.26114827, 0.5345009] |[1.0, 0.0, 1.0, 1.0, 1.0, 1.0, 0.0, 0.0, 0.0, 0.0, 0.0, 1.0, 0.0, 1.0, 1.0, 0.0, 1.0, 1.0, 0.0, 0.0, 0.0, 1.0, 0.0] |
|      f8 |26 |       1 |    5000 |   50 |  0.25 |standard | sshape3 |   10000 |  9767.0 |  9757.0 |    0,10 |  0,0 |1592654871982 |[0.38673326, 0.6065034, 0.86253774, 0.2969865, 0.7492732, 0.93736964, 0.82019854, 0.05896353, 0.22316557, 0.35249883, 0.25966114, 1.0E-12, 0.012323469, 0.5086707, 0.9385789, 0.3215837, 0.24988548, 1.0, 1.0, 0.76556075, 0.17807394, 0.6441282, 0.2403599] |[1.0, 1.0, 0.0, 1.0, 1.0, 1.0, 1.0, 1.0, 1.0, 0.0, 0.0, 0.0, 0.0, 0.0, 1.0, 1.0, 1.0, 0.0, 0.0, 0.0, 0.0, 0.0, 0.0] |
|      f8 |26 |       5 |    5000 |   50 |  0.25 |standard | sshape3 |   10000 |  9767.0 |  9767.0 |    0,00 |0,0030 |1592654871982 |[0.09119327, 0.072072245, 0.91572654, 0.88862294, 0.95032626, 0.8451637, 0.740085, 0.027679572, 0.52876705, 0.54585713, 0.7349223, 0.5154646, 0.43380943, 0.032943953, 0.16924474, 0.86802053, 0.12989217, 0.42556635, 0.023256691, 0.42708707, 0.24290794, 0.29124904, 0.26803204] |[1.0, 0.0, 1.0, 1.0, 0.0, 1.0, 1.0, 1.0, 1.0, 0.0, 0.0, 1.0, 1.0, 0.0, 1.0, 0.0, 0.0, 0.0, 0.0, 0.0, 0.0, 1.0, 0.0] |
|      f8 |27 |       1 |    5000 |   50 |  0.25 |standard | sshape3 |   10000 |  9767.0 |  9761.0 |    0,06 |  0,0 |1592654871985 |[0.14908135, 0.03533192, 0.6815049, 0.8655273, 0.0489749, 0.65382886, 0.06201211, 0.13949637, 0.07047752, 0.5973267, 0.64432436, 0.30355334, 0.6678689, 0.80018055, 0.032453638, 0.048044074, 0.85828114, 0.5002713, 0.8625083, 0.3928084, 0.3099516, 0.6831036, 0.4559677] |[1.0, 1.0, 1.0, 1.0, 1.0, 1.0, 0.0, 0.0, 1.0, 1.0, 1.0, 0.0, 0.0, 0.0, 0.0, 1.0, 1.0, 0.0, 0.0, 0.0, 0.0, 0.0, 0.0] |
|      f8 |27 |      44 |    5000 |   50 |  0.25 |standard | sshape3 |   10000 |  9767.0 |  9767.0 |    0,00 |0,026 |1592654871985 |[1.0E-12, 0.2045586, 0.6402568, 0.04229492, 0.7353018, 1.0E-12, 0.933303, 0.7208503, 0.3884144, 0.89741683, 0.9086887, 1.0E-12, 1.0E-12, 0.10815725, 0.38844928, 0.68939674, 0.949567, 0.73191035, 0.7831603, 1.0, 1.0E-12, 0.09544078, 1.0E-12] |[1.0, 1.0, 1.0, 1.0, 1.0, 1.0, 1.0, 1.0, 0.0, 0.0, 1.0, 0.0, 0.0, 0.0, 0.0, 1.0, 1.0, 0.0, 0.0, 0.0, 0.0, 0.0, 0.0] |
|      f8 |28 |       1 |    5000 |   50 |  0.25 |standard | sshape3 |   10000 |  9767.0 |  9756.0 |    0,11 |  0,0 |1592654872011 |[0.89747626, 0.6733761, 0.5580492, 0.5435446, 0.5743733, 0.563221, 0.07469535, 0.017401576, 0.8402581, 0.13781762, 0.029860735, 0.70220715, 0.62463665, 0.7323455, 0.37379146, 0.9928252, 0.41839647, 0.1695311, 0.6410715, 0.9123281, 0.6535246, 0.7423539, 0.34183383] |[1.0, 1.0, 1.0, 1.0, 1.0, 1.0, 1.0, 1.0, 1.0, 0.0, 0.0, 0.0, 0.0, 0.0, 0.0, 1.0, 0.0, 0.0, 0.0, 0.0, 0.0, 0.0, 0.0] |
|      f8 |28 |      48 |    5000 |   50 |  0.25 |standard | sshape3 |   10000 |  9767.0 |  9767.0 |    0,00 |0,027 |1592654872011 |[0.6670196, 0.85243917, 0.6301266, 0.38459975, 0.24105754, 0.38170868, 0.52837443, 0.2856495, 0.009590697, 0.75615805, 0.78621376, 0.85547495, 0.6836094, 0.5740984, 0.61752695, 0.18476965, 0.69083935, 0.80962175, 0.31550717, 0.89732575, 0.2703407, 0.60187906, 0.8551766] |[0.0, 0.0, 1.0, 0.0, 1.0, 0.0, 1.0, 1.0, 1.0, 1.0, 1.0, 1.0, 0.0, 1.0, 0.0, 1.0, 0.0, 1.0, 0.0, 0.0, 0.0, 1.0, 0.0] |
|      f8 |29 |       1 |    5000 |   50 |  0.25 |standard | sshape3 |   10000 |  9767.0 |  9761.0 |    0,06 |  0,0 |1592654872038 |[0.3414191, 0.39892232, 0.28991985, 0.7019991, 0.4485597, 0.43316084, 0.7538733, 0.24447507, 0.94358194, 0.10059869, 0.16330236, 0.78730243, 0.037082672, 0.3924604, 0.58017606, 0.7140135, 0.5099777, 0.15469664, 0.92826366, 0.20453155, 0.31802, 0.16282356, 0.08817834] |[0.0, 1.0, 0.0, 0.0, 0.0, 0.0, 1.0, 1.0, 1.0, 1.0, 1.0, 0.0, 1.0, 1.0, 0.0, 1.0, 1.0, 0.0, 0.0, 1.0, 0.0, 1.0, 0.0] |
|      f8 |29 |      16 |    5000 |   50 |  0.25 |standard | sshape3 |   10000 |  9767.0 |  9767.0 |    0,00 |0,0090 |1592654872038 |[0.39208287, 0.04413735, 0.8400147, 0.41308287, 0.46296635, 0.67300045, 0.5708647, 1.0E-12, 0.6959567, 1.0E-12, 0.5898651, 1.0, 0.025663204, 0.72620815, 0.61471236, 1.0E-12, 0.24883416, 0.13974181, 1.0, 0.8661962, 1.0, 1.0E-12, 0.5293394] |[1.0, 1.0, 1.0, 1.0, 1.0, 1.0, 1.0, 1.0, 0.0, 0.0, 1.0, 0.0, 0.0, 0.0, 0.0, 1.0, 1.0, 0.0, 0.0, 0.0, 0.0, 0.0, 0.0] |
|      f8 |30 |       1 |    5000 |   50 |  0.25 |standard | sshape3 |   10000 |  9767.0 |  9755.0 |    0,12 |-0,0010 |1592654872048 |[1.0E-12, 0.4838465, 0.81328076, 0.17096034, 0.36818898, 1.0, 0.13957636, 0.24419498, 0.8709808, 0.52123123, 0.8400533, 0.86405665, 0.26676503, 0.311064, 0.6750385, 0.61499554, 0.31461036, 0.8930026, 0.24756794, 0.37894812, 0.5064135, 0.27460635, 0.26578832] |[1.0, 0.0, 1.0, 1.0, 1.0, 1.0, 0.0, 1.0, 0.0, 1.0, 1.0, 1.0, 0.0, 0.0, 0.0, 1.0, 1.0, 0.0, 0.0, 0.0, 0.0, 0.0, 0.0] |
|      f8 |30 |      22 |    5000 |   50 |  0.25 |standard | sshape3 |   10000 |  9767.0 |  9767.0 |    0,00 |0,012 |1592654872048 |[0.4250722, 0.16697297, 0.99769944, 0.22706462, 0.67905325, 0.9075989, 0.63821024, 0.66012794, 0.71755695, 0.6326953, 0.04707944, 0.5321189, 0.19445066, 0.7124493, 0.057056457, 0.0028244348, 0.10051778, 1.0, 0.27335703, 0.99026054, 0.4735682, 0.9908443, 0.36321157] |[0.0, 0.0, 1.0, 0.0, 0.0, 0.0, 0.0, 1.0, 0.0, 0.0, 1.0, 0.0, 1.0, 1.0, 0.0, 1.0, 1.0, 1.0, 1.0, 0.0, 0.0, 1.0, 1.0] |
|      f8 |31 |       1 |    5000 |   50 |  0.25 |standard | sshape3 |   10000 |  9767.0 |  9763.0 |    0,04 |  0,0 |1592654872060 |[1.0, 0.70197767, 0.10520436, 0.75142294, 0.8023953, 0.43972996, 0.14427882, 0.92203915, 0.2787068, 0.31046218, 0.4594527, 0.98144555, 1.0E-12, 0.21771699, 0.8707488, 0.071106926, 0.3464589, 0.852248, 0.16674261, 0.26351607, 0.51279724, 1.0E-12, 0.7972989] |[1.0, 1.0, 1.0, 1.0, 1.0, 1.0, 1.0, 0.0, 1.0, 1.0, 0.0, 0.0, 0.0, 0.0, 0.0, 1.0, 1.0, 0.0, 0.0, 0.0, 0.0, 0.0, 0.0] |
|      f8 |31 |      77 |    5000 |   50 |  0.25 |standard | sshape3 |   10000 |  9767.0 |  9767.0 |    0,00 |0,044 |1592654872060 |[0.98175687, 0.0011255888, 0.57964945, 1.0, 0.7778954, 0.116004996, 0.6458225, 1.0E-12, 1.0E-12, 0.41298938, 0.9976191, 1.0, 0.7073465, 1.0, 0.6598748, 0.28247994, 0.253584, 0.071342625, 0.49043345, 0.6715652, 0.9542766, 0.28580904, 0.05121897] |[0.0, 0.0, 0.0, 1.0, 0.0, 0.0, 1.0, 0.0, 0.0, 1.0, 1.0, 1.0, 1.0, 1.0, 0.0, 1.0, 1.0, 1.0, 0.0, 0.0, 1.0, 1.0, 0.0] |
