| # | Nest | %Desc |#Iter |Instancia | CapMoch |ValOptmo | BestFit |     RDP | time |      semilla |VectorSolucion |
-------------------------------------------------------------------------------------------------
| 1 |   25 |  0.25 | 2500 |      f9 |      80 |   130.0 |   130.0 |    0,00 |-1,6e+09 |1592499539308 |[0.4596452, 0.9112585, 0.8239444, 0.40811437, 0.7169143] |
| 2 |   25 |  0.25 | 2500 |      f9 |      80 |   130.0 |   130.0 |    0,00 |-0,0010 |1592499539310 |[0.99502325, 0.57752484, 0.9478133, 0.33108222, 0.5044055] |
| 3 |   25 |  0.25 | 2500 |      f9 |      80 |   130.0 |   130.0 |    0,00 |-0,0010 |1592499539311 |[0.44884753, 0.24932855, 0.14377064, 0.58039093, 0.45388478] |
| 4 |   25 |  0.25 | 2500 |      f9 |      80 |   130.0 |   130.0 |    0,00 |  0,0 |1592499539312 |[0.33086073, 0.5798635, 0.07287109, 0.25954914, 0.1838358] |
| 5 |   25 |  0.25 | 2500 |      f9 |      80 |   130.0 |   130.0 |    0,00 |  0,0 |1592499539313 |[0.78223765, 0.73942447, 0.28224665, 0.12680918, 0.5515295] |
| 6 |   25 |  0.25 | 2500 |      f9 |      80 |   130.0 |   130.0 |    0,00 |  0,0 |1592499539314 |[0.16236985, 0.5020631, 0.8858117, 0.4932701, 0.09612793] |
| 7 |   25 |  0.25 | 2500 |      f9 |      80 |   130.0 |   130.0 |    0,00 |  0,0 |1592499539315 |[0.6659897, 0.7193554, 0.9151535, 0.95917803, 0.7773986] |
| 8 |   25 |  0.25 | 2500 |      f9 |      80 |   130.0 |   130.0 |    0,00 |-0,0010 |1592499539317 |[0.59849507, 0.020773053, 0.83241814, 0.9803271, 0.46536314] |
| 9 |   25 |  0.25 | 2500 |      f9 |      80 |   130.0 |   130.0 |    0,00 |  0,0 |1592499539318 |[0.99094504, 0.79485786, 0.06593555, 0.39435846, 0.70142514] |
|10 |   25 |  0.25 | 2500 |      f9 |      80 |   130.0 |   130.0 |    0,00 |  0,0 |1592499539319 |[0.25695956, 0.41914576, 0.48605984, 0.1749869, 0.5102978] |
|11 |   25 |  0.25 | 2500 |      f9 |      80 |   130.0 |   130.0 |    0,00 |-0,0010 |1592499539321 |[0.23158288, 0.4667548, 0.9429978, 0.0981285, 0.4322434] |
|12 |   25 |  0.25 | 2500 |      f9 |      80 |   130.0 |   130.0 |    0,00 |-0,0010 |1592499539322 |[0.6852925, 0.8381226, 0.36831474, 0.75574034, 0.2023201] |
|13 |   25 |  0.25 | 2500 |      f9 |      80 |   130.0 |   130.0 |    0,00 |  0,0 |1592499539323 |[0.49005413, 0.64977396, 0.5997595, 0.6804967, 0.78080153] |
|14 |   25 |  0.25 | 2500 |      f9 |      80 |   130.0 |   130.0 |    0,00 |  0,0 |1592499539324 |[0.48143095, 0.4127283, 0.9911253, 0.22954673, 0.76464266] |
|15 |   25 |  0.25 | 2500 |      f9 |      80 |   130.0 |   130.0 |    0,00 |  0,0 |1592499539325 |[0.5172686, 0.26590288, 0.7097204, 0.3250566, 0.58300245] |
