| # | Nest | %Desc |#Iter |Instancia | CapMoch |ValOptmo | BestFit |     RDP | time |      semilla |VectorSolucion |
-------------------------------------------------------------------------------------------------
| 1 |   25 |  0.25 | 2500 |      f6 |      60 |    52.0 |    52.0 |    0,00 |  0,0 |1592496345711 |[0.40002298, 0.111628056, 0.103943884, 0.32166797, 0.2713793, 0.9733248, 0.08135694, 0.72737336, 0.77837676, 0.5366342] |
| 2 |   25 |  0.25 | 2500 |      f6 |      60 |    52.0 |    52.0 |    0,00 |0,0010 |1592496345712 |[0.85223883, 0.5204667, 0.77537584, 0.39923793, 0.53201944, 0.18314475, 0.09240323, 0.44380575, 0.29861474, 0.35771817] |
| 3 |   25 |  0.25 | 2500 |      f6 |      60 |    52.0 |    52.0 |    0,00 |0,0010 |1592496345714 |[0.3873483, 0.116786, 0.97939324, 0.78660464, 0.16929102, 0.28322852, 0.7267892, 0.4757443, 0.26412082, 0.50143385] |
| 4 |   25 |  0.25 | 2500 |      f6 |      60 |    52.0 |    52.0 |    0,00 |0,0010 |1592496345716 |[0.32918632, 0.08970237, 0.9007457, 0.6123253, 0.85080314, 0.8181343, 0.37829888, 0.18715805, 0.963096, 0.14903241] |
| 5 |   25 |  0.25 | 2500 |      f6 |      60 |    52.0 |    52.0 |    0,00 |  0,0 |1592496345718 |[0.025574923, 0.2945832, 0.42632425, 0.99489444, 0.23847795, 0.37468845, 0.22083682, 0.91886175, 0.9400694, 0.48935205] |
| 6 |   25 |  0.25 | 2500 |      f6 |      60 |    52.0 |    52.0 |    0,00 |  0,0 |1592496345719 |[0.11426294, 0.5877259, 0.0887894, 0.40528637, 0.98262554, 0.54289293, 0.9561085, 0.62774396, 0.55274034, 0.7791816] |
| 7 |   25 |  0.25 | 2500 |      f6 |      60 |    52.0 |    52.0 |    0,00 |0,0010 |1592496345720 |[0.577077, 0.52829814, 0.14758813, 0.32468706, 0.15771526, 0.058783233, 0.86603737, 0.38538033, 0.9568335, 0.21721435] |
| 8 |   25 |  0.25 | 2500 |      f6 |      60 |    52.0 |    52.0 |    0,00 |0,0010 |1592496345721 |[0.008835256, 0.8250025, 0.31319612, 0.08417797, 0.7842955, 0.9274322, 0.86337733, 0.38598114, 0.4904421, 0.20839065] |
| 9 |   25 |  0.25 | 2500 |      f6 |      60 |    52.0 |    52.0 |    0,00 |  0,0 |1592496345723 |[0.9527202, 0.03626448, 0.86628914, 0.52786046, 0.9209974, 0.8507319, 0.8344518, 0.34668338, 0.9903175, 0.038374186] |
|10 |   25 |  0.25 | 2500 |      f6 |      60 |    52.0 |    52.0 |    0,00 |0,0010 |1592496345724 |[0.9103173, 0.123265326, 0.1281212, 0.062197864, 0.6310432, 0.24409795, 0.7721873, 0.642105, 0.44955063, 0.6707013] |
|11 |   25 |  0.25 | 2500 |      f6 |      60 |    52.0 |    52.0 |    0,00 |  0,0 |1592496345726 |[0.3620844, 0.6246003, 0.6196308, 0.62685996, 0.25067604, 0.7198403, 0.0143479705, 0.19484913, 0.8603467, 0.72209024] |
|12 |   25 |  0.25 | 2500 |      f6 |      60 |    52.0 |    52.0 |    0,00 |  0,0 |1592496345727 |[0.94576323, 0.17926335, 0.13880575, 4.8667192E-4, 0.23011279, 0.8238649, 0.94942653, 0.67961204, 0.07723725, 0.071044445] |
|13 |   25 |  0.25 | 2500 |      f6 |      60 |    52.0 |    52.0 |    0,00 |0,0010 |1592496345728 |[0.0527637, 0.9224483, 0.25204217, 0.48637515, 0.8566766, 0.28192937, 0.6677384, 0.49790293, 0.6191137, 0.026738644] |
|14 |   25 |  0.25 | 2500 |      f6 |      60 |    52.0 |    52.0 |    0,00 |0,0020 |1592496345730 |[0.45728266, 0.6184825, 0.027976334, 0.21070957, 0.30746603, 0.9785052, 0.9230256, 0.089231014, 0.71824056, 0.12975752] |
|15 |   25 |  0.25 | 2500 |      f6 |      60 |    52.0 |    52.0 |    0,00 |0,0010 |1592496345733 |[0.64478254, 0.37573373, 0.30706805, 0.6325892, 0.24367374, 0.625948, 0.39548486, 0.916064, 0.64978164, 0.22187805] |
