| # | Nest | %Desc |#Iter |Instancia | CapMoch |ValOptmo | BestFit |     RDP | time |      semilla |VectorSolucion |
-------------------------------------------------------------------------------------------------
| 1 |   25 |  0.25 | 2500 |      f1 |     269 |   295.0 |   290.0 |    1,69 |-1,6e+09 |1592509168728 |[0.0076091886, 0.1459943, 0.88705415, 0.39887595, 0.57541525, 0.46074986, 0.8939589, 0.7532995, 0.76963997, 0.21943426] |
| 2 |   25 |  0.25 | 2500 |      f1 |     269 |   295.0 |   290.0 |    1,69 |-0,0010 |1592509169790 |[0.33869052, 0.89125836, 0.5915248, 0.23984128, 0.8337427, 0.7897706, 0.23150402, 0.8713672, 0.33214688, 0.63784647] |
| 3 |   25 |  0.25 | 2500 |      f1 |     269 |   295.0 |   290.0 |    1,69 |  0,0 |1592509170755 |[0.3237148, 0.8946808, 0.2361964, 0.48164338, 0.02967316, 0.16900808, 0.7553439, 0.54787856, 0.80292547, 0.616638] |
| 4 |   25 |  0.25 | 2500 |      f1 |     269 |   295.0 |   290.0 |    1,69 |  0,0 |1592509171702 |[0.1278736, 0.11927134, 0.7106811, 0.33938974, 0.20426935, 0.6721725, 0.7044131, 0.5296325, 0.83104324, 0.80735767] |
| 5 |   25 |  0.25 | 2500 |      f1 |     269 |   295.0 |   290.0 |    1,69 |  0,0 |1592509172647 |[0.8573778, 0.86491084, 0.7782273, 0.7081687, 0.39752293, 0.40383053, 0.9253446, 0.52062047, 0.8240354, 0.8812198] |
| 6 |   25 |  0.25 | 2500 |      f1 |     269 |   295.0 |   290.0 |    1,69 |-0,0010 |1592509173594 |[0.007959962, 0.2992953, 0.44395888, 0.26406276, 0.8262181, 0.6429268, 0.96686983, 0.85788417, 0.5985674, 0.3936643] |
| 7 |   25 |  0.25 | 2500 |      f1 |     269 |   295.0 |   290.0 |    1,69 |  0,0 |1592509174529 |[0.45833772, 0.026269555, 0.8908631, 0.5255619, 0.40865666, 0.7136797, 0.8226855, 0.5298039, 0.08974391, 0.4240787] |
| 8 |   25 |  0.25 | 2500 |      f1 |     269 |   295.0 |   290.0 |    1,69 |-0,0010 |1592509175474 |[0.16825348, 0.9401225, 0.650358, 0.82121384, 0.7628305, 0.12027037, 0.7384904, 0.60701716, 0.7043929, 0.14414144] |
| 9 |   25 |  0.25 | 2500 |      f1 |     269 |   295.0 |   290.0 |    1,69 |  0,0 |1592509176424 |[0.07093996, 0.25379163, 0.58696765, 0.31255418, 0.98783964, 0.2086227, 0.52003866, 0.33902907, 0.7004334, 0.3404212] |
|10 |   25 |  0.25 | 2500 |      f1 |     269 |   295.0 |   290.0 |    1,69 |-0,0010 |1592509177408 |[0.16964519, 0.4393574, 0.8564006, 0.27394217, 0.13824582, 0.6723746, 0.30545932, 0.81141716, 0.18077672, 0.5278339] |
|11 |   25 |  0.25 | 2500 |      f1 |     269 |   295.0 |   290.0 |    1,69 |  0,0 |1592509178366 |[0.0917604, 0.3380285, 0.7900611, 0.07352048, 0.2944767, 0.019525826, 0.6173629, 0.8001449, 0.86161137, 0.8634588] |
|12 |   25 |  0.25 | 2500 |      f1 |     269 |   295.0 |   290.0 |    1,69 |-0,0010 |1592509179303 |[0.023223996, 0.5862633, 0.66239446, 0.9454514, 0.91570646, 0.76729053, 0.6084466, 0.7537769, 0.75506943, 0.1449073] |
|13 |   25 |  0.25 | 2500 |      f1 |     269 |   295.0 |   290.0 |    1,69 |-0,0010 |1592509180254 |[0.90337807, 0.8300192, 0.41128486, 0.46224165, 0.30400574, 0.87044924, 0.2811749, 0.30551493, 0.055069804, 0.924468] |
|14 |   25 |  0.25 | 2500 |      f1 |     269 |   295.0 |   290.0 |    1,69 |-0,0010 |1592509181186 |[0.547946, 0.46022362, 0.36076164, 0.55646133, 0.38416946, 0.21485233, 0.0073361397, 0.75865936, 0.05008763, 0.3083644] |
|15 |   25 |  0.25 | 2500 |      f1 |     269 |   295.0 |   290.0 |    1,69 |-0,0010 |1592509182117 |[0.76246613, 0.23632091, 0.253043, 0.65292287, 0.8156527, 0.6239468, 0.8134846, 0.50965685, 0.5213627, 0.5597184] |
