| # | Nest | %Desc |#Iter |Instancia | CapMoch |ValOptmo | BestFit |     RDP | time |      semilla |VectorSolucion |
-------------------------------------------------------------------------------------------------
| 1 |   35 |0.33333334 | 2500 |      f7 |      50 |   107.0 |    90.0 |   15,89 |-1,6e+09 |1592510589593 |[0.45346868, 0.7711394, 9.6976757E-4, 0.5592677, 0.07138634, 0.16727066, 0.92554] |
| 1 |   35 |0.42857143 | 2500 |      f7 |      50 |   107.0 |    90.0 |   15,89 |-1,6e+09 |1592510589593 |[0.45346868, 0.7711394, 9.6976757E-4, 0.5592677, 0.07138634, 0.16727066, 0.92554] |
| 1 |   35 |0.2857143 | 2500 |      f7 |      50 |   107.0 |    90.0 |   15,89 |-1,6e+09 |1592510589593 |[0.45346868, 0.7711394, 9.6976757E-4, 0.5592677, 0.07138634, 0.16727066, 0.92554] |
| 1 |   35 |0.2857143 | 2500 |      f7 |      50 |   107.0 |    90.0 |   15,89 |-1,6e+09 |1592510589593 |[0.935293, 0.4783125, 0.28987265, 0.2897256, 0.3310629, 0.5080522, 0.8872039] |
| 2 |   35 |0.36666667 | 2500 |      f7 |      50 |   107.0 |    90.0 |   15,89 |  0,0 |1592510590186 |[0.67840385, 0.05700171, 0.19709378, 0.13199544, 0.47217685, 0.42973316, 0.54993504] |
| 2 |   35 |  0.45 | 2500 |      f7 |      50 |   107.0 |    90.0 |   15,89 |  0,0 |1592510590186 |[0.67840385, 0.05700171, 0.19709378, 0.13199544, 0.47217685, 0.42973316, 0.54993504] |
| 2 |   35 |0.34285715 | 2500 |      f7 |      50 |   107.0 |    90.0 |   15,89 |  0,0 |1592510590186 |[0.67840385, 0.05700171, 0.19709378, 0.13199544, 0.47217685, 0.42973316, 0.54993504] |
| 2 |   35 |0.22857143 | 2500 |      f7 |      50 |   107.0 |    90.0 |   15,89 |  0,0 |1592510590186 |[0.67840385, 0.05700171, 0.19709378, 0.13199544, 0.47217685, 0.42973316, 0.54993504] |
| 3 |   35 |   0.2 | 2500 |      f7 |      50 |   107.0 |    90.0 |   15,89 |  0,0 |1592510590778 |[0.36878788, 0.518452, 0.6241979, 0.23997581, 0.7923334, 0.8956935, 0.04881209] |
| 3 |   35 |  0.45 | 2500 |      f7 |      50 |   107.0 |    90.0 |   15,89 |  0,0 |1592510590778 |[0.36878788, 0.518452, 0.6241979, 0.23997581, 0.7923334, 0.8956935, 0.04881209] |
| 3 |   35 |0.42857143 | 2500 |      f7 |      50 |   107.0 |    90.0 |   15,89 |  0,0 |1592510590778 |[0.36878788, 0.518452, 0.6241979, 0.23997581, 0.7923334, 0.8956935, 0.04881209] |
| 3 |   35 |  0.45 | 2500 |      f7 |      50 |   107.0 |    90.0 |   15,89 |  0,0 |1592510590778 |[0.36878788, 0.518452, 0.6241979, 0.23997581, 0.7923334, 0.8956935, 0.04881209] |
| 4 |   35 |   0.4 | 2500 |      f7 |      50 |   107.0 |    90.0 |   15,89 |-0,0020 |1592510591370 |[0.120283544, 0.64086556, 0.17320585, 0.2743351, 0.11470431, 0.8151608, 0.07798505] |
| 4 |   35 |  0.45 | 2500 |      f7 |      50 |   107.0 |    90.0 |   15,89 |-0,0020 |1592510591370 |[0.120283544, 0.64086556, 0.17320585, 0.2743351, 0.11470431, 0.8151608, 0.07798505] |
| 4 |   35 |0.31428573 | 2500 |      f7 |      50 |   107.0 |    90.0 |   15,89 |-0,0020 |1592510591370 |[0.5177715, 0.81970286, 0.3672192, 0.85552853, 0.34168142, 0.050996006, 0.714953] |
| 4 |   35 |0.22857143 | 2500 |      f7 |      50 |   107.0 |    90.0 |   15,89 |-0,0020 |1592510591370 |[0.83488137, 0.15774411, 0.025715351, 0.87535155, 0.020396411, 0.52309763, 0.09212512] |
| 5 |   35 |0.36666667 | 2500 |      f7 |      50 |   107.0 |    90.0 |   15,89 |  0,0 |1592510591960 |[0.011029959, 0.05322039, 0.98111, 0.9443289, 0.3240391, 0.8363851, 0.8769002] |
| 5 |   35 |  0.45 | 2500 |      f7 |      50 |   107.0 |    90.0 |   15,89 |  0,0 |1592510591960 |[0.011029959, 0.05322039, 0.98111, 0.9443289, 0.3240391, 0.8363851, 0.8769002] |
| 5 |   35 |0.42857143 | 2500 |      f7 |      50 |   107.0 |    90.0 |   15,89 |  0,0 |1592510591960 |[0.011029959, 0.05322039, 0.98111, 0.9443289, 0.3240391, 0.8363851, 0.8769002] |
| 5 |   35 |0.37142858 | 2500 |      f7 |      50 |   107.0 |    90.0 |   15,89 |  0,0 |1592510591960 |[0.011029959, 0.05322039, 0.98111, 0.9443289, 0.3240391, 0.8363851, 0.8769002] |
| 6 |   35 |0.43333334 | 2500 |      f7 |      50 |   107.0 |    90.0 |   15,89 |-0,0010 |1592510592556 |[0.017801106, 0.91606975, 0.52915376, 0.47612548, 0.9799821, 0.5002906, 0.19999361] |
| 6 |   35 |  0.45 | 2500 |      f7 |      50 |   107.0 |    90.0 |   15,89 |-0,0010 |1592510592556 |[0.017801106, 0.91606975, 0.52915376, 0.47612548, 0.9799821, 0.5002906, 0.19999361] |
| 6 |   35 |0.34285715 | 2500 |      f7 |      50 |   107.0 |    90.0 |   15,89 |-0,0010 |1592510592556 |[0.017801106, 0.91606975, 0.52915376, 0.47612548, 0.9799821, 0.5002906, 0.19999361] |
| 6 |   35 |0.37142858 | 2500 |      f7 |      50 |   107.0 |    90.0 |   15,89 |-0,0010 |1592510592556 |[0.017801106, 0.91606975, 0.52915376, 0.47612548, 0.9799821, 0.5002906, 0.19999361] |
| 7 |   35 |0.36666667 | 2500 |      f7 |      50 |   107.0 |    90.0 |   15,89 |  0,0 |1592510593149 |[0.22389942, 0.35993195, 0.89585525, 0.3763489, 0.98345417, 0.64804864, 0.8135002] |
| 7 |   35 |  0.45 | 2500 |      f7 |      50 |   107.0 |    90.0 |   15,89 |  0,0 |1592510593149 |[0.22389942, 0.35993195, 0.89585525, 0.3763489, 0.98345417, 0.64804864, 0.8135002] |
| 7 |   35 |  0.45 | 2500 |      f7 |      50 |   107.0 |    90.0 |   15,89 |  0,0 |1592510593149 |[0.22389942, 0.35993195, 0.89585525, 0.3763489, 0.98345417, 0.64804864, 0.8135002] |
| 7 |   35 |  0.45 | 2500 |      f7 |      50 |   107.0 |    90.0 |   15,89 |  0,0 |1592510593149 |[0.22389942, 0.35993195, 0.89585525, 0.3763489, 0.98345417, 0.64804864, 0.8135002] |
| 8 |   35 |   0.2 | 2500 |      f7 |      50 |   107.0 |    90.0 |   15,89 |  0,0 |1592510593743 |[0.29873204, 0.7047487, 0.14276594, 0.8665969, 0.3935213, 0.47559685, 0.2957148] |
| 8 |   35 |  0.45 | 2500 |      f7 |      50 |   107.0 |    90.0 |   15,89 |  0,0 |1592510593743 |[0.29873204, 0.7047487, 0.14276594, 0.8665969, 0.3935213, 0.47559685, 0.2957148] |
| 8 |   35 |0.37142858 | 2500 |      f7 |      50 |   107.0 |    90.0 |   15,89 |  0,0 |1592510593743 |[0.29873204, 0.7047487, 0.14276594, 0.8665969, 0.3935213, 0.47559685, 0.2957148] |
| 8 |   35 |0.37142858 | 2500 |      f7 |      50 |   107.0 |    90.0 |   15,89 |  0,0 |1592510593743 |[0.29873204, 0.7047487, 0.14276594, 0.8665969, 0.3935213, 0.47559685, 0.2957148] |
| 9 |   35 |   0.3 | 2500 |      f7 |      50 |   107.0 |    90.0 |   15,89 |  0,0 |1592510594337 |[0.6853447, 0.24879992, 0.34582448, 0.9511351, 0.8392305, 0.70670944, 0.3218708] |
| 9 |   35 |  0.45 | 2500 |      f7 |      50 |   107.0 |    90.0 |   15,89 |  0,0 |1592510594337 |[0.6853447, 0.24879992, 0.34582448, 0.9511351, 0.8392305, 0.70670944, 0.3218708] |
| 9 |   35 |0.37142858 | 2500 |      f7 |      50 |   107.0 |    90.0 |   15,89 |  0,0 |1592510594337 |[0.6853447, 0.24879992, 0.34582448, 0.9511351, 0.8392305, 0.70670944, 0.3218708] |
| 9 |   35 |0.31428573 | 2500 |      f7 |      50 |   107.0 |    90.0 |   15,89 |  0,0 |1592510594337 |[0.6853447, 0.24879992, 0.34582448, 0.9511351, 0.8392305, 0.70670944, 0.3218708] |
|10 |   35 |0.33333334 | 2500 |      f7 |      50 |   107.0 |    90.0 |   15,89 |-0,0010 |1592510594931 |[0.8386881, 0.85151863, 0.14397854, 0.18291157, 0.08685309, 0.74919116, 0.928488] |
|10 |   35 |  0.45 | 2500 |      f7 |      50 |   107.0 |    90.0 |   15,89 |-0,0010 |1592510594931 |[0.8386881, 0.85151863, 0.14397854, 0.18291157, 0.08685309, 0.74919116, 0.928488] |
|10 |   35 |0.2857143 | 2500 |      f7 |      50 |   107.0 |    90.0 |   15,89 |-0,0010 |1592510594931 |[0.8386881, 0.85151863, 0.14397854, 0.18291157, 0.08685309, 0.74919116, 0.928488] |
|10 |   35 |0.37142858 | 2500 |      f7 |      50 |   107.0 |    90.0 |   15,89 |-0,0010 |1592510594931 |[0.8386881, 0.85151863, 0.14397854, 0.18291157, 0.08685309, 0.74919116, 0.928488] |
|11 |   35 |0.33333334 | 2500 |      f7 |      50 |   107.0 |    90.0 |   15,89 |-0,0010 |1592510595533 |[0.5560633, 0.23177809, 0.44793564, 0.03546828, 0.20544058, 0.2515561, 0.2969538] |
|11 |   35 |  0.45 | 2500 |      f7 |      50 |   107.0 |    90.0 |   15,89 |-0,0010 |1592510595533 |[0.5560633, 0.23177809, 0.44793564, 0.03546828, 0.20544058, 0.2515561, 0.2969538] |
|11 |   35 |0.42857143 | 2500 |      f7 |      50 |   107.0 |    90.0 |   15,89 |-0,0010 |1592510595533 |[0.5560633, 0.23177809, 0.44793564, 0.03546828, 0.20544058, 0.2515561, 0.2969538] |
|11 |   35 |0.31428573 | 2500 |      f7 |      50 |   107.0 |    90.0 |   15,89 |-0,0010 |1592510595533 |[0.5560633, 0.23177809, 0.44793564, 0.03546828, 0.20544058, 0.2515561, 0.2969538] |
|12 |   35 |0.33333334 | 2500 |      f7 |      50 |   107.0 |    90.0 |   15,89 |  0,0 |1592510596123 |[0.27254856, 0.8913495, 0.3366863, 0.36958605, 0.21017396, 0.32203734, 0.9584485] |
|12 |   35 |0.37142858 | 2500 |      f7 |      50 |   107.0 |    90.0 |   15,89 |  0,0 |1592510596123 |[0.82242465, 0.38280004, 0.8547284, 0.6522382, 0.8760194, 0.36081904, 0.5239932] |
|12 |   35 |   0.4 | 2500 |      f7 |      50 |   107.0 |    90.0 |   15,89 |  0,0 |1592510596123 |[0.82242465, 0.38280004, 0.8547284, 0.6522382, 0.8760194, 0.36081904, 0.5239932] |
|12 |   35 |0.34285715 | 2500 |      f7 |      50 |   107.0 |    90.0 |   15,89 |  0,0 |1592510596123 |[0.82242465, 0.38280004, 0.8547284, 0.6522382, 0.8760194, 0.36081904, 0.5239932] |
|13 |   35 |   0.4 | 2500 |      f7 |      50 |   107.0 |    90.0 |   15,89 |-0,0010 |1592510596744 |[0.70583755, 0.04724115, 0.47547203, 0.07346386, 0.6316644, 0.5521344, 0.8470532] |
|13 |   35 |  0.45 | 2500 |      f7 |      50 |   107.0 |    90.0 |   15,89 |-0,0010 |1592510596744 |[0.5213591, 0.8586362, 0.07846165, 0.9947381, 0.015035808, 0.12787092, 0.82231635] |
|13 |   35 |0.31428573 | 2500 |      f7 |      50 |   107.0 |    90.0 |   15,89 |-0,0010 |1592510596744 |[0.5213591, 0.8586362, 0.07846165, 0.9947381, 0.015035808, 0.12787092, 0.82231635] |
|13 |   35 |0.34285715 | 2500 |      f7 |      50 |   107.0 |    90.0 |   15,89 |-0,0010 |1592510596744 |[0.5213591, 0.8586362, 0.07846165, 0.9947381, 0.015035808, 0.12787092, 0.82231635] |
|14 |   35 |   0.2 | 2500 |      f7 |      50 |   107.0 |    90.0 |   15,89 |  0,0 |1592510597459 |[0.18586904, 0.017350793, 0.5091421, 0.20733869, 0.19503504, 0.7581131, 0.66662186] |
|14 |   35 |  0.45 | 2500 |      f7 |      50 |   107.0 |    90.0 |   15,89 |  0,0 |1592510597459 |[0.18586904, 0.017350793, 0.5091421, 0.20733869, 0.19503504, 0.7581131, 0.66662186] |
|14 |   35 |  0.45 | 2500 |      f7 |      50 |   107.0 |    90.0 |   15,89 |  0,0 |1592510597459 |[0.40963197, 0.27630293, 0.56170934, 0.49824482, 0.51218814, 0.3660099, 0.39077353] |
|14 |   35 |0.22857143 | 2500 |      f7 |      50 |   107.0 |    90.0 |   15,89 |  0,0 |1592510597459 |[0.40963197, 0.27630293, 0.56170934, 0.49824482, 0.51218814, 0.3660099, 0.39077353] |
|15 |   35 |0.43333334 | 2500 |      f7 |      50 |   107.0 |    90.0 |   15,89 |  0,0 |1592510598054 |[0.023873389, 0.69980335, 0.20394075, 0.4563468, 0.24348539, 0.95289177, 0.45258552] |
|15 |   35 |  0.45 | 2500 |      f7 |      50 |   107.0 |    90.0 |   15,89 |  0,0 |1592510598054 |[0.023873389, 0.69980335, 0.20394075, 0.4563468, 0.24348539, 0.95289177, 0.45258552] |
|15 |   35 |0.42857143 | 2500 |      f7 |      50 |   107.0 |    90.0 |   15,89 |  0,0 |1592510598054 |[0.14683372, 0.12504268, 0.82457584, 0.08126247, 0.2508207, 0.012251198, 0.21409243] |
|15 |   35 |0.37142858 | 2500 |      f7 |      50 |   107.0 |    90.0 |   15,89 |  0,0 |1592510598054 |[0.14683372, 0.12504268, 0.82457584, 0.08126247, 0.2508207, 0.012251198, 0.21409243] |
