| # | Nest | %Desc |#Iter |Instancia | CapMoch |ValOptmo | BestFit |     RDP | time |      semilla |VectorSolucion |
-------------------------------------------------------------------------------------------------
| 1 |   25 |  0.25 | 2500 |      f3 |      20 |    35.0 |    35.0 |    0,00 |  0,0 |1592496220823 |[0.110571325, 0.99990284, 0.4702196, 0.9069866] |
| 2 |   25 |  0.25 | 2500 |      f3 |      20 |    35.0 |    35.0 |    0,00 |  0,0 |1592496220827 |[0.86363983, 0.14193642, 0.22049195, 0.2586068] |
| 3 |   25 |  0.25 | 2500 |      f3 |      20 |    35.0 |    35.0 |    0,00 |  0,0 |1592496220831 |[0.004705906, 0.31847823, 0.10153687, 0.112748206] |
| 4 |   25 |  0.25 | 2500 |      f3 |      20 |    35.0 |    35.0 |    0,00 |  0,0 |1592496220834 |[0.5928504, 0.847617, 0.6747537, 0.47478306] |
| 5 |   25 |  0.25 | 2500 |      f3 |      20 |    35.0 |    35.0 |    0,00 |  0,0 |1592496220836 |[0.105507076, 0.8308237, 0.051275373, 0.5061878] |
| 6 |   25 |  0.25 | 2500 |      f3 |      20 |    35.0 |    35.0 |    0,00 |0,0010 |1592496220838 |[0.8100112, 0.48057508, 0.022743762, 0.40489042] |
| 7 |   25 |  0.25 | 2500 |      f3 |      20 |    35.0 |    35.0 |    0,00 |0,0010 |1592496220840 |[0.73846877, 0.5497825, 0.1332215, 0.5671398] |
| 8 |   25 |  0.25 | 2500 |      f3 |      20 |    35.0 |    35.0 |    0,00 |  0,0 |1592496220842 |[0.30216253, 0.867822, 0.9568967, 0.10022265] |
| 9 |   25 |  0.25 | 2500 |      f3 |      20 |    35.0 |    35.0 |    0,00 |0,0010 |1592496220844 |[0.23075563, 0.789522, 0.78300893, 0.77728635] |
|10 |   25 |  0.25 | 2500 |      f3 |      20 |    35.0 |    35.0 |    0,00 |  0,0 |1592496220847 |[0.33185506, 0.93559176, 0.27548343, 0.6615625] |
|11 |   25 |  0.25 | 2500 |      f3 |      20 |    35.0 |    35.0 |    0,00 |0,0010 |1592496220848 |[0.7128382, 0.58094615, 0.98261905, 0.8870673] |
|12 |   25 |  0.25 | 2500 |      f3 |      20 |    35.0 |    35.0 |    0,00 |  0,0 |1592496220850 |[0.19006371, 0.02254355, 0.64441854, 0.24517483] |
|13 |   25 |  0.25 | 2500 |      f3 |      20 |    35.0 |    35.0 |    0,00 |0,0010 |1592496220851 |[0.17400849, 0.7569623, 0.50400037, 0.17525315] |
|14 |   25 |  0.25 | 2500 |      f3 |      20 |    35.0 |    35.0 |    0,00 |  0,0 |1592496220853 |[0.95511353, 0.17982996, 0.24697453, 0.35135716] |
|15 |   25 |  0.25 | 2500 |      f3 |      20 |    35.0 |    35.0 |    0,00 |0,0010 |1592496220854 |[0.09548557, 0.7820738, 0.43058312, 0.3929839] |
