| # | Nest | %Desc |#Iter |Instancia | CapMoch |ValOptmo | BestFit |     RDP | time |      semilla |VectorSolucion |
-------------------------------------------------------------------------------------------------
| 1 |   25 |  0.25 | 2500 |      f1 |     269 |   295.0 |   290.0 |    1,69 |-1,6e+09 |1592512486633 |[0.70755196, 0.50256234, 0.19489968, 0.2516458, 0.77389413, 0.55402595, 0.8345195, 0.50795615, 0.38290256, 0.5859024] |
| 1 |   40 |  0.45 | 2500 |      f1 |     269 |   295.0 |   290.0 |    1,69 |  1,0 |1592512486633 |[0.70755196, 0.50256234, 0.19489968, 0.2516458, 0.77389413, 0.55402595, 0.8345195, 0.50795615, 0.38290256, 0.5859024] |
| 2 |   25 |  0.25 | 2500 |      f1 |     269 |   295.0 |   290.0 |    1,69 |-0,0020 |1592512487646 |[0.14383543, 0.9151919, 0.4104048, 0.18197751, 0.8015821, 0.09537798, 0.5096605, 5.8710575E-5, 0.30763674, 0.40401775] |
| 2 |   40 |  0.45 | 2500 |      f1 |     269 |   295.0 |   290.0 |    1,69 | 0,95 |1592512487646 |[0.14383543, 0.9151919, 0.4104048, 0.18197751, 0.8015821, 0.09537798, 0.5096605, 5.8710575E-5, 0.30763674, 0.40401775] |
| 3 |   25 |  0.25 | 2500 |      f1 |     269 |   295.0 |   290.0 |    1,69 |-0,0010 |1592512488598 |[0.36917943, 0.23185492, 0.86798847, 0.45910007, 0.8919372, 0.22050118, 0.060120225, 0.07379061, 0.022877336, 0.6064703] |
| 3 |   40 |  0.45 | 2500 |      f1 |     269 |   295.0 |   290.0 |    1,69 | 0,94 |1592512488598 |[0.23794752, 0.8180146, 0.78301495, 0.730633, 0.3492012, 0.73885185, 0.5308553, 0.039853573, 0.66901064, 0.51524884] |
| 4 |   25 |  0.25 | 2500 |      f1 |     269 |   295.0 |   290.0 |    1,69 |-0,0010 |1592512489535 |[0.87977695, 0.84527564, 0.0028730035, 0.9777484, 0.5974549, 0.06255144, 0.7519936, 0.75028354, 0.21249694, 0.11466169] |
| 4 |   40 |  0.45 | 2500 |      f1 |     269 |   295.0 |   290.0 |    1,69 | 0,94 |1592512489535 |[0.13866812, 0.30031765, 0.77990663, 0.8382881, 0.15415066, 0.021863878, 0.06909877, 0.4478053, 0.716619, 0.6046137] |
| 5 |   25 |  0.25 | 2500 |      f1 |     269 |   295.0 |   290.0 |    1,69 |-0,0010 |1592512490474 |[0.013082862, 0.06890839, 0.62742424, 0.038449526, 0.006523788, 0.7556669, 0.55187947, 0.27534515, 0.35757512, 0.44214457] |
| 5 |   40 |  0.45 | 2500 |      f1 |     269 |   295.0 |   290.0 |    1,69 | 0,93 |1592512490474 |[0.3843534, 0.9244315, 0.7133464, 0.87173647, 0.8817539, 0.99857235, 0.7980075, 0.63996303, 0.6443332, 0.3775149] |
| 6 |   25 |  0.25 | 2500 |      f1 |     269 |   295.0 |   290.0 |    1,69 |-0,0010 |1592512491407 |[0.6909622, 0.6114986, 0.12645024, 0.15507871, 0.5655693, 0.3376429, 0.38737226, 0.5588188, 0.6779189, 0.051444232] |
| 6 |   40 |  0.45 | 2500 |      f1 |     269 |   295.0 |   290.0 |    1,69 | 0,93 |1592512491407 |[0.6909622, 0.6114986, 0.12645024, 0.15507871, 0.5655693, 0.3376429, 0.38737226, 0.5588188, 0.6779189, 0.051444232] |
| 7 |   25 |  0.25 | 2500 |      f1 |     269 |   295.0 |   290.0 |    1,69 |-0,0010 |1592512492333 |[0.8881457, 0.24773026, 0.9230919, 0.63028157, 0.782511, 0.13586938, 0.55623204, 0.17889059, 0.67065775, 0.082220554] |
| 7 |   40 |  0.45 | 2500 |      f1 |     269 |   295.0 |   290.0 |    1,69 | 0,93 |1592512492333 |[0.78625876, 0.5262479, 0.85543406, 0.26088047, 0.34161663, 0.25514275, 0.8435847, 0.3694572, 0.46224326, 0.65211433] |
| 8 |   25 |  0.25 | 2500 |      f1 |     269 |   295.0 |   290.0 |    1,69 |  0,0 |1592512493261 |[0.64855105, 0.35439903, 0.1554107, 0.43921995, 0.91790825, 0.81441253, 0.6672123, 0.10946041, 0.85047704, 0.4931519] |
| 8 |   40 |  0.45 | 2500 |      f1 |     269 |   295.0 |   290.0 |    1,69 | 0,94 |1592512493261 |[0.057230353, 0.47461474, 0.19635504, 0.22380418, 0.9416134, 0.6196293, 0.4915576, 0.7868901, 0.4727595, 0.73780555] |
| 9 |   25 |  0.25 | 2500 |      f1 |     269 |   295.0 |   290.0 |    1,69 |-0,0010 |1592512494200 |[0.28761804, 0.5428886, 0.008273661, 0.52629066, 0.0147771835, 0.19570416, 0.6654348, 0.255498, 0.18113065, 0.25186968] |
| 9 |   40 |  0.45 | 2500 |      f1 |     269 |   295.0 |   290.0 |    1,69 | 0,93 |1592512494200 |[0.8909792, 0.13925725, 0.44067615, 0.7513239, 0.99469304, 0.5976655, 0.29803282, 0.89151895, 0.4217093, 0.1905142] |
|10 |   25 |  0.25 | 2500 |      f1 |     269 |   295.0 |   290.0 |    1,69 |-0,0010 |1592512495133 |[0.46286082, 0.96160454, 0.9011318, 0.6606921, 0.09637672, 0.9169339, 0.29823214, 0.11412543, 0.6146671, 0.7171629] |
|10 |   40 |  0.45 | 2500 |      f1 |     269 |   295.0 |   290.0 |    1,69 | 0,93 |1592512495133 |[0.46286082, 0.96160454, 0.9011318, 0.6606921, 0.09637672, 0.9169339, 0.29823214, 0.11412543, 0.6146671, 0.7171629] |
|11 |   25 |  0.25 | 2500 |      f1 |     269 |   295.0 |   290.0 |    1,69 |  0,0 |1592512496065 |[0.8110313, 0.537641, 0.8846843, 0.7192066, 0.26749867, 0.652897, 0.71376985, 0.62998194, 0.79959625, 0.099069536] |
|11 |   40 |  0.45 | 2500 |      f1 |     269 |   295.0 |   290.0 |    1,69 | 0,93 |1592512496065 |[0.6367443, 0.41227955, 0.5254798, 0.9083745, 0.6909507, 0.5449201, 0.75413084, 0.6023194, 0.13658082, 0.69591403] |
|12 |   25 |  0.25 | 2500 |      f1 |     269 |   295.0 |   290.0 |    1,69 |-0,0010 |1592512496996 |[0.89651513, 0.5484955, 0.3342138, 0.11467463, 0.45488518, 0.986294, 0.30385512, 0.93922675, 0.32960463, 0.6932789] |
|12 |   40 |  0.45 | 2500 |      f1 |     269 |   295.0 |   290.0 |    1,69 | 0,92 |1592512496996 |[0.6764307, 0.05966699, 0.7304203, 0.30428255, 0.5706179, 0.29762155, 0.11369711, 0.31650925, 0.61308384, 0.24721557] |
|13 |   25 |  0.25 | 2500 |      f1 |     269 |   295.0 |   290.0 |    1,69 |-0,0010 |1592512497917 |[0.119847536, 0.04879886, 0.94315827, 0.88431627, 0.45714664, 0.496418, 0.25866383, 0.38059485, 0.07389921, 0.765003] |
|13 |   40 |  0.45 | 2500 |      f1 |     269 |   295.0 |   290.0 |    1,69 | 0,92 |1592512497917 |[0.9165019, 0.18830329, 0.45532906, 0.81678754, 0.15156174, 0.44052595, 0.42260975, 0.26325852, 0.3524422, 0.47847694] |
|14 |   25 |  0.25 | 2500 |      f1 |     269 |   295.0 |   290.0 |    1,69 |-0,0010 |1592512498840 |[0.24188411, 0.71755743, 0.5440288, 0.5202041, 0.8743822, 0.6067237, 0.7845936, 0.09980428, 0.95721066, 0.10199654] |
|14 |   40 |  0.45 | 2500 |      f1 |     269 |   295.0 |   290.0 |    1,69 | 0,92 |1592512498840 |[0.07316595, 0.4004683, 0.23467731, 0.4504509, 0.6734541, 0.25038284, 0.3285526, 0.3307925, 0.05962324, 0.4542688] |
|15 |   25 |  0.25 | 2500 |      f1 |     269 |   295.0 |   290.0 |    1,69 |-0,0010 |1592512499758 |[0.553371, 0.96972483, 0.62686825, 0.3384214, 0.07074529, 0.43808293, 0.19897312, 0.8241025, 0.35563666, 0.94799787] |
|15 |   40 |  0.45 | 2500 |      f1 |     269 |   295.0 |   290.0 |    1,69 | 0,92 |1592512499758 |[0.553371, 0.96972483, 0.62686825, 0.3384214, 0.07074529, 0.43808293, 0.19897312, 0.8241025, 0.35563666, 0.94799787] |
