| # | Nest | %Desc |#Iter |Instancia | CapMoch |ValOptmo | BestFit |     RDP | time |      semilla |VectorSolucion |
-------------------------------------------------------------------------------------------------
| 1 |   50 |  0.25 | 5000 |     f10 |     879 |  1025.0 |  1025.0 |    0,00 |-1,6e+09 |1592532591613 |[0.43852714, 0.7244199, 0.82696897, 0.13562632, 0.34497368, 0.17565583, 0.89230996, 0.43542016, 0.103728466, 0.30942538, 0.81313765, 0.09703968, 0.35078782, 0.39987177, 0.14790651, 0.37594956, 0.3130405, 0.52404493, 0.051983844, 0.24448553] |
| 1 |   50 |  0.25 | 5000 |     f10 |     879 |  1025.0 |  1025.0 |    0,00 |0,0010 |1592532591613 |[0.43852714, 0.7244199, 0.82696897, 0.13562632, 0.34497368, 0.17565583, 0.89230996, 0.43542016, 0.103728466, 0.30942538, 0.81313765, 0.09703968, 0.35078782, 0.39987177, 0.14790651, 0.37594956, 0.3130405, 0.52404493, 0.051983844, 0.24448553] |
| 2 |   50 |  0.25 | 5000 |     f10 |     879 |  1025.0 |  1025.0 |    0,00 |-0,0010 |1592532591615 |[0.9717128, 0.90725625, 1.0, 0.5789426, 0.5259423, 0.19479388, 0.7747712, 1.0, 1.0, 0.86798745, 0.23394793, 0.50632477, 0.14652863, 0.45026442, 0.77114516, 1.0, 0.032689363, 0.69734454, 0.2341736, 0.38200808] |
| 2 |   50 |  0.25 | 5000 |     f10 |     879 |  1025.0 |  1025.0 |    0,00 |0,0010 |1592532591615 |[0.9717128, 0.90725625, 1.0, 0.5789426, 0.5259423, 0.19479388, 0.7747712, 1.0, 1.0, 0.86798745, 0.23394793, 0.50632477, 0.14652863, 0.45026442, 0.77114516, 1.0, 0.032689363, 0.69734454, 0.2341736, 0.38200808] |
| 3 |   50 |  0.25 | 5000 |     f10 |     879 |  1025.0 |  1019.0 |    0,59 |  0,0 |1592532591616 |[0.44612524, 0.9419718, 0.6062044, 0.26631227, 0.73167115, 0.7883812, 0.17564803, 0.85546327, 0.3821821, 0.029282408, 0.8257854, 0.47099712, 0.9634365, 0.8977537, 0.08702757, 0.48728406, 0.5064144, 0.4614288, 0.8727046, 0.23332334] |
| 3 |   50 |  0.25 | 5000 |     f10 |     879 |  1025.0 |  1025.0 |    0,00 |0,0010 |1592532591616 |[0.0873751, 0.7587062, 0.031989016, 0.8860721, 0.080218256, 0.21224053, 0.7750728, 0.9714079, 0.64355826, 0.32511747, 0.70235497, 0.9323841, 0.927801, 0.47538096, 0.67826724, 0.43448818, 0.39651552, 0.33491334, 0.42645547, 0.53809017] |
| 4 |   50 |  0.25 | 5000 |     f10 |     879 |  1025.0 |  1025.0 |    0,00 |  0,0 |1592532591617 |[1.0E-12, 0.34332192, 0.72888756, 0.12249608, 0.9079919, 0.8646499, 0.5711075, 0.9858709, 0.7272728, 0.48982275, 0.33637103, 0.63109106, 0.8693356, 0.93354565, 0.4837908, 0.79658455, 0.43635088, 0.457896, 1.0, 0.24399507] |
| 4 |   50 |  0.25 | 5000 |     f10 |     879 |  1025.0 |  1025.0 |    0,00 |0,0010 |1592532591617 |[1.0E-12, 0.34332192, 0.72888756, 0.12249608, 0.9079919, 0.8646499, 0.5711075, 0.9858709, 0.7272728, 0.48982275, 0.33637103, 0.63109106, 0.8693356, 0.93354565, 0.4837908, 0.79658455, 0.43635088, 0.457896, 1.0, 0.24399507] |
| 5 |   50 |  0.25 | 5000 |     f10 |     879 |  1025.0 |  1025.0 |    0,00 |-0,0010 |1592532591619 |[0.63982135, 1.0, 0.6471227, 0.8498958, 0.6687859, 0.6524836, 1.0E-12, 1.0, 1.0E-12, 0.370587, 0.6198491, 0.36541972, 0.21764733, 0.38272676, 0.7038259, 0.54641753, 8.3976984E-4, 1.0, 0.9367119, 0.31231642] |
| 5 |   50 |  0.25 | 5000 |     f10 |     879 |  1025.0 |  1025.0 |    0,00 |0,0010 |1592532591619 |[0.63982135, 1.0, 0.6471227, 0.8498958, 0.6687859, 0.6524836, 1.0E-12, 1.0, 1.0E-12, 0.370587, 0.6198491, 0.36541972, 0.21764733, 0.38272676, 0.7038259, 0.54641753, 8.3976984E-4, 1.0, 0.9367119, 0.31231642] |
| 6 |   50 |  0.25 | 5000 |     f10 |     879 |  1025.0 |  1019.0 |    0,59 |  0,0 |1592532591620 |[1.0, 0.046470415, 0.846466, 1.0E-12, 0.9739205, 0.8453168, 0.6087059, 0.5902131, 0.60191935, 0.30339658, 0.7988418, 0.5261508, 0.25828344, 0.65289843, 0.27473944, 0.47324353, 0.26700005, 0.8681547, 0.07194701, 0.41038346] |
| 6 |   50 |  0.25 | 5000 |     f10 |     879 |  1025.0 |  1025.0 |    0,00 |0,0010 |1592532591620 |[0.26494148, 0.25702435, 0.94916195, 0.13934441, 0.9184569, 0.99979156, 1.0E-12, 0.901081, 0.7647798, 0.71603906, 0.6378161, 0.8767304, 0.44644615, 1.0, 1.0E-12, 0.7628967, 1.0E-12, 0.3526138, 1.0, 0.9790596] |
| 7 |   50 |  0.25 | 5000 |     f10 |     879 |  1025.0 |  1025.0 |    0,00 |  0,0 |1592532591621 |[0.20146006, 0.1704908, 0.39247572, 0.40537208, 0.73917985, 0.26207298, 0.611991, 0.4920994, 0.58365273, 0.51486176, 0.34325606, 0.9392769, 0.86781067, 0.8238103, 0.3324132, 0.52947813, 0.044198036, 0.38750345, 0.18373722, 0.02892679] |
| 7 |   50 |  0.25 | 5000 |     f10 |     879 |  1025.0 |  1025.0 |    0,00 |0,0010 |1592532591621 |[0.20146006, 0.1704908, 0.39247572, 0.40537208, 0.73917985, 0.26207298, 0.611991, 0.4920994, 0.58365273, 0.51486176, 0.34325606, 0.9392769, 0.86781067, 0.8238103, 0.3324132, 0.52947813, 0.044198036, 0.38750345, 0.18373722, 0.02892679] |
| 8 |   50 |  0.25 | 5000 |     f10 |     879 |  1025.0 |  1025.0 |    0,00 |-0,0010 |1592532591623 |[0.24796869, 0.58400184, 0.43856373, 0.86049587, 0.51712894, 0.4613962, 0.07106917, 0.4742638, 0.9780232, 0.6880107, 0.29528606, 0.74995816, 0.7955793, 0.4901328, 0.13517706, 0.34718567, 0.32082945, 0.1060472, 0.7870117, 0.8558279] |
| 8 |   50 |  0.25 | 5000 |     f10 |     879 |  1025.0 |  1025.0 |    0,00 |0,0010 |1592532591623 |[0.24796869, 0.58400184, 0.43856373, 0.86049587, 0.51712894, 0.4613962, 0.07106917, 0.4742638, 0.9780232, 0.6880107, 0.29528606, 0.74995816, 0.7955793, 0.4901328, 0.13517706, 0.34718567, 0.32082945, 0.1060472, 0.7870117, 0.8558279] |
| 9 |   50 |  0.25 | 5000 |     f10 |     879 |  1025.0 |  1025.0 |    0,00 |  0,0 |1592532591624 |[0.41430938, 0.84439695, 0.97866565, 0.4132058, 0.75831366, 0.2344597, 0.77100605, 0.99199563, 0.48479557, 0.6692397, 0.88676524, 0.09961915, 0.86584026, 0.049982786, 0.9598914, 0.5848275, 0.91095906, 0.9957953, 0.6903029, 0.6396804] |
| 9 |   50 |  0.25 | 5000 |     f10 |     879 |  1025.0 |  1025.0 |    0,00 |0,0010 |1592532591624 |[0.41430938, 0.84439695, 0.97866565, 0.4132058, 0.75831366, 0.2344597, 0.77100605, 0.99199563, 0.48479557, 0.6692397, 0.88676524, 0.09961915, 0.86584026, 0.049982786, 0.9598914, 0.5848275, 0.91095906, 0.9957953, 0.6903029, 0.6396804] |
|10 |   50 |  0.25 | 5000 |     f10 |     879 |  1025.0 |  1025.0 |    0,00 |  0,0 |1592532591625 |[0.8220469, 0.8514644, 0.97813296, 0.78654474, 0.45029742, 0.32699537, 0.31169206, 0.31204686, 0.9758299, 0.6721387, 0.6785685, 0.3396183, 0.6733984, 0.9924387, 0.7639929, 0.7486953, 0.08050635, 0.865433, 0.20014153, 0.25753278] |
|10 |   50 |  0.25 | 5000 |     f10 |     879 |  1025.0 |  1025.0 |    0,00 |0,0010 |1592532591625 |[0.8220469, 0.8514644, 0.97813296, 0.78654474, 0.45029742, 0.32699537, 0.31169206, 0.31204686, 0.9758299, 0.6721387, 0.6785685, 0.3396183, 0.6733984, 0.9924387, 0.7639929, 0.7486953, 0.08050635, 0.865433, 0.20014153, 0.25753278] |
|11 |   50 |  0.25 | 5000 |     f10 |     879 |  1025.0 |  1025.0 |    0,00 |  0,0 |1592532591626 |[0.5235608, 0.6314911, 0.61411536, 0.45899016, 0.8707031, 0.12592703, 0.18583006, 0.54806834, 0.8591305, 0.6497384, 0.84323424, 0.4459316, 0.34890515, 0.4995736, 0.88231283, 0.7914789, 0.1561696, 0.59823257, 0.56988615, 0.02597928] |
|11 |   50 |  0.25 | 5000 |     f10 |     879 |  1025.0 |  1025.0 |    0,00 |0,0010 |1592532591626 |[0.5235608, 0.6314911, 0.61411536, 0.45899016, 0.8707031, 0.12592703, 0.18583006, 0.54806834, 0.8591305, 0.6497384, 0.84323424, 0.4459316, 0.34890515, 0.4995736, 0.88231283, 0.7914789, 0.1561696, 0.59823257, 0.56988615, 0.02597928] |
|12 |   50 |  0.25 | 5000 |     f10 |     879 |  1025.0 |  1025.0 |    0,00 |  0,0 |1592532591627 |[0.2698758, 0.83986574, 0.08538196, 0.6230148, 0.109591655, 0.4220223, 0.64810705, 0.5629144, 0.11005954, 0.41422054, 0.45121068, 0.72469985, 0.6884359, 0.28417253, 0.8935419, 0.40874445, 0.9734145, 0.07958267, 0.18654038, 0.3295959] |
|12 |   50 |  0.25 | 5000 |     f10 |     879 |  1025.0 |  1025.0 |    0,00 |0,0010 |1592532591627 |[0.2698758, 0.83986574, 0.08538196, 0.6230148, 0.109591655, 0.4220223, 0.64810705, 0.5629144, 0.11005954, 0.41422054, 0.45121068, 0.72469985, 0.6884359, 0.28417253, 0.8935419, 0.40874445, 0.9734145, 0.07958267, 0.18654038, 0.3295959] |
|13 |   50 |  0.25 | 5000 |     f10 |     879 |  1025.0 |  1025.0 |    0,00 |  0,0 |1592532591628 |[0.59980464, 0.51607084, 0.88706976, 0.99064124, 0.44566166, 0.55737317, 0.2625804, 0.0927778, 0.23205629, 0.25895333, 0.8119638, 1.0E-12, 0.06557611, 0.040195953, 1.0, 0.24808678, 1.0, 0.44903934, 1.0, 0.76575136] |
|13 |   50 |  0.25 | 5000 |     f10 |     879 |  1025.0 |  1025.0 |    0,00 |0,0010 |1592532591628 |[0.59980464, 0.51607084, 0.88706976, 0.99064124, 0.44566166, 0.55737317, 0.2625804, 0.0927778, 0.23205629, 0.25895333, 0.8119638, 1.0E-12, 0.06557611, 0.040195953, 1.0, 0.24808678, 1.0, 0.44903934, 1.0, 0.76575136] |
|14 |   50 |  0.25 | 5000 |     f10 |     879 |  1025.0 |  1025.0 |    0,00 |-0,0010 |1592532591630 |[0.27881908, 0.34122187, 0.74151224, 0.7855713, 0.28753424, 0.9696514, 0.6008451, 0.7467585, 0.48839653, 0.77353853, 0.074619114, 0.37861335, 0.4366747, 0.80677944, 0.2875362, 0.26464146, 0.8846554, 0.4434563, 0.2211603, 0.7941242] |
|14 |   50 |  0.25 | 5000 |     f10 |     879 |  1025.0 |  1025.0 |    0,00 |  0,0 |1592532591630 |[0.27881908, 0.34122187, 0.74151224, 0.7855713, 0.28753424, 0.9696514, 0.6008451, 0.7467585, 0.48839653, 0.77353853, 0.074619114, 0.37861335, 0.4366747, 0.80677944, 0.2875362, 0.26464146, 0.8846554, 0.4434563, 0.2211603, 0.7941242] |
|15 |   50 |  0.25 | 5000 |     f10 |     879 |  1025.0 |  1025.0 |    0,00 |-0,0010 |1592532591631 |[0.120006025, 0.624273, 0.71736753, 0.2312575, 0.42642957, 0.65899366, 0.59899527, 0.5697286, 0.2950899, 0.17551517, 0.93467945, 0.3296249, 0.6317036, 0.66507226, 0.8383645, 0.3063624, 0.5712453, 0.38178432, 0.8700864, 0.5050051] |
|15 |   50 |  0.25 | 5000 |     f10 |     879 |  1025.0 |  1025.0 |    0,00 |0,0010 |1592532591631 |[0.120006025, 0.624273, 0.71736753, 0.2312575, 0.42642957, 0.65899366, 0.59899527, 0.5697286, 0.2950899, 0.17551517, 0.93467945, 0.3296249, 0.6317036, 0.66507226, 0.8383645, 0.3063624, 0.5712453, 0.38178432, 0.8700864, 0.5050051] |
