| # | Nest | %Desc |#Iter |Instancia | CapMoch |ValOptmo | BestFit |     RDP | time |      semilla |VectorSolucion |
-------------------------------------------------------------------------------------------------
| 1 |   50 |  0.34 | 5000 |      f2 |     878 |  1024.0 |  1018.0 |    0,59 |-1,6e+09 |1592512601813 |[0.6846901, 0.91010445, 0.30296916, 0.5771291, 0.35865974, 0.29977638, 0.18235743, 0.10626316, 0.8301743, 0.93714315, 0.78460395, 0.9662204, 0.23214895, 0.3524937, 0.7567757, 0.35530335, 0.004222691, 0.013666034, 0.6331863, 0.32633942] |
| 1 |   50 |   0.3 | 5000 |      f2 |     878 |  1024.0 |  1018.0 |    0,59 |-1,6e+09 |1592512601813 |[0.6846901, 0.91010445, 0.30296916, 0.5771291, 0.35865974, 0.29977638, 0.18235743, 0.10626316, 0.8301743, 0.93714315, 0.78460395, 0.9662204, 0.23214895, 0.3524937, 0.7567757, 0.35530335, 0.004222691, 0.013666034, 0.6331863, 0.32633942] |
| 2 |   50 |  0.24 | 5000 |      f2 |     878 |  1024.0 |  1018.0 |    0,59 |-0,0010 |1592512612806 |[0.022361338, 0.87221956, 0.3411551, 0.7301442, 0.53346115, 0.6221425, 0.8923772, 0.33956778, 0.6741865, 0.27918202, 0.14660656, 0.4053623, 0.6144596, 0.25648326, 0.22195685, 0.12830645, 0.59218305, 0.8479775, 0.32418233, 0.27149385] |
| 2 |   50 |   0.3 | 5000 |      f2 |     878 |  1024.0 |  1018.0 |    0,59 |-0,0010 |1592512612806 |[0.022361338, 0.87221956, 0.3411551, 0.7301442, 0.53346115, 0.6221425, 0.8923772, 0.33956778, 0.6741865, 0.27918202, 0.14660656, 0.4053623, 0.6144596, 0.25648326, 0.22195685, 0.12830645, 0.59218305, 0.8479775, 0.32418233, 0.27149385] |
| 3 |   50 |  0.22 | 5000 |      f2 |     878 |  1024.0 |  1018.0 |    0,59 |  0,0 |1592512623831 |[0.62468654, 0.3621568, 0.6432827, 0.9783589, 0.9340786, 0.20713753, 0.47633606, 0.33970046, 0.6858088, 0.8708001, 0.5009891, 0.4878407, 0.23365891, 0.8588935, 0.2819314, 0.8551583, 0.25792092, 0.5720209, 0.08563107, 0.10017276] |
| 3 |   50 |  0.34 | 5000 |      f2 |     878 |  1024.0 |  1018.0 |    0,59 |  0,0 |1592512623831 |[0.62468654, 0.3621568, 0.6432827, 0.9783589, 0.9340786, 0.20713753, 0.47633606, 0.33970046, 0.6858088, 0.8708001, 0.5009891, 0.4878407, 0.23365891, 0.8588935, 0.2819314, 0.8551583, 0.25792092, 0.5720209, 0.08563107, 0.10017276] |
| 4 |   50 |  0.24 | 5000 |      f2 |     878 |  1024.0 |  1018.0 |    0,59 |-0,0010 |1592512634806 |[0.31004125, 0.60892224, 0.19616312, 0.8878175, 0.97202283, 0.33029616, 0.20702112, 0.47471535, 0.40978616, 0.003834784, 0.33497202, 0.33732098, 0.31641465, 0.17114514, 0.721172, 0.69602394, 0.7511932, 0.31539845, 0.26618576, 0.33337516] |
| 4 |   50 |  0.28 | 5000 |      f2 |     878 |  1024.0 |  1018.0 |    0,59 |-0,0010 |1592512634806 |[0.31004125, 0.60892224, 0.19616312, 0.8878175, 0.97202283, 0.33029616, 0.20702112, 0.47471535, 0.40978616, 0.003834784, 0.33497202, 0.33732098, 0.31641465, 0.17114514, 0.721172, 0.69602394, 0.7511932, 0.31539845, 0.26618576, 0.33337516] |
| 5 |   50 |  0.38 | 5000 |      f2 |     878 |  1024.0 |  1018.0 |    0,59 |  0,0 |1592512645707 |[0.5290932, 0.36604613, 0.5248286, 0.27099514, 0.5110318, 0.5950347, 0.6611959, 0.98626006, 0.05010122, 0.9348285, 0.9753337, 0.3062349, 0.70743096, 0.68501407, 0.11663759, 0.35748255, 0.4798882, 0.44693726, 0.13949853, 0.9403687] |
| 5 |   50 |  0.36 | 5000 |      f2 |     878 |  1024.0 |  1018.0 |    0,59 |  0,0 |1592512645707 |[0.5290932, 0.36604613, 0.5248286, 0.27099514, 0.5110318, 0.5950347, 0.6611959, 0.98626006, 0.05010122, 0.9348285, 0.9753337, 0.3062349, 0.70743096, 0.68501407, 0.11663759, 0.35748255, 0.4798882, 0.44693726, 0.13949853, 0.9403687] |
| 6 |   50 |  0.18 | 5000 |      f2 |     878 |  1024.0 |  1018.0 |    0,59 |  0,0 |1592512656591 |[0.8706623, 0.34454668, 0.49128747, 0.014177144, 0.73017585, 0.94612485, 0.45089382, 0.23085678, 0.75840276, 0.028298378, 0.57576114, 0.05992371, 0.40481853, 0.035727024, 0.6226519, 0.2395401, 0.94125277, 0.2217446, 0.90358365, 0.70390165] |
| 6 |   50 |  0.26 | 5000 |      f2 |     878 |  1024.0 |  1018.0 |    0,59 |  0,0 |1592512656591 |[0.8706623, 0.34454668, 0.49128747, 0.014177144, 0.73017585, 0.94612485, 0.45089382, 0.23085678, 0.75840276, 0.028298378, 0.57576114, 0.05992371, 0.40481853, 0.035727024, 0.6226519, 0.2395401, 0.94125277, 0.2217446, 0.90358365, 0.70390165] |
| 7 |   50 |  0.28 | 5000 |      f2 |     878 |  1024.0 |  1018.0 |    0,59 |  0,0 |1592512667514 |[0.36121213, 0.9018663, 0.24558324, 0.22982097, 0.98372424, 0.08305675, 0.073174715, 0.44791037, 0.039758384, 0.20185173, 0.2866068, 0.74333787, 0.29101312, 0.775089, 0.6849595, 0.9987929, 0.20371419, 0.9765282, 0.23196715, 0.14737868] |
| 7 |   50 |  0.28 | 5000 |      f2 |     878 |  1024.0 |  1018.0 |    0,59 |  0,0 |1592512667514 |[0.36121213, 0.9018663, 0.24558324, 0.22982097, 0.98372424, 0.08305675, 0.073174715, 0.44791037, 0.039758384, 0.20185173, 0.2866068, 0.74333787, 0.29101312, 0.775089, 0.6849595, 0.9987929, 0.20371419, 0.9765282, 0.23196715, 0.14737868] |
| 8 |   50 |  0.26 | 5000 |      f2 |     878 |  1024.0 |  1018.0 |    0,59 |  0,0 |1592512678382 |[0.42654467, 0.48991323, 0.07415533, 0.58642405, 0.87379235, 0.09067589, 0.5098879, 0.21217954, 0.2110917, 0.82284534, 0.61876756, 0.12030655, 0.20740074, 0.17419946, 0.88880706, 0.006998718, 0.03604877, 0.53977627, 0.4519406, 0.3804633] |
| 8 |   50 |  0.34 | 5000 |      f2 |     878 |  1024.0 |  1018.0 |    0,59 |  0,0 |1592512678382 |[0.42654467, 0.48991323, 0.07415533, 0.58642405, 0.87379235, 0.09067589, 0.5098879, 0.21217954, 0.2110917, 0.82284534, 0.61876756, 0.12030655, 0.20740074, 0.17419946, 0.88880706, 0.006998718, 0.03604877, 0.53977627, 0.4519406, 0.3804633] |
| 9 |   50 |  0.28 | 5000 |      f2 |     878 |  1024.0 |  1018.0 |    0,59 |  0,0 |1592512689256 |[0.83933216, 0.9436153, 0.71145165, 0.16985917, 0.3454585, 0.12251556, 0.3702427, 0.6285314, 0.19746196, 0.26468903, 0.2519045, 0.65779406, 0.7755977, 0.73397225, 0.41782004, 0.9287128, 0.32299435, 0.0088198185, 0.5380655, 0.70684314] |
| 9 |   50 |  0.32 | 5000 |      f2 |     878 |  1024.0 |  1018.0 |    0,59 |  0,0 |1592512689256 |[0.83933216, 0.9436153, 0.71145165, 0.16985917, 0.3454585, 0.12251556, 0.3702427, 0.6285314, 0.19746196, 0.26468903, 0.2519045, 0.65779406, 0.7755977, 0.73397225, 0.41782004, 0.9287128, 0.32299435, 0.0088198185, 0.5380655, 0.70684314] |
|10 |   50 |  0.32 | 5000 |      f2 |     878 |  1024.0 |  1018.0 |    0,59 |  0,0 |1592512700307 |[0.8294509, 0.94587886, 0.9563471, 0.6111639, 0.55212164, 0.5442078, 0.75136626, 0.26786196, 0.6268264, 0.49487084, 0.7101422, 0.99630195, 0.79290146, 0.14288348, 0.48967218, 0.5626207, 0.87409127, 0.30765378, 0.3446173, 0.68009436] |
|10 |   50 |  0.26 | 5000 |      f2 |     878 |  1024.0 |  1018.0 |    0,59 |  0,0 |1592512700307 |[0.8294509, 0.94587886, 0.9563471, 0.6111639, 0.55212164, 0.5442078, 0.75136626, 0.26786196, 0.6268264, 0.49487084, 0.7101422, 0.99630195, 0.79290146, 0.14288348, 0.48967218, 0.5626207, 0.87409127, 0.30765378, 0.3446173, 0.68009436] |
|11 |   50 |  0.28 | 5000 |      f2 |     878 |  1024.0 |  1018.0 |    0,59 |  0,0 |1592512711214 |[0.1476143, 0.8912619, 0.31874245, 0.65364295, 0.2682194, 0.8259924, 0.44259107, 0.7047555, 0.1509946, 0.1555351, 0.001123488, 0.24939704, 0.64408255, 0.14875573, 0.28843063, 0.12480402, 0.2948118, 0.8386537, 0.9511243, 0.52833277] |
|11 |   50 |  0.36 | 5000 |      f2 |     878 |  1024.0 |  1018.0 |    0,59 |  0,0 |1592512711214 |[0.1476143, 0.8912619, 0.31874245, 0.65364295, 0.2682194, 0.8259924, 0.44259107, 0.7047555, 0.1509946, 0.1555351, 0.001123488, 0.24939704, 0.64408255, 0.14875573, 0.28843063, 0.12480402, 0.2948118, 0.8386537, 0.9511243, 0.52833277] |
|12 |   50 |  0.32 | 5000 |      f2 |     878 |  1024.0 |  1018.0 |    0,59 |  0,0 |1592512722111 |[0.4746486, 0.3270257, 0.54992986, 0.62158716, 0.9892967, 0.9688241, 0.23137891, 0.25533324, 0.8281812, 0.26267505, 0.9236536, 0.9578741, 0.25301623, 0.09656608, 0.5149545, 0.53913146, 0.2030313, 0.9008006, 0.9319822, 0.5164371] |
|12 |   50 |  0.24 | 5000 |      f2 |     878 |  1024.0 |  1018.0 |    0,59 |  0,0 |1592512722111 |[0.4746486, 0.3270257, 0.54992986, 0.62158716, 0.9892967, 0.9688241, 0.23137891, 0.25533324, 0.8281812, 0.26267505, 0.9236536, 0.9578741, 0.25301623, 0.09656608, 0.5149545, 0.53913146, 0.2030313, 0.9008006, 0.9319822, 0.5164371] |
|13 |   50 |  0.24 | 5000 |      f2 |     878 |  1024.0 |  1018.0 |    0,59 |  0,0 |1592512733058 |[0.34237528, 0.94081324, 0.96673006, 0.76643294, 0.637255, 0.10834342, 0.80323935, 0.35321134, 0.88469505, 0.9605335, 0.56159353, 0.10644275, 0.9741915, 0.56007814, 0.8761917, 0.89687145, 0.539677, 0.32917053, 0.5916602, 0.75298697] |
|13 |   50 |   0.4 | 5000 |      f2 |     878 |  1024.0 |  1018.0 |    0,59 |  0,0 |1592512733058 |[0.34237528, 0.94081324, 0.96673006, 0.76643294, 0.637255, 0.10834342, 0.80323935, 0.35321134, 0.88469505, 0.9605335, 0.56159353, 0.10644275, 0.9741915, 0.56007814, 0.8761917, 0.89687145, 0.539677, 0.32917053, 0.5916602, 0.75298697] |
