| # | Nest | %Desc |#Iter |Instancia | CapMoch |ValOptmo | BestFit |     RDP | time |      semilla |VectorSolucion |
-------------------------------------------------------------------------------------------------
| 1 |   25 |  0.25 | 2500 |      f9 |      80 |   130.0 |   130.0 |    0,00 |-1,6e+09 |1592499610455 |[0.54660594, 0.23796564, 0.62352353, 0.44456017, 0.51053524] |
| 2 |   25 |  0.25 | 2500 |      f9 |      80 |   130.0 |   130.0 |    0,00 |  0,0 |1592499610456 |[0.09811443, 0.094275475, 0.65429103, 0.4346735, 0.6347321] |
| 3 |   25 |  0.25 | 2500 |      f9 |      80 |   130.0 |   130.0 |    0,00 |-0,0010 |1592499610462 |[0.79326415, 0.26780653, 0.6490333, 0.08730632, 0.55841726] |
| 4 |   25 |  0.25 | 2500 |      f9 |      80 |   130.0 |   130.0 |    0,00 |-0,0010 |1592499610463 |[0.4750167, 0.19896865, 0.3966161, 0.16831201, 0.91159755] |
| 5 |   25 |  0.25 | 2500 |      f9 |      80 |   130.0 |   130.0 |    0,00 |-0,0010 |1592499610464 |[0.9545297, 0.8605566, 0.845307, 0.4581282, 0.34293592] |
| 6 |   25 |  0.25 | 2500 |      f9 |      80 |   130.0 |   130.0 |    0,00 |-0,0010 |1592499610465 |[0.63123715, 0.20436662, 0.09461081, 0.44994324, 0.791844] |
| 7 |   25 |  0.25 | 2500 |      f9 |      80 |   130.0 |   130.0 |    0,00 |-0,0010 |1592499610466 |[0.5358595, 0.4296071, 0.94032025, 0.86188006, 0.4766221] |
| 8 |   25 |  0.25 | 2500 |      f9 |      80 |   130.0 |   130.0 |    0,00 |-0,0010 |1592499610467 |[0.15664285, 0.6381548, 0.38859338, 0.67640465, 0.50350624] |
| 9 |   25 |  0.25 | 2500 |      f9 |      80 |   130.0 |   130.0 |    0,00 |  0,0 |1592499610467 |[0.44884163, 0.41096395, 0.58268136, 0.7836232, 0.10355598] |
|10 |   25 |  0.25 | 2500 |      f9 |      80 |   130.0 |   130.0 |    0,00 |  0,0 |1592499610468 |[0.58557016, 0.82639354, 0.16650438, 0.07788074, 0.6402094] |
|11 |   25 |  0.25 | 2500 |      f9 |      80 |   130.0 |   130.0 |    0,00 |  0,0 |1592499610469 |[0.9886791, 0.8910817, 0.54004514, 0.97575825, 0.9804689] |
|12 |   25 |  0.25 | 2500 |      f9 |      80 |   130.0 |   130.0 |    0,00 |  0,0 |1592499610469 |[0.11556035, 0.6255338, 0.22236323, 0.8382936, 0.8943794] |
|13 |   25 |  0.25 | 2500 |      f9 |      80 |   130.0 |   130.0 |    0,00 |  0,0 |1592499610470 |[0.4893682, 0.9978033, 0.76108605, 0.9380966, 0.76916945] |
|14 |   25 |  0.25 | 2500 |      f9 |      80 |   130.0 |   130.0 |    0,00 |  0,0 |1592499610471 |[0.64292103, 0.054618, 0.37772858, 0.050899148, 0.43182206] |
|15 |   25 |  0.25 | 2500 |      f9 |      80 |   130.0 |   130.0 |    0,00 |-0,0010 |1592499610472 |[0.7324718, 0.42201662, 0.1287294, 0.30155122, 0.77056915] |
