| # | Nest | %Desc |#Iter |Instancia | CapMoch |ValOptmo | BestFit |     RDP | time |      semilla |VectorSolucion |
-------------------------------------------------------------------------------------------------
| 1 |   50 |  0.25 | 5000 |      f1 |     269 |   295.0 |   290.0 |    1,69 |-1,6e+09 |1592522151142 |[0.1740269, 0.48811287, 0.70341474, 0.24819171, 0.38057995, 0.9598421, 0.5249314, 0.79182184, 0.6689283, 0.0862878] |
| 1 |   50 |   0.3 | 5000 |      f1 |     269 |   295.0 |   290.0 |    1,69 |-1,6e+09 |1592522151142 |[0.1740269, 0.48811287, 0.70341474, 0.24819171, 0.38057995, 0.9598421, 0.5249314, 0.79182184, 0.6689283, 0.0862878] |
| 1 |   50 |  0.36 | 5000 |      f1 |     269 |   295.0 |   290.0 |    1,69 |-1,6e+09 |1592522151142 |[0.1740269, 0.48811287, 0.70341474, 0.24819171, 0.38057995, 0.9598421, 0.5249314, 0.79182184, 0.6689283, 0.0862878] |
| 1 |   55 |  0.44 | 5000 |      f1 |     269 |   295.0 |   290.0 |    1,69 |-1,6e+09 |1592522151142 |[0.1740269, 0.48811287, 0.70341474, 0.24819171, 0.38057995, 0.9598421, 0.5249314, 0.79182184, 0.6689283, 0.0862878] |
| 1 |   55 |  0.45 | 5000 |      f1 |     269 |   295.0 |   290.0 |    1,69 |-1,6e+09 |1592522151142 |[0.1740269, 0.48811287, 0.70341474, 0.24819171, 0.38057995, 0.9598421, 0.5249314, 0.79182184, 0.6689283, 0.0862878] |
| 1 |   55 |   0.4 | 5000 |      f1 |     269 |   295.0 |   290.0 |    1,69 |-1,6e+09 |1592522151142 |[0.1740269, 0.48811287, 0.70341474, 0.24819171, 0.38057995, 0.9598421, 0.5249314, 0.79182184, 0.6689283, 0.0862878] |
| 1 |   55 |   0.4 | 5000 |      f1 |     269 |   295.0 |   290.0 |    1,69 |-1,6e+09 |1592522151142 |[0.1740269, 0.48811287, 0.70341474, 0.24819171, 0.38057995, 0.9598421, 0.5249314, 0.79182184, 0.6689283, 0.0862878] |
| 1 |   60 |0.38181818 | 5000 |      f1 |     269 |   295.0 |   290.0 |    1,69 |-1,6e+09 |1592522151142 |[0.1740269, 0.48811287, 0.70341474, 0.24819171, 0.38057995, 0.9598421, 0.5249314, 0.79182184, 0.6689283, 0.0862878] |
| 1 |   60 |  0.45 | 5000 |      f1 |     269 |   295.0 |   290.0 |    1,69 |-1,6e+09 |1592522151142 |[0.1740269, 0.48811287, 0.70341474, 0.24819171, 0.38057995, 0.9598421, 0.5249314, 0.79182184, 0.6689283, 0.0862878] |
| 1 |   60 |0.41666666 | 5000 |      f1 |     269 |   295.0 |   290.0 |    1,69 |-1,6e+09 |1592522151142 |[0.1740269, 0.48811287, 0.70341474, 0.24819171, 0.38057995, 0.9598421, 0.5249314, 0.79182184, 0.6689283, 0.0862878] |
| 1 |   60 |  0.45 | 5000 |      f1 |     269 |   295.0 |   290.0 |    1,69 |-1,6e+09 |1592522151142 |[0.1740269, 0.48811287, 0.70341474, 0.24819171, 0.38057995, 0.9598421, 0.5249314, 0.79182184, 0.6689283, 0.0862878] |
| 1 |   65 |0.28333333 | 5000 |      f1 |     269 |   295.0 |   290.0 |    1,69 |-1,6e+09 |1592522151142 |[0.1740269, 0.48811287, 0.70341474, 0.24819171, 0.38057995, 0.9598421, 0.5249314, 0.79182184, 0.6689283, 0.0862878] |
| 1 |   65 |   0.4 | 5000 |      f1 |     269 |   295.0 |   290.0 |    1,69 |-1,6e+09 |1592522151142 |[0.1740269, 0.48811287, 0.70341474, 0.24819171, 0.38057995, 0.9598421, 0.5249314, 0.79182184, 0.6689283, 0.0862878] |
| 1 |   65 |0.36923078 | 5000 |      f1 |     269 |   295.0 |   290.0 |    1,69 |-1,6e+09 |1592522151142 |[0.1740269, 0.48811287, 0.70341474, 0.24819171, 0.38057995, 0.9598421, 0.5249314, 0.79182184, 0.6689283, 0.0862878] |
| 1 |   65 |0.36923078 | 5000 |      f1 |     269 |   295.0 |   290.0 |    1,69 |-1,6e+09 |1592522151142 |[0.1740269, 0.48811287, 0.70341474, 0.24819171, 0.38057995, 0.9598421, 0.5249314, 0.79182184, 0.6689283, 0.0862878] |
| 1 |   70 |0.30769232 | 5000 |      f1 |     269 |   295.0 |   290.0 |    1,69 |-1,6e+09 |1592522151142 |[0.1740269, 0.48811287, 0.70341474, 0.24819171, 0.38057995, 0.9598421, 0.5249314, 0.79182184, 0.6689283, 0.0862878] |
| 1 |   70 |  0.45 | 5000 |      f1 |     269 |   295.0 |   290.0 |    1,69 |-1,6e+09 |1592522151142 |[0.1740269, 0.48811287, 0.70341474, 0.24819171, 0.38057995, 0.9598421, 0.5249314, 0.79182184, 0.6689283, 0.0862878] |
| 1 |   70 |   0.3 | 5000 |      f1 |     269 |   295.0 |   290.0 |    1,69 |-1,6e+09 |1592522151142 |[0.1740269, 0.48811287, 0.70341474, 0.24819171, 0.38057995, 0.9598421, 0.5249314, 0.79182184, 0.6689283, 0.0862878] |
| 1 |   70 |0.3857143 | 5000 |      f1 |     269 |   295.0 |   290.0 |    1,69 |-1,6e+09 |1592522151142 |[0.1740269, 0.48811287, 0.70341474, 0.24819171, 0.38057995, 0.9598421, 0.5249314, 0.79182184, 0.6689283, 0.0862878] |
| 1 |   75 |0.41428572 | 5000 |      f1 |     269 |   295.0 |   290.0 |    1,69 |-1,6e+09 |1592522151142 |[0.1740269, 0.48811287, 0.70341474, 0.24819171, 0.38057995, 0.9598421, 0.5249314, 0.79182184, 0.6689283, 0.0862878] |
| 1 |   75 |0.38666666 | 5000 |      f1 |     269 |   295.0 |   290.0 |    1,69 |-1,6e+09 |1592522151142 |[0.1740269, 0.48811287, 0.70341474, 0.24819171, 0.38057995, 0.9598421, 0.5249314, 0.79182184, 0.6689283, 0.0862878] |
| 1 |   75 |0.38666666 | 5000 |      f1 |     269 |   295.0 |   290.0 |    1,69 |   20 |1592522151142 |[0.1740269, 0.48811287, 0.70341474, 0.24819171, 0.38057995, 0.9598421, 0.5249314, 0.79182184, 0.6689283, 0.0862878] |
| 2 |   50 |  0.25 | 5000 |      f1 |     269 |   295.0 |   290.0 |    1,69 |-0,0060 |1592522170831 |[0.049853206, 0.4195171, 0.75681406, 0.9801374, 0.2798742, 0.037296116, 0.3962139, 0.115009904, 0.6385838, 0.32749134] |
| 2 |   50 |  0.45 | 5000 |      f1 |     269 |   295.0 |   290.0 |    1,69 |-0,0060 |1592522170831 |[0.4283985, 0.8688102, 0.69240135, 0.18541843, 0.16784644, 0.942621, 0.71091044, 0.8586264, 0.44691336, 0.11461753] |
| 2 |   50 |  0.32 | 5000 |      f1 |     269 |   295.0 |   290.0 |    1,69 |-0,0060 |1592522170831 |[0.4283985, 0.8688102, 0.69240135, 0.18541843, 0.16784644, 0.942621, 0.71091044, 0.8586264, 0.44691336, 0.11461753] |
| 2 |   55 |  0.38 | 5000 |      f1 |     269 |   295.0 |   290.0 |    1,69 |-0,0060 |1592522170831 |[0.4283985, 0.8688102, 0.69240135, 0.18541843, 0.16784644, 0.942621, 0.71091044, 0.8586264, 0.44691336, 0.11461753] |
| 2 |   55 |  0.45 | 5000 |      f1 |     269 |   295.0 |   290.0 |    1,69 |-0,0060 |1592522170831 |[0.4283985, 0.8688102, 0.69240135, 0.18541843, 0.16784644, 0.942621, 0.71091044, 0.8586264, 0.44691336, 0.11461753] |
| 2 |   55 |0.29090908 | 5000 |      f1 |     269 |   295.0 |   290.0 |    1,69 |-0,0060 |1592522170831 |[0.4283985, 0.8688102, 0.69240135, 0.18541843, 0.16784644, 0.942621, 0.71091044, 0.8586264, 0.44691336, 0.11461753] |
| 2 |   55 |   0.2 | 5000 |      f1 |     269 |   295.0 |   290.0 |    1,69 |-0,0060 |1592522170831 |[0.4283985, 0.8688102, 0.69240135, 0.18541843, 0.16784644, 0.942621, 0.71091044, 0.8586264, 0.44691336, 0.11461753] |
| 2 |   60 |0.34545454 | 5000 |      f1 |     269 |   295.0 |   290.0 |    1,69 |-0,0060 |1592522170831 |[0.10175693, 0.55570495, 0.25521094, 0.7514959, 0.21773028, 0.8148253, 0.50073856, 0.20095927, 0.09162545, 0.9502738] |
| 2 |   60 |  0.45 | 5000 |      f1 |     269 |   295.0 |   290.0 |    1,69 |-0,0060 |1592522170831 |[0.7451121, 0.3388781, 0.03220433, 0.05893463, 0.400665, 0.4213277, 0.8009928, 0.64325416, 0.42085713, 0.08985734] |
| 2 |   60 |  0.45 | 5000 |      f1 |     269 |   295.0 |   290.0 |    1,69 |-0,0060 |1592522170831 |[0.7451121, 0.3388781, 0.03220433, 0.05893463, 0.400665, 0.4213277, 0.8009928, 0.64325416, 0.42085713, 0.08985734] |
| 2 |   60 |  0.45 | 5000 |      f1 |     269 |   295.0 |   290.0 |    1,69 |-0,0060 |1592522170831 |[0.7451121, 0.3388781, 0.03220433, 0.05893463, 0.400665, 0.4213277, 0.8009928, 0.64325416, 0.42085713, 0.08985734] |
| 2 |   65 |0.31666666 | 5000 |      f1 |     269 |   295.0 |   290.0 |    1,69 |-0,0060 |1592522170831 |[0.7451121, 0.3388781, 0.03220433, 0.05893463, 0.400665, 0.4213277, 0.8009928, 0.64325416, 0.42085713, 0.08985734] |
| 2 |   65 |  0.45 | 5000 |      f1 |     269 |   295.0 |   290.0 |    1,69 |-0,0060 |1592522170831 |[0.13475657, 0.3036781, 0.9260626, 0.41048205, 0.6320408, 0.5310284, 0.97334105, 0.5356953, 0.17122048, 0.9522809] |
| 2 |   65 |0.36923078 | 5000 |      f1 |     269 |   295.0 |   290.0 |    1,69 |-0,0060 |1592522170831 |[0.13475657, 0.3036781, 0.9260626, 0.41048205, 0.6320408, 0.5310284, 0.97334105, 0.5356953, 0.17122048, 0.9522809] |
| 2 |   65 |0.3846154 | 5000 |      f1 |     269 |   295.0 |   290.0 |    1,69 |-0,0060 |1592522170831 |[0.13475657, 0.3036781, 0.9260626, 0.41048205, 0.6320408, 0.5310284, 0.97334105, 0.5356953, 0.17122048, 0.9522809] |
| 2 |   70 |0.33846155 | 5000 |      f1 |     269 |   295.0 |   290.0 |    1,69 |-0,0060 |1592522170831 |[0.13475657, 0.3036781, 0.9260626, 0.41048205, 0.6320408, 0.5310284, 0.97334105, 0.5356953, 0.17122048, 0.9522809] |
| 2 |   70 |  0.45 | 5000 |      f1 |     269 |   295.0 |   290.0 |    1,69 |-0,0060 |1592522170831 |[0.13475657, 0.3036781, 0.9260626, 0.41048205, 0.6320408, 0.5310284, 0.97334105, 0.5356953, 0.17122048, 0.9522809] |
| 2 |   70 |   0.4 | 5000 |      f1 |     269 |   295.0 |   290.0 |    1,69 |-0,0060 |1592522170831 |[0.13475657, 0.3036781, 0.9260626, 0.41048205, 0.6320408, 0.5310284, 0.97334105, 0.5356953, 0.17122048, 0.9522809] |
| 2 |   70 |0.37142858 | 5000 |      f1 |     269 |   295.0 |   290.0 |    1,69 |-0,0060 |1592522170831 |[0.13475657, 0.3036781, 0.9260626, 0.41048205, 0.6320408, 0.5310284, 0.97334105, 0.5356953, 0.17122048, 0.9522809] |
| 2 |   75 |   0.4 | 5000 |      f1 |     269 |   295.0 |   290.0 |    1,69 |-0,0060 |1592522170831 |[0.13475657, 0.3036781, 0.9260626, 0.41048205, 0.6320408, 0.5310284, 0.97334105, 0.5356953, 0.17122048, 0.9522809] |
| 2 |   75 |  0.45 | 5000 |      f1 |     269 |   295.0 |   290.0 |    1,69 |-0,0060 |1592522170831 |[0.13475657, 0.3036781, 0.9260626, 0.41048205, 0.6320408, 0.5310284, 0.97334105, 0.5356953, 0.17122048, 0.9522809] |
| 2 |   75 |  0.45 | 5000 |      f1 |     269 |   295.0 |   290.0 |    1,69 |  3,5 |1592522170831 |[0.13475657, 0.3036781, 0.9260626, 0.41048205, 0.6320408, 0.5310284, 0.97334105, 0.5356953, 0.17122048, 0.9522809] |
| 3 |   50 |  0.25 | 5000 |      f1 |     269 |   295.0 |   290.0 |    1,69 |-0,0060 |1592522174374 |[0.42879105, 0.04349792, 0.33841306, 0.72710246, 0.32042092, 0.32010818, 0.5567092, 0.6059642, 0.6112807, 0.024751246] |
| 3 |   50 |  0.32 | 5000 |      f1 |     269 |   295.0 |   290.0 |    1,69 |-0,0060 |1592522174374 |[0.42879105, 0.04349792, 0.33841306, 0.72710246, 0.32042092, 0.32010818, 0.5567092, 0.6059642, 0.6112807, 0.024751246] |
| 3 |   50 |   0.4 | 5000 |      f1 |     269 |   295.0 |   290.0 |    1,69 |-0,0060 |1592522174374 |[0.42879105, 0.04349792, 0.33841306, 0.72710246, 0.32042092, 0.32010818, 0.5567092, 0.6059642, 0.6112807, 0.024751246] |
| 3 |   55 |  0.38 | 5000 |      f1 |     269 |   295.0 |   290.0 |    1,69 |-0,0060 |1592522174374 |[0.42879105, 0.04349792, 0.33841306, 0.72710246, 0.32042092, 0.32010818, 0.5567092, 0.6059642, 0.6112807, 0.024751246] |
| 3 |   55 |  0.45 | 5000 |      f1 |     269 |   295.0 |   290.0 |    1,69 |-0,0060 |1592522174374 |[0.42879105, 0.04349792, 0.33841306, 0.72710246, 0.32042092, 0.32010818, 0.5567092, 0.6059642, 0.6112807, 0.024751246] |
| 3 |   55 |  0.45 | 5000 |      f1 |     269 |   295.0 |   290.0 |    1,69 |-0,0060 |1592522174374 |[0.42879105, 0.04349792, 0.33841306, 0.72710246, 0.32042092, 0.32010818, 0.5567092, 0.6059642, 0.6112807, 0.024751246] |
| 3 |   55 |0.36363637 | 5000 |      f1 |     269 |   295.0 |   290.0 |    1,69 |-0,0060 |1592522174374 |[0.42879105, 0.04349792, 0.33841306, 0.72710246, 0.32042092, 0.32010818, 0.5567092, 0.6059642, 0.6112807, 0.024751246] |
| 3 |   60 |0.43636364 | 5000 |      f1 |     269 |   295.0 |   290.0 |    1,69 |-0,0060 |1592522174374 |[0.42879105, 0.04349792, 0.33841306, 0.72710246, 0.32042092, 0.32010818, 0.5567092, 0.6059642, 0.6112807, 0.024751246] |
| 3 |   60 |  0.45 | 5000 |      f1 |     269 |   295.0 |   290.0 |    1,69 |-0,0060 |1592522174374 |[0.42879105, 0.04349792, 0.33841306, 0.72710246, 0.32042092, 0.32010818, 0.5567092, 0.6059642, 0.6112807, 0.024751246] |
| 3 |   60 |   0.4 | 5000 |      f1 |     269 |   295.0 |   290.0 |    1,69 |-0,0060 |1592522174374 |[0.42879105, 0.04349792, 0.33841306, 0.72710246, 0.32042092, 0.32010818, 0.5567092, 0.6059642, 0.6112807, 0.024751246] |
| 3 |   60 |0.36666667 | 5000 |      f1 |     269 |   295.0 |   290.0 |    1,69 |-0,0060 |1592522174374 |[0.42879105, 0.04349792, 0.33841306, 0.72710246, 0.32042092, 0.32010818, 0.5567092, 0.6059642, 0.6112807, 0.024751246] |
| 3 |   65 |0.38333333 | 5000 |      f1 |     269 |   295.0 |   290.0 |    1,69 |-0,0060 |1592522174374 |[0.42879105, 0.04349792, 0.33841306, 0.72710246, 0.32042092, 0.32010818, 0.5567092, 0.6059642, 0.6112807, 0.024751246] |
| 3 |   65 |0.35384616 | 5000 |      f1 |     269 |   295.0 |   290.0 |    1,69 |-0,0060 |1592522174374 |[0.42879105, 0.04349792, 0.33841306, 0.72710246, 0.32042092, 0.32010818, 0.5567092, 0.6059642, 0.6112807, 0.024751246] |
| 3 |   65 |0.26153848 | 5000 |      f1 |     269 |   295.0 |   290.0 |    1,69 |-0,0060 |1592522174374 |[0.42879105, 0.04349792, 0.33841306, 0.72710246, 0.32042092, 0.32010818, 0.5567092, 0.6059642, 0.6112807, 0.024751246] |
| 3 |   65 |0.33846155 | 5000 |      f1 |     269 |   295.0 |   290.0 |    1,69 |-0,0060 |1592522174374 |[0.42879105, 0.04349792, 0.33841306, 0.72710246, 0.32042092, 0.32010818, 0.5567092, 0.6059642, 0.6112807, 0.024751246] |
| 3 |   70 |0.3846154 | 5000 |      f1 |     269 |   295.0 |   290.0 |    1,69 |-0,0060 |1592522174374 |[0.42879105, 0.04349792, 0.33841306, 0.72710246, 0.32042092, 0.32010818, 0.5567092, 0.6059642, 0.6112807, 0.024751246] |
| 3 |   70 |0.41428572 | 5000 |      f1 |     269 |   295.0 |   290.0 |    1,69 |-0,0060 |1592522174374 |[0.42879105, 0.04349792, 0.33841306, 0.72710246, 0.32042092, 0.32010818, 0.5567092, 0.6059642, 0.6112807, 0.024751246] |
| 3 |   70 |0.37142858 | 5000 |      f1 |     269 |   295.0 |   290.0 |    1,69 |-0,0060 |1592522174374 |[0.42879105, 0.04349792, 0.33841306, 0.72710246, 0.32042092, 0.32010818, 0.5567092, 0.6059642, 0.6112807, 0.024751246] |
| 3 |   70 |0.34285715 | 5000 |      f1 |     269 |   295.0 |   290.0 |    1,69 |-0,0060 |1592522174374 |[0.42879105, 0.04349792, 0.33841306, 0.72710246, 0.32042092, 0.32010818, 0.5567092, 0.6059642, 0.6112807, 0.024751246] |
| 3 |   75 |0.35714287 | 5000 |      f1 |     269 |   295.0 |   290.0 |    1,69 |-0,0060 |1592522174374 |[0.42879105, 0.04349792, 0.33841306, 0.72710246, 0.32042092, 0.32010818, 0.5567092, 0.6059642, 0.6112807, 0.024751246] |
| 3 |   75 |  0.45 | 5000 |      f1 |     269 |   295.0 |   290.0 |    1,69 |-0,0060 |1592522174374 |[0.42879105, 0.04349792, 0.33841306, 0.72710246, 0.32042092, 0.32010818, 0.5567092, 0.6059642, 0.6112807, 0.024751246] |
| 3 |   75 |  0.45 | 5000 |      f1 |     269 |   295.0 |   290.0 |    1,69 |  3,6 |1592522174374 |[0.42879105, 0.04349792, 0.33841306, 0.72710246, 0.32042092, 0.32010818, 0.5567092, 0.6059642, 0.6112807, 0.024751246] |
| 4 |   50 |  0.25 | 5000 |      f1 |     269 |   295.0 |   290.0 |    1,69 |-0,0050 |1592522177949 |[0.19068795, 0.956834, 0.21563864, 0.5977232, 0.8613436, 0.15051007, 0.096866965, 0.94327784, 0.7654929, 0.23320287] |
| 4 |   50 |   0.3 | 5000 |      f1 |     269 |   295.0 |   290.0 |    1,69 |-0,0050 |1592522177949 |[0.19068795, 0.956834, 0.21563864, 0.5977232, 0.8613436, 0.15051007, 0.096866965, 0.94327784, 0.7654929, 0.23320287] |
| 4 |   50 |  0.26 | 5000 |      f1 |     269 |   295.0 |   290.0 |    1,69 |-0,0050 |1592522177949 |[0.19068795, 0.956834, 0.21563864, 0.5977232, 0.8613436, 0.15051007, 0.096866965, 0.94327784, 0.7654929, 0.23320287] |
| 4 |   55 |  0.28 | 5000 |      f1 |     269 |   295.0 |   290.0 |    1,69 |-0,0050 |1592522177949 |[0.19068795, 0.956834, 0.21563864, 0.5977232, 0.8613436, 0.15051007, 0.096866965, 0.94327784, 0.7654929, 0.23320287] |
| 4 |   55 |  0.45 | 5000 |      f1 |     269 |   295.0 |   290.0 |    1,69 |-0,0050 |1592522177949 |[0.19068795, 0.956834, 0.21563864, 0.5977232, 0.8613436, 0.15051007, 0.096866965, 0.94327784, 0.7654929, 0.23320287] |
| 4 |   55 |0.25454545 | 5000 |      f1 |     269 |   295.0 |   290.0 |    1,69 |-0,0050 |1592522177949 |[0.19068795, 0.956834, 0.21563864, 0.5977232, 0.8613436, 0.15051007, 0.096866965, 0.94327784, 0.7654929, 0.23320287] |
| 4 |   55 |   0.4 | 5000 |      f1 |     269 |   295.0 |   290.0 |    1,69 |-0,0050 |1592522177949 |[0.19068795, 0.956834, 0.21563864, 0.5977232, 0.8613436, 0.15051007, 0.096866965, 0.94327784, 0.7654929, 0.23320287] |
| 4 |   60 |0.38181818 | 5000 |      f1 |     269 |   295.0 |   290.0 |    1,69 |-0,0050 |1592522177949 |[0.19068795, 0.956834, 0.21563864, 0.5977232, 0.8613436, 0.15051007, 0.096866965, 0.94327784, 0.7654929, 0.23320287] |
| 4 |   60 |  0.45 | 5000 |      f1 |     269 |   295.0 |   290.0 |    1,69 |-0,0050 |1592522177949 |[0.19068795, 0.956834, 0.21563864, 0.5977232, 0.8613436, 0.15051007, 0.096866965, 0.94327784, 0.7654929, 0.23320287] |
| 4 |   60 |0.41666666 | 5000 |      f1 |     269 |   295.0 |   290.0 |    1,69 |-0,0050 |1592522177949 |[0.19068795, 0.956834, 0.21563864, 0.5977232, 0.8613436, 0.15051007, 0.096866965, 0.94327784, 0.7654929, 0.23320287] |
| 4 |   60 |  0.35 | 5000 |      f1 |     269 |   295.0 |   290.0 |    1,69 |-0,0050 |1592522177949 |[0.19068795, 0.956834, 0.21563864, 0.5977232, 0.8613436, 0.15051007, 0.096866965, 0.94327784, 0.7654929, 0.23320287] |
| 4 |   65 |0.33333334 | 5000 |      f1 |     269 |   295.0 |   290.0 |    1,69 |-0,0050 |1592522177949 |[0.19068795, 0.956834, 0.21563864, 0.5977232, 0.8613436, 0.15051007, 0.096866965, 0.94327784, 0.7654929, 0.23320287] |
| 4 |   65 |  0.45 | 5000 |      f1 |     269 |   295.0 |   290.0 |    1,69 |-0,0050 |1592522177949 |[0.19068795, 0.956834, 0.21563864, 0.5977232, 0.8613436, 0.15051007, 0.096866965, 0.94327784, 0.7654929, 0.23320287] |
| 4 |   65 |0.35384616 | 5000 |      f1 |     269 |   295.0 |   290.0 |    1,69 |-0,0050 |1592522177949 |[0.19068795, 0.956834, 0.21563864, 0.5977232, 0.8613436, 0.15051007, 0.096866965, 0.94327784, 0.7654929, 0.23320287] |
| 4 |   65 |0.35384616 | 5000 |      f1 |     269 |   295.0 |   290.0 |    1,69 |-0,0050 |1592522177949 |[0.19068795, 0.956834, 0.21563864, 0.5977232, 0.8613436, 0.15051007, 0.096866965, 0.94327784, 0.7654929, 0.23320287] |
| 4 |   70 |0.36923078 | 5000 |      f1 |     269 |   295.0 |   290.0 |    1,69 |-0,0050 |1592522177949 |[0.19068795, 0.956834, 0.21563864, 0.5977232, 0.8613436, 0.15051007, 0.096866965, 0.94327784, 0.7654929, 0.23320287] |
| 4 |   70 |0.42857143 | 5000 |      f1 |     269 |   295.0 |   290.0 |    1,69 |-0,0050 |1592522177949 |[0.19068795, 0.956834, 0.21563864, 0.5977232, 0.8613436, 0.15051007, 0.096866965, 0.94327784, 0.7654929, 0.23320287] |
| 4 |   70 |   0.4 | 5000 |      f1 |     269 |   295.0 |   290.0 |    1,69 |-0,0050 |1592522177949 |[0.19068795, 0.956834, 0.21563864, 0.5977232, 0.8613436, 0.15051007, 0.096866965, 0.94327784, 0.7654929, 0.23320287] |
| 4 |   70 |0.37142858 | 5000 |      f1 |     269 |   295.0 |   290.0 |    1,69 |-0,0050 |1592522177949 |[0.19068795, 0.956834, 0.21563864, 0.5977232, 0.8613436, 0.15051007, 0.096866965, 0.94327784, 0.7654929, 0.23320287] |
| 4 |   75 |0.32857144 | 5000 |      f1 |     269 |   295.0 |   290.0 |    1,69 |-0,0050 |1592522177949 |[0.19068795, 0.956834, 0.21563864, 0.5977232, 0.8613436, 0.15051007, 0.096866965, 0.94327784, 0.7654929, 0.23320287] |
| 4 |   75 |  0.45 | 5000 |      f1 |     269 |   295.0 |   290.0 |    1,69 |-0,0050 |1592522177949 |[0.19068795, 0.956834, 0.21563864, 0.5977232, 0.8613436, 0.15051007, 0.096866965, 0.94327784, 0.7654929, 0.23320287] |
| 4 |   75 |  0.45 | 5000 |      f1 |     269 |   295.0 |   290.0 |    1,69 |  3,5 |1592522177949 |[0.19068795, 0.956834, 0.21563864, 0.5977232, 0.8613436, 0.15051007, 0.096866965, 0.94327784, 0.7654929, 0.23320287] |
| 5 |   50 |  0.25 | 5000 |      f1 |     269 |   295.0 |   290.0 |    1,69 |-0,0050 |1592522181493 |[0.04305029, 0.17730033, 0.06567341, 0.39063877, 0.007712662, 0.4620124, 0.81116277, 0.25371915, 0.3177358, 0.16632396] |
| 5 |   50 |  0.34 | 5000 |      f1 |     269 |   295.0 |   290.0 |    1,69 |-0,0050 |1592522181493 |[0.5971992, 0.94753015, 0.6432588, 0.7407906, 0.97584563, 0.81868845, 0.724982, 0.9952814, 0.20169479, 0.6927394] |
| 5 |   50 |  0.38 | 5000 |      f1 |     269 |   295.0 |   290.0 |    1,69 |-0,0050 |1592522181493 |[0.5971992, 0.94753015, 0.6432588, 0.7407906, 0.97584563, 0.81868845, 0.724982, 0.9952814, 0.20169479, 0.6927394] |
| 5 |   55 |  0.28 | 5000 |      f1 |     269 |   295.0 |   290.0 |    1,69 |-0,0050 |1592522181493 |[0.5971992, 0.94753015, 0.6432588, 0.7407906, 0.97584563, 0.81868845, 0.724982, 0.9952814, 0.20169479, 0.6927394] |
| 5 |   55 |   0.4 | 5000 |      f1 |     269 |   295.0 |   290.0 |    1,69 |-0,0050 |1592522181493 |[0.6591108, 0.628211, 0.93998724, 0.73296726, 0.7705008, 0.44046098, 0.27836174, 0.98813945, 0.45474887, 0.35997808] |
| 5 |   55 |0.36363637 | 5000 |      f1 |     269 |   295.0 |   290.0 |    1,69 |-0,0050 |1592522181493 |[0.6591108, 0.628211, 0.93998724, 0.73296726, 0.7705008, 0.44046098, 0.27836174, 0.98813945, 0.45474887, 0.35997808] |
| 5 |   55 |0.34545454 | 5000 |      f1 |     269 |   295.0 |   290.0 |    1,69 |-0,0050 |1592522181493 |[0.6591108, 0.628211, 0.93998724, 0.73296726, 0.7705008, 0.44046098, 0.27836174, 0.98813945, 0.45474887, 0.35997808] |
| 5 |   60 |  0.45 | 5000 |      f1 |     269 |   295.0 |   290.0 |    1,69 |-0,0050 |1592522181493 |[0.6591108, 0.628211, 0.93998724, 0.73296726, 0.7705008, 0.44046098, 0.27836174, 0.98813945, 0.45474887, 0.35997808] |
| 5 |   60 |  0.45 | 5000 |      f1 |     269 |   295.0 |   290.0 |    1,69 |-0,0050 |1592522181493 |[0.31800717, 0.07303119, 0.6302285, 0.83872104, 0.077724636, 0.27517778, 0.32753718, 0.16064888, 0.0319224, 0.12822664] |
| 5 |   60 |0.43333334 | 5000 |      f1 |     269 |   295.0 |   290.0 |    1,69 |-0,0050 |1592522181493 |[0.31800717, 0.07303119, 0.6302285, 0.83872104, 0.077724636, 0.27517778, 0.32753718, 0.16064888, 0.0319224, 0.12822664] |
| 5 |   60 |   0.4 | 5000 |      f1 |     269 |   295.0 |   290.0 |    1,69 |-0,0050 |1592522181493 |[0.31800717, 0.07303119, 0.6302285, 0.83872104, 0.077724636, 0.27517778, 0.32753718, 0.16064888, 0.0319224, 0.12822664] |
| 5 |   65 |  0.35 | 5000 |      f1 |     269 |   295.0 |   290.0 |    1,69 |-0,0050 |1592522181493 |[0.31800717, 0.07303119, 0.6302285, 0.83872104, 0.077724636, 0.27517778, 0.32753718, 0.16064888, 0.0319224, 0.12822664] |
| 5 |   65 |  0.45 | 5000 |      f1 |     269 |   295.0 |   290.0 |    1,69 |-0,0050 |1592522181493 |[0.31800717, 0.07303119, 0.6302285, 0.83872104, 0.077724636, 0.27517778, 0.32753718, 0.16064888, 0.0319224, 0.12822664] |
| 5 |   65 |   0.4 | 5000 |      f1 |     269 |   295.0 |   290.0 |    1,69 |-0,0050 |1592522181493 |[0.31800717, 0.07303119, 0.6302285, 0.83872104, 0.077724636, 0.27517778, 0.32753718, 0.16064888, 0.0319224, 0.12822664] |
| 5 |   65 |0.36923078 | 5000 |      f1 |     269 |   295.0 |   290.0 |    1,69 |-0,0050 |1592522181493 |[0.31800717, 0.07303119, 0.6302285, 0.83872104, 0.077724636, 0.27517778, 0.32753718, 0.16064888, 0.0319224, 0.12822664] |
| 5 |   70 |0.30769232 | 5000 |      f1 |     269 |   295.0 |   290.0 |    1,69 |-0,0050 |1592522181493 |[0.31800717, 0.07303119, 0.6302285, 0.83872104, 0.077724636, 0.27517778, 0.32753718, 0.16064888, 0.0319224, 0.12822664] |
| 5 |   70 |  0.45 | 5000 |      f1 |     269 |   295.0 |   290.0 |    1,69 |-0,0050 |1592522181493 |[0.31800717, 0.07303119, 0.6302285, 0.83872104, 0.077724636, 0.27517778, 0.32753718, 0.16064888, 0.0319224, 0.12822664] |
| 5 |   70 |0.34285715 | 5000 |      f1 |     269 |   295.0 |   290.0 |    1,69 |-0,0050 |1592522181493 |[0.31800717, 0.07303119, 0.6302285, 0.83872104, 0.077724636, 0.27517778, 0.32753718, 0.16064888, 0.0319224, 0.12822664] |
| 5 |   70 |0.31428573 | 5000 |      f1 |     269 |   295.0 |   290.0 |    1,69 |-0,0050 |1592522181493 |[0.31800717, 0.07303119, 0.6302285, 0.83872104, 0.077724636, 0.27517778, 0.32753718, 0.16064888, 0.0319224, 0.12822664] |
| 5 |   75 |0.44285715 | 5000 |      f1 |     269 |   295.0 |   290.0 |    1,69 |-0,0050 |1592522181493 |[0.31800717, 0.07303119, 0.6302285, 0.83872104, 0.077724636, 0.27517778, 0.32753718, 0.16064888, 0.0319224, 0.12822664] |
| 5 |   75 |  0.45 | 5000 |      f1 |     269 |   295.0 |   290.0 |    1,69 |-0,0050 |1592522181493 |[0.31800717, 0.07303119, 0.6302285, 0.83872104, 0.077724636, 0.27517778, 0.32753718, 0.16064888, 0.0319224, 0.12822664] |
| 5 |   75 |  0.45 | 5000 |      f1 |     269 |   295.0 |   290.0 |    1,69 |  3,5 |1592522181493 |[0.31800717, 0.07303119, 0.6302285, 0.83872104, 0.077724636, 0.27517778, 0.32753718, 0.16064888, 0.0319224, 0.12822664] |
| 6 |   50 |  0.25 | 5000 |      f1 |     269 |   295.0 |   290.0 |    1,69 |-0,0060 |1592522185014 |[0.45370907, 0.38939303, 0.5576254, 0.06677097, 0.7876354, 0.5547456, 0.92129165, 0.9135603, 0.51636386, 0.44174516] |
| 6 |   50 |  0.38 | 5000 |      f1 |     269 |   295.0 |   290.0 |    1,69 |-0,0060 |1592522185014 |[0.45370907, 0.38939303, 0.5576254, 0.06677097, 0.7876354, 0.5547456, 0.92129165, 0.9135603, 0.51636386, 0.44174516] |
| 6 |   50 |   0.3 | 5000 |      f1 |     269 |   295.0 |   290.0 |    1,69 |-0,0060 |1592522185014 |[0.45370907, 0.38939303, 0.5576254, 0.06677097, 0.7876354, 0.5547456, 0.92129165, 0.9135603, 0.51636386, 0.44174516] |
| 6 |   55 |   0.4 | 5000 |      f1 |     269 |   295.0 |   290.0 |    1,69 |-0,0060 |1592522185014 |[0.45370907, 0.38939303, 0.5576254, 0.06677097, 0.7876354, 0.5547456, 0.92129165, 0.9135603, 0.51636386, 0.44174516] |
| 6 |   55 |  0.45 | 5000 |      f1 |     269 |   295.0 |   290.0 |    1,69 |-0,0060 |1592522185014 |[0.45370907, 0.38939303, 0.5576254, 0.06677097, 0.7876354, 0.5547456, 0.92129165, 0.9135603, 0.51636386, 0.44174516] |
| 6 |   55 |0.43636364 | 5000 |      f1 |     269 |   295.0 |   290.0 |    1,69 |-0,0060 |1592522185014 |[0.45370907, 0.38939303, 0.5576254, 0.06677097, 0.7876354, 0.5547456, 0.92129165, 0.9135603, 0.51636386, 0.44174516] |
| 6 |   55 |0.3272727 | 5000 |      f1 |     269 |   295.0 |   290.0 |    1,69 |-0,0060 |1592522185014 |[0.45370907, 0.38939303, 0.5576254, 0.06677097, 0.7876354, 0.5547456, 0.92129165, 0.9135603, 0.51636386, 0.44174516] |
| 6 |   60 |0.34545454 | 5000 |      f1 |     269 |   295.0 |   290.0 |    1,69 |-0,0060 |1592522185014 |[0.45370907, 0.38939303, 0.5576254, 0.06677097, 0.7876354, 0.5547456, 0.92129165, 0.9135603, 0.51636386, 0.44174516] |
| 6 |   60 |  0.45 | 5000 |      f1 |     269 |   295.0 |   290.0 |    1,69 |-0,0060 |1592522185014 |[0.45370907, 0.38939303, 0.5576254, 0.06677097, 0.7876354, 0.5547456, 0.92129165, 0.9135603, 0.51636386, 0.44174516] |
| 6 |   60 |  0.45 | 5000 |      f1 |     269 |   295.0 |   290.0 |    1,69 |-0,0060 |1592522185014 |[0.45370907, 0.38939303, 0.5576254, 0.06677097, 0.7876354, 0.5547456, 0.92129165, 0.9135603, 0.51636386, 0.44174516] |
| 6 |   60 |  0.35 | 5000 |      f1 |     269 |   295.0 |   290.0 |    1,69 |-0,0060 |1592522185014 |[0.45370907, 0.38939303, 0.5576254, 0.06677097, 0.7876354, 0.5547456, 0.92129165, 0.9135603, 0.51636386, 0.44174516] |
| 6 |   65 |  0.45 | 5000 |      f1 |     269 |   295.0 |   290.0 |    1,69 |-0,0060 |1592522185014 |[0.45370907, 0.38939303, 0.5576254, 0.06677097, 0.7876354, 0.5547456, 0.92129165, 0.9135603, 0.51636386, 0.44174516] |
| 6 |   65 |  0.45 | 5000 |      f1 |     269 |   295.0 |   290.0 |    1,69 |-0,0060 |1592522185014 |[0.45370907, 0.38939303, 0.5576254, 0.06677097, 0.7876354, 0.5547456, 0.92129165, 0.9135603, 0.51636386, 0.44174516] |
| 6 |   65 |0.41538462 | 5000 |      f1 |     269 |   295.0 |   290.0 |    1,69 |-0,0060 |1592522185014 |[0.45370907, 0.38939303, 0.5576254, 0.06677097, 0.7876354, 0.5547456, 0.92129165, 0.9135603, 0.51636386, 0.44174516] |
| 6 |   65 |0.43076923 | 5000 |      f1 |     269 |   295.0 |   290.0 |    1,69 |-0,0060 |1592522185014 |[0.45370907, 0.38939303, 0.5576254, 0.06677097, 0.7876354, 0.5547456, 0.92129165, 0.9135603, 0.51636386, 0.44174516] |
| 6 |   70 |0.35384616 | 5000 |      f1 |     269 |   295.0 |   290.0 |    1,69 |-0,0060 |1592522185014 |[0.45370907, 0.38939303, 0.5576254, 0.06677097, 0.7876354, 0.5547456, 0.92129165, 0.9135603, 0.51636386, 0.44174516] |
| 6 |   70 |  0.45 | 5000 |      f1 |     269 |   295.0 |   290.0 |    1,69 |-0,0060 |1592522185014 |[0.45370907, 0.38939303, 0.5576254, 0.06677097, 0.7876354, 0.5547456, 0.92129165, 0.9135603, 0.51636386, 0.44174516] |
| 6 |   70 |0.41428572 | 5000 |      f1 |     269 |   295.0 |   290.0 |    1,69 |-0,0060 |1592522185014 |[0.45370907, 0.38939303, 0.5576254, 0.06677097, 0.7876354, 0.5547456, 0.92129165, 0.9135603, 0.51636386, 0.44174516] |
| 6 |   70 |   0.4 | 5000 |      f1 |     269 |   295.0 |   290.0 |    1,69 |-0,0060 |1592522185014 |[0.45370907, 0.38939303, 0.5576254, 0.06677097, 0.7876354, 0.5547456, 0.92129165, 0.9135603, 0.51636386, 0.44174516] |
| 6 |   75 |   0.4 | 5000 |      f1 |     269 |   295.0 |   290.0 |    1,69 |-0,0060 |1592522185014 |[0.45370907, 0.38939303, 0.5576254, 0.06677097, 0.7876354, 0.5547456, 0.92129165, 0.9135603, 0.51636386, 0.44174516] |
| 6 |   75 |  0.45 | 5000 |      f1 |     269 |   295.0 |   290.0 |    1,69 |-0,0060 |1592522185014 |[0.45370907, 0.38939303, 0.5576254, 0.06677097, 0.7876354, 0.5547456, 0.92129165, 0.9135603, 0.51636386, 0.44174516] |
| 6 |   75 |  0.45 | 5000 |      f1 |     269 |   295.0 |   290.0 |    1,69 |  3,5 |1592522185014 |[0.45370907, 0.38939303, 0.5576254, 0.06677097, 0.7876354, 0.5547456, 0.92129165, 0.9135603, 0.51636386, 0.44174516] |
| 7 |   50 |  0.25 | 5000 |      f1 |     269 |   295.0 |   290.0 |    1,69 |-0,0050 |1592522188543 |[0.8974604, 0.11911374, 0.85451657, 0.1670425, 0.056073904, 0.62237, 0.7213588, 0.87374467, 0.8019897, 0.4973241] |
| 7 |   50 |  0.24 | 5000 |      f1 |     269 |   295.0 |   290.0 |    1,69 |-0,0050 |1592522188543 |[0.8974604, 0.11911374, 0.85451657, 0.1670425, 0.056073904, 0.62237, 0.7213588, 0.87374467, 0.8019897, 0.4973241] |
| 7 |   50 |  0.26 | 5000 |      f1 |     269 |   295.0 |   290.0 |    1,69 |-0,0050 |1592522188543 |[0.8974604, 0.11911374, 0.85451657, 0.1670425, 0.056073904, 0.62237, 0.7213588, 0.87374467, 0.8019897, 0.4973241] |
| 7 |   55 |   0.3 | 5000 |      f1 |     269 |   295.0 |   290.0 |    1,69 |-0,0050 |1592522188543 |[0.8974604, 0.11911374, 0.85451657, 0.1670425, 0.056073904, 0.62237, 0.7213588, 0.87374467, 0.8019897, 0.4973241] |
| 7 |   55 |  0.45 | 5000 |      f1 |     269 |   295.0 |   290.0 |    1,69 |-0,0050 |1592522188543 |[0.8974604, 0.11911374, 0.85451657, 0.1670425, 0.056073904, 0.62237, 0.7213588, 0.87374467, 0.8019897, 0.4973241] |
| 7 |   55 |0.36363637 | 5000 |      f1 |     269 |   295.0 |   290.0 |    1,69 |-0,0050 |1592522188543 |[0.8974604, 0.11911374, 0.85451657, 0.1670425, 0.056073904, 0.62237, 0.7213588, 0.87374467, 0.8019897, 0.4973241] |
| 7 |   55 |0.36363637 | 5000 |      f1 |     269 |   295.0 |   290.0 |    1,69 |-0,0050 |1592522188543 |[0.8974604, 0.11911374, 0.85451657, 0.1670425, 0.056073904, 0.62237, 0.7213588, 0.87374467, 0.8019897, 0.4973241] |
| 7 |   60 |0.3272727 | 5000 |      f1 |     269 |   295.0 |   290.0 |    1,69 |-0,0050 |1592522188543 |[0.8974604, 0.11911374, 0.85451657, 0.1670425, 0.056073904, 0.62237, 0.7213588, 0.87374467, 0.8019897, 0.4973241] |
| 7 |   60 |  0.45 | 5000 |      f1 |     269 |   295.0 |   290.0 |    1,69 |-0,0050 |1592522188543 |[0.8974604, 0.11911374, 0.85451657, 0.1670425, 0.056073904, 0.62237, 0.7213588, 0.87374467, 0.8019897, 0.4973241] |
| 7 |   60 |0.26666668 | 5000 |      f1 |     269 |   295.0 |   290.0 |    1,69 |-0,0050 |1592522188543 |[0.8974604, 0.11911374, 0.85451657, 0.1670425, 0.056073904, 0.62237, 0.7213588, 0.87374467, 0.8019897, 0.4973241] |
| 7 |   60 |0.28333333 | 5000 |      f1 |     269 |   295.0 |   290.0 |    1,69 |-0,0050 |1592522188543 |[0.8974604, 0.11911374, 0.85451657, 0.1670425, 0.056073904, 0.62237, 0.7213588, 0.87374467, 0.8019897, 0.4973241] |
| 7 |   65 |  0.35 | 5000 |      f1 |     269 |   295.0 |   290.0 |    1,69 |-0,0050 |1592522188543 |[0.8974604, 0.11911374, 0.85451657, 0.1670425, 0.056073904, 0.62237, 0.7213588, 0.87374467, 0.8019897, 0.4973241] |
| 7 |   65 |  0.45 | 5000 |      f1 |     269 |   295.0 |   290.0 |    1,69 |-0,0050 |1592522188543 |[0.8974604, 0.11911374, 0.85451657, 0.1670425, 0.056073904, 0.62237, 0.7213588, 0.87374467, 0.8019897, 0.4973241] |
| 7 |   65 |0.2923077 | 5000 |      f1 |     269 |   295.0 |   290.0 |    1,69 |-0,0050 |1592522188543 |[0.682375, 0.42235798, 0.09326142, 0.26404268, 0.20099449, 0.5600072, 0.19752806, 0.88555276, 0.29894084, 0.83664525] |
| 7 |   65 |0.21538462 | 5000 |      f1 |     269 |   295.0 |   290.0 |    1,69 |-0,0050 |1592522188543 |[0.682375, 0.42235798, 0.09326142, 0.26404268, 0.20099449, 0.5600072, 0.19752806, 0.88555276, 0.29894084, 0.83664525] |
| 7 |   70 |0.2923077 | 5000 |      f1 |     269 |   295.0 |   290.0 |    1,69 |-0,0050 |1592522188543 |[0.682375, 0.42235798, 0.09326142, 0.26404268, 0.20099449, 0.5600072, 0.19752806, 0.88555276, 0.29894084, 0.83664525] |
| 7 |   70 |  0.45 | 5000 |      f1 |     269 |   295.0 |   290.0 |    1,69 |-0,0050 |1592522188543 |[0.682375, 0.42235798, 0.09326142, 0.26404268, 0.20099449, 0.5600072, 0.19752806, 0.88555276, 0.29894084, 0.83664525] |
| 7 |   70 |0.25714287 | 5000 |      f1 |     269 |   295.0 |   290.0 |    1,69 |-0,0050 |1592522188543 |[0.682375, 0.42235798, 0.09326142, 0.26404268, 0.20099449, 0.5600072, 0.19752806, 0.88555276, 0.29894084, 0.83664525] |
| 7 |   70 |0.32857144 | 5000 |      f1 |     269 |   295.0 |   290.0 |    1,69 |-0,0050 |1592522188543 |[0.682375, 0.42235798, 0.09326142, 0.26404268, 0.20099449, 0.5600072, 0.19752806, 0.88555276, 0.29894084, 0.83664525] |
| 7 |   75 |0.27142859 | 5000 |      f1 |     269 |   295.0 |   290.0 |    1,69 |-0,0050 |1592522188543 |[0.682375, 0.42235798, 0.09326142, 0.26404268, 0.20099449, 0.5600072, 0.19752806, 0.88555276, 0.29894084, 0.83664525] |
| 7 |   75 |  0.45 | 5000 |      f1 |     269 |   295.0 |   290.0 |    1,69 |-0,0050 |1592522188543 |[0.682375, 0.42235798, 0.09326142, 0.26404268, 0.20099449, 0.5600072, 0.19752806, 0.88555276, 0.29894084, 0.83664525] |
| 7 |   75 |  0.45 | 5000 |      f1 |     269 |   295.0 |   290.0 |    1,69 |  3,5 |1592522188543 |[0.682375, 0.42235798, 0.09326142, 0.26404268, 0.20099449, 0.5600072, 0.19752806, 0.88555276, 0.29894084, 0.83664525] |
| 8 |   50 |  0.25 | 5000 |      f1 |     269 |   295.0 |   290.0 |    1,69 |-0,0060 |1592522192064 |[0.7599762, 0.12836343, 0.89649826, 0.33537507, 0.56213516, 0.6342446, 0.7073375, 0.24693155, 0.14130217, 0.08059853] |
| 8 |   50 |  0.28 | 5000 |      f1 |     269 |   295.0 |   290.0 |    1,69 |-0,0060 |1592522192064 |[0.7599762, 0.12836343, 0.89649826, 0.33537507, 0.56213516, 0.6342446, 0.7073375, 0.24693155, 0.14130217, 0.08059853] |
| 8 |   50 |   0.3 | 5000 |      f1 |     269 |   295.0 |   290.0 |    1,69 |-0,0060 |1592522192064 |[0.7599762, 0.12836343, 0.89649826, 0.33537507, 0.56213516, 0.6342446, 0.7073375, 0.24693155, 0.14130217, 0.08059853] |
| 8 |   55 |   0.3 | 5000 |      f1 |     269 |   295.0 |   290.0 |    1,69 |-0,0060 |1592522192064 |[0.7599762, 0.12836343, 0.89649826, 0.33537507, 0.56213516, 0.6342446, 0.7073375, 0.24693155, 0.14130217, 0.08059853] |
| 8 |   55 |  0.45 | 5000 |      f1 |     269 |   295.0 |   290.0 |    1,69 |-0,0060 |1592522192064 |[0.7599762, 0.12836343, 0.89649826, 0.33537507, 0.56213516, 0.6342446, 0.7073375, 0.24693155, 0.14130217, 0.08059853] |
| 8 |   55 |0.34545454 | 5000 |      f1 |     269 |   295.0 |   290.0 |    1,69 |-0,0060 |1592522192064 |[0.7599762, 0.12836343, 0.89649826, 0.33537507, 0.56213516, 0.6342446, 0.7073375, 0.24693155, 0.14130217, 0.08059853] |
| 8 |   55 |0.3272727 | 5000 |      f1 |     269 |   295.0 |   290.0 |    1,69 |-0,0060 |1592522192064 |[0.7599762, 0.12836343, 0.89649826, 0.33537507, 0.56213516, 0.6342446, 0.7073375, 0.24693155, 0.14130217, 0.08059853] |
| 8 |   60 |0.25454545 | 5000 |      f1 |     269 |   295.0 |   290.0 |    1,69 |-0,0060 |1592522192064 |[0.7599762, 0.12836343, 0.89649826, 0.33537507, 0.56213516, 0.6342446, 0.7073375, 0.24693155, 0.14130217, 0.08059853] |
| 8 |   60 |0.43333334 | 5000 |      f1 |     269 |   295.0 |   290.0 |    1,69 |-0,0060 |1592522192064 |[0.7599762, 0.12836343, 0.89649826, 0.33537507, 0.56213516, 0.6342446, 0.7073375, 0.24693155, 0.14130217, 0.08059853] |
| 8 |   60 |0.33333334 | 5000 |      f1 |     269 |   295.0 |   290.0 |    1,69 |-0,0060 |1592522192064 |[0.7599762, 0.12836343, 0.89649826, 0.33537507, 0.56213516, 0.6342446, 0.7073375, 0.24693155, 0.14130217, 0.08059853] |
| 8 |   60 |0.38333333 | 5000 |      f1 |     269 |   295.0 |   290.0 |    1,69 |-0,0060 |1592522192064 |[0.7599762, 0.12836343, 0.89649826, 0.33537507, 0.56213516, 0.6342446, 0.7073375, 0.24693155, 0.14130217, 0.08059853] |
| 8 |   65 |0.28333333 | 5000 |      f1 |     269 |   295.0 |   290.0 |    1,69 |-0,0060 |1592522192064 |[0.7599762, 0.12836343, 0.89649826, 0.33537507, 0.56213516, 0.6342446, 0.7073375, 0.24693155, 0.14130217, 0.08059853] |
| 8 |   65 |0.36923078 | 5000 |      f1 |     269 |   295.0 |   290.0 |    1,69 |-0,0060 |1592522192064 |[0.7599762, 0.12836343, 0.89649826, 0.33537507, 0.56213516, 0.6342446, 0.7073375, 0.24693155, 0.14130217, 0.08059853] |
| 8 |   65 |0.32307693 | 5000 |      f1 |     269 |   295.0 |   290.0 |    1,69 |-0,0060 |1592522192064 |[0.7599762, 0.12836343, 0.89649826, 0.33537507, 0.56213516, 0.6342446, 0.7073375, 0.24693155, 0.14130217, 0.08059853] |
| 8 |   65 |0.2769231 | 5000 |      f1 |     269 |   295.0 |   290.0 |    1,69 |-0,0060 |1592522192064 |[0.7599762, 0.12836343, 0.89649826, 0.33537507, 0.56213516, 0.6342446, 0.7073375, 0.24693155, 0.14130217, 0.08059853] |
| 8 |   70 |0.35384616 | 5000 |      f1 |     269 |   295.0 |   290.0 |    1,69 |-0,0060 |1592522192064 |[0.7599762, 0.12836343, 0.89649826, 0.33537507, 0.56213516, 0.6342446, 0.7073375, 0.24693155, 0.14130217, 0.08059853] |
| 8 |   70 |  0.45 | 5000 |      f1 |     269 |   295.0 |   290.0 |    1,69 |-0,0060 |1592522192064 |[0.7599762, 0.12836343, 0.89649826, 0.33537507, 0.56213516, 0.6342446, 0.7073375, 0.24693155, 0.14130217, 0.08059853] |
| 8 |   70 |0.35714287 | 5000 |      f1 |     269 |   295.0 |   290.0 |    1,69 |-0,0060 |1592522192064 |[0.7599762, 0.12836343, 0.89649826, 0.33537507, 0.56213516, 0.6342446, 0.7073375, 0.24693155, 0.14130217, 0.08059853] |
| 8 |   70 |   0.4 | 5000 |      f1 |     269 |   295.0 |   290.0 |    1,69 |-0,0060 |1592522192064 |[0.7599762, 0.12836343, 0.89649826, 0.33537507, 0.56213516, 0.6342446, 0.7073375, 0.24693155, 0.14130217, 0.08059853] |
| 8 |   75 |   0.4 | 5000 |      f1 |     269 |   295.0 |   290.0 |    1,69 |-0,0060 |1592522192064 |[0.7599762, 0.12836343, 0.89649826, 0.33537507, 0.56213516, 0.6342446, 0.7073375, 0.24693155, 0.14130217, 0.08059853] |
| 8 |   75 |0.41333333 | 5000 |      f1 |     269 |   295.0 |   290.0 |    1,69 |-0,0060 |1592522192064 |[0.7599762, 0.12836343, 0.89649826, 0.33537507, 0.56213516, 0.6342446, 0.7073375, 0.24693155, 0.14130217, 0.08059853] |
| 8 |   75 |0.41333333 | 5000 |      f1 |     269 |   295.0 |   290.0 |    1,69 |  3,5 |1592522192064 |[0.7599762, 0.12836343, 0.89649826, 0.33537507, 0.56213516, 0.6342446, 0.7073375, 0.24693155, 0.14130217, 0.08059853] |
| 9 |   50 |  0.25 | 5000 |      f1 |     269 |   295.0 |   290.0 |    1,69 |-0,0050 |1592522195590 |[0.5278625, 0.08406329, 0.34792197, 0.6029458, 0.46786338, 0.49603993, 0.3598264, 0.2840439, 0.25158274, 0.78625137] |
| 9 |   50 |  0.28 | 5000 |      f1 |     269 |   295.0 |   290.0 |    1,69 |-0,0050 |1592522195590 |[0.5278625, 0.08406329, 0.34792197, 0.6029458, 0.46786338, 0.49603993, 0.3598264, 0.2840439, 0.25158274, 0.78625137] |
| 9 |   50 |  0.36 | 5000 |      f1 |     269 |   295.0 |   290.0 |    1,69 |-0,0050 |1592522195590 |[0.5278625, 0.08406329, 0.34792197, 0.6029458, 0.46786338, 0.49603993, 0.3598264, 0.2840439, 0.25158274, 0.78625137] |
| 9 |   55 |  0.28 | 5000 |      f1 |     269 |   295.0 |   290.0 |    1,69 |-0,0050 |1592522195590 |[0.5278625, 0.08406329, 0.34792197, 0.6029458, 0.46786338, 0.49603993, 0.3598264, 0.2840439, 0.25158274, 0.78625137] |
| 9 |   55 |  0.45 | 5000 |      f1 |     269 |   295.0 |   290.0 |    1,69 |-0,0050 |1592522195590 |[0.5278625, 0.08406329, 0.34792197, 0.6029458, 0.46786338, 0.49603993, 0.3598264, 0.2840439, 0.25158274, 0.78625137] |
| 9 |   55 |0.3090909 | 5000 |      f1 |     269 |   295.0 |   290.0 |    1,69 |-0,0050 |1592522195590 |[0.5278625, 0.08406329, 0.34792197, 0.6029458, 0.46786338, 0.49603993, 0.3598264, 0.2840439, 0.25158274, 0.78625137] |
| 9 |   55 |0.43636364 | 5000 |      f1 |     269 |   295.0 |   290.0 |    1,69 |-0,0050 |1592522195590 |[0.5278625, 0.08406329, 0.34792197, 0.6029458, 0.46786338, 0.49603993, 0.3598264, 0.2840439, 0.25158274, 0.78625137] |
| 9 |   60 |0.29090908 | 5000 |      f1 |     269 |   295.0 |   290.0 |    1,69 |-0,0050 |1592522195590 |[0.5278625, 0.08406329, 0.34792197, 0.6029458, 0.46786338, 0.49603993, 0.3598264, 0.2840439, 0.25158274, 0.78625137] |
| 9 |   60 |0.41666666 | 5000 |      f1 |     269 |   295.0 |   290.0 |    1,69 |-0,0050 |1592522195590 |[0.5278625, 0.08406329, 0.34792197, 0.6029458, 0.46786338, 0.49603993, 0.3598264, 0.2840439, 0.25158274, 0.78625137] |
| 9 |   60 |0.36666667 | 5000 |      f1 |     269 |   295.0 |   290.0 |    1,69 |-0,0050 |1592522195590 |[0.5278625, 0.08406329, 0.34792197, 0.6029458, 0.46786338, 0.49603993, 0.3598264, 0.2840439, 0.25158274, 0.78625137] |
| 9 |   60 |0.36666667 | 5000 |      f1 |     269 |   295.0 |   290.0 |    1,69 |-0,0050 |1592522195590 |[0.5278625, 0.08406329, 0.34792197, 0.6029458, 0.46786338, 0.49603993, 0.3598264, 0.2840439, 0.25158274, 0.78625137] |
| 9 |   65 |0.41666666 | 5000 |      f1 |     269 |   295.0 |   290.0 |    1,69 |-0,0050 |1592522195590 |[0.5278625, 0.08406329, 0.34792197, 0.6029458, 0.46786338, 0.49603993, 0.3598264, 0.2840439, 0.25158274, 0.78625137] |
| 9 |   65 |  0.45 | 5000 |      f1 |     269 |   295.0 |   290.0 |    1,69 |-0,0050 |1592522195590 |[0.5278625, 0.08406329, 0.34792197, 0.6029458, 0.46786338, 0.49603993, 0.3598264, 0.2840439, 0.25158274, 0.78625137] |
| 9 |   65 |0.3846154 | 5000 |      f1 |     269 |   295.0 |   290.0 |    1,69 |-0,0050 |1592522195590 |[0.5278625, 0.08406329, 0.34792197, 0.6029458, 0.46786338, 0.49603993, 0.3598264, 0.2840439, 0.25158274, 0.78625137] |
| 9 |   65 |0.35384616 | 5000 |      f1 |     269 |   295.0 |   290.0 |    1,69 |-0,0050 |1592522195590 |[0.5278625, 0.08406329, 0.34792197, 0.6029458, 0.46786338, 0.49603993, 0.3598264, 0.2840439, 0.25158274, 0.78625137] |
| 9 |   70 |0.41538462 | 5000 |      f1 |     269 |   295.0 |   290.0 |    1,69 |-0,0050 |1592522195590 |[0.5278625, 0.08406329, 0.34792197, 0.6029458, 0.46786338, 0.49603993, 0.3598264, 0.2840439, 0.25158274, 0.78625137] |
| 9 |   70 |  0.45 | 5000 |      f1 |     269 |   295.0 |   290.0 |    1,69 |-0,0050 |1592522195590 |[0.5278625, 0.08406329, 0.34792197, 0.6029458, 0.46786338, 0.49603993, 0.3598264, 0.2840439, 0.25158274, 0.78625137] |
| 9 |   70 |  0.45 | 5000 |      f1 |     269 |   295.0 |   290.0 |    1,69 |-0,0050 |1592522195590 |[0.5278625, 0.08406329, 0.34792197, 0.6029458, 0.46786338, 0.49603993, 0.3598264, 0.2840439, 0.25158274, 0.78625137] |
| 9 |   70 |   0.4 | 5000 |      f1 |     269 |   295.0 |   290.0 |    1,69 |-0,0050 |1592522195590 |[0.5278625, 0.08406329, 0.34792197, 0.6029458, 0.46786338, 0.49603993, 0.3598264, 0.2840439, 0.25158274, 0.78625137] |
| 9 |   75 |0.44285715 | 5000 |      f1 |     269 |   295.0 |   290.0 |    1,69 |-0,0050 |1592522195590 |[0.5278625, 0.08406329, 0.34792197, 0.6029458, 0.46786338, 0.49603993, 0.3598264, 0.2840439, 0.25158274, 0.78625137] |
| 9 |   75 |  0.45 | 5000 |      f1 |     269 |   295.0 |   290.0 |    1,69 |-0,0050 |1592522195590 |[0.5278625, 0.08406329, 0.34792197, 0.6029458, 0.46786338, 0.49603993, 0.3598264, 0.2840439, 0.25158274, 0.78625137] |
| 9 |   75 |  0.45 | 5000 |      f1 |     269 |   295.0 |   290.0 |    1,69 |  3,5 |1592522195590 |[0.5278625, 0.08406329, 0.34792197, 0.6029458, 0.46786338, 0.49603993, 0.3598264, 0.2840439, 0.25158274, 0.78625137] |
|10 |   50 |  0.25 | 5000 |      f1 |     269 |   295.0 |   290.0 |    1,69 |-0,0060 |1592522199129 |[0.98523676, 0.3489262, 0.5307883, 0.30969775, 0.3766039, 0.8930999, 0.4887724, 0.021639645, 0.679466, 0.59379286] |
|10 |   50 |  0.38 | 5000 |      f1 |     269 |   295.0 |   290.0 |    1,69 |-0,0060 |1592522199129 |[0.98523676, 0.3489262, 0.5307883, 0.30969775, 0.3766039, 0.8930999, 0.4887724, 0.021639645, 0.679466, 0.59379286] |
|10 |   50 |  0.34 | 5000 |      f1 |     269 |   295.0 |   290.0 |    1,69 |-0,0060 |1592522199129 |[0.98523676, 0.3489262, 0.5307883, 0.30969775, 0.3766039, 0.8930999, 0.4887724, 0.021639645, 0.679466, 0.59379286] |
|10 |   55 |  0.36 | 5000 |      f1 |     269 |   295.0 |   290.0 |    1,69 |-0,0060 |1592522199129 |[0.98523676, 0.3489262, 0.5307883, 0.30969775, 0.3766039, 0.8930999, 0.4887724, 0.021639645, 0.679466, 0.59379286] |
|10 |   55 |  0.45 | 5000 |      f1 |     269 |   295.0 |   290.0 |    1,69 |-0,0060 |1592522199129 |[0.98523676, 0.3489262, 0.5307883, 0.30969775, 0.3766039, 0.8930999, 0.4887724, 0.021639645, 0.679466, 0.59379286] |
|10 |   55 |0.3272727 | 5000 |      f1 |     269 |   295.0 |   290.0 |    1,69 |-0,0060 |1592522199129 |[0.98523676, 0.3489262, 0.5307883, 0.30969775, 0.3766039, 0.8930999, 0.4887724, 0.021639645, 0.679466, 0.59379286] |
|10 |   55 |0.3272727 | 5000 |      f1 |     269 |   295.0 |   290.0 |    1,69 |-0,0060 |1592522199129 |[0.98523676, 0.3489262, 0.5307883, 0.30969775, 0.3766039, 0.8930999, 0.4887724, 0.021639645, 0.679466, 0.59379286] |
|10 |   60 |0.43636364 | 5000 |      f1 |     269 |   295.0 |   290.0 |    1,69 |-0,0060 |1592522199129 |[0.98523676, 0.3489262, 0.5307883, 0.30969775, 0.3766039, 0.8930999, 0.4887724, 0.021639645, 0.679466, 0.59379286] |
|10 |   60 |  0.45 | 5000 |      f1 |     269 |   295.0 |   290.0 |    1,69 |-0,0060 |1592522199129 |[0.98523676, 0.3489262, 0.5307883, 0.30969775, 0.3766039, 0.8930999, 0.4887724, 0.021639645, 0.679466, 0.59379286] |
|10 |   60 |  0.45 | 5000 |      f1 |     269 |   295.0 |   290.0 |    1,69 |-0,0060 |1592522199129 |[0.98523676, 0.3489262, 0.5307883, 0.30969775, 0.3766039, 0.8930999, 0.4887724, 0.021639645, 0.679466, 0.59379286] |
|10 |   60 |  0.45 | 5000 |      f1 |     269 |   295.0 |   290.0 |    1,69 |-0,0060 |1592522199129 |[0.98523676, 0.3489262, 0.5307883, 0.30969775, 0.3766039, 0.8930999, 0.4887724, 0.021639645, 0.679466, 0.59379286] |
|10 |   65 |0.38333333 | 5000 |      f1 |     269 |   295.0 |   290.0 |    1,69 |-0,0060 |1592522199129 |[0.98523676, 0.3489262, 0.5307883, 0.30969775, 0.3766039, 0.8930999, 0.4887724, 0.021639645, 0.679466, 0.59379286] |
|10 |   65 |  0.45 | 5000 |      f1 |     269 |   295.0 |   290.0 |    1,69 |-0,0060 |1592522199129 |[0.98523676, 0.3489262, 0.5307883, 0.30969775, 0.3766039, 0.8930999, 0.4887724, 0.021639645, 0.679466, 0.59379286] |
|10 |   65 |0.41538462 | 5000 |      f1 |     269 |   295.0 |   290.0 |    1,69 |-0,0060 |1592522199129 |[0.98523676, 0.3489262, 0.5307883, 0.30969775, 0.3766039, 0.8930999, 0.4887724, 0.021639645, 0.679466, 0.59379286] |
|10 |   65 |0.33846155 | 5000 |      f1 |     269 |   295.0 |   290.0 |    1,69 |-0,0060 |1592522199129 |[0.98523676, 0.3489262, 0.5307883, 0.30969775, 0.3766039, 0.8930999, 0.4887724, 0.021639645, 0.679466, 0.59379286] |
|10 |   70 |0.3846154 | 5000 |      f1 |     269 |   295.0 |   290.0 |    1,69 |-0,0060 |1592522199129 |[0.98523676, 0.3489262, 0.5307883, 0.30969775, 0.3766039, 0.8930999, 0.4887724, 0.021639645, 0.679466, 0.59379286] |
|10 |   70 |  0.45 | 5000 |      f1 |     269 |   295.0 |   290.0 |    1,69 |-0,0060 |1592522199129 |[0.98523676, 0.3489262, 0.5307883, 0.30969775, 0.3766039, 0.8930999, 0.4887724, 0.021639645, 0.679466, 0.59379286] |
|10 |   70 |0.44285715 | 5000 |      f1 |     269 |   295.0 |   290.0 |    1,69 |-0,0060 |1592522199129 |[0.98523676, 0.3489262, 0.5307883, 0.30969775, 0.3766039, 0.8930999, 0.4887724, 0.021639645, 0.679466, 0.59379286] |
|10 |   70 |   0.4 | 5000 |      f1 |     269 |   295.0 |   290.0 |    1,69 |-0,0060 |1592522199129 |[0.98523676, 0.3489262, 0.5307883, 0.30969775, 0.3766039, 0.8930999, 0.4887724, 0.021639645, 0.679466, 0.59379286] |
|10 |   75 |  0.45 | 5000 |      f1 |     269 |   295.0 |   290.0 |    1,69 |-0,0060 |1592522199129 |[0.98523676, 0.3489262, 0.5307883, 0.30969775, 0.3766039, 0.8930999, 0.4887724, 0.021639645, 0.679466, 0.59379286] |
|10 |   75 |  0.45 | 5000 |      f1 |     269 |   295.0 |   290.0 |    1,69 |-0,0060 |1592522199129 |[0.98523676, 0.3489262, 0.5307883, 0.30969775, 0.3766039, 0.8930999, 0.4887724, 0.021639645, 0.679466, 0.59379286] |
|10 |   75 |  0.45 | 5000 |      f1 |     269 |   295.0 |   290.0 |    1,69 |  3,5 |1592522199129 |[0.98523676, 0.3489262, 0.5307883, 0.30969775, 0.3766039, 0.8930999, 0.4887724, 0.021639645, 0.679466, 0.59379286] |
|11 |   50 |  0.25 | 5000 |      f1 |     269 |   295.0 |   290.0 |    1,69 |-0,0050 |1592522202674 |[0.97473866, 0.41776586, 0.20812291, 0.68478584, 0.29840183, 0.23717219, 0.031180143, 0.30115682, 0.8854659, 0.28734648] |
|11 |   50 |  0.24 | 5000 |      f1 |     269 |   295.0 |   290.0 |    1,69 |-0,0050 |1592522202674 |[0.015883625, 0.008221269, 0.52543753, 0.5919088, 0.58232576, 0.5307144, 0.7303578, 0.22378904, 0.16524369, 0.68015593] |
|11 |   50 |  0.36 | 5000 |      f1 |     269 |   295.0 |   290.0 |    1,69 |-0,0050 |1592522202674 |[0.0372777, 0.14870203, 0.47177762, 0.23812896, 0.8774255, 0.95062757, 0.84672123, 0.13750315, 0.9537892, 0.77920395] |
|11 |   55 |  0.34 | 5000 |      f1 |     269 |   295.0 |   290.0 |    1,69 |-0,0050 |1592522202674 |[0.0372777, 0.14870203, 0.47177762, 0.23812896, 0.8774255, 0.95062757, 0.84672123, 0.13750315, 0.9537892, 0.77920395] |
|11 |   55 |  0.45 | 5000 |      f1 |     269 |   295.0 |   290.0 |    1,69 |-0,0050 |1592522202674 |[0.0372777, 0.14870203, 0.47177762, 0.23812896, 0.8774255, 0.95062757, 0.84672123, 0.13750315, 0.9537892, 0.77920395] |
|11 |   55 |0.34545454 | 5000 |      f1 |     269 |   295.0 |   290.0 |    1,69 |-0,0050 |1592522202674 |[0.0372777, 0.14870203, 0.47177762, 0.23812896, 0.8774255, 0.95062757, 0.84672123, 0.13750315, 0.9537892, 0.77920395] |
|11 |   55 |0.3272727 | 5000 |      f1 |     269 |   295.0 |   290.0 |    1,69 |-0,0050 |1592522202674 |[0.0372777, 0.14870203, 0.47177762, 0.23812896, 0.8774255, 0.95062757, 0.84672123, 0.13750315, 0.9537892, 0.77920395] |
|11 |   60 |0.3090909 | 5000 |      f1 |     269 |   295.0 |   290.0 |    1,69 |-0,0050 |1592522202674 |[0.0372777, 0.14870203, 0.47177762, 0.23812896, 0.8774255, 0.95062757, 0.84672123, 0.13750315, 0.9537892, 0.77920395] |
|11 |   60 |  0.45 | 5000 |      f1 |     269 |   295.0 |   290.0 |    1,69 |-0,0050 |1592522202674 |[0.0372777, 0.14870203, 0.47177762, 0.23812896, 0.8774255, 0.95062757, 0.84672123, 0.13750315, 0.9537892, 0.77920395] |
|11 |   60 |  0.35 | 5000 |      f1 |     269 |   295.0 |   290.0 |    1,69 |-0,0050 |1592522202674 |[0.0372777, 0.14870203, 0.47177762, 0.23812896, 0.8774255, 0.95062757, 0.84672123, 0.13750315, 0.9537892, 0.77920395] |
|11 |   60 |0.43333334 | 5000 |      f1 |     269 |   295.0 |   290.0 |    1,69 |-0,0050 |1592522202674 |[0.0372777, 0.14870203, 0.47177762, 0.23812896, 0.8774255, 0.95062757, 0.84672123, 0.13750315, 0.9537892, 0.77920395] |
|11 |   65 |  0.35 | 5000 |      f1 |     269 |   295.0 |   290.0 |    1,69 |-0,0050 |1592522202674 |[0.0372777, 0.14870203, 0.47177762, 0.23812896, 0.8774255, 0.95062757, 0.84672123, 0.13750315, 0.9537892, 0.77920395] |
|11 |   65 |  0.45 | 5000 |      f1 |     269 |   295.0 |   290.0 |    1,69 |-0,0050 |1592522202674 |[0.0372777, 0.14870203, 0.47177762, 0.23812896, 0.8774255, 0.95062757, 0.84672123, 0.13750315, 0.9537892, 0.77920395] |
|11 |   65 |0.41538462 | 5000 |      f1 |     269 |   295.0 |   290.0 |    1,69 |-0,0050 |1592522202674 |[0.0372777, 0.14870203, 0.47177762, 0.23812896, 0.8774255, 0.95062757, 0.84672123, 0.13750315, 0.9537892, 0.77920395] |
|11 |   65 |0.35384616 | 5000 |      f1 |     269 |   295.0 |   290.0 |    1,69 |-0,0050 |1592522202674 |[0.0372777, 0.14870203, 0.47177762, 0.23812896, 0.8774255, 0.95062757, 0.84672123, 0.13750315, 0.9537892, 0.77920395] |
|11 |   70 |0.2769231 | 5000 |      f1 |     269 |   295.0 |   290.0 |    1,69 |-0,0050 |1592522202674 |[0.0372777, 0.14870203, 0.47177762, 0.23812896, 0.8774255, 0.95062757, 0.84672123, 0.13750315, 0.9537892, 0.77920395] |
|11 |   70 |0.44285715 | 5000 |      f1 |     269 |   295.0 |   290.0 |    1,69 |-0,0050 |1592522202674 |[0.0372777, 0.14870203, 0.47177762, 0.23812896, 0.8774255, 0.95062757, 0.84672123, 0.13750315, 0.9537892, 0.77920395] |
|11 |   70 |   0.3 | 5000 |      f1 |     269 |   295.0 |   290.0 |    1,69 |-0,0050 |1592522202674 |[0.0372777, 0.14870203, 0.47177762, 0.23812896, 0.8774255, 0.95062757, 0.84672123, 0.13750315, 0.9537892, 0.77920395] |
|11 |   70 |0.32857144 | 5000 |      f1 |     269 |   295.0 |   290.0 |    1,69 |-0,0050 |1592522202674 |[0.0372777, 0.14870203, 0.47177762, 0.23812896, 0.8774255, 0.95062757, 0.84672123, 0.13750315, 0.9537892, 0.77920395] |
|11 |   75 |0.41428572 | 5000 |      f1 |     269 |   295.0 |   290.0 |    1,69 |-0,0050 |1592522202674 |[0.0372777, 0.14870203, 0.47177762, 0.23812896, 0.8774255, 0.95062757, 0.84672123, 0.13750315, 0.9537892, 0.77920395] |
|11 |   75 |  0.45 | 5000 |      f1 |     269 |   295.0 |   290.0 |    1,69 |-0,0050 |1592522202674 |[0.0372777, 0.14870203, 0.47177762, 0.23812896, 0.8774255, 0.95062757, 0.84672123, 0.13750315, 0.9537892, 0.77920395] |
|11 |   75 |  0.45 | 5000 |      f1 |     269 |   295.0 |   290.0 |    1,69 |  3,5 |1592522202674 |[0.0372777, 0.14870203, 0.47177762, 0.23812896, 0.8774255, 0.95062757, 0.84672123, 0.13750315, 0.9537892, 0.77920395] |
|12 |   50 |  0.25 | 5000 |      f1 |     269 |   295.0 |   290.0 |    1,69 |-0,0060 |1592522206207 |[0.3623562, 0.89175135, 0.73817927, 0.49396044, 0.7772235, 0.5799947, 0.6010908, 0.7326816, 0.80981994, 0.036934018] |
|12 |   50 |  0.34 | 5000 |      f1 |     269 |   295.0 |   290.0 |    1,69 |-0,0060 |1592522206207 |[0.3623562, 0.89175135, 0.73817927, 0.49396044, 0.7772235, 0.5799947, 0.6010908, 0.7326816, 0.80981994, 0.036934018] |
|12 |   50 |  0.32 | 5000 |      f1 |     269 |   295.0 |   290.0 |    1,69 |-0,0060 |1592522206207 |[0.3623562, 0.89175135, 0.73817927, 0.49396044, 0.7772235, 0.5799947, 0.6010908, 0.7326816, 0.80981994, 0.036934018] |
|12 |   55 |  0.28 | 5000 |      f1 |     269 |   295.0 |   290.0 |    1,69 |-0,0060 |1592522206207 |[0.3623562, 0.89175135, 0.73817927, 0.49396044, 0.7772235, 0.5799947, 0.6010908, 0.7326816, 0.80981994, 0.036934018] |
|12 |   55 |  0.45 | 5000 |      f1 |     269 |   295.0 |   290.0 |    1,69 |-0,0060 |1592522206207 |[0.3623562, 0.89175135, 0.73817927, 0.49396044, 0.7772235, 0.5799947, 0.6010908, 0.7326816, 0.80981994, 0.036934018] |
|12 |   55 |  0.45 | 5000 |      f1 |     269 |   295.0 |   290.0 |    1,69 |-0,0060 |1592522206207 |[0.3623562, 0.89175135, 0.73817927, 0.49396044, 0.7772235, 0.5799947, 0.6010908, 0.7326816, 0.80981994, 0.036934018] |
|12 |   55 |   0.4 | 5000 |      f1 |     269 |   295.0 |   290.0 |    1,69 |-0,0060 |1592522206207 |[0.3623562, 0.89175135, 0.73817927, 0.49396044, 0.7772235, 0.5799947, 0.6010908, 0.7326816, 0.80981994, 0.036934018] |
|12 |   60 |   0.4 | 5000 |      f1 |     269 |   295.0 |   290.0 |    1,69 |-0,0060 |1592522206207 |[0.3623562, 0.89175135, 0.73817927, 0.49396044, 0.7772235, 0.5799947, 0.6010908, 0.7326816, 0.80981994, 0.036934018] |
|12 |   60 |  0.45 | 5000 |      f1 |     269 |   295.0 |   290.0 |    1,69 |-0,0060 |1592522206207 |[0.3623562, 0.89175135, 0.73817927, 0.49396044, 0.7772235, 0.5799947, 0.6010908, 0.7326816, 0.80981994, 0.036934018] |
|12 |   60 |0.38333333 | 5000 |      f1 |     269 |   295.0 |   290.0 |    1,69 |-0,0060 |1592522206207 |[0.3623562, 0.89175135, 0.73817927, 0.49396044, 0.7772235, 0.5799947, 0.6010908, 0.7326816, 0.80981994, 0.036934018] |
|12 |   60 |0.38333333 | 5000 |      f1 |     269 |   295.0 |   290.0 |    1,69 |-0,0060 |1592522206207 |[0.3623562, 0.89175135, 0.73817927, 0.49396044, 0.7772235, 0.5799947, 0.6010908, 0.7326816, 0.80981994, 0.036934018] |
|12 |   65 |0.31666666 | 5000 |      f1 |     269 |   295.0 |   290.0 |    1,69 |-0,0060 |1592522206207 |[0.3623562, 0.89175135, 0.73817927, 0.49396044, 0.7772235, 0.5799947, 0.6010908, 0.7326816, 0.80981994, 0.036934018] |
|12 |   65 |  0.45 | 5000 |      f1 |     269 |   295.0 |   290.0 |    1,69 |-0,0060 |1592522206207 |[0.3623562, 0.89175135, 0.73817927, 0.49396044, 0.7772235, 0.5799947, 0.6010908, 0.7326816, 0.80981994, 0.036934018] |
|12 |   65 |   0.4 | 5000 |      f1 |     269 |   295.0 |   290.0 |    1,69 |-0,0060 |1592522206207 |[0.3623562, 0.89175135, 0.73817927, 0.49396044, 0.7772235, 0.5799947, 0.6010908, 0.7326816, 0.80981994, 0.036934018] |
|12 |   65 |0.36923078 | 5000 |      f1 |     269 |   295.0 |   290.0 |    1,69 |-0,0060 |1592522206207 |[0.3623562, 0.89175135, 0.73817927, 0.49396044, 0.7772235, 0.5799947, 0.6010908, 0.7326816, 0.80981994, 0.036934018] |
|12 |   70 |0.3846154 | 5000 |      f1 |     269 |   295.0 |   290.0 |    1,69 |-0,0060 |1592522206207 |[0.3623562, 0.89175135, 0.73817927, 0.49396044, 0.7772235, 0.5799947, 0.6010908, 0.7326816, 0.80981994, 0.036934018] |
|12 |   70 |  0.45 | 5000 |      f1 |     269 |   295.0 |   290.0 |    1,69 |-0,0060 |1592522206207 |[0.3623562, 0.89175135, 0.73817927, 0.49396044, 0.7772235, 0.5799947, 0.6010908, 0.7326816, 0.80981994, 0.036934018] |
|12 |   70 |0.3857143 | 5000 |      f1 |     269 |   295.0 |   290.0 |    1,69 |-0,0060 |1592522206207 |[0.3623562, 0.89175135, 0.73817927, 0.49396044, 0.7772235, 0.5799947, 0.6010908, 0.7326816, 0.80981994, 0.036934018] |
|12 |   70 |0.44285715 | 5000 |      f1 |     269 |   295.0 |   290.0 |    1,69 |-0,0060 |1592522206207 |[0.3623562, 0.89175135, 0.73817927, 0.49396044, 0.7772235, 0.5799947, 0.6010908, 0.7326816, 0.80981994, 0.036934018] |
|12 |   75 |0.42857143 | 5000 |      f1 |     269 |   295.0 |   290.0 |    1,69 |-0,0060 |1592522206207 |[0.3623562, 0.89175135, 0.73817927, 0.49396044, 0.7772235, 0.5799947, 0.6010908, 0.7326816, 0.80981994, 0.036934018] |
|12 |   75 |  0.45 | 5000 |      f1 |     269 |   295.0 |   290.0 |    1,69 |-0,0060 |1592522206207 |[0.3623562, 0.89175135, 0.73817927, 0.49396044, 0.7772235, 0.5799947, 0.6010908, 0.7326816, 0.80981994, 0.036934018] |
|12 |   75 |  0.45 | 5000 |      f1 |     269 |   295.0 |   290.0 |    1,69 |  3,5 |1592522206207 |[0.3623562, 0.89175135, 0.73817927, 0.49396044, 0.7772235, 0.5799947, 0.6010908, 0.7326816, 0.80981994, 0.036934018] |
|13 |   50 |  0.25 | 5000 |      f1 |     269 |   295.0 |   290.0 |    1,69 |-0,0050 |1592522209749 |[0.56977046, 0.5740138, 0.7054948, 0.6665301, 0.17203414, 0.62018055, 0.9110163, 0.20718026, 0.36011136, 0.24655735] |
|13 |   50 |  0.32 | 5000 |      f1 |     269 |   295.0 |   290.0 |    1,69 |-0,0050 |1592522209749 |[0.56977046, 0.5740138, 0.7054948, 0.6665301, 0.17203414, 0.62018055, 0.9110163, 0.20718026, 0.36011136, 0.24655735] |
|13 |   50 |  0.34 | 5000 |      f1 |     269 |   295.0 |   290.0 |    1,69 |-0,0050 |1592522209749 |[0.56977046, 0.5740138, 0.7054948, 0.6665301, 0.17203414, 0.62018055, 0.9110163, 0.20718026, 0.36011136, 0.24655735] |
|13 |   55 |  0.32 | 5000 |      f1 |     269 |   295.0 |   290.0 |    1,69 |-0,0050 |1592522209749 |[0.56977046, 0.5740138, 0.7054948, 0.6665301, 0.17203414, 0.62018055, 0.9110163, 0.20718026, 0.36011136, 0.24655735] |
|13 |   55 |  0.45 | 5000 |      f1 |     269 |   295.0 |   290.0 |    1,69 |-0,0050 |1592522209749 |[0.56977046, 0.5740138, 0.7054948, 0.6665301, 0.17203414, 0.62018055, 0.9110163, 0.20718026, 0.36011136, 0.24655735] |
|13 |   55 |0.36363637 | 5000 |      f1 |     269 |   295.0 |   290.0 |    1,69 |-0,0050 |1592522209749 |[0.56977046, 0.5740138, 0.7054948, 0.6665301, 0.17203414, 0.62018055, 0.9110163, 0.20718026, 0.36011136, 0.24655735] |
|13 |   55 |0.3272727 | 5000 |      f1 |     269 |   295.0 |   290.0 |    1,69 |-0,0050 |1592522209749 |[0.56977046, 0.5740138, 0.7054948, 0.6665301, 0.17203414, 0.62018055, 0.9110163, 0.20718026, 0.36011136, 0.24655735] |
|13 |   60 |0.4181818 | 5000 |      f1 |     269 |   295.0 |   290.0 |    1,69 |-0,0050 |1592522209749 |[0.56977046, 0.5740138, 0.7054948, 0.6665301, 0.17203414, 0.62018055, 0.9110163, 0.20718026, 0.36011136, 0.24655735] |
|13 |   60 |  0.45 | 5000 |      f1 |     269 |   295.0 |   290.0 |    1,69 |-0,0050 |1592522209749 |[0.56977046, 0.5740138, 0.7054948, 0.6665301, 0.17203414, 0.62018055, 0.9110163, 0.20718026, 0.36011136, 0.24655735] |
|13 |   60 |0.41666666 | 5000 |      f1 |     269 |   295.0 |   290.0 |    1,69 |-0,0050 |1592522209749 |[0.56977046, 0.5740138, 0.7054948, 0.6665301, 0.17203414, 0.62018055, 0.9110163, 0.20718026, 0.36011136, 0.24655735] |
|13 |   60 |  0.35 | 5000 |      f1 |     269 |   295.0 |   290.0 |    1,69 |-0,0050 |1592522209749 |[0.56977046, 0.5740138, 0.7054948, 0.6665301, 0.17203414, 0.62018055, 0.9110163, 0.20718026, 0.36011136, 0.24655735] |
|13 |   65 |  0.35 | 5000 |      f1 |     269 |   295.0 |   290.0 |    1,69 |-0,0050 |1592522209749 |[0.56977046, 0.5740138, 0.7054948, 0.6665301, 0.17203414, 0.62018055, 0.9110163, 0.20718026, 0.36011136, 0.24655735] |
|13 |   65 |  0.45 | 5000 |      f1 |     269 |   295.0 |   290.0 |    1,69 |-0,0050 |1592522209749 |[0.56977046, 0.5740138, 0.7054948, 0.6665301, 0.17203414, 0.62018055, 0.9110163, 0.20718026, 0.36011136, 0.24655735] |
|13 |   65 |0.2769231 | 5000 |      f1 |     269 |   295.0 |   290.0 |    1,69 |-0,0050 |1592522209749 |[0.56977046, 0.5740138, 0.7054948, 0.6665301, 0.17203414, 0.62018055, 0.9110163, 0.20718026, 0.36011136, 0.24655735] |
|13 |   65 |  0.45 | 5000 |      f1 |     269 |   295.0 |   290.0 |    1,69 |-0,0050 |1592522209749 |[0.56977046, 0.5740138, 0.7054948, 0.6665301, 0.17203414, 0.62018055, 0.9110163, 0.20718026, 0.36011136, 0.24655735] |
|13 |   70 |   0.4 | 5000 |      f1 |     269 |   295.0 |   290.0 |    1,69 |-0,0050 |1592522209749 |[0.56977046, 0.5740138, 0.7054948, 0.6665301, 0.17203414, 0.62018055, 0.9110163, 0.20718026, 0.36011136, 0.24655735] |
|13 |   70 |  0.45 | 5000 |      f1 |     269 |   295.0 |   290.0 |    1,69 |-0,0050 |1592522209749 |[0.56977046, 0.5740138, 0.7054948, 0.6665301, 0.17203414, 0.62018055, 0.9110163, 0.20718026, 0.36011136, 0.24655735] |
|13 |   70 |0.44285715 | 5000 |      f1 |     269 |   295.0 |   290.0 |    1,69 |-0,0050 |1592522209749 |[0.56977046, 0.5740138, 0.7054948, 0.6665301, 0.17203414, 0.62018055, 0.9110163, 0.20718026, 0.36011136, 0.24655735] |
|13 |   70 |   0.4 | 5000 |      f1 |     269 |   295.0 |   290.0 |    1,69 |-0,0050 |1592522209749 |[0.56977046, 0.5740138, 0.7054948, 0.6665301, 0.17203414, 0.62018055, 0.9110163, 0.20718026, 0.36011136, 0.24655735] |
|13 |   75 |0.32857144 | 5000 |      f1 |     269 |   295.0 |   290.0 |    1,69 |-0,0050 |1592522209749 |[0.56977046, 0.5740138, 0.7054948, 0.6665301, 0.17203414, 0.62018055, 0.9110163, 0.20718026, 0.36011136, 0.24655735] |
|13 |   75 |  0.44 | 5000 |      f1 |     269 |   295.0 |   290.0 |    1,69 |-0,0050 |1592522209749 |[0.56977046, 0.5740138, 0.7054948, 0.6665301, 0.17203414, 0.62018055, 0.9110163, 0.20718026, 0.36011136, 0.24655735] |
|13 |   75 |  0.44 | 5000 |      f1 |     269 |   295.0 |   290.0 |    1,69 |  3,5 |1592522209749 |[0.56977046, 0.5740138, 0.7054948, 0.6665301, 0.17203414, 0.62018055, 0.9110163, 0.20718026, 0.36011136, 0.24655735] |
|14 |   50 |  0.25 | 5000 |      f1 |     269 |   295.0 |   290.0 |    1,69 |-0,0050 |1592522213274 |[0.34771472, 0.046832263, 0.5824883, 0.3039459, 0.48977643, 0.47109503, 0.7240574, 0.24652058, 0.06235671, 0.49707335] |
|14 |   50 |  0.36 | 5000 |      f1 |     269 |   295.0 |   290.0 |    1,69 |-0,0050 |1592522213274 |[0.34771472, 0.046832263, 0.5824883, 0.3039459, 0.48977643, 0.47109503, 0.7240574, 0.24652058, 0.06235671, 0.49707335] |
|14 |   50 |   0.4 | 5000 |      f1 |     269 |   295.0 |   290.0 |    1,69 |-0,0050 |1592522213274 |[0.34771472, 0.046832263, 0.5824883, 0.3039459, 0.48977643, 0.47109503, 0.7240574, 0.24652058, 0.06235671, 0.49707335] |
|14 |   55 |  0.26 | 5000 |      f1 |     269 |   295.0 |   290.0 |    1,69 |-0,0050 |1592522213274 |[0.34771472, 0.046832263, 0.5824883, 0.3039459, 0.48977643, 0.47109503, 0.7240574, 0.24652058, 0.06235671, 0.49707335] |
|14 |   55 |  0.45 | 5000 |      f1 |     269 |   295.0 |   290.0 |    1,69 |-0,0050 |1592522213274 |[0.34771472, 0.046832263, 0.5824883, 0.3039459, 0.48977643, 0.47109503, 0.7240574, 0.24652058, 0.06235671, 0.49707335] |
|14 |   55 |0.38181818 | 5000 |      f1 |     269 |   295.0 |   290.0 |    1,69 |-0,0050 |1592522213274 |[0.34771472, 0.046832263, 0.5824883, 0.3039459, 0.48977643, 0.47109503, 0.7240574, 0.24652058, 0.06235671, 0.49707335] |
|14 |   55 |0.36363637 | 5000 |      f1 |     269 |   295.0 |   290.0 |    1,69 |-0,0050 |1592522213274 |[0.34771472, 0.046832263, 0.5824883, 0.3039459, 0.48977643, 0.47109503, 0.7240574, 0.24652058, 0.06235671, 0.49707335] |
|14 |   60 |0.25454545 | 5000 |      f1 |     269 |   295.0 |   290.0 |    1,69 |-0,0050 |1592522213274 |[0.34771472, 0.046832263, 0.5824883, 0.3039459, 0.48977643, 0.47109503, 0.7240574, 0.24652058, 0.06235671, 0.49707335] |
|14 |   60 |  0.45 | 5000 |      f1 |     269 |   295.0 |   290.0 |    1,69 |-0,0050 |1592522213274 |[0.34771472, 0.046832263, 0.5824883, 0.3039459, 0.48977643, 0.47109503, 0.7240574, 0.24652058, 0.06235671, 0.49707335] |
|14 |   60 |0.41666666 | 5000 |      f1 |     269 |   295.0 |   290.0 |    1,69 |-0,0050 |1592522213274 |[0.34771472, 0.046832263, 0.5824883, 0.3039459, 0.48977643, 0.47109503, 0.7240574, 0.24652058, 0.06235671, 0.49707335] |
|14 |   60 |  0.35 | 5000 |      f1 |     269 |   295.0 |   290.0 |    1,69 |-0,0050 |1592522213274 |[0.34771472, 0.046832263, 0.5824883, 0.3039459, 0.48977643, 0.47109503, 0.7240574, 0.24652058, 0.06235671, 0.49707335] |
|14 |   65 |0.36666667 | 5000 |      f1 |     269 |   295.0 |   290.0 |    1,69 |-0,0050 |1592522213274 |[0.34771472, 0.046832263, 0.5824883, 0.3039459, 0.48977643, 0.47109503, 0.7240574, 0.24652058, 0.06235671, 0.49707335] |
|14 |   65 |  0.45 | 5000 |      f1 |     269 |   295.0 |   290.0 |    1,69 |-0,0050 |1592522213274 |[0.34771472, 0.046832263, 0.5824883, 0.3039459, 0.48977643, 0.47109503, 0.7240574, 0.24652058, 0.06235671, 0.49707335] |
|14 |   65 |0.43076923 | 5000 |      f1 |     269 |   295.0 |   290.0 |    1,69 |-0,0050 |1592522213274 |[0.34771472, 0.046832263, 0.5824883, 0.3039459, 0.48977643, 0.47109503, 0.7240574, 0.24652058, 0.06235671, 0.49707335] |
|14 |   65 |0.2923077 | 5000 |      f1 |     269 |   295.0 |   290.0 |    1,69 |-0,0050 |1592522213274 |[0.34771472, 0.046832263, 0.5824883, 0.3039459, 0.48977643, 0.47109503, 0.7240574, 0.24652058, 0.06235671, 0.49707335] |
|14 |   70 |0.32307693 | 5000 |      f1 |     269 |   295.0 |   290.0 |    1,69 |-0,0050 |1592522213274 |[0.34771472, 0.046832263, 0.5824883, 0.3039459, 0.48977643, 0.47109503, 0.7240574, 0.24652058, 0.06235671, 0.49707335] |
|14 |   70 |  0.45 | 5000 |      f1 |     269 |   295.0 |   290.0 |    1,69 |-0,0050 |1592522213274 |[0.34771472, 0.046832263, 0.5824883, 0.3039459, 0.48977643, 0.47109503, 0.7240574, 0.24652058, 0.06235671, 0.49707335] |
|14 |   70 |0.3857143 | 5000 |      f1 |     269 |   295.0 |   290.0 |    1,69 |-0,0050 |1592522213274 |[0.34771472, 0.046832263, 0.5824883, 0.3039459, 0.48977643, 0.47109503, 0.7240574, 0.24652058, 0.06235671, 0.49707335] |
|14 |   70 |0.35714287 | 5000 |      f1 |     269 |   295.0 |   290.0 |    1,69 |-0,0050 |1592522213274 |[0.34771472, 0.046832263, 0.5824883, 0.3039459, 0.48977643, 0.47109503, 0.7240574, 0.24652058, 0.06235671, 0.49707335] |
|14 |   75 |0.35714287 | 5000 |      f1 |     269 |   295.0 |   290.0 |    1,69 |-0,0050 |1592522213274 |[0.34771472, 0.046832263, 0.5824883, 0.3039459, 0.48977643, 0.47109503, 0.7240574, 0.24652058, 0.06235671, 0.49707335] |
|14 |   75 |  0.45 | 5000 |      f1 |     269 |   295.0 |   290.0 |    1,69 |-0,0050 |1592522213274 |[0.34771472, 0.046832263, 0.5824883, 0.3039459, 0.48977643, 0.47109503, 0.7240574, 0.24652058, 0.06235671, 0.49707335] |
|14 |   75 |  0.45 | 5000 |      f1 |     269 |   295.0 |   290.0 |    1,69 |  3,5 |1592522213274 |[0.34771472, 0.046832263, 0.5824883, 0.3039459, 0.48977643, 0.47109503, 0.7240574, 0.24652058, 0.06235671, 0.49707335] |
|15 |   50 |  0.25 | 5000 |      f1 |     269 |   295.0 |   290.0 |    1,69 |-0,0050 |1592522216802 |[0.2055701, 0.779588, 0.643907, 0.8185146, 0.7293732, 0.30191028, 0.7411304, 0.049753726, 0.8123252, 0.32937348] |
|15 |   50 |  0.38 | 5000 |      f1 |     269 |   295.0 |   290.0 |    1,69 |-0,0050 |1592522216802 |[0.2055701, 0.779588, 0.643907, 0.8185146, 0.7293732, 0.30191028, 0.7411304, 0.049753726, 0.8123252, 0.32937348] |
|15 |   50 |  0.36 | 5000 |      f1 |     269 |   295.0 |   290.0 |    1,69 |-0,0050 |1592522216802 |[0.2055701, 0.779588, 0.643907, 0.8185146, 0.7293732, 0.30191028, 0.7411304, 0.049753726, 0.8123252, 0.32937348] |
|15 |   55 |  0.44 | 5000 |      f1 |     269 |   295.0 |   290.0 |    1,69 |-0,0050 |1592522216802 |[0.2055701, 0.779588, 0.643907, 0.8185146, 0.7293732, 0.30191028, 0.7411304, 0.049753726, 0.8123252, 0.32937348] |
|15 |   55 |  0.45 | 5000 |      f1 |     269 |   295.0 |   290.0 |    1,69 |-0,0050 |1592522216802 |[0.41976666, 0.67023927, 0.7766122, 0.3494134, 0.8029271, 0.11764419, 0.6529253, 0.14662158, 0.53419536, 0.7820958] |
|15 |   55 |0.3090909 | 5000 |      f1 |     269 |   295.0 |   290.0 |    1,69 |-0,0050 |1592522216802 |[0.41976666, 0.67023927, 0.7766122, 0.3494134, 0.8029271, 0.11764419, 0.6529253, 0.14662158, 0.53419536, 0.7820958] |
|15 |   55 |0.38181818 | 5000 |      f1 |     269 |   295.0 |   290.0 |    1,69 |-0,0050 |1592522216802 |[0.41976666, 0.67023927, 0.7766122, 0.3494134, 0.8029271, 0.11764419, 0.6529253, 0.14662158, 0.53419536, 0.7820958] |
|15 |   60 |0.36363637 | 5000 |      f1 |     269 |   295.0 |   290.0 |    1,69 |-0,0050 |1592522216802 |[0.41976666, 0.67023927, 0.7766122, 0.3494134, 0.8029271, 0.11764419, 0.6529253, 0.14662158, 0.53419536, 0.7820958] |
|15 |   60 |  0.45 | 5000 |      f1 |     269 |   295.0 |   290.0 |    1,69 |-0,0050 |1592522216802 |[0.41976666, 0.67023927, 0.7766122, 0.3494134, 0.8029271, 0.11764419, 0.6529253, 0.14662158, 0.53419536, 0.7820958] |
|15 |   60 |  0.45 | 5000 |      f1 |     269 |   295.0 |   290.0 |    1,69 |-0,0050 |1592522216802 |[0.41976666, 0.67023927, 0.7766122, 0.3494134, 0.8029271, 0.11764419, 0.6529253, 0.14662158, 0.53419536, 0.7820958] |
|15 |   60 |   0.4 | 5000 |      f1 |     269 |   295.0 |   290.0 |    1,69 |-0,0050 |1592522216802 |[0.41976666, 0.67023927, 0.7766122, 0.3494134, 0.8029271, 0.11764419, 0.6529253, 0.14662158, 0.53419536, 0.7820958] |
|15 |   65 |0.38333333 | 5000 |      f1 |     269 |   295.0 |   290.0 |    1,69 |-0,0050 |1592522216802 |[0.41976666, 0.67023927, 0.7766122, 0.3494134, 0.8029271, 0.11764419, 0.6529253, 0.14662158, 0.53419536, 0.7820958] |
|15 |   65 |  0.45 | 5000 |      f1 |     269 |   295.0 |   290.0 |    1,69 |-0,0050 |1592522216802 |[0.41976666, 0.67023927, 0.7766122, 0.3494134, 0.8029271, 0.11764419, 0.6529253, 0.14662158, 0.53419536, 0.7820958] |
|15 |   65 |   0.4 | 5000 |      f1 |     269 |   295.0 |   290.0 |    1,69 |-0,0050 |1592522216802 |[0.41976666, 0.67023927, 0.7766122, 0.3494134, 0.8029271, 0.11764419, 0.6529253, 0.14662158, 0.53419536, 0.7820958] |
|15 |   65 |0.33846155 | 5000 |      f1 |     269 |   295.0 |   290.0 |    1,69 |-0,0050 |1592522216802 |[0.41976666, 0.67023927, 0.7766122, 0.3494134, 0.8029271, 0.11764419, 0.6529253, 0.14662158, 0.53419536, 0.7820958] |
|15 |   70 |  0.45 | 5000 |      f1 |     269 |   295.0 |   290.0 |    1,69 |-0,0050 |1592522216802 |[0.41976666, 0.67023927, 0.7766122, 0.3494134, 0.8029271, 0.11764419, 0.6529253, 0.14662158, 0.53419536, 0.7820958] |
|15 |   70 |  0.45 | 5000 |      f1 |     269 |   295.0 |   290.0 |    1,69 |-0,0050 |1592522216802 |[0.41976666, 0.67023927, 0.7766122, 0.3494134, 0.8029271, 0.11764419, 0.6529253, 0.14662158, 0.53419536, 0.7820958] |
|15 |   70 |0.37142858 | 5000 |      f1 |     269 |   295.0 |   290.0 |    1,69 |-0,0050 |1592522216802 |[0.41976666, 0.67023927, 0.7766122, 0.3494134, 0.8029271, 0.11764419, 0.6529253, 0.14662158, 0.53419536, 0.7820958] |
|15 |   70 |0.2857143 | 5000 |      f1 |     269 |   295.0 |   290.0 |    1,69 |-0,0050 |1592522216802 |[0.41976666, 0.67023927, 0.7766122, 0.3494134, 0.8029271, 0.11764419, 0.6529253, 0.14662158, 0.53419536, 0.7820958] |
|15 |   75 |0.41428572 | 5000 |      f1 |     269 |   295.0 |   290.0 |    1,69 |-0,0050 |1592522216802 |[0.41976666, 0.67023927, 0.7766122, 0.3494134, 0.8029271, 0.11764419, 0.6529253, 0.14662158, 0.53419536, 0.7820958] |
|15 |   75 |  0.45 | 5000 |      f1 |     269 |   295.0 |   290.0 |    1,69 |-0,0050 |1592522216802 |[0.41976666, 0.67023927, 0.7766122, 0.3494134, 0.8029271, 0.11764419, 0.6529253, 0.14662158, 0.53419536, 0.7820958] |
|15 |   75 |  0.45 | 5000 |      f1 |     269 |   295.0 |   290.0 |    1,69 |  3,6 |1592522216802 |[0.41976666, 0.67023927, 0.7766122, 0.3494134, 0.8029271, 0.11764419, 0.6529253, 0.14662158, 0.53419536, 0.7820958] |
