|Instancia |Ejecucion |Iteracion |Iter Max |Nidos |   %Pa |tipoDiscretizacion |tipoBinarizacion | CapMoch |   Optmo |OptimoObtenido |     RDP | time |      semilla |VectorSolucionReal |VectorSolucionBinario |
-------------------------------------------------------------------------------------------------
|      f4 | 1 |       1 |    5000 |   50 |  0.25 |standard | sshape3 |      11 |    23.0 |    23.0 |    0,00 |-1,6e+09 |1592601000408 |[0.8668095, 0.08920736, 0.27560875, 0.7625564] |[1.0, 1.0, 0.0, 0.0] |
|      f4 | 1 |       2 |    5000 |   50 |  0.25 |standard | sshape3 |      11 |    23.0 |    23.0 |    0,00 |0,0010 |1592601000408 |[0.8668095, 0.08920736, 0.27560875, 0.7625564] |[1.0, 1.0, 0.0, 0.0] |
|      f4 | 2 |       1 |    5000 |   50 |  0.25 |standard | sshape3 |      11 |    23.0 |    23.0 |    0,00 |  0,0 |1592601000409 |[0.34566712, 0.6821754, 0.17815895, 0.28128287] |[1.0, 0.0, 1.0, 0.0] |
|      f4 | 2 |       2 |    5000 |   50 |  0.25 |standard | sshape3 |      11 |    23.0 |    23.0 |    0,00 |0,0010 |1592601000409 |[0.34566712, 0.6821754, 0.17815895, 0.28128287] |[1.0, 0.0, 1.0, 0.0] |
|      f4 | 3 |       1 |    5000 |   50 |  0.25 |standard | sshape3 |      11 |    23.0 |    23.0 |    0,00 |-0,0010 |1592601000411 |[0.15377885, 0.8610765, 0.17133784, 0.19594151] |[1.0, 0.0, 0.0, 1.0] |
|      f4 | 3 |       2 |    5000 |   50 |  0.25 |standard | sshape3 |      11 |    23.0 |    23.0 |    0,00 |  0,0 |1592601000411 |[0.15377885, 0.8610765, 0.17133784, 0.19594151] |[1.0, 0.0, 0.0, 1.0] |
|      f4 | 4 |       1 |    5000 |   50 |  0.25 |standard | sshape3 |      11 |    23.0 |    23.0 |    0,00 |-0,0010 |1592601000412 |[0.5021568, 0.8964113, 0.43577954, 0.26938277] |[1.0, 1.0, 0.0, 0.0] |
|      f4 | 4 |       2 |    5000 |   50 |  0.25 |standard | sshape3 |      11 |    23.0 |    23.0 |    0,00 |0,0010 |1592601000412 |[0.5021568, 0.8964113, 0.43577954, 0.26938277] |[1.0, 1.0, 0.0, 0.0] |
|      f4 | 5 |       1 |    5000 |   50 |  0.25 |standard | sshape3 |      11 |    23.0 |    23.0 |    0,00 |  0,0 |1592601000413 |[0.48634985, 0.33465517, 0.5139425, 0.92829615] |[0.0, 1.0, 0.0, 1.0] |
|      f4 | 5 |       2 |    5000 |   50 |  0.25 |standard | sshape3 |      11 |    23.0 |    23.0 |    0,00 |0,0010 |1592601000413 |[0.48634985, 0.33465517, 0.5139425, 0.92829615] |[0.0, 1.0, 0.0, 1.0] |
|      f4 | 6 |       1 |    5000 |   50 |  0.25 |standard | sshape3 |      11 |    23.0 |    23.0 |    0,00 |  0,0 |1592601000414 |[0.4305009, 0.75021136, 0.43003294, 0.9312859] |[1.0, 0.0, 1.0, 0.0] |
|      f4 | 6 |       2 |    5000 |   50 |  0.25 |standard | sshape3 |      11 |    23.0 |    23.0 |    0,00 |0,0010 |1592601000414 |[0.4305009, 0.75021136, 0.43003294, 0.9312859] |[1.0, 0.0, 1.0, 0.0] |
|      f4 | 7 |       1 |    5000 |   50 |  0.25 |standard | sshape3 |      11 |    23.0 |    23.0 |    0,00 |  0,0 |1592601000415 |[0.24819064, 0.8864762, 0.7716407, 0.61172277] |[1.0, 1.0, 0.0, 0.0] |
|      f4 | 7 |       2 |    5000 |   50 |  0.25 |standard | sshape3 |      11 |    23.0 |    23.0 |    0,00 |0,0010 |1592601000415 |[0.24819064, 0.8864762, 0.7716407, 0.61172277] |[1.0, 1.0, 0.0, 0.0] |
|      f4 | 8 |       1 |    5000 |   50 |  0.25 |standard | sshape3 |      11 |    23.0 |    23.0 |    0,00 |  0,0 |1592601000416 |[1.0, 1.0, 0.28264278, 0.62238365] |[0.0, 1.0, 0.0, 1.0] |
|      f4 | 8 |       2 |    5000 |   50 |  0.25 |standard | sshape3 |      11 |    23.0 |    23.0 |    0,00 |  0,0 |1592601000416 |[1.0, 1.0, 0.28264278, 0.62238365] |[0.0, 1.0, 0.0, 1.0] |
|      f4 | 9 |       1 |    5000 |   50 |  0.25 |standard | sshape3 |      11 |    23.0 |    23.0 |    0,00 |-0,0010 |1592601000417 |[0.9443938, 0.107350305, 0.42821398, 0.42757168] |[0.0, 1.0, 0.0, 1.0] |
|      f4 | 9 |       2 |    5000 |   50 |  0.25 |standard | sshape3 |      11 |    23.0 |    23.0 |    0,00 |  0,0 |1592601000417 |[0.9443938, 0.107350305, 0.42821398, 0.42757168] |[0.0, 1.0, 0.0, 1.0] |
|      f4 |10 |       1 |    5000 |   50 |  0.25 |standard | sshape3 |      11 |    23.0 |    23.0 |    0,00 |-0,0010 |1592601000418 |[0.35667694, 0.9492136, 0.69483054, 0.88873094] |[1.0, 1.0, 0.0, 0.0] |
|      f4 |10 |       2 |    5000 |   50 |  0.25 |standard | sshape3 |      11 |    23.0 |    23.0 |    0,00 |0,0030 |1592601000418 |[0.35667694, 0.9492136, 0.69483054, 0.88873094] |[1.0, 1.0, 0.0, 0.0] |
|      f4 |11 |       1 |    5000 |   50 |  0.25 |standard | sshape3 |      11 |    23.0 |    23.0 |    0,00 |  0,0 |1592601000421 |[0.9670962, 0.76888645, 0.9968745, 0.6995236] |[1.0, 1.0, 0.0, 0.0] |
|      f4 |11 |       2 |    5000 |   50 |  0.25 |standard | sshape3 |      11 |    23.0 |    23.0 |    0,00 |0,0010 |1592601000421 |[0.9670962, 0.76888645, 0.9968745, 0.6995236] |[1.0, 1.0, 0.0, 0.0] |
|      f4 |12 |       1 |    5000 |   50 |  0.25 |standard | sshape3 |      11 |    23.0 |    23.0 |    0,00 |  0,0 |1592601000422 |[0.32960021, 0.6179501, 0.70588124, 0.82361275] |[0.0, 1.0, 0.0, 1.0] |
|      f4 |12 |       2 |    5000 |   50 |  0.25 |standard | sshape3 |      11 |    23.0 |    23.0 |    0,00 |0,0010 |1592601000422 |[0.32960021, 0.6179501, 0.70588124, 0.82361275] |[0.0, 1.0, 0.0, 1.0] |
|      f4 |13 |       1 |    5000 |   50 |  0.25 |standard | sshape3 |      11 |    23.0 |    23.0 |    0,00 |  0,0 |1592601000423 |[0.5692547, 1.0E-12, 0.1821447, 0.62638855] |[1.0, 0.0, 1.0, 0.0] |
|      f4 |13 |       2 |    5000 |   50 |  0.25 |standard | sshape3 |      11 |    23.0 |    23.0 |    0,00 |0,0010 |1592601000423 |[0.5692547, 1.0E-12, 0.1821447, 0.62638855] |[1.0, 0.0, 1.0, 0.0] |
|      f4 |14 |       1 |    5000 |   50 |  0.25 |standard | sshape3 |      11 |    23.0 |    23.0 |    0,00 |  0,0 |1592601000424 |[0.005960399, 0.9212877, 0.512218, 0.36192968] |[1.0, 0.0, 1.0, 0.0] |
|      f4 |14 |       2 |    5000 |   50 |  0.25 |standard | sshape3 |      11 |    23.0 |    23.0 |    0,00 |  0,0 |1592601000424 |[0.005960399, 0.9212877, 0.512218, 0.36192968] |[1.0, 0.0, 1.0, 0.0] |
|      f4 |15 |       1 |    5000 |   50 |  0.25 |standard | sshape3 |      11 |    23.0 |    23.0 |    0,00 |-0,0010 |1592601000425 |[0.6103328, 0.04954038, 0.25112572, 0.90042645] |[1.0, 0.0, 1.0, 0.0] |
|      f4 |15 |       2 |    5000 |   50 |  0.25 |standard | sshape3 |      11 |    23.0 |    23.0 |    0,00 |  0,0 |1592601000425 |[0.6103328, 0.04954038, 0.25112572, 0.90042645] |[1.0, 0.0, 1.0, 0.0] |
