| # | Nest | %Desc |#Iter |Instancia | CapMoch |ValOptmo | BestFit |     RDP | time |      semilla |VectorSolucion |
-------------------------------------------------------------------------------------------------
| 1 |   25 |  0.25 | 2500 |      f2 |     878 |  1024.0 |  1018.0 |    0,59 |-1,6e+09 |1592512500681 |[0.56518334, 0.9370904, 0.49015808, 0.24223489, 0.98325336, 0.3137669, 0.44373345, 0.1603874, 0.4544382, 0.3001784, 0.32939988, 0.6201041, 0.89130396, 0.03988415, 0.42467594, 0.06696862, 0.10699648, 0.85382026, 0.6616857, 0.07332653] |
| 1 |   40 |  0.45 | 2500 |      f2 |     878 |  1024.0 |  1018.0 |    0,59 |  2,8 |1592512500681 |[0.37585914, 0.8699418, 0.43920636, 0.25542212, 0.11077744, 0.680024, 0.50304824, 0.93201274, 0.6398173, 0.5764447, 0.51834166, 0.64741945, 0.27167588, 0.6626902, 0.8712924, 0.4180916, 0.87863964, 0.90906656, 0.23267275, 0.4406085] |
| 2 |   25 |  0.25 | 2500 |      f2 |     878 |  1024.0 |  1018.0 |    0,59 |  0,0 |1592512503531 |[0.14373744, 0.22066218, 0.92642677, 0.17416877, 0.92471796, 0.4461518, 0.71261865, 0.96656716, 0.6260098, 0.53213733, 0.1456759, 0.79111534, 0.1326319, 0.4695319, 0.65500766, 0.61699235, 0.39471728, 0.66405576, 0.081608355, 0.8998098] |
| 2 |   40 |  0.45 | 2500 |      f2 |     878 |  1024.0 |  1018.0 |    0,59 |  2,8 |1592512503531 |[0.14373744, 0.22066218, 0.92642677, 0.17416877, 0.92471796, 0.4461518, 0.71261865, 0.96656716, 0.6260098, 0.53213733, 0.1456759, 0.79111534, 0.1326319, 0.4695319, 0.65500766, 0.61699235, 0.39471728, 0.66405576, 0.081608355, 0.8998098] |
| 3 |   25 |  0.25 | 2500 |      f2 |     878 |  1024.0 |  1018.0 |    0,59 |-0,0010 |1592512506377 |[0.0065901875, 0.84861165, 0.06886679, 0.9347732, 0.25356925, 0.64656717, 0.6152862, 0.43854225, 0.067135155, 0.06802124, 0.35086554, 0.34033954, 0.88756984, 0.041885972, 0.8780952, 0.3985315, 0.67161524, 0.87787044, 0.20148629, 0.43314356] |
| 3 |   40 |  0.45 | 2500 |      f2 |     878 |  1024.0 |  1018.0 |    0,59 |  2,8 |1592512506377 |[0.0065901875, 0.84861165, 0.06886679, 0.9347732, 0.25356925, 0.64656717, 0.6152862, 0.43854225, 0.067135155, 0.06802124, 0.35086554, 0.34033954, 0.88756984, 0.041885972, 0.8780952, 0.3985315, 0.67161524, 0.87787044, 0.20148629, 0.43314356] |
| 4 |   25 |  0.25 | 2500 |      f2 |     878 |  1024.0 |  1018.0 |    0,59 |  0,0 |1592512509182 |[0.3168313, 0.955975, 0.20845681, 0.9924841, 0.6761712, 0.91098946, 0.095870376, 0.28276187, 0.94330496, 0.29458505, 0.6157348, 0.7636972, 0.78412855, 0.39722353, 0.3121239, 0.41282982, 0.22497457, 0.7743909, 0.8293112, 0.038380027] |
| 4 |   40 |  0.45 | 2500 |      f2 |     878 |  1024.0 |  1018.0 |    0,59 |  2,9 |1592512509182 |[0.16843653, 0.48522633, 0.9442957, 0.73262936, 0.39724886, 0.46088147, 0.050111294, 0.5798016, 0.60422814, 0.33216602, 0.60812294, 0.070674896, 0.6333801, 0.57616967, 0.22992653, 0.21706808, 0.88475347, 0.7207393, 0.79839, 0.85311174] |
| 5 |   25 |  0.25 | 2500 |      f2 |     878 |  1024.0 |  1018.0 |    0,59 |-0,0010 |1592512512049 |[0.7644979, 0.32707107, 0.4160965, 0.4722752, 0.3593102, 0.618622, 0.9054126, 0.78301495, 0.04784465, 0.7965594, 0.31933862, 0.80878943, 0.92262995, 0.5551704, 0.18894613, 0.79300725, 0.23146188, 0.5451326, 0.0187248, 0.39032054] |
| 5 |   40 |  0.45 | 2500 |      f2 |     878 |  1024.0 |  1018.0 |    0,59 |  2,8 |1592512512049 |[0.7644979, 0.32707107, 0.4160965, 0.4722752, 0.3593102, 0.618622, 0.9054126, 0.78301495, 0.04784465, 0.7965594, 0.31933862, 0.80878943, 0.92262995, 0.5551704, 0.18894613, 0.79300725, 0.23146188, 0.5451326, 0.0187248, 0.39032054] |
| 6 |   25 |  0.25 | 2500 |      f2 |     878 |  1024.0 |  1018.0 |    0,59 |-0,0010 |1592512514882 |[0.41742927, 0.9497729, 0.061271727, 0.26422834, 0.7217635, 0.8010635, 0.17271948, 0.8111178, 0.084815204, 0.8707548, 0.21355397, 0.9082835, 0.61642194, 0.69070524, 0.2449336, 0.7772959, 0.45865935, 0.11797637, 0.29891676, 0.08225733] |
