| # | Nest | %Desc |#Iter |Instancia | CapMoch |ValOptmo | BestFit |     RDP | time |      semilla |VectorSolucion |
-------------------------------------------------------------------------------------------------
| 1 |   50 |  0.25 | 5000 |      f4 |      11 |    23.0 |    16.0 |   30,43 |-1,6e+09 |1592521383812 |[0.18347633, 0.8751848, 0.009651959, 0.5548069] |
| 1 |   50 |  0.34 | 5000 |      f4 |      11 |    23.0 |    16.0 |   30,43 |-1,6e+09 |1592521383812 |[0.18347633, 0.8751848, 0.009651959, 0.5548069] |
| 1 |   50 |   0.3 | 5000 |      f4 |      11 |    23.0 |    16.0 |   30,43 |-1,6e+09 |1592521383812 |[0.18347633, 0.8751848, 0.009651959, 0.5548069] |
| 1 |   55 |  0.42 | 5000 |      f4 |      11 |    23.0 |    16.0 |   30,43 |-1,6e+09 |1592521383812 |[0.18347633, 0.8751848, 0.009651959, 0.5548069] |
| 1 |   55 |0.43636364 | 5000 |      f4 |      11 |    23.0 |    16.0 |   30,43 |-1,6e+09 |1592521383812 |[0.18347633, 0.8751848, 0.009651959, 0.5548069] |
| 1 |   55 |0.27272728 | 5000 |      f4 |      11 |    23.0 |    16.0 |   30,43 |-1,6e+09 |1592521383812 |[0.18347633, 0.8751848, 0.009651959, 0.5548069] |
| 1 |   55 |0.3090909 | 5000 |      f4 |      11 |    23.0 |    16.0 |   30,43 |-1,6e+09 |1592521383812 |[0.18347633, 0.8751848, 0.009651959, 0.5548069] |
| 1 |   60 |0.36363637 | 5000 |      f4 |      11 |    23.0 |    16.0 |   30,43 |-1,6e+09 |1592521383812 |[0.18347633, 0.8751848, 0.009651959, 0.5548069] |
| 1 |   60 |0.38333333 | 5000 |      f4 |      11 |    23.0 |    16.0 |   30,43 |-1,6e+09 |1592521383812 |[0.18347633, 0.8751848, 0.009651959, 0.5548069] |
| 1 |   60 |0.31666666 | 5000 |      f4 |      11 |    23.0 |    16.0 |   30,43 |-1,6e+09 |1592521383812 |[0.18347633, 0.8751848, 0.009651959, 0.5548069] |
| 1 |   60 |   0.4 | 5000 |      f4 |      11 |    23.0 |    16.0 |   30,43 |-1,6e+09 |1592521383812 |[0.18347633, 0.8751848, 0.009651959, 0.5548069] |
| 1 |   65 |   0.3 | 5000 |      f4 |      11 |    23.0 |    16.0 |   30,43 |-1,6e+09 |1592521383812 |[0.1926313, 0.64767915, 0.6401818, 0.9317382] |
| 1 |   65 |0.36923078 | 5000 |      f4 |      11 |    23.0 |    16.0 |   30,43 |-1,6e+09 |1592521383812 |[0.1926313, 0.64767915, 0.6401818, 0.9317382] |
| 1 |   65 |0.2769231 | 5000 |      f4 |      11 |    23.0 |    16.0 |   30,43 |-1,6e+09 |1592521383812 |[0.1926313, 0.64767915, 0.6401818, 0.9317382] |
| 1 |   65 |0.3846154 | 5000 |      f4 |      11 |    23.0 |    16.0 |   30,43 |-1,6e+09 |1592521383812 |[0.1926313, 0.64767915, 0.6401818, 0.9317382] |
| 1 |   70 |0.43076923 | 5000 |      f4 |      11 |    23.0 |    16.0 |   30,43 |-1,6e+09 |1592521383812 |[0.1926313, 0.64767915, 0.6401818, 0.9317382] |
| 1 |   70 |  0.45 | 5000 |      f4 |      11 |    23.0 |    16.0 |   30,43 |-1,6e+09 |1592521383812 |[0.1926313, 0.64767915, 0.6401818, 0.9317382] |
| 1 |   70 |0.42857143 | 5000 |      f4 |      11 |    23.0 |    16.0 |   30,43 |-1,6e+09 |1592521383812 |[0.1926313, 0.64767915, 0.6401818, 0.9317382] |
| 1 |   70 |   0.4 | 5000 |      f4 |      11 |    23.0 |    16.0 |   30,43 |-1,6e+09 |1592521383812 |[0.1926313, 0.64767915, 0.6401818, 0.9317382] |
| 1 |   75 |0.27142859 | 5000 |      f4 |      11 |    23.0 |    16.0 |   30,43 |-1,6e+09 |1592521383812 |[0.1926313, 0.64767915, 0.6401818, 0.9317382] |
| 1 |   75 |  0.45 | 5000 |      f4 |      11 |    23.0 |    16.0 |   30,43 |-1,6e+09 |1592521383812 |[0.1926313, 0.64767915, 0.6401818, 0.9317382] |
| 1 |   75 |  0.45 | 5000 |      f4 |      11 |    23.0 |    16.0 |   30,43 |  1,3 |1592521383812 |[0.1926313, 0.64767915, 0.6401818, 0.9317382] |
| 2 |   50 |  0.25 | 5000 |      f4 |      11 |    23.0 |    16.0 |   30,43 |-0,0010 |1592521385114 |[0.72626185, 0.23167354, 0.44859093, 0.13750595] |
| 2 |   50 |  0.34 | 5000 |      f4 |      11 |    23.0 |    16.0 |   30,43 |-0,0010 |1592521385114 |[0.72626185, 0.23167354, 0.44859093, 0.13750595] |
| 2 |   50 |  0.34 | 5000 |      f4 |      11 |    23.0 |    16.0 |   30,43 |-0,0010 |1592521385114 |[0.72626185, 0.23167354, 0.44859093, 0.13750595] |
| 2 |   55 |   0.3 | 5000 |      f4 |      11 |    23.0 |    16.0 |   30,43 |-0,0010 |1592521385114 |[0.72626185, 0.23167354, 0.44859093, 0.13750595] |
| 2 |   55 |  0.45 | 5000 |      f4 |      11 |    23.0 |    16.0 |   30,43 |-0,0010 |1592521385114 |[0.72626185, 0.23167354, 0.44859093, 0.13750595] |
| 2 |   55 |  0.45 | 5000 |      f4 |      11 |    23.0 |    16.0 |   30,43 |-0,0010 |1592521385114 |[0.72626185, 0.23167354, 0.44859093, 0.13750595] |
| 2 |   55 |0.21818182 | 5000 |      f4 |      11 |    23.0 |    16.0 |   30,43 |-0,0010 |1592521385114 |[0.72626185, 0.23167354, 0.44859093, 0.13750595] |
| 2 |   60 |0.3272727 | 5000 |      f4 |      11 |    23.0 |    16.0 |   30,43 |-0,0010 |1592521385114 |[0.72626185, 0.23167354, 0.44859093, 0.13750595] |
| 2 |   60 |  0.45 | 5000 |      f4 |      11 |    23.0 |    16.0 |   30,43 |-0,0010 |1592521385114 |[0.72626185, 0.23167354, 0.44859093, 0.13750595] |
| 2 |   60 |0.41666666 | 5000 |      f4 |      11 |    23.0 |    16.0 |   30,43 |-0,0010 |1592521385114 |[0.72626185, 0.23167354, 0.44859093, 0.13750595] |
| 2 |   60 |0.38333333 | 5000 |      f4 |      11 |    23.0 |    16.0 |   30,43 |-0,0010 |1592521385114 |[0.2389406, 0.38306415, 0.21322489, 0.6936153] |
| 2 |   65 |  0.25 | 5000 |      f4 |      11 |    23.0 |    16.0 |   30,43 |-0,0010 |1592521385114 |[0.2389406, 0.38306415, 0.21322489, 0.6936153] |
| 2 |   65 |0.43076923 | 5000 |      f4 |      11 |    23.0 |    16.0 |   30,43 |-0,0010 |1592521385114 |[0.2389406, 0.38306415, 0.21322489, 0.6936153] |
| 2 |   65 |0.41538462 | 5000 |      f4 |      11 |    23.0 |    16.0 |   30,43 |-0,0010 |1592521385114 |[0.2389406, 0.38306415, 0.21322489, 0.6936153] |
| 2 |   65 |0.41538462 | 5000 |      f4 |      11 |    23.0 |    16.0 |   30,43 |-0,0010 |1592521385114 |[0.2389406, 0.38306415, 0.21322489, 0.6936153] |
| 2 |   70 |0.35384616 | 5000 |      f4 |      11 |    23.0 |    16.0 |   30,43 |-0,0010 |1592521385114 |[0.2389406, 0.38306415, 0.21322489, 0.6936153] |
| 2 |   70 |0.34285715 | 5000 |      f4 |      11 |    23.0 |    16.0 |   30,43 |-0,0010 |1592521385114 |[0.2389406, 0.38306415, 0.21322489, 0.6936153] |
| 2 |   70 |  0.45 | 5000 |      f4 |      11 |    23.0 |    16.0 |   30,43 |-0,0010 |1592521385114 |[0.2389406, 0.38306415, 0.21322489, 0.6936153] |
| 2 |   70 |0.2857143 | 5000 |      f4 |      11 |    23.0 |    16.0 |   30,43 |-0,0010 |1592521385114 |[0.2389406, 0.38306415, 0.21322489, 0.6936153] |
| 2 |   75 |0.32857144 | 5000 |      f4 |      11 |    23.0 |    16.0 |   30,43 |-0,0010 |1592521385114 |[0.2389406, 0.38306415, 0.21322489, 0.6936153] |
| 2 |   75 |  0.44 | 5000 |      f4 |      11 |    23.0 |    16.0 |   30,43 |-0,0010 |1592521385114 |[0.2389406, 0.38306415, 0.21322489, 0.6936153] |
| 2 |   75 |  0.44 | 5000 |      f4 |      11 |    23.0 |    16.0 |   30,43 |  1,3 |1592521385114 |[0.2389406, 0.38306415, 0.21322489, 0.6936153] |
| 3 |   50 |  0.25 | 5000 |      f4 |      11 |    23.0 |    16.0 |   30,43 |-0,0020 |1592521386430 |[0.3040843, 0.5026552, 0.97471076, 0.80544144] |
| 3 |   50 |  0.28 | 5000 |      f4 |      11 |    23.0 |    16.0 |   30,43 |-0,0020 |1592521386430 |[0.07823253, 0.11892086, 0.5913558, 0.09593278] |
| 3 |   50 |   0.4 | 5000 |      f4 |      11 |    23.0 |    16.0 |   30,43 |-0,0020 |1592521386430 |[0.07823253, 0.11892086, 0.5913558, 0.09593278] |
| 3 |   55 |  0.34 | 5000 |      f4 |      11 |    23.0 |    16.0 |   30,43 |-0,0020 |1592521386430 |[0.07823253, 0.11892086, 0.5913558, 0.09593278] |
| 3 |   55 |  0.45 | 5000 |      f4 |      11 |    23.0 |    16.0 |   30,43 |-0,0020 |1592521386430 |[0.07823253, 0.11892086, 0.5913558, 0.09593278] |
| 3 |   55 |0.3272727 | 5000 |      f4 |      11 |    23.0 |    16.0 |   30,43 |-0,0020 |1592521386430 |[0.07823253, 0.11892086, 0.5913558, 0.09593278] |
| 3 |   55 |0.29090908 | 5000 |      f4 |      11 |    23.0 |    16.0 |   30,43 |-0,0020 |1592521386430 |[0.07823253, 0.11892086, 0.5913558, 0.09593278] |
| 3 |   60 |0.27272728 | 5000 |      f4 |      11 |    23.0 |    16.0 |   30,43 |-0,0020 |1592521386430 |[0.07823253, 0.11892086, 0.5913558, 0.09593278] |
| 3 |   60 |0.41666666 | 5000 |      f4 |      11 |    23.0 |    16.0 |   30,43 |-0,0020 |1592521386430 |[0.07823253, 0.11892086, 0.5913558, 0.09593278] |
| 3 |   60 |0.41666666 | 5000 |      f4 |      11 |    23.0 |    16.0 |   30,43 |-0,0020 |1592521386430 |[0.07823253, 0.11892086, 0.5913558, 0.09593278] |
| 3 |   60 |0.36666667 | 5000 |      f4 |      11 |    23.0 |    16.0 |   30,43 |-0,0020 |1592521386430 |[0.07823253, 0.11892086, 0.5913558, 0.09593278] |
| 3 |   65 |0.33333334 | 5000 |      f4 |      11 |    23.0 |    16.0 |   30,43 |-0,0020 |1592521386430 |[0.07823253, 0.11892086, 0.5913558, 0.09593278] |
| 3 |   65 |  0.45 | 5000 |      f4 |      11 |    23.0 |    16.0 |   30,43 |-0,0020 |1592521386430 |[0.07823253, 0.11892086, 0.5913558, 0.09593278] |
| 3 |   65 |0.43076923 | 5000 |      f4 |      11 |    23.0 |    16.0 |   30,43 |-0,0020 |1592521386430 |[0.07823253, 0.11892086, 0.5913558, 0.09593278] |
| 3 |   65 |  0.45 | 5000 |      f4 |      11 |    23.0 |    16.0 |   30,43 |-0,0020 |1592521386430 |[0.07823253, 0.11892086, 0.5913558, 0.09593278] |
| 3 |   70 |  0.45 | 5000 |      f4 |      11 |    23.0 |    16.0 |   30,43 |-0,0020 |1592521386430 |[0.07823253, 0.11892086, 0.5913558, 0.09593278] |
| 3 |   70 |0.41428572 | 5000 |      f4 |      11 |    23.0 |    16.0 |   30,43 |-0,0020 |1592521386430 |[0.07823253, 0.11892086, 0.5913558, 0.09593278] |
| 3 |   70 |0.32857144 | 5000 |      f4 |      11 |    23.0 |    16.0 |   30,43 |-0,0020 |1592521386430 |[0.0041596293, 0.015767515, 0.004887402, 0.4322754] |
| 3 |   70 |   0.4 | 5000 |      f4 |      11 |    23.0 |    16.0 |   30,43 |-0,0020 |1592521386430 |[0.0041596293, 0.015767515, 0.004887402, 0.4322754] |
| 3 |   75 |   0.4 | 5000 |      f4 |      11 |    23.0 |    16.0 |   30,43 |-0,0020 |1592521386430 |[0.0041596293, 0.015767515, 0.004887402, 0.4322754] |
| 3 |   75 |0.41333333 | 5000 |      f4 |      11 |    23.0 |    16.0 |   30,43 |-0,0020 |1592521386430 |[0.46853286, 0.85091865, 0.8383486, 0.29671127] |
| 3 |   75 |0.41333333 | 5000 |      f4 |      11 |    23.0 |    16.0 |   30,43 |  1,3 |1592521386430 |[0.46853286, 0.85091865, 0.8383486, 0.29671127] |
| 4 |   50 |  0.25 | 5000 |      f4 |      11 |    23.0 |    16.0 |   30,43 |-0,0020 |1592521387747 |[0.06323141, 0.81421655, 0.2395767, 0.23671013] |
| 4 |   50 |   0.3 | 5000 |      f4 |      11 |    23.0 |    16.0 |   30,43 |-0,0020 |1592521387747 |[0.06323141, 0.81421655, 0.2395767, 0.23671013] |
| 4 |   50 |  0.32 | 5000 |      f4 |      11 |    23.0 |    16.0 |   30,43 |-0,0020 |1592521387747 |[0.06323141, 0.81421655, 0.2395767, 0.23671013] |
| 4 |   55 |  0.28 | 5000 |      f4 |      11 |    23.0 |    16.0 |   30,43 |-0,0020 |1592521387747 |[0.06323141, 0.81421655, 0.2395767, 0.23671013] |
| 4 |   55 |0.4181818 | 5000 |      f4 |      11 |    23.0 |    16.0 |   30,43 |-0,0020 |1592521387747 |[0.06323141, 0.81421655, 0.2395767, 0.23671013] |
| 4 |   55 |0.36363637 | 5000 |      f4 |      11 |    23.0 |    16.0 |   30,43 |-0,0020 |1592521387747 |[0.06323141, 0.81421655, 0.2395767, 0.23671013] |
| 4 |   55 |0.38181818 | 5000 |      f4 |      11 |    23.0 |    16.0 |   30,43 |-0,0020 |1592521387747 |[0.06323141, 0.81421655, 0.2395767, 0.23671013] |
| 4 |   60 |   0.4 | 5000 |      f4 |      11 |    23.0 |    16.0 |   30,43 |-0,0020 |1592521387747 |[0.06323141, 0.81421655, 0.2395767, 0.23671013] |
| 4 |   60 |  0.45 | 5000 |      f4 |      11 |    23.0 |    16.0 |   30,43 |-0,0020 |1592521387747 |[0.06323141, 0.81421655, 0.2395767, 0.23671013] |
| 4 |   60 |0.38333333 | 5000 |      f4 |      11 |    23.0 |    16.0 |   30,43 |-0,0020 |1592521387747 |[0.06323141, 0.81421655, 0.2395767, 0.23671013] |
| 4 |   60 |0.38333333 | 5000 |      f4 |      11 |    23.0 |    16.0 |   30,43 |-0,0020 |1592521387747 |[0.06323141, 0.81421655, 0.2395767, 0.23671013] |
| 4 |   65 |0.23333333 | 5000 |      f4 |      11 |    23.0 |    16.0 |   30,43 |-0,0020 |1592521387747 |[0.06323141, 0.81421655, 0.2395767, 0.23671013] |
| 4 |   65 |   0.4 | 5000 |      f4 |      11 |    23.0 |    16.0 |   30,43 |-0,0020 |1592521387747 |[0.06323141, 0.81421655, 0.2395767, 0.23671013] |
| 4 |   65 |  0.45 | 5000 |      f4 |      11 |    23.0 |    16.0 |   30,43 |-0,0020 |1592521387747 |[0.06323141, 0.81421655, 0.2395767, 0.23671013] |
| 4 |   65 |0.35384616 | 5000 |      f4 |      11 |    23.0 |    16.0 |   30,43 |-0,0020 |1592521387747 |[0.06323141, 0.81421655, 0.2395767, 0.23671013] |
| 4 |   70 |0.3846154 | 5000 |      f4 |      11 |    23.0 |    16.0 |   30,43 |-0,0020 |1592521387747 |[0.06323141, 0.81421655, 0.2395767, 0.23671013] |
| 4 |   70 |  0.45 | 5000 |      f4 |      11 |    23.0 |    16.0 |   30,43 |-0,0020 |1592521387747 |[0.06323141, 0.81421655, 0.2395767, 0.23671013] |
| 4 |   70 |0.32857144 | 5000 |      f4 |      11 |    23.0 |    16.0 |   30,43 |-0,0020 |1592521387747 |[0.06323141, 0.81421655, 0.2395767, 0.23671013] |
| 4 |   70 |0.44285715 | 5000 |      f4 |      11 |    23.0 |    16.0 |   30,43 |-0,0020 |1592521387747 |[0.06323141, 0.81421655, 0.2395767, 0.23671013] |
| 4 |   75 |0.35714287 | 5000 |      f4 |      11 |    23.0 |    16.0 |   30,43 |-0,0020 |1592521387747 |[0.06323141, 0.81421655, 0.2395767, 0.23671013] |
| 4 |   75 |   0.4 | 5000 |      f4 |      11 |    23.0 |    16.0 |   30,43 |-0,0020 |1592521387747 |[0.06323141, 0.81421655, 0.2395767, 0.23671013] |
| 4 |   75 |   0.4 | 5000 |      f4 |      11 |    23.0 |    16.0 |   30,43 |  1,3 |1592521387747 |[0.06323141, 0.81421655, 0.2395767, 0.23671013] |
| 5 |   50 |  0.25 | 5000 |      f4 |      11 |    23.0 |    16.0 |   30,43 |-0,0020 |1592521389065 |[0.14410967, 0.33154416, 0.8922822, 0.7750779] |
| 5 |   50 |  0.26 | 5000 |      f4 |      11 |    23.0 |    16.0 |   30,43 |-0,0020 |1592521389065 |[0.14410967, 0.33154416, 0.8922822, 0.7750779] |
| 5 |   50 |   0.3 | 5000 |      f4 |      11 |    23.0 |    16.0 |   30,43 |-0,0020 |1592521389065 |[0.14410967, 0.33154416, 0.8922822, 0.7750779] |
| 5 |   55 |  0.34 | 5000 |      f4 |      11 |    23.0 |    16.0 |   30,43 |-0,0020 |1592521389065 |[0.14410967, 0.33154416, 0.8922822, 0.7750779] |
| 5 |   55 |0.38181818 | 5000 |      f4 |      11 |    23.0 |    16.0 |   30,43 |-0,0020 |1592521389065 |[0.14410967, 0.33154416, 0.8922822, 0.7750779] |
| 5 |   55 |0.36363637 | 5000 |      f4 |      11 |    23.0 |    16.0 |   30,43 |-0,0020 |1592521389065 |[0.14410967, 0.33154416, 0.8922822, 0.7750779] |
| 5 |   55 |0.34545454 | 5000 |      f4 |      11 |    23.0 |    16.0 |   30,43 |-0,0020 |1592521389065 |[0.14410967, 0.33154416, 0.8922822, 0.7750779] |
| 5 |   60 |0.3090909 | 5000 |      f4 |      11 |    23.0 |    16.0 |   30,43 |-0,0020 |1592521389065 |[0.14410967, 0.33154416, 0.8922822, 0.7750779] |
| 5 |   60 |  0.45 | 5000 |      f4 |      11 |    23.0 |    16.0 |   30,43 |-0,0020 |1592521389065 |[0.14410967, 0.33154416, 0.8922822, 0.7750779] |
| 5 |   60 |0.38333333 | 5000 |      f4 |      11 |    23.0 |    16.0 |   30,43 |-0,0020 |1592521389065 |[0.14410967, 0.33154416, 0.8922822, 0.7750779] |
| 5 |   60 |0.41666666 | 5000 |      f4 |      11 |    23.0 |    16.0 |   30,43 |-0,0020 |1592521389065 |[0.2836783, 0.70307446, 0.23406184, 0.1341486] |
| 5 |   65 |   0.4 | 5000 |      f4 |      11 |    23.0 |    16.0 |   30,43 |-0,0020 |1592521389065 |[0.2836783, 0.70307446, 0.23406184, 0.1341486] |
| 5 |   65 |0.3846154 | 5000 |      f4 |      11 |    23.0 |    16.0 |   30,43 |-0,0020 |1592521389065 |[0.2836783, 0.70307446, 0.23406184, 0.1341486] |
| 5 |   65 |0.35384616 | 5000 |      f4 |      11 |    23.0 |    16.0 |   30,43 |-0,0020 |1592521389065 |[0.2836783, 0.70307446, 0.23406184, 0.1341486] |
| 5 |   65 |0.30769232 | 5000 |      f4 |      11 |    23.0 |    16.0 |   30,43 |-0,0020 |1592521389065 |[0.2836783, 0.70307446, 0.23406184, 0.1341486] |
| 5 |   70 |  0.45 | 5000 |      f4 |      11 |    23.0 |    16.0 |   30,43 |-0,0020 |1592521389065 |[0.2836783, 0.70307446, 0.23406184, 0.1341486] |
| 5 |   70 |  0.45 | 5000 |      f4 |      11 |    23.0 |    16.0 |   30,43 |-0,0020 |1592521389065 |[0.2836783, 0.70307446, 0.23406184, 0.1341486] |
| 5 |   70 |0.42857143 | 5000 |      f4 |      11 |    23.0 |    16.0 |   30,43 |-0,0020 |1592521389065 |[0.2836783, 0.70307446, 0.23406184, 0.1341486] |
| 5 |   70 |   0.3 | 5000 |      f4 |      11 |    23.0 |    16.0 |   30,43 |-0,0020 |1592521389065 |[0.2836783, 0.70307446, 0.23406184, 0.1341486] |
| 5 |   75 |0.42857143 | 5000 |      f4 |      11 |    23.0 |    16.0 |   30,43 |-0,0020 |1592521389065 |[0.2836783, 0.70307446, 0.23406184, 0.1341486] |
| 5 |   75 |  0.45 | 5000 |      f4 |      11 |    23.0 |    16.0 |   30,43 |-0,0020 |1592521389065 |[0.2836783, 0.70307446, 0.23406184, 0.1341486] |
| 5 |   75 |  0.45 | 5000 |      f4 |      11 |    23.0 |    16.0 |   30,43 |  1,3 |1592521389065 |[0.2836783, 0.70307446, 0.23406184, 0.1341486] |
| 6 |   50 |  0.25 | 5000 |      f4 |      11 |    23.0 |    16.0 |   30,43 |-0,0020 |1592521390384 |[0.046280503, 0.10547471, 0.71107006, 0.40434736] |
| 6 |   50 |  0.42 | 5000 |      f4 |      11 |    23.0 |    16.0 |   30,43 |-0,0020 |1592521390384 |[0.046280503, 0.10547471, 0.71107006, 0.40434736] |
| 6 |   50 |   0.4 | 5000 |      f4 |      11 |    23.0 |    16.0 |   30,43 |-0,0020 |1592521390384 |[0.046280503, 0.10547471, 0.71107006, 0.40434736] |
| 6 |   55 |  0.36 | 5000 |      f4 |      11 |    23.0 |    16.0 |   30,43 |-0,0020 |1592521390384 |[0.046280503, 0.10547471, 0.71107006, 0.40434736] |
| 6 |   55 |   0.4 | 5000 |      f4 |      11 |    23.0 |    16.0 |   30,43 |-0,0020 |1592521390384 |[0.046280503, 0.10547471, 0.71107006, 0.40434736] |
| 6 |   55 |0.4181818 | 5000 |      f4 |      11 |    23.0 |    16.0 |   30,43 |-0,0020 |1592521390384 |[0.046280503, 0.10547471, 0.71107006, 0.40434736] |
| 6 |   55 |0.38181818 | 5000 |      f4 |      11 |    23.0 |    16.0 |   30,43 |-0,0020 |1592521390384 |[0.046280503, 0.10547471, 0.71107006, 0.40434736] |
| 6 |   60 |0.27272728 | 5000 |      f4 |      11 |    23.0 |    16.0 |   30,43 |-0,0020 |1592521390384 |[0.046280503, 0.10547471, 0.71107006, 0.40434736] |
| 6 |   60 |0.38333333 | 5000 |      f4 |      11 |    23.0 |    16.0 |   30,43 |-0,0020 |1592521390384 |[0.046280503, 0.10547471, 0.71107006, 0.40434736] |
| 6 |   60 |  0.45 | 5000 |      f4 |      11 |    23.0 |    16.0 |   30,43 |-0,0020 |1592521390384 |[0.046280503, 0.10547471, 0.71107006, 0.40434736] |
| 6 |   60 |  0.45 | 5000 |      f4 |      11 |    23.0 |    16.0 |   30,43 |-0,0020 |1592521390384 |[0.046280503, 0.10547471, 0.71107006, 0.40434736] |
| 6 |   65 |   0.3 | 5000 |      f4 |      11 |    23.0 |    16.0 |   30,43 |-0,0020 |1592521390384 |[0.046280503, 0.10547471, 0.71107006, 0.40434736] |
| 6 |   65 |0.43076923 | 5000 |      f4 |      11 |    23.0 |    16.0 |   30,43 |-0,0020 |1592521390384 |[0.046280503, 0.10547471, 0.71107006, 0.40434736] |
| 6 |   65 |0.36923078 | 5000 |      f4 |      11 |    23.0 |    16.0 |   30,43 |-0,0020 |1592521390384 |[0.046280503, 0.10547471, 0.71107006, 0.40434736] |
| 6 |   65 |0.30769232 | 5000 |      f4 |      11 |    23.0 |    16.0 |   30,43 |-0,0020 |1592521390384 |[0.046280503, 0.10547471, 0.71107006, 0.40434736] |
| 6 |   70 |0.43076923 | 5000 |      f4 |      11 |    23.0 |    16.0 |   30,43 |-0,0020 |1592521390384 |[0.046280503, 0.10547471, 0.71107006, 0.40434736] |
| 6 |   70 |0.41428572 | 5000 |      f4 |      11 |    23.0 |    16.0 |   30,43 |-0,0020 |1592521390384 |[0.046280503, 0.10547471, 0.71107006, 0.40434736] |
| 6 |   70 |0.3857143 | 5000 |      f4 |      11 |    23.0 |    16.0 |   30,43 |-0,0020 |1592521390384 |[0.046280503, 0.10547471, 0.71107006, 0.40434736] |
| 6 |   70 |0.37142858 | 5000 |      f4 |      11 |    23.0 |    16.0 |   30,43 |-0,0020 |1592521390384 |[0.046280503, 0.10547471, 0.71107006, 0.40434736] |
| 6 |   75 |0.37142858 | 5000 |      f4 |      11 |    23.0 |    16.0 |   30,43 |-0,0020 |1592521390384 |[0.046280503, 0.10547471, 0.71107006, 0.40434736] |
| 6 |   75 |  0.45 | 5000 |      f4 |      11 |    23.0 |    16.0 |   30,43 |-0,0020 |1592521390384 |[0.046280503, 0.10547471, 0.71107006, 0.40434736] |
| 6 |   75 |  0.45 | 5000 |      f4 |      11 |    23.0 |    16.0 |   30,43 |  1,3 |1592521390384 |[0.046280503, 0.10547471, 0.71107006, 0.40434736] |
| 7 |   50 |  0.25 | 5000 |      f4 |      11 |    23.0 |    16.0 |   30,43 |-0,0020 |1592521391700 |[0.025612414, 0.16982734, 0.33168828, 0.5569776] |
| 7 |   50 |  0.34 | 5000 |      f4 |      11 |    23.0 |    16.0 |   30,43 |-0,0020 |1592521391700 |[0.025612414, 0.16982734, 0.33168828, 0.5569776] |
| 7 |   50 |   0.3 | 5000 |      f4 |      11 |    23.0 |    16.0 |   30,43 |-0,0020 |1592521391700 |[0.1279521, 0.11586678, 0.36157668, 0.3415817] |
| 7 |   55 |  0.32 | 5000 |      f4 |      11 |    23.0 |    16.0 |   30,43 |-0,0020 |1592521391700 |[0.1279521, 0.11586678, 0.36157668, 0.3415817] |
| 7 |   55 |0.38181818 | 5000 |      f4 |      11 |    23.0 |    16.0 |   30,43 |-0,0020 |1592521391700 |[0.1279521, 0.11586678, 0.36157668, 0.3415817] |
| 7 |   55 |0.38181818 | 5000 |      f4 |      11 |    23.0 |    16.0 |   30,43 |-0,0020 |1592521391700 |[0.99487716, 0.047032535, 0.47334254, 0.9553047] |
| 7 |   55 |0.38181818 | 5000 |      f4 |      11 |    23.0 |    16.0 |   30,43 |-0,0020 |1592521391700 |[0.99487716, 0.047032535, 0.47334254, 0.9553047] |
| 7 |   60 |0.3090909 | 5000 |      f4 |      11 |    23.0 |    16.0 |   30,43 |-0,0020 |1592521391700 |[0.99487716, 0.047032535, 0.47334254, 0.9553047] |
| 7 |   60 |  0.45 | 5000 |      f4 |      11 |    23.0 |    16.0 |   30,43 |-0,0020 |1592521391700 |[0.99487716, 0.047032535, 0.47334254, 0.9553047] |
| 7 |   60 |0.41666666 | 5000 |      f4 |      11 |    23.0 |    16.0 |   30,43 |-0,0020 |1592521391700 |[0.99487716, 0.047032535, 0.47334254, 0.9553047] |
| 7 |   60 |0.31666666 | 5000 |      f4 |      11 |    23.0 |    16.0 |   30,43 |-0,0020 |1592521391700 |[0.99487716, 0.047032535, 0.47334254, 0.9553047] |
| 7 |   65 |  0.25 | 5000 |      f4 |      11 |    23.0 |    16.0 |   30,43 |-0,0020 |1592521391700 |[0.99487716, 0.047032535, 0.47334254, 0.9553047] |
| 7 |   65 |  0.45 | 5000 |      f4 |      11 |    23.0 |    16.0 |   30,43 |-0,0020 |1592521391700 |[0.99487716, 0.047032535, 0.47334254, 0.9553047] |
| 7 |   65 |0.44615385 | 5000 |      f4 |      11 |    23.0 |    16.0 |   30,43 |-0,0020 |1592521391700 |[0.99487716, 0.047032535, 0.47334254, 0.9553047] |
| 7 |   65 |   0.4 | 5000 |      f4 |      11 |    23.0 |    16.0 |   30,43 |-0,0020 |1592521391700 |[0.99487716, 0.047032535, 0.47334254, 0.9553047] |
| 7 |   70 |0.33846155 | 5000 |      f4 |      11 |    23.0 |    16.0 |   30,43 |-0,0020 |1592521391700 |[0.99487716, 0.047032535, 0.47334254, 0.9553047] |
| 7 |   70 |   0.4 | 5000 |      f4 |      11 |    23.0 |    16.0 |   30,43 |-0,0020 |1592521391700 |[0.99487716, 0.047032535, 0.47334254, 0.9553047] |
| 7 |   70 |0.42857143 | 5000 |      f4 |      11 |    23.0 |    16.0 |   30,43 |-0,0020 |1592521391700 |[0.99487716, 0.047032535, 0.47334254, 0.9553047] |
| 7 |   70 |0.3857143 | 5000 |      f4 |      11 |    23.0 |    16.0 |   30,43 |-0,0020 |1592521391700 |[0.99487716, 0.047032535, 0.47334254, 0.9553047] |
| 7 |   75 |0.32857144 | 5000 |      f4 |      11 |    23.0 |    16.0 |   30,43 |-0,0020 |1592521391700 |[0.99487716, 0.047032535, 0.47334254, 0.9553047] |
| 7 |   75 |  0.45 | 5000 |      f4 |      11 |    23.0 |    16.0 |   30,43 |-0,0020 |1592521391700 |[0.99487716, 0.047032535, 0.47334254, 0.9553047] |
| 7 |   75 |  0.45 | 5000 |      f4 |      11 |    23.0 |    16.0 |   30,43 |  1,3 |1592521391700 |[0.99487716, 0.047032535, 0.47334254, 0.9553047] |
| 8 |   50 |  0.25 | 5000 |      f4 |      11 |    23.0 |    16.0 |   30,43 |-0,0020 |1592521393035 |[0.46967953, 0.44171786, 0.26510113, 0.6134231] |
| 8 |   50 |  0.45 | 5000 |      f4 |      11 |    23.0 |    16.0 |   30,43 |-0,0020 |1592521393035 |[0.46967953, 0.44171786, 0.26510113, 0.6134231] |
| 8 |   50 |  0.38 | 5000 |      f4 |      11 |    23.0 |    16.0 |   30,43 |-0,0020 |1592521393035 |[0.46967953, 0.44171786, 0.26510113, 0.6134231] |
| 8 |   55 |  0.32 | 5000 |      f4 |      11 |    23.0 |    16.0 |   30,43 |-0,0020 |1592521393035 |[0.46967953, 0.44171786, 0.26510113, 0.6134231] |
| 8 |   55 |  0.45 | 5000 |      f4 |      11 |    23.0 |    16.0 |   30,43 |-0,0020 |1592521393035 |[0.46967953, 0.44171786, 0.26510113, 0.6134231] |
| 8 |   55 |0.3090909 | 5000 |      f4 |      11 |    23.0 |    16.0 |   30,43 |-0,0020 |1592521393035 |[0.46967953, 0.44171786, 0.26510113, 0.6134231] |
| 8 |   55 |0.3090909 | 5000 |      f4 |      11 |    23.0 |    16.0 |   30,43 |-0,0020 |1592521393035 |[0.46967953, 0.44171786, 0.26510113, 0.6134231] |
| 8 |   60 |  0.45 | 5000 |      f4 |      11 |    23.0 |    16.0 |   30,43 |-0,0020 |1592521393035 |[0.46967953, 0.44171786, 0.26510113, 0.6134231] |
| 8 |   60 |0.36666667 | 5000 |      f4 |      11 |    23.0 |    16.0 |   30,43 |-0,0020 |1592521393035 |[0.46967953, 0.44171786, 0.26510113, 0.6134231] |
| 8 |   60 |0.38333333 | 5000 |      f4 |      11 |    23.0 |    16.0 |   30,43 |-0,0020 |1592521393035 |[0.46967953, 0.44171786, 0.26510113, 0.6134231] |
| 8 |   60 |   0.4 | 5000 |      f4 |      11 |    23.0 |    16.0 |   30,43 |-0,0020 |1592521393035 |[0.46967953, 0.44171786, 0.26510113, 0.6134231] |
| 8 |   65 |0.43333334 | 5000 |      f4 |      11 |    23.0 |    16.0 |   30,43 |-0,0020 |1592521393035 |[0.46967953, 0.44171786, 0.26510113, 0.6134231] |
| 8 |   65 |  0.45 | 5000 |      f4 |      11 |    23.0 |    16.0 |   30,43 |-0,0020 |1592521393035 |[0.46967953, 0.44171786, 0.26510113, 0.6134231] |
| 8 |   65 |  0.45 | 5000 |      f4 |      11 |    23.0 |    16.0 |   30,43 |-0,0020 |1592521393035 |[0.46967953, 0.44171786, 0.26510113, 0.6134231] |
| 8 |   65 |   0.4 | 5000 |      f4 |      11 |    23.0 |    16.0 |   30,43 |-0,0020 |1592521393035 |[0.46967953, 0.44171786, 0.26510113, 0.6134231] |
| 8 |   70 |0.41538462 | 5000 |      f4 |      11 |    23.0 |    16.0 |   30,43 |-0,0020 |1592521393035 |[0.46967953, 0.44171786, 0.26510113, 0.6134231] |
| 8 |   70 |0.44285715 | 5000 |      f4 |      11 |    23.0 |    16.0 |   30,43 |-0,0020 |1592521393035 |[0.46967953, 0.44171786, 0.26510113, 0.6134231] |
| 8 |   70 |0.2857143 | 5000 |      f4 |      11 |    23.0 |    16.0 |   30,43 |-0,0020 |1592521393035 |[0.46967953, 0.44171786, 0.26510113, 0.6134231] |
| 8 |   70 |0.32857144 | 5000 |      f4 |      11 |    23.0 |    16.0 |   30,43 |-0,0020 |1592521393035 |[0.46967953, 0.44171786, 0.26510113, 0.6134231] |
| 8 |   75 |0.42857143 | 5000 |      f4 |      11 |    23.0 |    16.0 |   30,43 |-0,0020 |1592521393035 |[0.46967953, 0.44171786, 0.26510113, 0.6134231] |
| 8 |   75 |0.41333333 | 5000 |      f4 |      11 |    23.0 |    16.0 |   30,43 |-0,0020 |1592521393035 |[0.46967953, 0.44171786, 0.26510113, 0.6134231] |
| 8 |   75 |0.41333333 | 5000 |      f4 |      11 |    23.0 |    16.0 |   30,43 |  1,3 |1592521393035 |[0.46967953, 0.44171786, 0.26510113, 0.6134231] |
| 9 |   50 |  0.25 | 5000 |      f4 |      11 |    23.0 |    16.0 |   30,43 |-0,0020 |1592521394331 |[0.7603849, 0.23312682, 0.30035555, 0.2097773] |
| 9 |   50 |  0.32 | 5000 |      f4 |      11 |    23.0 |    16.0 |   30,43 |-0,0020 |1592521394331 |[0.7603849, 0.23312682, 0.30035555, 0.2097773] |
| 9 |   50 |  0.36 | 5000 |      f4 |      11 |    23.0 |    16.0 |   30,43 |-0,0020 |1592521394331 |[0.7603849, 0.23312682, 0.30035555, 0.2097773] |
| 9 |   55 |   0.3 | 5000 |      f4 |      11 |    23.0 |    16.0 |   30,43 |-0,0020 |1592521394331 |[0.7603849, 0.23312682, 0.30035555, 0.2097773] |
| 9 |   55 |  0.45 | 5000 |      f4 |      11 |    23.0 |    16.0 |   30,43 |-0,0020 |1592521394331 |[0.7603849, 0.23312682, 0.30035555, 0.2097773] |
| 9 |   55 |   0.4 | 5000 |      f4 |      11 |    23.0 |    16.0 |   30,43 |-0,0020 |1592521394331 |[0.7603849, 0.23312682, 0.30035555, 0.2097773] |
| 9 |   55 |  0.45 | 5000 |      f4 |      11 |    23.0 |    16.0 |   30,43 |-0,0020 |1592521394331 |[0.7603849, 0.23312682, 0.30035555, 0.2097773] |
| 9 |   60 |0.3090909 | 5000 |      f4 |      11 |    23.0 |    16.0 |   30,43 |-0,0020 |1592521394331 |[0.7603849, 0.23312682, 0.30035555, 0.2097773] |
| 9 |   60 |  0.45 | 5000 |      f4 |      11 |    23.0 |    16.0 |   30,43 |-0,0020 |1592521394331 |[0.7603849, 0.23312682, 0.30035555, 0.2097773] |
| 9 |   60 |0.38333333 | 5000 |      f4 |      11 |    23.0 |    16.0 |   30,43 |-0,0020 |1592521394331 |[0.7603849, 0.23312682, 0.30035555, 0.2097773] |
| 9 |   60 |  0.35 | 5000 |      f4 |      11 |    23.0 |    16.0 |   30,43 |-0,0020 |1592521394331 |[0.7603849, 0.23312682, 0.30035555, 0.2097773] |
| 9 |   65 |   0.4 | 5000 |      f4 |      11 |    23.0 |    16.0 |   30,43 |-0,0020 |1592521394331 |[0.7603849, 0.23312682, 0.30035555, 0.2097773] |
| 9 |   65 |  0.45 | 5000 |      f4 |      11 |    23.0 |    16.0 |   30,43 |-0,0020 |1592521394331 |[0.7603849, 0.23312682, 0.30035555, 0.2097773] |
| 9 |   65 |0.32307693 | 5000 |      f4 |      11 |    23.0 |    16.0 |   30,43 |-0,0020 |1592521394331 |[0.7603849, 0.23312682, 0.30035555, 0.2097773] |
| 9 |   65 |0.26153848 | 5000 |      f4 |      11 |    23.0 |    16.0 |   30,43 |-0,0020 |1592521394331 |[0.7603849, 0.23312682, 0.30035555, 0.2097773] |
| 9 |   70 |0.35384616 | 5000 |      f4 |      11 |    23.0 |    16.0 |   30,43 |-0,0020 |1592521394331 |[0.7603849, 0.23312682, 0.30035555, 0.2097773] |
| 9 |   70 |0.44285715 | 5000 |      f4 |      11 |    23.0 |    16.0 |   30,43 |-0,0020 |1592521394331 |[0.7603849, 0.23312682, 0.30035555, 0.2097773] |
| 9 |   70 |  0.45 | 5000 |      f4 |      11 |    23.0 |    16.0 |   30,43 |-0,0020 |1592521394331 |[0.7603849, 0.23312682, 0.30035555, 0.2097773] |
| 9 |   70 |0.41428572 | 5000 |      f4 |      11 |    23.0 |    16.0 |   30,43 |-0,0020 |1592521394331 |[0.7603849, 0.23312682, 0.30035555, 0.2097773] |
| 9 |   75 |0.3857143 | 5000 |      f4 |      11 |    23.0 |    16.0 |   30,43 |-0,0020 |1592521394331 |[0.7603849, 0.23312682, 0.30035555, 0.2097773] |
| 9 |   75 |  0.45 | 5000 |      f4 |      11 |    23.0 |    16.0 |   30,43 |-0,0020 |1592521394331 |[0.7603849, 0.23312682, 0.30035555, 0.2097773] |
| 9 |   75 |  0.45 | 5000 |      f4 |      11 |    23.0 |    16.0 |   30,43 |  1,3 |1592521394331 |[0.7603849, 0.23312682, 0.30035555, 0.2097773] |
|10 |   50 |  0.25 | 5000 |      f4 |      11 |    23.0 |    16.0 |   30,43 |-0,0020 |1592521395631 |[0.33663368, 0.4458115, 0.43699402, 0.8578022] |
|10 |   50 |  0.24 | 5000 |      f4 |      11 |    23.0 |    16.0 |   30,43 |-0,0020 |1592521395631 |[0.33663368, 0.4458115, 0.43699402, 0.8578022] |
|10 |   50 |  0.34 | 5000 |      f4 |      11 |    23.0 |    16.0 |   30,43 |-0,0020 |1592521395631 |[0.33663368, 0.4458115, 0.43699402, 0.8578022] |
|10 |   55 |  0.28 | 5000 |      f4 |      11 |    23.0 |    16.0 |   30,43 |-0,0020 |1592521395631 |[0.33663368, 0.4458115, 0.43699402, 0.8578022] |
|10 |   55 |   0.4 | 5000 |      f4 |      11 |    23.0 |    16.0 |   30,43 |-0,0020 |1592521395631 |[0.33663368, 0.4458115, 0.43699402, 0.8578022] |
|10 |   55 |0.3090909 | 5000 |      f4 |      11 |    23.0 |    16.0 |   30,43 |-0,0020 |1592521395631 |[0.33663368, 0.4458115, 0.43699402, 0.8578022] |
|10 |   55 |0.34545454 | 5000 |      f4 |      11 |    23.0 |    16.0 |   30,43 |-0,0020 |1592521395631 |[0.33663368, 0.4458115, 0.43699402, 0.8578022] |
|10 |   60 |0.29090908 | 5000 |      f4 |      11 |    23.0 |    16.0 |   30,43 |-0,0020 |1592521395631 |[0.33663368, 0.4458115, 0.43699402, 0.8578022] |
|10 |   60 |0.38333333 | 5000 |      f4 |      11 |    23.0 |    16.0 |   30,43 |-0,0020 |1592521395631 |[0.33663368, 0.4458115, 0.43699402, 0.8578022] |
|10 |   60 |0.41666666 | 5000 |      f4 |      11 |    23.0 |    16.0 |   30,43 |-0,0020 |1592521395631 |[0.33663368, 0.4458115, 0.43699402, 0.8578022] |
|10 |   60 |   0.3 | 5000 |      f4 |      11 |    23.0 |    16.0 |   30,43 |-0,0020 |1592521395631 |[0.33663368, 0.4458115, 0.43699402, 0.8578022] |
|10 |   65 |0.38333333 | 5000 |      f4 |      11 |    23.0 |    16.0 |   30,43 |-0,0020 |1592521395631 |[0.33663368, 0.4458115, 0.43699402, 0.8578022] |
|10 |   65 |  0.45 | 5000 |      f4 |      11 |    23.0 |    16.0 |   30,43 |-0,0020 |1592521395631 |[0.33663368, 0.4458115, 0.43699402, 0.8578022] |
|10 |   65 |0.33846155 | 5000 |      f4 |      11 |    23.0 |    16.0 |   30,43 |-0,0020 |1592521395631 |[0.33663368, 0.4458115, 0.43699402, 0.8578022] |
|10 |   65 |0.32307693 | 5000 |      f4 |      11 |    23.0 |    16.0 |   30,43 |-0,0020 |1592521395631 |[0.33663368, 0.4458115, 0.43699402, 0.8578022] |
|10 |   70 |  0.45 | 5000 |      f4 |      11 |    23.0 |    16.0 |   30,43 |-0,0020 |1592521395631 |[0.33663368, 0.4458115, 0.43699402, 0.8578022] |
|10 |   70 |0.41428572 | 5000 |      f4 |      11 |    23.0 |    16.0 |   30,43 |-0,0020 |1592521395631 |[0.33663368, 0.4458115, 0.43699402, 0.8578022] |
|10 |   70 |0.42857143 | 5000 |      f4 |      11 |    23.0 |    16.0 |   30,43 |-0,0020 |1592521395631 |[0.33663368, 0.4458115, 0.43699402, 0.8578022] |
|10 |   70 |0.32857144 | 5000 |      f4 |      11 |    23.0 |    16.0 |   30,43 |-0,0020 |1592521395631 |[0.33663368, 0.4458115, 0.43699402, 0.8578022] |
|10 |   75 |0.35714287 | 5000 |      f4 |      11 |    23.0 |    16.0 |   30,43 |-0,0020 |1592521395631 |[0.33663368, 0.4458115, 0.43699402, 0.8578022] |
|10 |   75 |  0.45 | 5000 |      f4 |      11 |    23.0 |    16.0 |   30,43 |-0,0020 |1592521395631 |[0.33663368, 0.4458115, 0.43699402, 0.8578022] |
|10 |   75 |  0.45 | 5000 |      f4 |      11 |    23.0 |    16.0 |   30,43 |  1,3 |1592521395631 |[0.33663368, 0.4458115, 0.43699402, 0.8578022] |
|11 |   50 |  0.25 | 5000 |      f4 |      11 |    23.0 |    16.0 |   30,43 |  0,0 |1592521396948 |[0.17589587, 0.46344066, 0.07147616, 0.30528277] |
|11 |   50 |  0.42 | 5000 |      f4 |      11 |    23.0 |    16.0 |   30,43 |  0,0 |1592521396948 |[0.5835817, 0.09041721, 0.6633863, 0.4068638] |
|11 |   50 |  0.34 | 5000 |      f4 |      11 |    23.0 |    16.0 |   30,43 |  0,0 |1592521396948 |[0.5835817, 0.09041721, 0.6633863, 0.4068638] |
|11 |   55 |  0.38 | 5000 |      f4 |      11 |    23.0 |    16.0 |   30,43 |  0,0 |1592521396948 |[0.5835817, 0.09041721, 0.6633863, 0.4068638] |
|11 |   55 |  0.45 | 5000 |      f4 |      11 |    23.0 |    16.0 |   30,43 |  0,0 |1592521396948 |[0.5835817, 0.09041721, 0.6633863, 0.4068638] |
|11 |   55 |  0.45 | 5000 |      f4 |      11 |    23.0 |    16.0 |   30,43 |  0,0 |1592521396948 |[0.5835817, 0.09041721, 0.6633863, 0.4068638] |
|11 |   55 |   0.4 | 5000 |      f4 |      11 |    23.0 |    16.0 |   30,43 |  0,0 |1592521396948 |[0.5835817, 0.09041721, 0.6633863, 0.4068638] |
|11 |   60 |0.3090909 | 5000 |      f4 |      11 |    23.0 |    16.0 |   30,43 |  0,0 |1592521396948 |[0.5835817, 0.09041721, 0.6633863, 0.4068638] |
|11 |   60 |  0.45 | 5000 |      f4 |      11 |    23.0 |    16.0 |   30,43 |  0,0 |1592521396948 |[0.5835817, 0.09041721, 0.6633863, 0.4068638] |
|11 |   60 |  0.45 | 5000 |      f4 |      11 |    23.0 |    16.0 |   30,43 |  0,0 |1592521396948 |[0.5835817, 0.09041721, 0.6633863, 0.4068638] |
|11 |   60 |0.31666666 | 5000 |      f4 |      11 |    23.0 |    16.0 |   30,43 |  0,0 |1592521396948 |[0.5835817, 0.09041721, 0.6633863, 0.4068638] |
|11 |   65 |0.36666667 | 5000 |      f4 |      11 |    23.0 |    16.0 |   30,43 |  0,0 |1592521396948 |[0.5835817, 0.09041721, 0.6633863, 0.4068638] |
|11 |   65 |0.44615385 | 5000 |      f4 |      11 |    23.0 |    16.0 |   30,43 |  0,0 |1592521396948 |[0.5835817, 0.09041721, 0.6633863, 0.4068638] |
|11 |   65 |0.30769232 | 5000 |      f4 |      11 |    23.0 |    16.0 |   30,43 |  0,0 |1592521396948 |[0.5835817, 0.09041721, 0.6633863, 0.4068638] |
|11 |   65 |0.43076923 | 5000 |      f4 |      11 |    23.0 |    16.0 |   30,43 |  0,0 |1592521396948 |[0.5835817, 0.09041721, 0.6633863, 0.4068638] |
|11 |   70 |0.32307693 | 5000 |      f4 |      11 |    23.0 |    16.0 |   30,43 |  0,0 |1592521396948 |[0.5835817, 0.09041721, 0.6633863, 0.4068638] |
|11 |   70 |0.44285715 | 5000 |      f4 |      11 |    23.0 |    16.0 |   30,43 |  0,0 |1592521396948 |[0.5835817, 0.09041721, 0.6633863, 0.4068638] |
|11 |   70 |0.32857144 | 5000 |      f4 |      11 |    23.0 |    16.0 |   30,43 |  0,0 |1592521396948 |[0.5835817, 0.09041721, 0.6633863, 0.4068638] |
|11 |   70 |0.34285715 | 5000 |      f4 |      11 |    23.0 |    16.0 |   30,43 |  0,0 |1592521396948 |[0.5835817, 0.09041721, 0.6633863, 0.4068638] |
|11 |   75 |0.32857144 | 5000 |      f4 |      11 |    23.0 |    16.0 |   30,43 |  0,0 |1592521396948 |[0.58917683, 0.17358732, 0.5771818, 0.20391864] |
|11 |   75 |  0.45 | 5000 |      f4 |      11 |    23.0 |    16.0 |   30,43 |  0,0 |1592521396948 |[0.58917683, 0.17358732, 0.5771818, 0.20391864] |
|11 |   75 |  0.45 | 5000 |      f4 |      11 |    23.0 |    16.0 |   30,43 |  1,3 |1592521396948 |[0.58917683, 0.17358732, 0.5771818, 0.20391864] |
|12 |   50 |  0.25 | 5000 |      f4 |      11 |    23.0 |    16.0 |   30,43 |-0,0020 |1592521398261 |[0.31570375, 0.52140653, 0.90070385, 0.7932154] |
|12 |   50 |  0.42 | 5000 |      f4 |      11 |    23.0 |    16.0 |   30,43 |-0,0020 |1592521398261 |[0.31570375, 0.52140653, 0.90070385, 0.7932154] |
|12 |   50 |  0.44 | 5000 |      f4 |      11 |    23.0 |    16.0 |   30,43 |-0,0020 |1592521398261 |[0.31570375, 0.52140653, 0.90070385, 0.7932154] |
|12 |   55 |  0.28 | 5000 |      f4 |      11 |    23.0 |    16.0 |   30,43 |-0,0020 |1592521398261 |[0.31570375, 0.52140653, 0.90070385, 0.7932154] |
|12 |   55 |0.3272727 | 5000 |      f4 |      11 |    23.0 |    16.0 |   30,43 |-0,0020 |1592521398261 |[0.31570375, 0.52140653, 0.90070385, 0.7932154] |
|12 |   55 |  0.45 | 5000 |      f4 |      11 |    23.0 |    16.0 |   30,43 |-0,0020 |1592521398261 |[0.31570375, 0.52140653, 0.90070385, 0.7932154] |
|12 |   55 |0.3272727 | 5000 |      f4 |      11 |    23.0 |    16.0 |   30,43 |-0,0020 |1592521398261 |[0.31570375, 0.52140653, 0.90070385, 0.7932154] |
|12 |   60 |0.4181818 | 5000 |      f4 |      11 |    23.0 |    16.0 |   30,43 |-0,0020 |1592521398261 |[0.31570375, 0.52140653, 0.90070385, 0.7932154] |
|12 |   60 |  0.45 | 5000 |      f4 |      11 |    23.0 |    16.0 |   30,43 |-0,0020 |1592521398261 |[0.31570375, 0.52140653, 0.90070385, 0.7932154] |
|12 |   60 |0.31666666 | 5000 |      f4 |      11 |    23.0 |    16.0 |   30,43 |-0,0020 |1592521398261 |[0.31570375, 0.52140653, 0.90070385, 0.7932154] |
|12 |   60 |0.28333333 | 5000 |      f4 |      11 |    23.0 |    16.0 |   30,43 |-0,0020 |1592521398261 |[0.31570375, 0.52140653, 0.90070385, 0.7932154] |
|12 |   65 |0.36666667 | 5000 |      f4 |      11 |    23.0 |    16.0 |   30,43 |-0,0020 |1592521398261 |[0.31570375, 0.52140653, 0.90070385, 0.7932154] |
|12 |   65 |0.36923078 | 5000 |      f4 |      11 |    23.0 |    16.0 |   30,43 |-0,0020 |1592521398261 |[0.31570375, 0.52140653, 0.90070385, 0.7932154] |
|12 |   65 |0.41538462 | 5000 |      f4 |      11 |    23.0 |    16.0 |   30,43 |-0,0020 |1592521398261 |[0.31570375, 0.52140653, 0.90070385, 0.7932154] |
|12 |   65 |   0.4 | 5000 |      f4 |      11 |    23.0 |    16.0 |   30,43 |-0,0020 |1592521398261 |[0.31570375, 0.52140653, 0.90070385, 0.7932154] |
|12 |   70 |0.24615385 | 5000 |      f4 |      11 |    23.0 |    16.0 |   30,43 |-0,0020 |1592521398261 |[0.31570375, 0.52140653, 0.90070385, 0.7932154] |
|12 |   70 |0.41428572 | 5000 |      f4 |      11 |    23.0 |    16.0 |   30,43 |-0,0020 |1592521398261 |[0.31570375, 0.52140653, 0.90070385, 0.7932154] |
|12 |   70 |0.3857143 | 5000 |      f4 |      11 |    23.0 |    16.0 |   30,43 |-0,0020 |1592521398261 |[0.31570375, 0.52140653, 0.90070385, 0.7932154] |
|12 |   70 |0.31428573 | 5000 |      f4 |      11 |    23.0 |    16.0 |   30,43 |-0,0020 |1592521398261 |[0.31570375, 0.52140653, 0.90070385, 0.7932154] |
|12 |   75 |0.32857144 | 5000 |      f4 |      11 |    23.0 |    16.0 |   30,43 |-0,0020 |1592521398261 |[0.31570375, 0.52140653, 0.90070385, 0.7932154] |
|12 |   75 |  0.36 | 5000 |      f4 |      11 |    23.0 |    16.0 |   30,43 |-0,0020 |1592521398261 |[0.31570375, 0.52140653, 0.90070385, 0.7932154] |
|12 |   75 |  0.36 | 5000 |      f4 |      11 |    23.0 |    16.0 |   30,43 |  1,3 |1592521398261 |[0.31570375, 0.52140653, 0.90070385, 0.7932154] |
|13 |   50 |  0.25 | 5000 |      f4 |      11 |    23.0 |    16.0 |   30,43 |-0,0020 |1592521399569 |[0.8805758, 0.8281536, 0.6274774, 0.6960797] |
|13 |   50 |  0.24 | 5000 |      f4 |      11 |    23.0 |    16.0 |   30,43 |-0,0020 |1592521399569 |[0.4153645, 0.1629858, 0.5861969, 0.3604713] |
|13 |   50 |  0.28 | 5000 |      f4 |      11 |    23.0 |    16.0 |   30,43 |-0,0020 |1592521399569 |[0.4153645, 0.1629858, 0.5861969, 0.3604713] |
|13 |   55 |  0.24 | 5000 |      f4 |      11 |    23.0 |    16.0 |   30,43 |-0,0020 |1592521399569 |[0.4153645, 0.1629858, 0.5861969, 0.3604713] |
|13 |   55 |0.29090908 | 5000 |      f4 |      11 |    23.0 |    16.0 |   30,43 |-0,0020 |1592521399569 |[0.4153645, 0.1629858, 0.5861969, 0.3604713] |
|13 |   55 |0.29090908 | 5000 |      f4 |      11 |    23.0 |    16.0 |   30,43 |-0,0020 |1592521399569 |[0.4153645, 0.1629858, 0.5861969, 0.3604713] |
|13 |   55 |0.34545454 | 5000 |      f4 |      11 |    23.0 |    16.0 |   30,43 |-0,0020 |1592521399569 |[0.4153645, 0.1629858, 0.5861969, 0.3604713] |
|13 |   60 |0.36363637 | 5000 |      f4 |      11 |    23.0 |    16.0 |   30,43 |-0,0020 |1592521399569 |[0.4153645, 0.1629858, 0.5861969, 0.3604713] |
|13 |   60 |0.36666667 | 5000 |      f4 |      11 |    23.0 |    16.0 |   30,43 |-0,0020 |1592521399569 |[0.4153645, 0.1629858, 0.5861969, 0.3604713] |
|13 |   60 |0.41666666 | 5000 |      f4 |      11 |    23.0 |    16.0 |   30,43 |-0,0020 |1592521399569 |[0.4153645, 0.1629858, 0.5861969, 0.3604713] |
|13 |   60 |0.26666668 | 5000 |      f4 |      11 |    23.0 |    16.0 |   30,43 |-0,0020 |1592521399569 |[0.4153645, 0.1629858, 0.5861969, 0.3604713] |
|13 |   65 |0.33333334 | 5000 |      f4 |      11 |    23.0 |    16.0 |   30,43 |-0,0020 |1592521399569 |[0.4153645, 0.1629858, 0.5861969, 0.3604713] |
|13 |   65 |0.41538462 | 5000 |      f4 |      11 |    23.0 |    16.0 |   30,43 |-0,0020 |1592521399569 |[0.4153645, 0.1629858, 0.5861969, 0.3604713] |
|13 |   65 |0.3846154 | 5000 |      f4 |      11 |    23.0 |    16.0 |   30,43 |-0,0020 |1592521399569 |[0.4153645, 0.1629858, 0.5861969, 0.3604713] |
|13 |   65 |0.35384616 | 5000 |      f4 |      11 |    23.0 |    16.0 |   30,43 |-0,0020 |1592521399569 |[0.4153645, 0.1629858, 0.5861969, 0.3604713] |
|13 |   70 |  0.45 | 5000 |      f4 |      11 |    23.0 |    16.0 |   30,43 |-0,0020 |1592521399569 |[0.4153645, 0.1629858, 0.5861969, 0.3604713] |
|13 |   70 |  0.45 | 5000 |      f4 |      11 |    23.0 |    16.0 |   30,43 |-0,0020 |1592521399569 |[0.4153645, 0.1629858, 0.5861969, 0.3604713] |
|13 |   70 |0.35714287 | 5000 |      f4 |      11 |    23.0 |    16.0 |   30,43 |-0,0020 |1592521399569 |[0.4153645, 0.1629858, 0.5861969, 0.3604713] |
|13 |   70 |0.3857143 | 5000 |      f4 |      11 |    23.0 |    16.0 |   30,43 |-0,0020 |1592521399569 |[0.4153645, 0.1629858, 0.5861969, 0.3604713] |
|13 |   75 |0.2857143 | 5000 |      f4 |      11 |    23.0 |    16.0 |   30,43 |-0,0020 |1592521399569 |[0.4153645, 0.1629858, 0.5861969, 0.3604713] |
|13 |   75 |0.38666666 | 5000 |      f4 |      11 |    23.0 |    16.0 |   30,43 |-0,0020 |1592521399569 |[0.4153645, 0.1629858, 0.5861969, 0.3604713] |
|13 |   75 |0.38666666 | 5000 |      f4 |      11 |    23.0 |    16.0 |   30,43 |  1,3 |1592521399569 |[0.4153645, 0.1629858, 0.5861969, 0.3604713] |
|14 |   50 |  0.25 | 5000 |      f4 |      11 |    23.0 |    16.0 |   30,43 |-0,0020 |1592521400864 |[0.60923874, 0.16717887, 0.42424506, 0.4179356] |
|14 |   50 |   0.3 | 5000 |      f4 |      11 |    23.0 |    16.0 |   30,43 |-0,0020 |1592521400864 |[0.60923874, 0.16717887, 0.42424506, 0.4179356] |
|14 |   50 |  0.32 | 5000 |      f4 |      11 |    23.0 |    16.0 |   30,43 |-0,0020 |1592521400864 |[0.60923874, 0.16717887, 0.42424506, 0.4179356] |
|14 |   55 |  0.22 | 5000 |      f4 |      11 |    23.0 |    16.0 |   30,43 |-0,0020 |1592521400864 |[0.60923874, 0.16717887, 0.42424506, 0.4179356] |
|14 |   55 |   0.4 | 5000 |      f4 |      11 |    23.0 |    16.0 |   30,43 |-0,0020 |1592521400864 |[0.60923874, 0.16717887, 0.42424506, 0.4179356] |
|14 |   55 |0.3090909 | 5000 |      f4 |      11 |    23.0 |    16.0 |   30,43 |-0,0020 |1592521400864 |[0.60923874, 0.16717887, 0.42424506, 0.4179356] |
|14 |   55 |0.29090908 | 5000 |      f4 |      11 |    23.0 |    16.0 |   30,43 |-0,0020 |1592521400864 |[0.60923874, 0.16717887, 0.42424506, 0.4179356] |
|14 |   60 |0.29090908 | 5000 |      f4 |      11 |    23.0 |    16.0 |   30,43 |-0,0020 |1592521400864 |[0.60923874, 0.16717887, 0.42424506, 0.4179356] |
|14 |   60 |  0.45 | 5000 |      f4 |      11 |    23.0 |    16.0 |   30,43 |-0,0020 |1592521400864 |[0.60923874, 0.16717887, 0.42424506, 0.4179356] |
|14 |   60 |  0.45 | 5000 |      f4 |      11 |    23.0 |    16.0 |   30,43 |-0,0020 |1592521400864 |[0.60923874, 0.16717887, 0.42424506, 0.4179356] |
|14 |   60 |0.36666667 | 5000 |      f4 |      11 |    23.0 |    16.0 |   30,43 |-0,0020 |1592521400864 |[0.60923874, 0.16717887, 0.42424506, 0.4179356] |
|14 |   65 |  0.35 | 5000 |      f4 |      11 |    23.0 |    16.0 |   30,43 |-0,0020 |1592521400864 |[0.60923874, 0.16717887, 0.42424506, 0.4179356] |
|14 |   65 |  0.45 | 5000 |      f4 |      11 |    23.0 |    16.0 |   30,43 |-0,0020 |1592521400864 |[0.60923874, 0.16717887, 0.42424506, 0.4179356] |
|14 |   65 |   0.4 | 5000 |      f4 |      11 |    23.0 |    16.0 |   30,43 |-0,0020 |1592521400864 |[0.60923874, 0.16717887, 0.42424506, 0.4179356] |
|14 |   65 |0.36923078 | 5000 |      f4 |      11 |    23.0 |    16.0 |   30,43 |-0,0020 |1592521400864 |[0.60923874, 0.16717887, 0.42424506, 0.4179356] |
|14 |   70 |0.32307693 | 5000 |      f4 |      11 |    23.0 |    16.0 |   30,43 |-0,0020 |1592521400864 |[0.60923874, 0.16717887, 0.42424506, 0.4179356] |
|14 |   70 |0.41428572 | 5000 |      f4 |      11 |    23.0 |    16.0 |   30,43 |-0,0020 |1592521400864 |[0.60923874, 0.16717887, 0.42424506, 0.4179356] |
|14 |   70 |0.37142858 | 5000 |      f4 |      11 |    23.0 |    16.0 |   30,43 |-0,0020 |1592521400864 |[0.60923874, 0.16717887, 0.42424506, 0.4179356] |
|14 |   70 |0.34285715 | 5000 |      f4 |      11 |    23.0 |    16.0 |   30,43 |-0,0020 |1592521400864 |[0.60923874, 0.16717887, 0.42424506, 0.4179356] |
|14 |   75 |   0.4 | 5000 |      f4 |      11 |    23.0 |    16.0 |   30,43 |-0,0020 |1592521400864 |[0.60923874, 0.16717887, 0.42424506, 0.4179356] |
|14 |   75 |  0.45 | 5000 |      f4 |      11 |    23.0 |    16.0 |   30,43 |-0,0020 |1592521400864 |[0.60923874, 0.16717887, 0.42424506, 0.4179356] |
|14 |   75 |  0.45 | 5000 |      f4 |      11 |    23.0 |    16.0 |   30,43 |  1,3 |1592521400864 |[0.60923874, 0.16717887, 0.42424506, 0.4179356] |
|15 |   50 |  0.25 | 5000 |      f4 |      11 |    23.0 |    16.0 |   30,43 |-0,0020 |1592521402164 |[0.8725294, 0.18955112, 0.7250996, 0.9562677] |
|15 |   50 |  0.38 | 5000 |      f4 |      11 |    23.0 |    16.0 |   30,43 |-0,0020 |1592521402164 |[0.8725294, 0.18955112, 0.7250996, 0.9562677] |
|15 |   50 |   0.4 | 5000 |      f4 |      11 |    23.0 |    16.0 |   30,43 |-0,0020 |1592521402164 |[0.8725294, 0.18955112, 0.7250996, 0.9562677] |
|15 |   55 |  0.32 | 5000 |      f4 |      11 |    23.0 |    16.0 |   30,43 |-0,0020 |1592521402164 |[0.8725294, 0.18955112, 0.7250996, 0.9562677] |
|15 |   55 |  0.45 | 5000 |      f4 |      11 |    23.0 |    16.0 |   30,43 |-0,0020 |1592521402164 |[0.8725294, 0.18955112, 0.7250996, 0.9562677] |
|15 |   55 |0.34545454 | 5000 |      f4 |      11 |    23.0 |    16.0 |   30,43 |-0,0020 |1592521402164 |[0.8725294, 0.18955112, 0.7250996, 0.9562677] |
|15 |   55 |0.4181818 | 5000 |      f4 |      11 |    23.0 |    16.0 |   30,43 |-0,0020 |1592521402164 |[0.8725294, 0.18955112, 0.7250996, 0.9562677] |
|15 |   60 |0.3272727 | 5000 |      f4 |      11 |    23.0 |    16.0 |   30,43 |-0,0020 |1592521402164 |[0.8725294, 0.18955112, 0.7250996, 0.9562677] |
|15 |   60 |0.28333333 | 5000 |      f4 |      11 |    23.0 |    16.0 |   30,43 |-0,0020 |1592521402164 |[0.41666597, 0.8406243, 0.87605304, 0.089001] |
|15 |   60 |0.28333333 | 5000 |      f4 |      11 |    23.0 |    16.0 |   30,43 |-0,0020 |1592521402164 |[0.41666597, 0.8406243, 0.87605304, 0.089001] |
|15 |   60 |  0.35 | 5000 |      f4 |      11 |    23.0 |    16.0 |   30,43 |-0,0020 |1592521402164 |[0.41666597, 0.8406243, 0.87605304, 0.089001] |
|15 |   65 |  0.35 | 5000 |      f4 |      11 |    23.0 |    16.0 |   30,43 |-0,0020 |1592521402164 |[0.41666597, 0.8406243, 0.87605304, 0.089001] |
|15 |   65 |   0.4 | 5000 |      f4 |      11 |    23.0 |    16.0 |   30,43 |-0,0020 |1592521402164 |[0.41666597, 0.8406243, 0.87605304, 0.089001] |
|15 |   65 |0.30769232 | 5000 |      f4 |      11 |    23.0 |    16.0 |   30,43 |-0,0020 |1592521402164 |[0.41666597, 0.8406243, 0.87605304, 0.089001] |
|15 |   65 |0.24615385 | 5000 |      f4 |      11 |    23.0 |    16.0 |   30,43 |-0,0020 |1592521402164 |[0.41666597, 0.8406243, 0.87605304, 0.089001] |
|15 |   70 |0.32307693 | 5000 |      f4 |      11 |    23.0 |    16.0 |   30,43 |-0,0020 |1592521402164 |[0.41666597, 0.8406243, 0.87605304, 0.089001] |
|15 |   70 |0.32857144 | 5000 |      f4 |      11 |    23.0 |    16.0 |   30,43 |-0,0020 |1592521402164 |[0.41666597, 0.8406243, 0.87605304, 0.089001] |
|15 |   70 |0.34285715 | 5000 |      f4 |      11 |    23.0 |    16.0 |   30,43 |-0,0020 |1592521402164 |[0.41666597, 0.8406243, 0.87605304, 0.089001] |
|15 |   70 |0.3857143 | 5000 |      f4 |      11 |    23.0 |    16.0 |   30,43 |-0,0020 |1592521402164 |[0.41666597, 0.8406243, 0.87605304, 0.089001] |
|15 |   75 |   0.4 | 5000 |      f4 |      11 |    23.0 |    16.0 |   30,43 |-0,0020 |1592521402164 |[0.41666597, 0.8406243, 0.87605304, 0.089001] |
|15 |   75 |  0.45 | 5000 |      f4 |      11 |    23.0 |    16.0 |   30,43 |-0,0020 |1592521402164 |[0.41666597, 0.8406243, 0.87605304, 0.089001] |
|15 |   75 |  0.45 | 5000 |      f4 |      11 |    23.0 |    16.0 |   30,43 |  1,3 |1592521402164 |[0.41666597, 0.8406243, 0.87605304, 0.089001] |
