| # | Nest | %Desc |#Iter |Instancia | CapMoch |ValOptmo | BestFit |     RDP | time |      semilla |VectorSolucion |
-------------------------------------------------------------------------------------------------
| 1 |   25 |  0.25 | 2500 |      f2 |     878 |  1024.0 |  1018.0 |    0,59 |-1,6e+09 |1592509183046 |[0.117886126, 0.074014306, 0.01826793, 0.7054344, 0.46628428, 0.9123502, 0.093191445, 0.042258322, 0.85461146, 0.85727954, 0.86373985, 0.21426368, 0.9204524, 0.74486053, 0.09659678, 0.6487587, 0.8176961, 0.51991004, 0.76634866, 0.7123436] |
| 2 |   25 |  0.25 | 2500 |      f2 |     878 |  1024.0 |  1018.0 |    0,59 |-0,0010 |1592509185942 |[0.57652634, 0.15920287, 0.5639058, 0.3708501, 0.3139385, 0.04106623, 0.86767167, 0.9665479, 0.7888204, 0.0054220557, 0.8890944, 0.50734514, 0.1815263, 0.4485662, 0.7775787, 0.406644, 0.2866761, 0.60183585, 0.74016863, 0.12678027] |
| 3 |   25 |  0.25 | 2500 |      f2 |     878 |  1024.0 |  1018.0 |    0,59 |-0,0010 |1592509188837 |[0.19442654, 0.46111017, 0.4064231, 0.75527376, 0.4065138, 0.24993855, 0.09787542, 0.8041828, 0.66891885, 0.64789665, 0.76749945, 0.6219782, 0.2341674, 0.3605501, 0.60827297, 0.49043977, 0.60642457, 0.52371144, 0.84351915, 0.41283894] |
| 4 |   25 |  0.25 | 2500 |      f2 |     878 |  1024.0 |  1018.0 |    0,59 |-0,0010 |1592509191706 |[0.26662362, 0.14449644, 0.030596256, 0.03036338, 0.44215965, 0.42329776, 0.9243466, 0.6507722, 0.3532135, 0.98079485, 0.6913295, 0.8956463, 0.7425687, 0.94240093, 0.92650306, 0.44746196, 0.53394413, 0.6358142, 0.5759444, 0.9244381] |
| 5 |   25 |  0.25 | 2500 |      f2 |     878 |  1024.0 |  1018.0 |    0,59 |  0,0 |1592509194545 |[0.4128704, 0.5298313, 0.91576195, 0.5124524, 0.83429325, 0.5677519, 0.12519717, 0.4091739, 0.71839947, 0.3692851, 0.86038417, 0.298527, 0.84694403, 0.30912185, 0.16040689, 0.05316341, 0.449089, 0.21902448, 0.51113665, 0.34580213] |
| 6 |   25 |  0.25 | 2500 |      f2 |     878 |  1024.0 |  1018.0 |    0,59 |  0,0 |1592509197432 |[0.32578868, 0.7174588, 0.8686178, 0.92618084, 0.69506496, 0.23723531, 0.3185838, 0.20056355, 0.3799584, 0.19721568, 0.18424726, 0.030593872, 0.4921742, 0.90951383, 0.48978972, 0.12681836, 0.54398584, 0.5830154, 0.17052948, 0.91590774] |
| 7 |   25 |  0.25 | 2500 |      f2 |     878 |  1024.0 |  1018.0 |    0,59 |  0,0 |1592509200332 |[0.5069428, 0.3918208, 0.33644748, 0.073663294, 0.0326218, 0.732017, 0.5289497, 0.13899094, 0.17895335, 0.9199788, 0.9134145, 0.60628116, 0.56770873, 0.0799368, 0.7861087, 0.7199288, 0.62154746, 0.42656934, 0.4430192, 0.54323226] |
| 8 |   25 |  0.25 | 2500 |      f2 |     878 |  1024.0 |  1018.0 |    0,59 |  0,0 |1592509203197 |[0.7300722, 0.2872343, 0.75611925, 0.08335215, 0.5255391, 0.2836057, 0.7374827, 0.9980777, 0.27332443, 0.41548622, 0.7880602, 0.4186607, 0.85452944, 0.4743818, 0.3782428, 0.47392154, 0.46387976, 0.8931569, 0.03537488, 0.34938812] |
| 9 |   25 |  0.25 | 2500 |      f2 |     878 |  1024.0 |  1018.0 |    0,59 |  0,0 |1592509206063 |[0.31166035, 0.82012707, 0.983469, 0.43271685, 0.27543813, 0.7687686, 0.84585756, 0.2657798, 0.7917943, 0.55320823, 0.5505897, 0.57924926, 0.25535828, 0.38725817, 0.7794659, 0.6981409, 0.8178909, 0.8016402, 0.5293436, 0.8041375] |
|10 |   25 |  0.25 | 2500 |      f2 |     878 |  1024.0 |  1018.0 |    0,59 |  0,0 |1592509208919 |[0.323007, 0.4598297, 0.46243602, 0.9250349, 0.8588704, 0.16470885, 0.37701124, 0.39058965, 0.41410762, 0.020415008, 0.60272646, 0.78056103, 0.55917215, 0.55547714, 0.7111208, 0.8423255, 0.43335646, 0.19986033, 0.09656072, 0.17051858] |
|11 |   25 |  0.25 | 2500 |      f2 |     878 |  1024.0 |  1018.0 |    0,59 |-0,0010 |1592509211794 |[0.8731421, 0.2177797, 0.68625104, 0.12030953, 0.46375936, 0.53194326, 0.7170393, 0.74311674, 0.80870724, 0.30095416, 0.7402499, 0.6594798, 0.94708127, 0.8873917, 0.61970997, 0.7431142, 0.6856488, 0.7629453, 0.072215915, 0.29659915] |
|12 |   25 |  0.25 | 2500 |      f2 |     878 |  1024.0 |  1018.0 |    0,59 |  0,0 |1592509214630 |[0.9938579, 0.5704971, 0.76488775, 0.45951957, 0.5347133, 0.37060577, 0.3498122, 0.34859467, 0.53251654, 0.34221822, 0.33234954, 0.23695022, 0.9186661, 0.19322985, 0.027027786, 0.5218368, 0.7093117, 0.62023777, 0.97997975, 0.13234651] |
|13 |   25 |  0.25 | 2500 |      f2 |     878 |  1024.0 |  1018.0 |    0,59 |  0,0 |1592509217487 |[0.29932404, 0.4143293, 0.3921808, 0.37820548, 0.46642667, 0.12289846, 0.037436485, 0.16380626, 0.68609786, 0.6105037, 0.1584785, 0.59076506, 0.7026621, 0.84260154, 0.10233247, 0.5146878, 0.9207143, 0.39605254, 0.41768962, 0.42291707] |
|14 |   25 |  0.25 | 2500 |      f2 |     878 |  1024.0 |  1018.0 |    0,59 |-0,0010 |1592509220356 |[0.66688913, 0.67511964, 0.7475216, 0.9793817, 0.94595253, 0.49085903, 0.9943702, 0.76377636, 0.3445984, 0.29933798, 0.7495436, 0.5652694, 0.65456706, 0.38693565, 0.8633192, 0.6255031, 0.8869819, 0.42344773, 0.70324236, 0.67493325] |
