| # | Nest | %Desc |#Iter |Instancia | CapMoch |ValOptmo | BestFit |     RDP | time |      semilla |VectorSolucion |
-------------------------------------------------------------------------------------------------
| 1 |   25 |  0.25 | 2500 |      f1 |     269 |   295.0 |   290.0 |    1,69 |-1,6e+09 |1592509779864 |[0.30260527, 0.15596873, 0.45311373, 0.6225956, 0.02900076, 0.29492605, 0.12758881, 0.33804858, 0.8482327, 0.13322264] |
| 1 |   40 |  0.25 | 2500 |      f1 |     269 |   295.0 |   290.0 |    1,69 |  1,0 |1592509779864 |[0.0, 0.0, 0.0, 0.0, 0.0, 0.0, 0.0, 0.0, 0.0, 0.0] |
| 2 |   25 |  0.25 | 2500 |      f1 |     269 |   295.0 |   290.0 |    1,69 |-0,0020 |1592509780902 |[0.13708144, 0.46203554, 0.6988328, 0.7315766, 0.67323864, 0.8404512, 0.39559478, 0.6231541, 0.1506092, 0.23732889] |
| 2 |   40 |  0.25 | 2500 |      f1 |     269 |   295.0 |   290.0 |    1,69 | 0,96 |1592509780902 |[0.0, 0.0, 0.0, 0.0, 0.0, 0.0, 0.0, 0.0, 0.0, 0.0] |
| 3 |   25 |  0.25 | 2500 |      f1 |     269 |   295.0 |   290.0 |    1,69 |  0,0 |1592509781863 |[0.49254072, 0.4509462, 0.8628997, 0.13836825, 0.37531143, 0.53054404, 0.7315172, 0.47620392, 0.60957974, 0.15673947] |
| 3 |   40 |  0.25 | 2500 |      f1 |     269 |   295.0 |   290.0 |    1,69 | 0,94 |1592509781863 |[0.0, 0.0, 0.0, 0.0, 0.0, 0.0, 0.0, 0.0, 0.0, 0.0] |
| 4 |   25 |  0.25 | 2500 |      f1 |     269 |   295.0 |   290.0 |    1,69 |  0,0 |1592509782805 |[0.2154122, 0.99943286, 0.3755719, 0.049716234, 0.8777149, 0.25238597, 0.06481463, 0.85416603, 0.550591, 0.08036041] |
| 4 |   40 |  0.25 | 2500 |      f1 |     269 |   295.0 |   290.0 |    1,69 | 0,95 |1592509782805 |[0.0, 0.0, 0.0, 0.0, 0.0, 0.0, 0.0, 0.0, 0.0, 0.0] |
| 5 |   25 |  0.25 | 2500 |      f1 |     269 |   295.0 |   290.0 |    1,69 |  0,0 |1592509783755 |[0.5333419, 0.80700576, 0.5204647, 0.83146656, 0.6507654, 0.29076385, 0.33553046, 0.25906503, 0.4549448, 0.42707384] |
| 5 |   40 |  0.25 | 2500 |      f1 |     269 |   295.0 |   290.0 |    1,69 | 0,95 |1592509783755 |[0.0, 0.0, 0.0, 0.0, 0.0, 0.0, 0.0, 0.0, 0.0, 0.0] |
| 6 |   25 |  0.25 | 2500 |      f1 |     269 |   295.0 |   290.0 |    1,69 |-0,0010 |1592509784707 |[0.90399164, 0.43198526, 0.05161351, 0.85421544, 0.8837723, 0.692623, 0.5932158, 0.7728242, 0.30395532, 0.03294897] |
| 6 |   40 |  0.25 | 2500 |      f1 |     269 |   295.0 |   290.0 |    1,69 | 0,94 |1592509784707 |[0.0, 0.0, 0.0, 0.0, 0.0, 0.0, 0.0, 0.0, 0.0, 0.0] |
| 7 |   25 |  0.25 | 2500 |      f1 |     269 |   295.0 |   290.0 |    1,69 |  0,0 |1592509785652 |[0.009632707, 0.676583, 0.9605051, 0.2976296, 0.8822821, 0.9404566, 0.27886337, 0.40531653, 0.07005495, 0.03654903] |
| 7 |   40 |  0.25 | 2500 |      f1 |     269 |   295.0 |   290.0 |    1,69 | 0,94 |1592509785652 |[0.0, 0.0, 0.0, 0.0, 0.0, 0.0, 0.0, 0.0, 0.0, 0.0] |
| 8 |   25 |  0.25 | 2500 |      f1 |     269 |   295.0 |   290.0 |    1,69 |-0,0010 |1592509786594 |[0.43914145, 0.31478107, 0.96775675, 0.10653913, 0.27344286, 0.58894825, 0.6433627, 0.62968224, 0.38545763, 0.024508953] |
| 8 |   40 |  0.25 | 2500 |      f1 |     269 |   295.0 |   290.0 |    1,69 | 0,94 |1592509786594 |[0.0, 0.0, 0.0, 0.0, 0.0, 0.0, 0.0, 0.0, 0.0, 0.0] |
| 9 |   25 |  0.25 | 2500 |      f1 |     269 |   295.0 |   290.0 |    1,69 |-0,0010 |1592509787539 |[0.45411408, 0.27964658, 0.1884737, 0.36667007, 0.11371666, 0.065714955, 0.92096144, 0.7196235, 0.90421736, 0.32895797] |
| 9 |   40 |  0.25 | 2500 |      f1 |     269 |   295.0 |   290.0 |    1,69 | 0,93 |1592509787539 |[0.0, 0.0, 0.0, 0.0, 0.0, 0.0, 0.0, 0.0, 0.0, 0.0] |
|10 |   25 |  0.25 | 2500 |      f1 |     269 |   295.0 |   290.0 |    1,69 |  0,0 |1592509788473 |[0.050213575, 0.43657666, 0.7224867, 0.8787253, 0.11036664, 0.6805994, 0.11327708, 0.62525845, 0.5427947, 0.4803877] |
|10 |   40 |  0.25 | 2500 |      f1 |     269 |   295.0 |   290.0 |    1,69 | 0,94 |1592509788473 |[0.0, 0.0, 0.0, 0.0, 0.0, 0.0, 0.0, 0.0, 0.0, 0.0] |
|11 |   25 |  0.25 | 2500 |      f1 |     269 |   295.0 |   290.0 |    1,69 |-0,0010 |1592509789410 |[0.992327, 0.9528289, 0.18695045, 0.56409055, 0.2919386, 0.83864975, 0.62564176, 0.6082593, 0.36823738, 0.26340193] |
|11 |   40 |  0.25 | 2500 |      f1 |     269 |   295.0 |   290.0 |    1,69 | 0,94 |1592509789410 |[0.0, 0.0, 0.0, 0.0, 0.0, 0.0, 0.0, 0.0, 0.0, 0.0] |
|12 |   25 |  0.25 | 2500 |      f1 |     269 |   295.0 |   290.0 |    1,69 |-0,0010 |1592509790348 |[0.48974603, 0.1628735, 0.84505194, 0.111870944, 0.91626716, 0.72997165, 0.5472152, 0.32543838, 0.56464374, 0.5079638] |
|12 |   40 |  0.25 | 2500 |      f1 |     269 |   295.0 |   290.0 |    1,69 | 0,94 |1592509790348 |[0.0, 0.0, 0.0, 0.0, 0.0, 0.0, 0.0, 0.0, 0.0, 0.0] |
|13 |   25 |  0.25 | 2500 |      f1 |     269 |   295.0 |   290.0 |    1,69 |-0,0010 |1592509791288 |[0.1221298, 0.7128587, 0.20234114, 0.39193237, 0.39146167, 0.47361207, 0.39142835, 0.5324423, 0.22120106, 0.9784248] |
|13 |   40 |  0.25 | 2500 |      f1 |     269 |   295.0 |   290.0 |    1,69 | 0,93 |1592509791288 |[0.0, 0.0, 0.0, 0.0, 0.0, 0.0, 0.0, 0.0, 0.0, 0.0] |
|14 |   25 |  0.25 | 2500 |      f1 |     269 |   295.0 |   290.0 |    1,69 |  0,0 |1592509792218 |[0.15466851, 0.32427615, 0.58026296, 0.0905059, 0.3254711, 0.20141649, 0.6676939, 0.23399717, 0.6794681, 0.20718008] |
|14 |   40 |  0.25 | 2500 |      f1 |     269 |   295.0 |   290.0 |    1,69 | 0,93 |1592509792218 |[0.0, 0.0, 0.0, 0.0, 0.0, 0.0, 0.0, 0.0, 0.0, 0.0] |
|15 |   25 |  0.25 | 2500 |      f1 |     269 |   295.0 |   290.0 |    1,69 |  0,0 |1592509793146 |[0.47343117, 0.9113426, 0.6463286, 0.7867411, 0.24372745, 0.9435028, 0.6510932, 0.6594873, 0.77538383, 0.35361624] |
|15 |   40 |  0.25 | 2500 |      f1 |     269 |   295.0 |   290.0 |    1,69 | 0,92 |1592509793146 |[0.0, 0.0, 0.0, 0.0, 0.0, 0.0, 0.0, 0.0, 0.0, 0.0] |
