| # | Nest | %Desc |#Iter |Instancia | CapMoch |ValOptmo | BestFit |     RDP | time |      semilla |VectorSolucion |
-------------------------------------------------------------------------------------------------
| 1 |   25 |  0.25 | 2500 |      f1 |     269 |   295.0 |   290.0 |    1,69 |-1,6e+09 |1592510502850 |[0.1107797, 0.8334148, 0.13177675, 0.8333885, 0.3970526, 0.19984466, 0.93307847, 0.19241124, 0.7027052, 0.965714] |
| 1 |   40 |  0.45 | 2500 |      f1 |     269 |   295.0 |   290.0 |    1,69 |  1,0 |1592510502850 |[0.7323763, 0.3806299, 0.34506083, 0.7008583, 0.9911533, 0.13639861, 0.3938604, 0.5926041, 0.8510637, 0.21496916] |
| 2 |   25 |  0.25 | 2500 |      f1 |     269 |   295.0 |   290.0 |    1,69 |-0,0010 |1592510503884 |[0.5828261, 0.7351514, 0.7866389, 0.69914746, 0.92636305, 0.7200625, 0.9323371, 0.7653071, 0.73447615, 0.4146073] |
| 2 |   40 | 0.425 | 2500 |      f1 |     269 |   295.0 |   290.0 |    1,69 | 0,94 |1592510503884 |[0.5828261, 0.7351514, 0.7866389, 0.69914746, 0.92636305, 0.7200625, 0.9323371, 0.7653071, 0.73447615, 0.4146073] |
| 3 |   25 |  0.25 | 2500 |      f1 |     269 |   295.0 |   290.0 |    1,69 |-0,0010 |1592510504827 |[0.4921068, 0.9835282, 0.4608209, 0.117652655, 0.9790045, 0.3057264, 0.27686888, 0.31568438, 0.13356662, 0.24579972] |
| 3 |   40 |  0.45 | 2500 |      f1 |     269 |   295.0 |   290.0 |    1,69 | 0,94 |1592510504827 |[0.4921068, 0.9835282, 0.4608209, 0.117652655, 0.9790045, 0.3057264, 0.27686888, 0.31568438, 0.13356662, 0.24579972] |
| 4 |   25 |  0.25 | 2500 |      f1 |     269 |   295.0 |   290.0 |    1,69 |-0,0010 |1592510505766 |[0.9586446, 0.78737813, 0.507931, 0.25007862, 0.1913175, 0.17906255, 0.21880132, 0.7485163, 0.111563325, 0.78447086] |
| 4 |   40 |  0.45 | 2500 |      f1 |     269 |   295.0 |   290.0 |    1,69 | 0,95 |1592510505766 |[0.9586446, 0.78737813, 0.507931, 0.25007862, 0.1913175, 0.17906255, 0.21880132, 0.7485163, 0.111563325, 0.78447086] |
| 5 |   25 |  0.25 | 2500 |      f1 |     269 |   295.0 |   290.0 |    1,69 |  0,0 |1592510506715 |[0.4222976, 0.74521077, 0.6358417, 0.5295209, 0.6639602, 0.93970406, 0.31108767, 0.84404945, 0.19452357, 0.07676476] |
| 5 |   40 |  0.45 | 2500 |      f1 |     269 |   295.0 |   290.0 |    1,69 | 0,94 |1592510506715 |[0.4222976, 0.74521077, 0.6358417, 0.5295209, 0.6639602, 0.93970406, 0.31108767, 0.84404945, 0.19452357, 0.07676476] |
| 6 |   25 |  0.25 | 2500 |      f1 |     269 |   295.0 |   290.0 |    1,69 |  0,0 |1592510507657 |[0.9409177, 0.98884594, 0.3335802, 0.8077015, 0.4356044, 0.8466389, 0.94974357, 0.59179693, 0.11251986, 0.80447537] |
| 6 |   40 |  0.45 | 2500 |      f1 |     269 |   295.0 |   290.0 |    1,69 | 0,94 |1592510507657 |[0.9409177, 0.98884594, 0.3335802, 0.8077015, 0.4356044, 0.8466389, 0.94974357, 0.59179693, 0.11251986, 0.80447537] |
| 7 |   25 |  0.25 | 2500 |      f1 |     269 |   295.0 |   290.0 |    1,69 |-0,0010 |1592510508596 |[0.041959524, 0.08880144, 0.71450037, 0.6648558, 0.8374215, 0.37471682, 0.91665274, 0.20817834, 0.39746594, 0.47219908] |
| 7 |   40 |  0.45 | 2500 |      f1 |     269 |   295.0 |   290.0 |    1,69 | 0,93 |1592510508596 |[0.041959524, 0.08880144, 0.71450037, 0.6648558, 0.8374215, 0.37471682, 0.91665274, 0.20817834, 0.39746594, 0.47219908] |
| 8 |   25 |  0.25 | 2500 |      f1 |     269 |   295.0 |   290.0 |    1,69 |-0,0010 |1592510509523 |[0.5019882, 0.74344575, 0.69600093, 0.47504556, 0.92930615, 0.06092292, 0.4393748, 0.58613867, 0.766276, 0.66828305] |
| 8 |   40 |  0.45 | 2500 |      f1 |     269 |   295.0 |   290.0 |    1,69 | 0,93 |1592510509523 |[0.5019882, 0.74344575, 0.69600093, 0.47504556, 0.92930615, 0.06092292, 0.4393748, 0.58613867, 0.766276, 0.66828305] |
| 9 |   25 |  0.25 | 2500 |      f1 |     269 |   295.0 |   290.0 |    1,69 |-0,0010 |1592510510455 |[0.62797636, 0.87011, 0.8448627, 0.32512647, 0.98911196, 0.6676557, 0.010120094, 0.22699267, 0.93743294, 0.63938385] |
| 9 |   40 |  0.45 | 2500 |      f1 |     269 |   295.0 |   290.0 |    1,69 | 0,93 |1592510510455 |[0.5513537, 0.18941003, 0.50034714, 0.21587408, 0.83570087, 0.64737433, 0.90968096, 0.8825926, 0.059888363, 0.7493511] |
|10 |   25 |  0.25 | 2500 |      f1 |     269 |   295.0 |   290.0 |    1,69 |-0,0010 |1592510511390 |[0.7242263, 0.6084645, 0.39635652, 0.11900312, 0.2236172, 0.5863385, 0.5742616, 0.95783234, 0.20267719, 0.24051142] |
|10 |   40 |  0.45 | 2500 |      f1 |     269 |   295.0 |   290.0 |    1,69 | 0,93 |1592510511390 |[0.5640019, 0.094511926, 0.52405757, 0.573941, 0.86311346, 0.6976188, 0.12005317, 0.07001412, 0.24347126, 0.88021606] |
|11 |   25 |  0.25 | 2500 |      f1 |     269 |   295.0 |   290.0 |    1,69 |-0,0010 |1592510512323 |[0.8181003, 0.21229601, 0.48090696, 0.42080414, 0.09737903, 0.71137464, 0.8213593, 0.1736837, 0.54520166, 0.76264024] |
|11 |   40 |  0.45 | 2500 |      f1 |     269 |   295.0 |   290.0 |    1,69 | 0,95 |1592510512323 |[0.980493, 0.027795076, 0.5929402, 0.8948934, 0.2825573, 0.21102375, 0.34408057, 0.34142417, 0.0063638687, 0.20760739] |
|12 |   25 |  0.25 | 2500 |      f1 |     269 |   295.0 |   290.0 |    1,69 |-0,0010 |1592510513272 |[0.8427234, 0.8093383, 0.21911079, 0.1798014, 0.87332034, 0.0128958225, 0.24114048, 0.28758138, 0.73449254, 0.4608758] |
|12 |   40 |  0.45 | 2500 |      f1 |     269 |   295.0 |   290.0 |    1,69 | 0,93 |1592510513272 |[0.5447402, 0.3589114, 0.053959846, 0.7606239, 0.06958759, 0.74287474, 0.3046568, 0.9236099, 0.15157104, 0.8175122] |
|13 |   25 |  0.25 | 2500 |      f1 |     269 |   295.0 |   290.0 |    1,69 |  0,0 |1592510514203 |[0.02396971, 0.46231264, 0.6647523, 0.55539733, 0.452205, 0.69507873, 0.12505203, 0.6513955, 0.764313, 0.41211122] |
|13 |   40 |  0.45 | 2500 |      f1 |     269 |   295.0 |   290.0 |    1,69 | 0,94 |1592510514203 |[0.02396971, 0.46231264, 0.6647523, 0.55539733, 0.452205, 0.69507873, 0.12505203, 0.6513955, 0.764313, 0.41211122] |
|14 |   25 |  0.25 | 2500 |      f1 |     269 |   295.0 |   290.0 |    1,69 |  0,0 |1592510515144 |[0.20256847, 0.054052234, 0.486947, 0.8027641, 0.6664219, 0.9623693, 0.58650726, 0.79516906, 0.071038544, 0.59348357] |
|14 |   40 |  0.45 | 2500 |      f1 |     269 |   295.0 |   290.0 |    1,69 | 0,94 |1592510515144 |[0.20449942, 0.1266048, 0.5892273, 0.58087575, 0.400621, 0.21207207, 0.8684512, 0.75281626, 0.67555964, 0.30641812] |
|15 |   25 |  0.25 | 2500 |      f1 |     269 |   295.0 |   290.0 |    1,69 |-0,0010 |1592510516082 |[0.99642664, 0.98602337, 0.19053912, 0.06493372, 0.23593485, 0.8843294, 0.1600607, 0.124494374, 0.6455402, 0.0047049522] |
|15 |   40 |  0.45 | 2500 |      f1 |     269 |   295.0 |   290.0 |    1,69 | 0,92 |1592510516082 |[0.8589912, 0.72690815, 0.8671398, 0.8856709, 0.13276708, 0.7666764, 0.92615455, 0.21872085, 0.7963258, 0.7686578] |
