| # | Nest | %Desc |#Iter |Instancia | CapMoch |ValOptmo | BestFit |     RDP | time |      semilla |VectorSolucion |
-------------------------------------------------------------------------------------------------
| 1 |   25 |  0.25 | 2500 |      f3 |      20 |    35.0 |    35.0 |    0,00 |-1,6e+09 |1592510559442 |[0.15320843, 0.53170455, 0.525328, 0.8722814] |
| 1 |   25 |  0.25 | 2500 |      f3 |      20 |    35.0 |    35.0 |    0,00 |0,0050 |1592510559442 |[0.15320843, 0.53170455, 0.525328, 0.8722814] |
| 2 |   25 |  0.25 | 2500 |      f3 |      20 |    35.0 |    35.0 |    0,00 |  0,0 |1592510559447 |[0.67804396, 0.49707484, 0.3891766, 0.12101197] |
| 2 |   25 |  0.25 | 2500 |      f3 |      20 |    35.0 |    35.0 |    0,00 |  0,0 |1592510559447 |[0.67804396, 0.49707484, 0.3891766, 0.12101197] |
| 3 |   25 |  0.25 | 2500 |      f3 |      20 |    35.0 |    35.0 |    0,00 |-0,0010 |1592510559448 |[0.4574833, 0.10475236, 0.47906435, 0.10217261] |
| 3 |   25 |  0.25 | 2500 |      f3 |      20 |    35.0 |    35.0 |    0,00 |  0,0 |1592510559448 |[0.4574833, 0.10475236, 0.47906435, 0.10217261] |
| 4 |   25 |  0.25 | 2500 |      f3 |      20 |    35.0 |    35.0 |    0,00 |  0,0 |1592510559448 |[0.4223404, 0.1716423, 0.85996044, 0.09529275] |
| 4 |   25 |  0.25 | 2500 |      f3 |      20 |    35.0 |    35.0 |    0,00 |0,0010 |1592510559448 |[0.4223404, 0.1716423, 0.85996044, 0.09529275] |
| 5 |   25 |  0.25 | 2500 |      f3 |      20 |    35.0 |    35.0 |    0,00 |  0,0 |1592510559449 |[0.23963028, 0.18676782, 0.5430006, 0.5774627] |
| 5 |   25 |  0.25 | 2500 |      f3 |      20 |    35.0 |    35.0 |    0,00 |  0,0 |1592510559449 |[0.23963028, 0.18676782, 0.5430006, 0.5774627] |
| 6 |   25 |  0.25 | 2500 |      f3 |      20 |    35.0 |    35.0 |    0,00 |  0,0 |1592510559449 |[0.12419164, 0.26424283, 0.47452372, 0.029043198] |
| 6 |   25 |  0.25 | 2500 |      f3 |      20 |    35.0 |    35.0 |    0,00 |0,0010 |1592510559449 |[0.12419164, 0.26424283, 0.47452372, 0.029043198] |
| 7 |   25 |  0.25 | 2500 |      f3 |      20 |    35.0 |    35.0 |    0,00 |  0,0 |1592510559450 |[0.6906274, 0.18259037, 0.6859799, 0.93623567] |
| 7 |   25 |  0.25 | 2500 |      f3 |      20 |    35.0 |    35.0 |    0,00 |  0,0 |1592510559450 |[0.6906274, 0.18259037, 0.6859799, 0.93623567] |
| 8 |   25 |  0.25 | 2500 |      f3 |      20 |    35.0 |    35.0 |    0,00 |  0,0 |1592510559450 |[0.4524477, 0.44277108, 0.16887885, 0.6835161] |
| 8 |   25 |  0.25 | 2500 |      f3 |      20 |    35.0 |    35.0 |    0,00 |0,0010 |1592510559450 |[0.4524477, 0.44277108, 0.16887885, 0.6835161] |
| 9 |   25 |  0.25 | 2500 |      f3 |      20 |    35.0 |    35.0 |    0,00 |  0,0 |1592510559451 |[0.17566651, 0.32179135, 0.0012481809, 0.45856363] |
| 9 |   25 |  0.25 | 2500 |      f3 |      20 |    35.0 |    35.0 |    0,00 |  0,0 |1592510559451 |[0.17566651, 0.32179135, 0.0012481809, 0.45856363] |
|10 |   25 |  0.25 | 2500 |      f3 |      20 |    35.0 |    35.0 |    0,00 |-0,0010 |1592510559452 |[0.9855056, 0.02249372, 0.004381895, 0.7093265] |
|10 |   25 |  0.25 | 2500 |      f3 |      20 |    35.0 |    35.0 |    0,00 |  0,0 |1592510559452 |[0.9855056, 0.02249372, 0.004381895, 0.7093265] |
|11 |   25 |  0.25 | 2500 |      f3 |      20 |    35.0 |    35.0 |    0,00 |  0,0 |1592510559452 |[0.3638959, 0.8128877, 0.5931433, 0.63880146] |
|11 |   25 |  0.25 | 2500 |      f3 |      20 |    35.0 |    35.0 |    0,00 |0,0010 |1592510559452 |[0.3638959, 0.8128877, 0.5931433, 0.63880146] |
|12 |   25 |  0.25 | 2500 |      f3 |      20 |    35.0 |    35.0 |    0,00 |  0,0 |1592510559453 |[0.69254404, 0.15746123, 0.70995486, 0.6338407] |
|12 |   25 |  0.25 | 2500 |      f3 |      20 |    35.0 |    35.0 |    0,00 |  0,0 |1592510559453 |[0.69254404, 0.15746123, 0.70995486, 0.6338407] |
|13 |   25 |  0.25 | 2500 |      f3 |      20 |    35.0 |    35.0 |    0,00 |-0,0010 |1592510559454 |[0.920761, 0.59017324, 0.585263, 0.8605879] |
|13 |   25 |  0.25 | 2500 |      f3 |      20 |    35.0 |    35.0 |    0,00 |  0,0 |1592510559454 |[0.920761, 0.59017324, 0.585263, 0.8605879] |
|14 |   25 |  0.25 | 2500 |      f3 |      20 |    35.0 |    35.0 |    0,00 |  0,0 |1592510559454 |[0.10362017, 0.12440997, 0.658111, 0.9112101] |
|14 |   25 |  0.25 | 2500 |      f3 |      20 |    35.0 |    35.0 |    0,00 |0,0010 |1592510559454 |[0.10362017, 0.12440997, 0.658111, 0.9112101] |
|15 |   25 |  0.25 | 2500 |      f3 |      20 |    35.0 |    35.0 |    0,00 |  0,0 |1592510559455 |[0.15844995, 0.19541919, 0.46093833, 0.69304955] |
|15 |   25 |  0.25 | 2500 |      f3 |      20 |    35.0 |    35.0 |    0,00 |  0,0 |1592510559455 |[0.15844995, 0.19541919, 0.46093833, 0.69304955] |
