| # | Nest | %Desc |#Iter |Instancia | CapMoch |ValOptmo | BestFit |     RDP | time |      semilla |VectorSolucion |
-------------------------------------------------------------------------------------------------
| 1 |   25 |  0.25 | 2500 |      f2 |     878 |  1024.0 |  1018.0 |    0,59 |-1,6e+09 |1592510516999 |[0.18507683, 0.41612995, 0.96693385, 0.22940803, 0.22519368, 0.28652823, 0.47896045, 0.3213063, 0.6291642, 0.24548572, 0.683828, 0.4690457, 0.5147441, 0.5919893, 0.47951382, 0.747212, 0.75260633, 0.4713769, 0.031241536, 0.45349365] |
| 1 |   40 |  0.45 | 2500 |      f2 |     878 |  1024.0 |  1018.0 |    0,59 |  2,9 |1592510516999 |[0.18507683, 0.41612995, 0.96693385, 0.22940803, 0.22519368, 0.28652823, 0.47896045, 0.3213063, 0.6291642, 0.24548572, 0.683828, 0.4690457, 0.5147441, 0.5919893, 0.47951382, 0.747212, 0.75260633, 0.4713769, 0.031241536, 0.45349365] |
| 2 |   25 |  0.25 | 2500 |      f2 |     878 |  1024.0 |  1018.0 |    0,59 |  0,0 |1592510519868 |[0.110805094, 0.755055, 0.9896171, 0.4189796, 0.9900511, 0.42684692, 0.37477946, 0.6631289, 0.93668264, 0.0013468862, 0.7840148, 0.535122, 0.70970035, 0.48457682, 0.6005285, 0.3011062, 0.73686194, 0.93596303, 0.07390422, 0.89963573] |
| 2 |   40 |  0.45 | 2500 |      f2 |     878 |  1024.0 |  1018.0 |    0,59 |  2,9 |1592510519868 |[0.6840922, 0.6913911, 0.5902825, 0.39650756, 0.5620363, 0.72469705, 0.45555556, 0.025896728, 0.8173862, 0.34658557, 0.57470286, 0.6207099, 0.7629707, 0.0693481, 0.7908121, 0.2088167, 0.46567667, 0.68766445, 0.95021564, 0.6725865] |
| 3 |   25 |  0.25 | 2500 |      f2 |     878 |  1024.0 |  1018.0 |    0,59 |-0,0010 |1592510522725 |[0.118005216, 0.29512691, 0.9657642, 0.85308725, 0.1800034, 0.72609293, 0.73009944, 0.8565283, 0.973794, 0.63680375, 0.15090245, 0.20036149, 0.36488032, 0.7833707, 0.73642427, 0.28807747, 0.215078, 0.6777335, 0.15498626, 0.52470565] |
| 3 |   40 |  0.45 | 2500 |      f2 |     878 |  1024.0 |  1018.0 |    0,59 |  2,8 |1592510522725 |[0.41235602, 0.12776214, 0.6895753, 0.021462977, 0.65049833, 0.392348, 0.64602, 0.08395189, 0.49896306, 0.2759158, 0.52860254, 0.75666314, 0.49297053, 0.47030938, 0.54249597, 0.71757096, 0.20272589, 0.30233628, 0.10295534, 0.46121025] |
| 4 |   25 |  0.25 | 2500 |      f2 |     878 |  1024.0 |  1018.0 |    0,59 |  0,0 |1592510525558 |[0.037534714, 0.91304606, 0.84648615, 0.7087754, 0.50915617, 0.3520311, 0.17090255, 0.68692726, 0.66828, 0.49421316, 0.17054886, 0.7710433, 0.004765868, 0.26666546, 0.59216416, 0.54929894, 0.5184812, 0.7125015, 0.9007755, 0.0690546] |
| 4 |   40 |  0.45 | 2500 |      f2 |     878 |  1024.0 |  1018.0 |    0,59 |  2,8 |1592510525558 |[0.037534714, 0.91304606, 0.84648615, 0.7087754, 0.50915617, 0.3520311, 0.17090255, 0.68692726, 0.66828, 0.49421316, 0.17054886, 0.7710433, 0.004765868, 0.26666546, 0.59216416, 0.54929894, 0.5184812, 0.7125015, 0.9007755, 0.0690546] |
| 5 |   25 |  0.25 | 2500 |      f2 |     878 |  1024.0 |  1018.0 |    0,59 |  0,0 |1592510528361 |[0.19530654, 0.5498594, 0.3939675, 0.91890377, 0.7721223, 0.92788506, 0.8334602, 0.91270006, 0.7732458, 0.38122702, 0.20328045, 0.55140114, 0.8614317, 0.6596822, 0.53255373, 0.3915943, 0.50257665, 0.20267129, 0.27108943, 0.15538079] |
| 5 |   40 |  0.45 | 2500 |      f2 |     878 |  1024.0 |  1018.0 |    0,59 |  2,8 |1592510528361 |[0.19530654, 0.5498594, 0.3939675, 0.91890377, 0.7721223, 0.92788506, 0.8334602, 0.91270006, 0.7732458, 0.38122702, 0.20328045, 0.55140114, 0.8614317, 0.6596822, 0.53255373, 0.3915943, 0.50257665, 0.20267129, 0.27108943, 0.15538079] |
| 6 |   25 |  0.25 | 2500 |      f2 |     878 |  1024.0 |  1018.0 |    0,59 |  0,0 |1592510531185 |[0.6549466, 0.5916589, 0.56548744, 0.6263366, 0.14325309, 0.82524896, 0.686996, 0.2408033, 0.8551717, 0.64794576, 0.89960855, 0.634256, 0.58735585, 0.17006189, 0.8117557, 0.41666526, 0.69396555, 0.36634445, 0.66992706, 0.5481161] |
| 6 |   40 |  0.45 | 2500 |      f2 |     878 |  1024.0 |  1018.0 |    0,59 |  2,8 |1592510531185 |[0.6549466, 0.5916589, 0.56548744, 0.6263366, 0.14325309, 0.82524896, 0.686996, 0.2408033, 0.8551717, 0.64794576, 0.89960855, 0.634256, 0.58735585, 0.17006189, 0.8117557, 0.41666526, 0.69396555, 0.36634445, 0.66992706, 0.5481161] |
| 7 |   25 |  0.25 | 2500 |      f2 |     878 |  1024.0 |  1018.0 |    0,59 |  0,0 |1592510534031 |[0.21161658, 0.5929917, 0.15834653, 0.7181477, 0.89645946, 0.36848074, 0.5643119, 0.332937, 0.5397406, 0.03420645, 0.24316466, 0.84196377, 0.055463314, 0.54533565, 0.98803747, 0.9482878, 0.7003069, 0.1867804, 0.96022123, 0.023465037] |
| 7 |   40 |  0.45 | 2500 |      f2 |     878 |  1024.0 |  1018.0 |    0,59 |  2,8 |1592510534031 |[0.7388579, 0.52675563, 0.48558515, 0.7359902, 0.5426038, 0.5412676, 0.20799863, 0.40507108, 0.08152759, 0.35946524, 0.70382315, 0.6027598, 0.5299817, 0.5164557, 0.13496482, 0.7246122, 0.3312022, 0.8764485, 0.94740605, 0.30278683] |
| 8 |   25 |  0.25 | 2500 |      f2 |     878 |  1024.0 |  1018.0 |    0,59 |  0,0 |1592510536871 |[0.73140955, 0.3538401, 0.28782845, 0.5136204, 0.716008, 0.79369867, 0.7332392, 0.6441568, 0.26792854, 0.24902558, 0.092441976, 0.97319, 0.44683534, 0.79468906, 0.51675206, 0.3382318, 0.7298736, 0.014640152, 0.0044174194, 0.0031479597] |
| 8 |   40 |  0.45 | 2500 |      f2 |     878 |  1024.0 |  1018.0 |    0,59 |  2,8 |1592510536871 |[0.73140955, 0.3538401, 0.28782845, 0.5136204, 0.716008, 0.79369867, 0.7332392, 0.6441568, 0.26792854, 0.24902558, 0.092441976, 0.97319, 0.44683534, 0.79468906, 0.51675206, 0.3382318, 0.7298736, 0.014640152, 0.0044174194, 0.0031479597] |
| 9 |   25 |  0.25 | 2500 |      f2 |     878 |  1024.0 |  1018.0 |    0,59 |-0,0070 |1592510539702 |[0.038570166, 0.30909926, 0.82173485, 0.64116067, 0.65758675, 0.46795875, 0.16339308, 0.05502695, 0.46371126, 0.12654221, 0.6079122, 0.6183764, 0.1443932, 0.13101482, 0.15764898, 0.3760221, 0.6280387, 0.33317614, 0.96577066, 0.40054125] |
| 9 |   40 |  0.45 | 2500 |      f2 |     878 |  1024.0 |  1018.0 |    0,59 |  2,8 |1592510539702 |[0.038570166, 0.30909926, 0.82173485, 0.64116067, 0.65758675, 0.46795875, 0.16339308, 0.05502695, 0.46371126, 0.12654221, 0.6079122, 0.6183764, 0.1443932, 0.13101482, 0.15764898, 0.3760221, 0.6280387, 0.33317614, 0.96577066, 0.40054125] |
|10 |   25 |  0.25 | 2500 |      f2 |     878 |  1024.0 |  1018.0 |    0,59 |-0,0010 |1592510542513 |[0.6991057, 0.9404135, 0.21023291, 0.61959374, 0.19495863, 0.23092979, 0.49505454, 0.19813204, 0.17179865, 0.6340467, 0.4027766, 0.62131107, 0.86811185, 0.26647615, 0.9569476, 0.09927595, 0.5296992, 0.14340043, 0.8247907, 0.65381676] |
|10 |   40 |  0.45 | 2500 |      f2 |     878 |  1024.0 |  1018.0 |    0,59 |  2,8 |1592510542513 |[0.9741079, 0.40065378, 0.49995887, 0.85500336, 0.2809285, 0.31783932, 0.73365587, 0.22207993, 0.55669594, 0.7594226, 0.6087652, 0.85718435, 0.6179015, 0.07428962, 0.15875626, 0.4485445, 0.5970113, 0.72193664, 0.5457869, 0.8273936] |
|11 |   25 |  0.25 | 2500 |      f2 |     878 |  1024.0 |  1018.0 |    0,59 |  0,0 |1592510545317 |[0.26912665, 0.7966054, 0.58963466, 0.57133096, 0.2268818, 0.35045815, 0.06265545, 0.8984332, 0.9316146, 0.45802873, 0.92664796, 0.008026779, 0.045139074, 0.91051495, 0.37821323, 0.84394896, 0.7098221, 0.30813944, 0.38269287, 0.82879084] |
|11 |   40 |  0.45 | 2500 |      f2 |     878 |  1024.0 |  1018.0 |    0,59 |  2,8 |1592510545317 |[0.836248, 0.039911926, 0.6135738, 0.3161496, 0.4605896, 0.4683751, 0.1498403, 0.8823763, 0.5620085, 0.9244354, 0.054342747, 0.43508548, 0.20077848, 0.9968982, 0.28831422, 0.47810042, 0.44184023, 0.42659086, 0.008891225, 0.6615854] |
|12 |   25 |  0.25 | 2500 |      f2 |     878 |  1024.0 |  1018.0 |    0,59 |-0,0010 |1592510548147 |[0.5938718, 0.94942605, 0.72125334, 0.8987061, 0.8333195, 0.2253918, 0.82109, 0.9125202, 0.02722305, 0.28609538, 0.5952126, 0.84990984, 0.5692277, 0.30485535, 0.42127407, 0.022542953, 0.8110699, 0.010996938, 0.11425674, 0.31768525] |
|12 |   40 |  0.45 | 2500 |      f2 |     878 |  1024.0 |  1018.0 |    0,59 |  2,8 |1592510548147 |[0.35260916, 0.5684194, 0.69230837, 0.08351445, 0.8591494, 0.37850308, 0.25891244, 0.18482763, 0.9691528, 0.20937335, 0.19402963, 0.8475595, 0.9660184, 0.41995108, 0.41383797, 0.48832446, 0.9048675, 0.74402136, 0.37899297, 0.9042551] |
|13 |   25 |  0.25 | 2500 |      f2 |     878 |  1024.0 |  1018.0 |    0,59 |-0,0010 |1592510550994 |[0.4060703, 0.16959786, 0.58974415, 0.35958892, 0.89992493, 0.96064854, 0.99414855, 0.51353306, 0.09635401, 0.105159104, 0.23243552, 0.51954514, 0.17827213, 0.62803334, 0.22073054, 0.2577082, 0.547757, 0.8235589, 0.80677885, 0.0036189556] |
|13 |   40 |  0.45 | 2500 |      f2 |     878 |  1024.0 |  1018.0 |    0,59 |  2,8 |1592510550994 |[0.8293185, 0.50337577, 0.9585682, 0.008381665, 0.7819127, 0.73320824, 0.023999453, 0.7884376, 0.30037022, 0.5561847, 0.48985666, 0.0043105483, 0.36688268, 0.96692264, 0.23723167, 0.30915815, 0.62542015, 0.10381305, 0.12045169, 0.91257113] |
|14 |   25 |  0.25 | 2500 |      f2 |     878 |  1024.0 |  1018.0 |    0,59 |  0,0 |1592510553796 |[0.003917694, 0.018464506, 0.8857103, 0.23456424, 0.42734253, 8.1449747E-4, 0.21241128, 0.28270084, 0.19285142, 0.740634, 0.8752103, 0.92325634, 0.38443232, 0.8702136, 0.7582353, 0.7324252, 0.39789814, 0.9847813, 0.29579085, 0.055680156] |
|14 |   40 |  0.45 | 2500 |      f2 |     878 |  1024.0 |  1018.0 |    0,59 |  2,8 |1592510553796 |[0.2956208, 0.2978999, 0.4210956, 0.7400645, 0.26265955, 0.39246076, 0.83907706, 0.37864983, 0.07470024, 0.93652827, 0.8408652, 0.42575634, 0.6269707, 0.43368155, 0.81273514, 0.85634047, 0.07415575, 0.11994153, 0.18974936, 0.13668782] |
|15 |   25 |  0.25 | 2500 |      f2 |     878 |  1024.0 |  1018.0 |    0,59 |  0,0 |1592510556621 |[0.528869, 0.6573634, 0.74484, 0.51141787, 0.24285376, 0.3290658, 0.49909365, 0.043349028, 0.6689798, 0.79049796, 0.44137013, 0.17800963, 0.8944611, 0.42630494, 0.9788514, 0.2258411, 0.13544095, 0.018786132, 0.49408793, 0.5428314] |
|15 |   40 |  0.45 | 2500 |      f2 |     878 |  1024.0 |  1018.0 |    0,59 |  2,8 |1592510556621 |[0.43801647, 0.2710864, 0.12111449, 0.6496036, 0.55129665, 0.57253015, 0.14521569, 0.33774388, 0.830802, 0.1295616, 0.73024684, 0.057160676, 0.5476904, 0.124682486, 0.5681243, 0.4952773, 0.121855855, 0.7464963, 0.5848617, 0.82631594] |
