| # | Nest | %Desc |#Iter |Instancia | CapMoch |ValOptmo | BestFit |     RDP | time |      semilla |VectorSolucion |
-------------------------------------------------------------------------------------------------
| 1 |   25 |  0.25 | 2500 |      f5 |     375 |481.0694 |   477.0 |    0,85 | 0,56 |1566873246551 |[0, 0, 1, 0, 1, 0, 1, 1, 0, 1, 1, 1, 0, 1, 1] |
| 2 |   25 |  0.25 | 2500 |      f5 |     375 |481.0694 |   477.0 |    0,85 | 0,55 |1566873247112 |[0, 0, 1, 0, 1, 0, 1, 1, 0, 1, 1, 1, 0, 1, 1] |
| 3 |   25 |  0.25 | 2500 |      f5 |     375 |481.0694 |   477.0 |    0,85 | 0,55 |1566873247662 |[0, 0, 1, 0, 1, 0, 1, 1, 0, 1, 1, 1, 0, 1, 1] |
| 4 |   25 |  0.25 | 2500 |      f5 |     375 |481.0694 |   477.0 |    0,85 | 0,54 |1566873248210 |[0, 0, 1, 0, 1, 0, 1, 1, 0, 1, 1, 1, 0, 1, 1] |
| 5 |   25 |  0.25 | 2500 |      f5 |     375 |481.0694 |   477.0 |    0,85 | 0,53 |1566873248752 |[0, 0, 1, 0, 1, 0, 1, 1, 0, 1, 1, 1, 0, 1, 1] |
| 6 |   25 |  0.25 | 2500 |      f5 |     375 |481.0694 |   477.0 |    0,85 | 0,54 |1566873249285 |[0, 0, 1, 0, 1, 0, 1, 1, 0, 1, 1, 1, 0, 1, 1] |
| 7 |   25 |  0.25 | 2500 |      f5 |     375 |481.0694 |   477.0 |    0,85 | 0,53 |1566873249822 |[0, 0, 1, 0, 1, 0, 1, 1, 0, 1, 1, 1, 0, 1, 1] |
| 8 |   25 |  0.25 | 2500 |      f5 |     375 |481.0694 |   477.0 |    0,85 | 0,55 |1566873250356 |[0, 0, 1, 0, 1, 0, 1, 1, 0, 1, 1, 1, 0, 1, 1] |
| 9 |   25 |  0.25 | 2500 |      f5 |     375 |481.0694 |   477.0 |    0,85 | 0,55 |1566873250902 |[0, 0, 1, 0, 1, 0, 1, 1, 0, 1, 1, 1, 0, 1, 1] |
|10 |   25 |  0.25 | 2500 |      f5 |     375 |481.0694 |   477.0 |    0,85 | 0,54 |1566873251449 |[0, 0, 1, 0, 1, 0, 1, 1, 0, 1, 1, 1, 0, 1, 1] |
|11 |   25 |  0.25 | 2500 |      f5 |     375 |481.0694 |   477.0 |    0,85 | 0,53 |1566873251994 |[0, 0, 1, 0, 1, 0, 1, 1, 0, 1, 1, 1, 0, 1, 1] |
|12 |   25 |  0.25 | 2500 |      f5 |     375 |481.0694 |   477.0 |    0,85 | 0,54 |1566873252529 |[0, 0, 1, 0, 1, 0, 1, 1, 0, 1, 1, 1, 0, 1, 1] |
|13 |   25 |  0.25 | 2500 |      f5 |     375 |481.0694 |   477.0 |    0,85 | 0,55 |1566873253071 |[0, 0, 1, 0, 1, 0, 1, 1, 0, 1, 1, 1, 0, 1, 1] |
|14 |   25 |  0.25 | 2500 |      f5 |     375 |481.0694 |   477.0 |    0,85 | 0,54 |1566873253622 |[0, 0, 1, 0, 1, 0, 1, 1, 0, 1, 1, 1, 0, 1, 1] |
|15 |   25 |  0.25 | 2500 |      f5 |     375 |481.0694 |   477.0 |    0,85 | 0,54 |1566873254161 |[0, 0, 1, 0, 1, 0, 1, 1, 0, 1, 1, 1, 0, 1, 1] |
|16 |   25 |  0.25 | 2500 |      f5 |     375 |481.0694 |   477.0 |    0,85 | 0,54 |1566873254702 |[0, 0, 1, 0, 1, 0, 1, 1, 0, 1, 1, 1, 0, 1, 1] |
|17 |   25 |  0.25 | 2500 |      f5 |     375 |481.0694 |   477.0 |    0,85 | 0,53 |1566873255237 |[0, 0, 1, 0, 1, 0, 1, 1, 0, 1, 1, 1, 0, 1, 1] |
|18 |   25 |  0.25 | 2500 |      f5 |     375 |481.0694 |   477.0 |    0,85 | 0,53 |1566873255771 |[0, 0, 1, 0, 1, 0, 1, 1, 0, 1, 1, 1, 0, 1, 1] |
|19 |   25 |  0.25 | 2500 |      f5 |     375 |481.0694 |   477.0 |    0,85 | 0,53 |1566873256304 |[0, 0, 1, 0, 1, 0, 1, 1, 0, 1, 1, 1, 0, 1, 1] |
|20 |   25 |  0.25 | 2500 |      f5 |     375 |481.0694 |   349.0 |   27,45 | 0,53 |1566873256836 |[0, 0, 1, 0, 1, 0, 1, 1, 0, 1, 1, 1, 0, 1, 1] |
|21 |   25 |  0.25 | 2500 |      f5 |     375 |481.0694 |   477.0 |    0,85 | 0,54 |1566873257366 |[0, 0, 1, 0, 1, 0, 1, 1, 0, 1, 1, 1, 0, 1, 1] |
|22 |   25 |  0.25 | 2500 |      f5 |     375 |481.0694 |   477.0 |    0,85 | 0,53 |1566873257905 |[0, 0, 1, 0, 1, 0, 1, 1, 0, 1, 1, 1, 0, 1, 1] |
|23 |   25 |  0.25 | 2500 |      f5 |     375 |481.0694 |   477.0 |    0,85 | 0,54 |1566873258437 |[0, 0, 1, 0, 1, 0, 1, 1, 0, 1, 1, 1, 0, 1, 1] |
|24 |   25 |  0.25 | 2500 |      f5 |     375 |481.0694 |   477.0 |    0,85 | 0,53 |1566873258975 |[0, 0, 1, 0, 1, 0, 1, 1, 0, 1, 1, 1, 0, 1, 1] |
|25 |   25 |  0.25 | 2500 |      f5 |     375 |481.0694 |   477.0 |    0,85 | 0,53 |1566873259507 |[0, 0, 1, 0, 1, 0, 1, 1, 0, 1, 1, 1, 0, 1, 1] |
|26 |   25 |  0.25 | 2500 |      f5 |     375 |481.0694 |   477.0 |    0,85 | 0,54 |1566873260041 |[0, 0, 1, 0, 1, 0, 1, 1, 0, 1, 1, 1, 0, 1, 1] |
|27 |   25 |  0.25 | 2500 |      f5 |     375 |481.0694 |   477.0 |    0,85 | 0,53 |1566873260576 |[0, 0, 1, 0, 1, 0, 1, 1, 0, 1, 1, 1, 0, 1, 1] |
|28 |   25 |  0.25 | 2500 |      f5 |     375 |481.0694 |   477.0 |    0,85 | 0,54 |1566873261111 |[0, 0, 1, 0, 1, 0, 1, 1, 0, 1, 1, 1, 0, 1, 1] |
|29 |   25 |  0.25 | 2500 |      f5 |     375 |481.0694 |   477.0 |    0,85 | 0,53 |1566873261648 |[0, 0, 1, 0, 1, 0, 1, 1, 0, 1, 1, 1, 0, 1, 1] |
|30 |   25 |  0.25 | 2500 |      f5 |     375 |481.0694 |   477.0 |    0,85 | 0,53 |1566873262181 |[0, 0, 1, 0, 1, 0, 1, 1, 0, 1, 1, 1, 0, 1, 1] |
|31 |   25 |  0.25 | 2500 |      f5 |     375 |481.0694 |   410.0 |   14,77 | 0,53 |1566873262714 |[0, 0, 1, 0, 1, 0, 1, 1, 0, 1, 1, 1, 0, 1, 1] |
