| # | Nest | %Desc |#Iter |Instancia | CapMoch |ValOptmo | BestFit |     RDP | time |      semilla |VectorSolucion |
-------------------------------------------------------------------------------------------------
| 1 |   25 |  0.25 | 2500 |      f6 |      60 |    52.0 |    52.0 |    0,00 |0,0010 |1592497308485 |[0.97113186, 0.010029435, 0.82881695, 0.1845836, 0.4155013, 0.8532243, 0.32431304, 0.7731368, 0.8805651, 0.30250204] |
| 2 |   25 |  0.25 | 2500 |      f6 |      60 |    52.0 |    52.0 |    0,00 |  0,0 |1592497308487 |[0.25533634, 0.16789699, 0.28274852, 0.26995182, 0.99229896, 0.20141202, 0.4135211, 0.20530075, 0.95028275, 0.082693934] |
| 3 |   25 |  0.25 | 2500 |      f6 |      60 |    52.0 |    52.0 |    0,00 |  0,0 |1592497308493 |[0.34668344, 0.859873, 0.43763202, 0.7581341, 0.92548424, 0.07019186, 0.7921788, 0.80461425, 0.9274313, 0.8175147] |
| 4 |   25 |  0.25 | 2500 |      f6 |      60 |    52.0 |    52.0 |    0,00 |  0,0 |1592497308494 |[0.23188412, 0.93347317, 0.9668892, 0.37301677, 0.8385796, 0.6019474, 0.027936101, 0.060055315, 0.7719986, 0.2001918] |
| 5 |   25 |  0.25 | 2500 |      f6 |      60 |    52.0 |    52.0 |    0,00 |0,0010 |1592497308495 |[0.2806946, 0.6842287, 0.8082927, 0.5238866, 0.12141895, 0.28162146, 0.92551404, 0.4384724, 0.58374536, 0.3102951] |
| 6 |   25 |  0.25 | 2500 |      f6 |      60 |    52.0 |    52.0 |    0,00 |0,0010 |1592497308496 |[0.5890704, 0.4363441, 0.16163057, 0.53034544, 0.4892633, 0.46413273, 0.4862293, 0.36383706, 0.23095304, 0.6977463] |
| 7 |   25 |  0.25 | 2500 |      f6 |      60 |    52.0 |    52.0 |    0,00 |  0,0 |1592497308498 |[0.5054673, 0.81441027, 0.23359156, 0.8669272, 0.13524312, 0.51952595, 0.30526996, 0.9636701, 0.06974524, 0.2395646] |
| 8 |   25 |  0.25 | 2500 |      f6 |      60 |    52.0 |    52.0 |    0,00 |0,0010 |1592497308499 |[0.62836474, 0.7173122, 0.2578104, 0.40275633, 0.33542776, 0.21086335, 0.43335688, 0.3111099, 0.27839524, 0.4268694] |
| 9 |   25 |  0.25 | 2500 |      f6 |      60 |    52.0 |    52.0 |    0,00 |0,0010 |1592497308500 |[0.55579466, 0.27289182, 0.6287424, 0.34746593, 0.2932036, 0.22063142, 0.9678547, 0.657389, 0.565833, 0.6793807] |
|10 |   25 |  0.25 | 2500 |      f6 |      60 |    52.0 |    52.0 |    0,00 |  0,0 |1592497308502 |[0.8955272, 0.28946328, 0.09164691, 0.042149782, 0.65081763, 0.6182927, 0.3903656, 0.21234411, 0.4772405, 0.58491737] |
|11 |   25 |  0.25 | 2500 |      f6 |      60 |    52.0 |    52.0 |    0,00 |0,0010 |1592497308503 |[0.6706453, 0.69377625, 0.1466071, 0.8241001, 0.81158376, 0.46304095, 0.601041, 0.23362726, 0.31531572, 0.1238628] |
|12 |   25 |  0.25 | 2500 |      f6 |      60 |    52.0 |    52.0 |    0,00 |0,0010 |1592497308504 |[0.3194337, 0.33010942, 0.85533476, 0.28996092, 0.2793424, 0.90734464, 0.08967996, 0.8788201, 0.82334256, 0.24772239] |
|13 |   25 |  0.25 | 2500 |      f6 |      60 |    52.0 |    52.0 |    0,00 |  0,0 |1592497308506 |[0.68855417, 0.03214562, 0.33298737, 0.7000442, 0.75395256, 0.7561493, 0.39327145, 0.046651423, 0.61101407, 0.7107651] |
|14 |   25 |  0.25 | 2500 |      f6 |      60 |    52.0 |    52.0 |    0,00 |0,0030 |1592497308507 |[0.19324327, 0.54823756, 0.90682924, 0.62332416, 0.4396078, 0.45113224, 0.43579495, 0.49139136, 0.22070116, 0.7252894] |
|15 |   25 |  0.25 | 2500 |      f6 |      60 |    52.0 |    52.0 |    0,00 |  0,0 |1592497308511 |[0.08334237, 0.17190945, 0.11837947, 0.2275176, 0.14541715, 0.47500896, 0.9095899, 0.6226811, 0.4141832, 0.27845126] |
