| # | Nest | %Desc |#Iter |Instancia | CapMoch |ValOptmo | BestFit |     RDP | time |      semilla |VectorSolucion |
-------------------------------------------------------------------------------------------------
| 1 |   25 |  0.25 | 2500 |      f1 |     269 |   295.0 |   295.0 |    0,00 | 0,44 |1566873171690 |[0, 1, 1, 1, 0, 0, 0, 1, 1, 1] |
| 2 |   25 |  0.25 | 2500 |      f1 |     269 |   295.0 |   290.0 |    1,69 | 0,36 |1566873172167 |[0, 1, 1, 0, 0, 0, 0, 1, 1, 1] |
| 3 |   25 |  0.25 | 2500 |      f1 |     269 |   295.0 |   295.0 |    0,00 | 0,41 |1566873172525 |[0, 1, 1, 1, 0, 0, 0, 1, 1, 1] |
| 4 |   25 |  0.25 | 2500 |      f1 |     269 |   295.0 |   295.0 |    0,00 | 0,32 |1566873172941 |[0, 1, 1, 1, 0, 0, 0, 1, 1, 1] |
| 5 |   25 |  0.25 | 2500 |      f1 |     269 |   295.0 |   295.0 |    0,00 | 0,46 |1566873173264 |[0, 1, 1, 1, 0, 0, 0, 1, 1, 1] |
| 6 |   25 |  0.25 | 2500 |      f1 |     269 |   295.0 |   294.0 |    0,34 | 0,36 |1566873173721 |[0, 1, 1, 0, 1, 0, 0, 1, 1, 1] |
| 7 |   25 |  0.25 | 2500 |      f1 |     269 |   295.0 |   295.0 |    0,00 | 0,35 |1566873174083 |[0, 1, 1, 1, 0, 0, 0, 1, 1, 1] |
| 8 |   25 |  0.25 | 2500 |      f1 |     269 |   295.0 |   295.0 |    0,00 | 0,40 |1566873174434 |[0, 1, 1, 1, 0, 0, 0, 1, 1, 1] |
| 9 |   25 |  0.25 | 2500 |      f1 |     269 |   295.0 |   295.0 |    0,00 | 0,36 |1566873174839 |[0, 1, 1, 1, 0, 0, 0, 1, 1, 1] |
|10 |   25 |  0.25 | 2500 |      f1 |     269 |   295.0 |   294.0 |    0,34 | 0,43 |1566873175203 |[0, 1, 1, 0, 1, 0, 0, 1, 1, 1] |
|11 |   25 |  0.25 | 2500 |      f1 |     269 |   295.0 |   295.0 |    0,00 | 0,38 |1566873175631 |[0, 1, 1, 1, 0, 0, 0, 1, 1, 1] |
|12 |   25 |  0.25 | 2500 |      f1 |     269 |   295.0 |   295.0 |    0,00 | 0,34 |1566873176014 |[0, 1, 1, 1, 0, 0, 0, 1, 1, 1] |
|13 |   25 |  0.25 | 2500 |      f1 |     269 |   295.0 |   295.0 |    0,00 | 0,29 |1566873176353 |[0, 1, 1, 1, 0, 0, 0, 1, 1, 1] |
|14 |   25 |  0.25 | 2500 |      f1 |     269 |   295.0 |   295.0 |    0,00 | 0,38 |1566873176645 |[0, 1, 1, 1, 0, 0, 0, 1, 1, 1] |
|15 |   25 |  0.25 | 2500 |      f1 |     269 |   295.0 |   295.0 |    0,00 | 0,38 |1566873177025 |[0, 1, 1, 1, 0, 0, 0, 1, 1, 1] |
|16 |   25 |  0.25 | 2500 |      f1 |     269 |   295.0 |   293.0 |    0,68 | 0,36 |1566873177411 |[0, 1, 0, 0, 0, 1, 0, 1, 1, 1] |
|17 |   25 |  0.25 | 2500 |      f1 |     269 |   295.0 |   295.0 |    0,00 | 0,37 |1566873177773 |[0, 1, 1, 1, 0, 0, 0, 1, 1, 1] |
|18 |   25 |  0.25 | 2500 |      f1 |     269 |   295.0 |   295.0 |    0,00 | 0,39 |1566873178145 |[0, 1, 1, 1, 0, 0, 0, 1, 1, 1] |
|19 |   25 |  0.25 | 2500 |      f1 |     269 |   295.0 |   295.0 |    0,00 | 0,28 |1566873178532 |[0, 1, 1, 1, 0, 0, 0, 1, 1, 1] |
|20 |   25 |  0.25 | 2500 |      f1 |     269 |   295.0 |   295.0 |    0,00 | 0,37 |1566873178812 |[0, 1, 1, 1, 0, 0, 0, 1, 1, 1] |
|21 |   25 |  0.25 | 2500 |      f1 |     269 |   295.0 |   295.0 |    0,00 | 0,37 |1566873179186 |[0, 1, 1, 1, 0, 0, 0, 1, 1, 1] |
|22 |   25 |  0.25 | 2500 |      f1 |     269 |   295.0 |   295.0 |    0,00 | 0,38 |1566873179561 |[0, 1, 1, 1, 0, 0, 0, 1, 1, 1] |
|23 |   25 |  0.25 | 2500 |      f1 |     269 |   295.0 |   295.0 |    0,00 | 0,34 |1566873179941 |[0, 1, 1, 1, 0, 0, 0, 1, 1, 1] |
|24 |   25 |  0.25 | 2500 |      f1 |     269 |   295.0 |   295.0 |    0,00 | 0,33 |1566873180283 |[0, 1, 1, 1, 0, 0, 0, 1, 1, 1] |
|25 |   25 |  0.25 | 2500 |      f1 |     269 |   295.0 |   294.0 |    0,34 | 0,31 |1566873180611 |[0, 1, 1, 0, 1, 0, 0, 1, 1, 1] |
|26 |   25 |  0.25 | 2500 |      f1 |     269 |   295.0 |   295.0 |    0,00 | 0,31 |1566873180921 |[0, 1, 1, 1, 0, 0, 0, 1, 1, 1] |
|27 |   25 |  0.25 | 2500 |      f1 |     269 |   295.0 |   295.0 |    0,00 | 0,40 |1566873181233 |[0, 1, 1, 1, 0, 0, 0, 1, 1, 1] |
|28 |   25 |  0.25 | 2500 |      f1 |     269 |   295.0 |   294.0 |    0,34 | 0,36 |1566873181634 |[0, 1, 1, 0, 1, 0, 0, 1, 1, 1] |
|29 |   25 |  0.25 | 2500 |      f1 |     269 |   295.0 |   295.0 |    0,00 | 0,44 |1566873181999 |[0, 1, 1, 1, 0, 0, 0, 1, 1, 1] |
|30 |   25 |  0.25 | 2500 |      f1 |     269 |   295.0 |   295.0 |    0,00 | 0,39 |1566873182435 |[0, 1, 1, 1, 0, 0, 0, 1, 1, 1] |
|31 |   25 |  0.25 | 2500 |      f1 |     269 |   295.0 |   293.0 |    0,68 | 0,29 |1566873182854 |[0, 1, 0, 0, 0, 1, 0, 1, 1, 1] |
| 1 |   25 |  0.25 | 2500 |      f1 |     269 |   295.0 |   295.0 |    0,00 | 0,62 |1592320047220 |[0.0, 1.0, 1.0, 1.0, 0.0, 0.0, 0.0, 1.0, 1.0, 1.0] |
| 2 |   25 |  0.25 | 2500 |      f1 |     269 |   295.0 |   295.0 |    0,00 | 0,49 |1592320047879 |[0.0, 1.0, 1.0, 1.0, 0.0, 0.0, 0.0, 1.0, 1.0, 1.0] |
| 3 |   25 |  0.25 | 2500 |      f1 |     269 |   295.0 |   295.0 |    0,00 | 0,40 |1592320048374 |[0.0, 1.0, 1.0, 1.0, 0.0, 0.0, 0.0, 1.0, 1.0, 1.0] |
| 4 |   25 |  0.25 | 2500 |      f1 |     269 |   295.0 |   294.0 |    0,34 | 0,28 |1592320048771 |[0.0, 1.0, 1.0, 0.0, 1.0, 0.0, 0.0, 1.0, 1.0, 1.0] |
| 5 |   25 |  0.25 | 2500 |      f1 |     269 |   295.0 |   295.0 |    0,00 | 0,30 |1592320049049 |[0.0, 1.0, 1.0, 1.0, 0.0, 0.0, 0.0, 1.0, 1.0, 1.0] |
| 6 |   25 |  0.25 | 2500 |      f1 |     269 |   295.0 |   294.0 |    0,34 | 0,31 |1592320049346 |[0.0, 1.0, 1.0, 0.0, 1.0, 0.0, 0.0, 1.0, 1.0, 1.0] |
| 7 |   25 |  0.25 | 2500 |      f1 |     269 |   295.0 |   294.0 |    0,34 |  1,6 |1592320049654 |[0.0, 1.0, 1.0, 0.0, 1.0, 0.0, 0.0, 1.0, 1.0, 1.0] |
| 8 |   25 |  0.25 | 2500 |      f1 |     269 |   295.0 |   294.0 |    0,34 |  1,1 |1592320051280 |[0.0, 1.0, 1.0, 0.0, 1.0, 0.0, 0.0, 1.0, 1.0, 1.0] |
| 9 |   25 |  0.25 | 2500 |      f1 |     269 |   295.0 |   295.0 |    0,00 |  1,3 |1592320052427 |[0.0, 1.0, 1.0, 1.0, 0.0, 0.0, 0.0, 1.0, 1.0, 1.0] |
|10 |   25 |  0.25 | 2500 |      f1 |     269 |   295.0 |   295.0 |    0,00 |  1,1 |1592320053777 |[0.0, 1.0, 1.0, 1.0, 0.0, 0.0, 0.0, 1.0, 1.0, 1.0] |
|11 |   25 |  0.25 | 2500 |      f1 |     269 |   295.0 |   295.0 |    0,00 |  1,9 |1592320054922 |[0.0, 1.0, 1.0, 1.0, 0.0, 0.0, 0.0, 1.0, 1.0, 1.0] |
|12 |   25 |  0.25 | 2500 |      f1 |     269 |   295.0 |   295.0 |    0,00 |  1,3 |1592320056773 |[0.0, 1.0, 1.0, 1.0, 0.0, 0.0, 0.0, 1.0, 1.0, 1.0] |
|13 |   25 |  0.25 | 2500 |      f1 |     269 |   295.0 |   295.0 |    0,00 |  1,3 |1592320058036 |[0.0, 1.0, 1.0, 1.0, 0.0, 0.0, 0.0, 1.0, 1.0, 1.0] |
|14 |   25 |  0.25 | 2500 |      f1 |     269 |   295.0 |   294.0 |    0,34 | 0,99 |1592320059300 |[0.0, 1.0, 1.0, 0.0, 1.0, 0.0, 0.0, 1.0, 1.0, 1.0] |
|15 |   25 |  0.25 | 2500 |      f1 |     269 |   295.0 |   295.0 |    0,00 |  1,0 |1592320060292 |[0.0, 1.0, 1.0, 1.0, 0.0, 0.0, 0.0, 1.0, 1.0, 1.0] |
