| # | Nest | %Desc |#Iter |Instancia | CapMoch |ValOptmo | BestFit |     RDP | time |      semilla |VectorSolucion |
-------------------------------------------------------------------------------------------------
| 1 |   25 |  0.25 | 2500 |      f4 |      11 |    23.0 |    23.0 |    0,00 | 0,43 |1566873232478 |[0, 1, 0, 1] |
| 2 |   25 |  0.25 | 2500 |      f4 |      11 |    23.0 |    23.0 |    0,00 | 0,47 |1566873232910 |[0, 1, 0, 1] |
| 3 |   25 |  0.25 | 2500 |      f4 |      11 |    23.0 |    22.0 |    4,35 | 0,42 |1566873233378 |[0, 1, 1, 0] |
| 4 |   25 |  0.25 | 2500 |      f4 |      11 |    23.0 |    22.0 |    4,35 | 0,45 |1566873233798 |[0, 1, 1, 0] |
| 5 |   25 |  0.25 | 2500 |      f4 |      11 |    23.0 |    23.0 |    0,00 | 0,44 |1566873234250 |[0, 1, 0, 1] |
| 6 |   25 |  0.25 | 2500 |      f4 |      11 |    23.0 |    23.0 |    0,00 | 0,46 |1566873234686 |[0, 1, 0, 1] |
| 7 |   25 |  0.25 | 2500 |      f4 |      11 |    23.0 |    23.0 |    0,00 | 0,54 |1566873235144 |[0, 1, 0, 1] |
| 8 |   25 |  0.25 | 2500 |      f4 |      11 |    23.0 |    23.0 |    0,00 | 0,50 |1566873235688 |[0, 1, 0, 1] |
| 9 |   25 |  0.25 | 2500 |      f4 |      11 |    23.0 |    23.0 |    0,00 | 0,52 |1566873236193 |[0, 1, 0, 1] |
|10 |   25 |  0.25 | 2500 |      f4 |      11 |    23.0 |    23.0 |    0,00 | 0,47 |1566873236716 |[0, 1, 0, 1] |
|11 |   25 |  0.25 | 2500 |      f4 |      11 |    23.0 |    23.0 |    0,00 | 0,44 |1566873237184 |[0, 1, 0, 1] |
|12 |   25 |  0.25 | 2500 |      f4 |      11 |    23.0 |    23.0 |    0,00 | 0,48 |1566873237621 |[0, 1, 0, 1] |
|13 |   25 |  0.25 | 2500 |      f4 |      11 |    23.0 |    22.0 |    4,35 | 0,47 |1566873238103 |[0, 1, 1, 0] |
|14 |   25 |  0.25 | 2500 |      f4 |      11 |    23.0 |    22.0 |    4,35 | 0,50 |1566873238573 |[0, 1, 1, 0] |
|15 |   25 |  0.25 | 2500 |      f4 |      11 |    23.0 |    19.0 |   17,39 | 0,41 |1566873239079 |[1, 0, 0, 1] |
|16 |   25 |  0.25 | 2500 |      f4 |      11 |    23.0 |    23.0 |    0,00 | 0,44 |1566873239485 |[0, 1, 0, 1] |
|17 |   25 |  0.25 | 2500 |      f4 |      11 |    23.0 |    23.0 |    0,00 | 0,49 |1566873239920 |[0, 1, 0, 1] |
|18 |   25 |  0.25 | 2500 |      f4 |      11 |    23.0 |    23.0 |    0,00 | 0,44 |1566873240409 |[0, 1, 0, 1] |
|19 |   25 |  0.25 | 2500 |      f4 |      11 |    23.0 |    23.0 |    0,00 | 0,40 |1566873240849 |[0, 1, 0, 1] |
|20 |   25 |  0.25 | 2500 |      f4 |      11 |    23.0 |    23.0 |    0,00 | 0,38 |1566873241246 |[0, 1, 0, 1] |
|21 |   25 |  0.25 | 2500 |      f4 |      11 |    23.0 |    23.0 |    0,00 | 0,45 |1566873241631 |[0, 1, 0, 1] |
|22 |   25 |  0.25 | 2500 |      f4 |      11 |    23.0 |    23.0 |    0,00 | 0,43 |1566873242080 |[0, 1, 0, 1] |
|23 |   25 |  0.25 | 2500 |      f4 |      11 |    23.0 |    23.0 |    0,00 | 0,45 |1566873242506 |[0, 1, 0, 1] |
|24 |   25 |  0.25 | 2500 |      f4 |      11 |    23.0 |    23.0 |    0,00 | 0,56 |1566873242955 |[0, 1, 0, 1] |
|25 |   25 |  0.25 | 2500 |      f4 |      11 |    23.0 |    23.0 |    0,00 | 0,41 |1566873243514 |[0, 1, 0, 1] |
|26 |   25 |  0.25 | 2500 |      f4 |      11 |    23.0 |    23.0 |    0,00 | 0,51 |1566873243928 |[0, 1, 0, 1] |
|27 |   25 |  0.25 | 2500 |      f4 |      11 |    23.0 |    23.0 |    0,00 | 0,45 |1566873244442 |[0, 1, 0, 1] |
|28 |   25 |  0.25 | 2500 |      f4 |      11 |    23.0 |    22.0 |    4,35 | 0,45 |1566873244901 |[0, 1, 1, 0] |
|29 |   25 |  0.25 | 2500 |      f4 |      11 |    23.0 |    23.0 |    0,00 | 0,43 |1566873245349 |[0, 1, 0, 1] |
|30 |   25 |  0.25 | 2500 |      f4 |      11 |    23.0 |    23.0 |    0,00 | 0,37 |1566873245784 |[0, 1, 0, 1] |
|31 |   25 |  0.25 | 2500 |      f4 |      11 |    23.0 |    23.0 |    0,00 | 0,40 |1566873246153 |[0, 1, 0, 1] |
