| # | Nest | %Desc |#Iter |Instancia | CapMoch |ValOptmo | BestFit |     RDP | time |      semilla |VectorSolucion |
-------------------------------------------------------------------------------------------------
| 1 |   40 |0.34285715 | 2500 |      f7 |      50 |   107.0 |    90.0 |   15,89 |-1,6e+09 |1592510589593 |[0.12358338, 0.3294629, 0.5186676, 0.6922512, 0.3444891, 0.0934782, 0.13661343] |
| 1 |   40 |  0.45 | 2500 |      f7 |      50 |   107.0 |    90.0 |   15,89 |-1,6e+09 |1592510589593 |[0.48568988, 0.23597461, 0.51798755, 0.21701002, 0.5830686, 0.41536605, 0.8594846] |
| 2 |   40 |0.31428573 | 2500 |      f7 |      50 |   107.0 |    90.0 |   15,89 |  0,0 |1592510590186 |[0.67840385, 0.05700171, 0.19709378, 0.13199544, 0.47217685, 0.42973316, 0.54993504] |
| 2 |   40 |  0.45 | 2500 |      f7 |      50 |   107.0 |    90.0 |   15,89 |  0,0 |1592510590186 |[0.67840385, 0.05700171, 0.19709378, 0.13199544, 0.47217685, 0.42973316, 0.54993504] |
| 3 |   40 |0.34285715 | 2500 |      f7 |      50 |   107.0 |    90.0 |   15,89 |  0,0 |1592510590778 |[0.5258038, 0.07716805, 0.30885112, 0.4295562, 0.25316995, 0.43394983, 0.72077274] |
| 3 |   40 |  0.45 | 2500 |      f7 |      50 |   107.0 |    90.0 |   15,89 |  0,0 |1592510590778 |[0.5258038, 0.07716805, 0.30885112, 0.4295562, 0.25316995, 0.43394983, 0.72077274] |
| 4 |   40 |0.2857143 | 2500 |      f7 |      50 |   107.0 |    90.0 |   15,89 |-0,0020 |1592510591370 |[0.83488137, 0.15774411, 0.025715351, 0.87535155, 0.020396411, 0.52309763, 0.09212512] |
| 4 |   40 |  0.45 | 2500 |      f7 |      50 |   107.0 |    90.0 |   15,89 |-0,0020 |1592510591370 |[0.83488137, 0.15774411, 0.025715351, 0.87535155, 0.020396411, 0.52309763, 0.09212512] |
| 5 |   40 |0.42857143 | 2500 |      f7 |      50 |   107.0 |    90.0 |   15,89 |  0,0 |1592510591960 |[0.011029959, 0.05322039, 0.98111, 0.9443289, 0.3240391, 0.8363851, 0.8769002] |
| 5 |   40 |  0.45 | 2500 |      f7 |      50 |   107.0 |    90.0 |   15,89 |  0,0 |1592510591960 |[0.011029959, 0.05322039, 0.98111, 0.9443289, 0.3240391, 0.8363851, 0.8769002] |
| 6 |   40 |0.34285715 | 2500 |      f7 |      50 |   107.0 |    90.0 |   15,89 |-0,0010 |1592510592556 |[0.017801106, 0.91606975, 0.52915376, 0.47612548, 0.9799821, 0.5002906, 0.19999361] |
| 6 |   40 |  0.45 | 2500 |      f7 |      50 |   107.0 |    90.0 |   15,89 |-0,0010 |1592510592556 |[0.017801106, 0.91606975, 0.52915376, 0.47612548, 0.9799821, 0.5002906, 0.19999361] |
| 7 |   40 |   0.4 | 2500 |      f7 |      50 |   107.0 |    90.0 |   15,89 |  0,0 |1592510593149 |[0.6374198, 0.35537148, 0.10728842, 0.1311481, 0.8622764, 0.8607596, 0.28143775] |
| 7 |   40 |  0.45 | 2500 |      f7 |      50 |   107.0 |    90.0 |   15,89 |  0,0 |1592510593149 |[0.6374198, 0.35537148, 0.10728842, 0.1311481, 0.8622764, 0.8607596, 0.28143775] |
| 8 |   40 |0.31428573 | 2500 |      f7 |      50 |   107.0 |    90.0 |   15,89 |  0,0 |1592510593743 |[0.29873204, 0.7047487, 0.14276594, 0.8665969, 0.3935213, 0.47559685, 0.2957148] |
| 8 |   40 |  0.45 | 2500 |      f7 |      50 |   107.0 |    90.0 |   15,89 |  0,0 |1592510593743 |[0.29873204, 0.7047487, 0.14276594, 0.8665969, 0.3935213, 0.47559685, 0.2957148] |
| 9 |   40 |0.31428573 | 2500 |      f7 |      50 |   107.0 |    90.0 |   15,89 |  0,0 |1592510594337 |[0.6853447, 0.24879992, 0.34582448, 0.9511351, 0.8392305, 0.70670944, 0.3218708] |
| 9 |   40 |  0.45 | 2500 |      f7 |      50 |   107.0 |    90.0 |   15,89 |  0,0 |1592510594337 |[0.6853447, 0.24879992, 0.34582448, 0.9511351, 0.8392305, 0.70670944, 0.3218708] |
|10 |   40 |0.17142858 | 2500 |      f7 |      50 |   107.0 |    90.0 |   15,89 |-0,0010 |1592510594931 |[0.8386881, 0.85151863, 0.14397854, 0.18291157, 0.08685309, 0.74919116, 0.928488] |
|10 |   40 |  0.45 | 2500 |      f7 |      50 |   107.0 |    90.0 |   15,89 |-0,0010 |1592510594931 |[0.8386881, 0.85151863, 0.14397854, 0.18291157, 0.08685309, 0.74919116, 0.928488] |
|11 |   40 |0.34285715 | 2500 |      f7 |      50 |   107.0 |    90.0 |   15,89 |-0,0010 |1592510595533 |[0.5560633, 0.23177809, 0.44793564, 0.03546828, 0.20544058, 0.2515561, 0.2969538] |
|11 |   40 |  0.45 | 2500 |      f7 |      50 |   107.0 |    90.0 |   15,89 |-0,0010 |1592510595533 |[0.5560633, 0.23177809, 0.44793564, 0.03546828, 0.20544058, 0.2515561, 0.2969538] |
|12 |   40 |  0.45 | 2500 |      f7 |      50 |   107.0 |    90.0 |   15,89 |  0,0 |1592510596123 |[0.82242465, 0.38280004, 0.8547284, 0.6522382, 0.8760194, 0.36081904, 0.5239932] |
|12 |   40 |  0.45 | 2500 |      f7 |      50 |   107.0 |    90.0 |   15,89 |  0,0 |1592510596123 |[0.82242465, 0.38280004, 0.8547284, 0.6522382, 0.8760194, 0.36081904, 0.5239932] |
|13 |   40 |0.25714287 | 2500 |      f7 |      50 |   107.0 |    90.0 |   15,89 |-0,0010 |1592510596744 |[0.5213591, 0.8586362, 0.07846165, 0.9947381, 0.015035808, 0.12787092, 0.82231635] |
|13 |   40 |  0.45 | 2500 |      f7 |      50 |   107.0 |    90.0 |   15,89 |-0,0010 |1592510596744 |[0.5213591, 0.8586362, 0.07846165, 0.9947381, 0.015035808, 0.12787092, 0.82231635] |
|14 |   40 |0.25714287 | 2500 |      f7 |      50 |   107.0 |    90.0 |   15,89 |  0,0 |1592510597459 |[0.40963197, 0.27630293, 0.56170934, 0.49824482, 0.51218814, 0.3660099, 0.39077353] |
|14 |   40 |  0.45 | 2500 |      f7 |      50 |   107.0 |    90.0 |   15,89 |  0,0 |1592510597459 |[0.40963197, 0.27630293, 0.56170934, 0.49824482, 0.51218814, 0.3660099, 0.39077353] |
|15 |   40 |0.34285715 | 2500 |      f7 |      50 |   107.0 |    90.0 |   15,89 |  0,0 |1592510598054 |[0.14683372, 0.12504268, 0.82457584, 0.08126247, 0.2508207, 0.012251198, 0.21409243] |
|15 |   40 |  0.45 | 2500 |      f7 |      50 |   107.0 |    90.0 |   15,89 |  0,0 |1592510598054 |[0.14683372, 0.12504268, 0.82457584, 0.08126247, 0.2508207, 0.012251198, 0.21409243] |
