| # | Nest | %Desc |#Iter |Instancia | CapMoch |ValOptmo | BestFit |     RDP | time |      semilla |VectorSolucion |
-------------------------------------------------------------------------------------------------
| 1 |   50 |  0.25 | 5000 |      f4 |      11 |    23.0 |    16.0 |   30,43 |-1,6e+09 |1592513022106 |[0.5967219, 0.7581524, 0.22631621, 0.75598145] |
| 1 |   50 |  0.36 | 5000 |      f4 |      11 |    23.0 |    16.0 |   30,43 |-1,6e+09 |1592513022106 |[0.5967219, 0.7581524, 0.22631621, 0.75598145] |
| 1 |   50 |  0.34 | 5000 |      f4 |      11 |    23.0 |    16.0 |   30,43 |-1,6e+09 |1592513022106 |[0.5967219, 0.7581524, 0.22631621, 0.75598145] |
| 1 |   55 |   0.4 | 5000 |      f4 |      11 |    23.0 |    16.0 |   30,43 |-1,6e+09 |1592513022106 |[0.5967219, 0.7581524, 0.22631621, 0.75598145] |
| 1 |   55 |  0.45 | 5000 |      f4 |      11 |    23.0 |    16.0 |   30,43 |-1,6e+09 |1592513022106 |[0.5967219, 0.7581524, 0.22631621, 0.75598145] |
| 1 |   55 |0.27272728 | 5000 |      f4 |      11 |    23.0 |    16.0 |   30,43 |-1,6e+09 |1592513022106 |[0.5967219, 0.7581524, 0.22631621, 0.75598145] |
| 1 |   55 |0.3090909 | 5000 |      f4 |      11 |    23.0 |    16.0 |   30,43 |-1,6e+09 |1592513022106 |[0.5967219, 0.7581524, 0.22631621, 0.75598145] |
| 1 |   60 |0.3272727 | 5000 |      f4 |      11 |    23.0 |    16.0 |   30,43 |-1,6e+09 |1592513022106 |[0.5967219, 0.7581524, 0.22631621, 0.75598145] |
| 1 |   60 |  0.35 | 5000 |      f4 |      11 |    23.0 |    16.0 |   30,43 |-1,6e+09 |1592513022106 |[0.5967219, 0.7581524, 0.22631621, 0.75598145] |
| 1 |   60 |0.31666666 | 5000 |      f4 |      11 |    23.0 |    16.0 |   30,43 |-1,6e+09 |1592513022106 |[0.5967219, 0.7581524, 0.22631621, 0.75598145] |
| 1 |   60 |  0.35 | 5000 |      f4 |      11 |    23.0 |    16.0 |   30,43 |-1,6e+09 |1592513022106 |[0.5967219, 0.7581524, 0.22631621, 0.75598145] |
| 1 |   65 |0.43333334 | 5000 |      f4 |      11 |    23.0 |    16.0 |   30,43 |-1,6e+09 |1592513022106 |[0.5967219, 0.7581524, 0.22631621, 0.75598145] |
| 1 |   65 |0.41538462 | 5000 |      f4 |      11 |    23.0 |    16.0 |   30,43 |-1,6e+09 |1592513022106 |[0.5967219, 0.7581524, 0.22631621, 0.75598145] |
| 1 |   65 |0.35384616 | 5000 |      f4 |      11 |    23.0 |    16.0 |   30,43 |-1,6e+09 |1592513022106 |[0.5967219, 0.7581524, 0.22631621, 0.75598145] |
| 1 |   65 |0.2923077 | 5000 |      f4 |      11 |    23.0 |    16.0 |   30,43 |-1,6e+09 |1592513022106 |[0.5967219, 0.7581524, 0.22631621, 0.75598145] |
| 1 |   70 |0.21538462 | 5000 |      f4 |      11 |    23.0 |    16.0 |   30,43 |-1,6e+09 |1592513022106 |[0.5967219, 0.7581524, 0.22631621, 0.75598145] |
| 1 |   70 |  0.45 | 5000 |      f4 |      11 |    23.0 |    16.0 |   30,43 |-1,6e+09 |1592513022106 |[0.5967219, 0.7581524, 0.22631621, 0.75598145] |
| 1 |   70 |0.3857143 | 5000 |      f4 |      11 |    23.0 |    16.0 |   30,43 |-1,6e+09 |1592513022106 |[0.5967219, 0.7581524, 0.22631621, 0.75598145] |
| 1 |   70 |0.41428572 | 5000 |      f4 |      11 |    23.0 |    16.0 |   30,43 |-1,6e+09 |1592513022106 |[0.5967219, 0.7581524, 0.22631621, 0.75598145] |
| 1 |   75 |   0.3 | 5000 |      f4 |      11 |    23.0 |    16.0 |   30,43 |-1,6e+09 |1592513022106 |[0.5967219, 0.7581524, 0.22631621, 0.75598145] |
| 1 |   75 |0.34666666 | 5000 |      f4 |      11 |    23.0 |    16.0 |   30,43 |-1,6e+09 |1592513022106 |[0.5967219, 0.7581524, 0.22631621, 0.75598145] |
| 1 |   75 |0.34666666 | 5000 |      f4 |      11 |    23.0 |    16.0 |   30,43 |  1,3 |1592513022106 |[0.5967219, 0.7581524, 0.22631621, 0.75598145] |
| 2 |   50 |  0.25 | 5000 |      f4 |      11 |    23.0 |    16.0 |   30,43 |  0,0 |1592513023432 |[0.41556007, 0.60729843, 0.55841523, 0.74683535] |
| 2 |   50 |  0.24 | 5000 |      f4 |      11 |    23.0 |    16.0 |   30,43 |  0,0 |1592513023432 |[0.41556007, 0.60729843, 0.55841523, 0.74683535] |
| 2 |   50 |  0.34 | 5000 |      f4 |      11 |    23.0 |    16.0 |   30,43 |  0,0 |1592513023432 |[0.41556007, 0.60729843, 0.55841523, 0.74683535] |
| 2 |   55 |  0.38 | 5000 |      f4 |      11 |    23.0 |    16.0 |   30,43 |  0,0 |1592513023432 |[0.41556007, 0.60729843, 0.55841523, 0.74683535] |
| 2 |   55 |  0.45 | 5000 |      f4 |      11 |    23.0 |    16.0 |   30,43 |  0,0 |1592513023432 |[0.41556007, 0.60729843, 0.55841523, 0.74683535] |
| 2 |   55 |0.36363637 | 5000 |      f4 |      11 |    23.0 |    16.0 |   30,43 |  0,0 |1592513023432 |[0.41556007, 0.60729843, 0.55841523, 0.74683535] |
| 2 |   55 |  0.45 | 5000 |      f4 |      11 |    23.0 |    16.0 |   30,43 |  0,0 |1592513023432 |[0.41556007, 0.60729843, 0.55841523, 0.74683535] |
| 2 |   60 |0.34545454 | 5000 |      f4 |      11 |    23.0 |    16.0 |   30,43 |  0,0 |1592513023432 |[0.41556007, 0.60729843, 0.55841523, 0.74683535] |
| 2 |   60 |  0.45 | 5000 |      f4 |      11 |    23.0 |    16.0 |   30,43 |  0,0 |1592513023432 |[0.41556007, 0.60729843, 0.55841523, 0.74683535] |
| 2 |   60 |0.41666666 | 5000 |      f4 |      11 |    23.0 |    16.0 |   30,43 |  0,0 |1592513023432 |[0.41556007, 0.60729843, 0.55841523, 0.74683535] |
| 2 |   60 |0.26666668 | 5000 |      f4 |      11 |    23.0 |    16.0 |   30,43 |  0,0 |1592513023432 |[0.41556007, 0.60729843, 0.55841523, 0.74683535] |
| 2 |   65 |  0.25 | 5000 |      f4 |      11 |    23.0 |    16.0 |   30,43 |  0,0 |1592513023432 |[0.41556007, 0.60729843, 0.55841523, 0.74683535] |
| 2 |   65 |0.36923078 | 5000 |      f4 |      11 |    23.0 |    16.0 |   30,43 |  0,0 |1592513023432 |[0.41556007, 0.60729843, 0.55841523, 0.74683535] |
| 2 |   65 |0.32307693 | 5000 |      f4 |      11 |    23.0 |    16.0 |   30,43 |  0,0 |1592513023432 |[0.41556007, 0.60729843, 0.55841523, 0.74683535] |
| 2 |   65 |0.33846155 | 5000 |      f4 |      11 |    23.0 |    16.0 |   30,43 |  0,0 |1592513023432 |[0.41556007, 0.60729843, 0.55841523, 0.74683535] |
| 2 |   70 |0.2769231 | 5000 |      f4 |      11 |    23.0 |    16.0 |   30,43 |  0,0 |1592513023432 |[0.41556007, 0.60729843, 0.55841523, 0.74683535] |
| 2 |   70 |0.34285715 | 5000 |      f4 |      11 |    23.0 |    16.0 |   30,43 |  0,0 |1592513023432 |[0.41556007, 0.60729843, 0.55841523, 0.74683535] |
| 2 |   70 |  0.45 | 5000 |      f4 |      11 |    23.0 |    16.0 |   30,43 |  0,0 |1592513023432 |[0.41556007, 0.60729843, 0.55841523, 0.74683535] |
| 2 |   70 |0.35714287 | 5000 |      f4 |      11 |    23.0 |    16.0 |   30,43 |  0,0 |1592513023432 |[0.41556007, 0.60729843, 0.55841523, 0.74683535] |
| 2 |   75 |0.35714287 | 5000 |      f4 |      11 |    23.0 |    16.0 |   30,43 |  0,0 |1592513023432 |[0.41556007, 0.60729843, 0.55841523, 0.74683535] |
| 2 |   75 |  0.36 | 5000 |      f4 |      11 |    23.0 |    16.0 |   30,43 |  0,0 |1592513023432 |[0.41556007, 0.60729843, 0.55841523, 0.74683535] |
| 2 |   75 |  0.36 | 5000 |      f4 |      11 |    23.0 |    16.0 |   30,43 |  1,3 |1592513023432 |[0.41556007, 0.60729843, 0.55841523, 0.74683535] |
| 3 |   50 |  0.25 | 5000 |      f4 |      11 |    23.0 |    16.0 |   30,43 |-0,0020 |1592513024752 |[0.8116776, 0.2524321, 0.14703882, 0.1547237] |
| 3 |   50 |  0.28 | 5000 |      f4 |      11 |    23.0 |    16.0 |   30,43 |-0,0020 |1592513024752 |[0.8116776, 0.2524321, 0.14703882, 0.1547237] |
| 3 |   50 |  0.34 | 5000 |      f4 |      11 |    23.0 |    16.0 |   30,43 |-0,0020 |1592513024752 |[0.8116776, 0.2524321, 0.14703882, 0.1547237] |
| 3 |   55 |  0.26 | 5000 |      f4 |      11 |    23.0 |    16.0 |   30,43 |-0,0020 |1592513024752 |[0.8116776, 0.2524321, 0.14703882, 0.1547237] |
| 3 |   55 |0.38181818 | 5000 |      f4 |      11 |    23.0 |    16.0 |   30,43 |-0,0020 |1592513024752 |[0.8116776, 0.2524321, 0.14703882, 0.1547237] |
| 3 |   55 |0.3272727 | 5000 |      f4 |      11 |    23.0 |    16.0 |   30,43 |-0,0020 |1592513024752 |[0.8116776, 0.2524321, 0.14703882, 0.1547237] |
| 3 |   55 |   0.4 | 5000 |      f4 |      11 |    23.0 |    16.0 |   30,43 |-0,0020 |1592513024752 |[0.8116776, 0.2524321, 0.14703882, 0.1547237] |
| 3 |   60 |0.38181818 | 5000 |      f4 |      11 |    23.0 |    16.0 |   30,43 |-0,0020 |1592513024752 |[0.8116776, 0.2524321, 0.14703882, 0.1547237] |
| 3 |   60 |  0.45 | 5000 |      f4 |      11 |    23.0 |    16.0 |   30,43 |-0,0020 |1592513024752 |[0.8116776, 0.2524321, 0.14703882, 0.1547237] |
| 3 |   60 |0.36666667 | 5000 |      f4 |      11 |    23.0 |    16.0 |   30,43 |-0,0020 |1592513024752 |[0.8116776, 0.2524321, 0.14703882, 0.1547237] |
| 3 |   60 |  0.45 | 5000 |      f4 |      11 |    23.0 |    16.0 |   30,43 |-0,0020 |1592513024752 |[0.8116776, 0.2524321, 0.14703882, 0.1547237] |
| 3 |   65 |  0.45 | 5000 |      f4 |      11 |    23.0 |    16.0 |   30,43 |-0,0020 |1592513024752 |[0.8116776, 0.2524321, 0.14703882, 0.1547237] |
| 3 |   65 |0.33846155 | 5000 |      f4 |      11 |    23.0 |    16.0 |   30,43 |-0,0020 |1592513024752 |[0.8116776, 0.2524321, 0.14703882, 0.1547237] |
| 3 |   65 |0.41538462 | 5000 |      f4 |      11 |    23.0 |    16.0 |   30,43 |-0,0020 |1592513024752 |[0.8116776, 0.2524321, 0.14703882, 0.1547237] |
| 3 |   65 |   0.4 | 5000 |      f4 |      11 |    23.0 |    16.0 |   30,43 |-0,0020 |1592513024752 |[0.8116776, 0.2524321, 0.14703882, 0.1547237] |
| 3 |   70 |0.33846155 | 5000 |      f4 |      11 |    23.0 |    16.0 |   30,43 |-0,0020 |1592513024752 |[0.8116776, 0.2524321, 0.14703882, 0.1547237] |
| 3 |   70 |0.44285715 | 5000 |      f4 |      11 |    23.0 |    16.0 |   30,43 |-0,0020 |1592513024752 |[0.8116776, 0.2524321, 0.14703882, 0.1547237] |
| 3 |   70 |   0.4 | 5000 |      f4 |      11 |    23.0 |    16.0 |   30,43 |-0,0020 |1592513024752 |[0.8116776, 0.2524321, 0.14703882, 0.1547237] |
| 3 |   70 |0.34285715 | 5000 |      f4 |      11 |    23.0 |    16.0 |   30,43 |-0,0020 |1592513024752 |[0.8116776, 0.2524321, 0.14703882, 0.1547237] |
| 3 |   75 |0.3857143 | 5000 |      f4 |      11 |    23.0 |    16.0 |   30,43 |-0,0020 |1592513024752 |[0.8116776, 0.2524321, 0.14703882, 0.1547237] |
| 3 |   75 |  0.45 | 5000 |      f4 |      11 |    23.0 |    16.0 |   30,43 |-0,0020 |1592513024752 |[0.8116776, 0.2524321, 0.14703882, 0.1547237] |
| 3 |   75 |  0.45 | 5000 |      f4 |      11 |    23.0 |    16.0 |   30,43 |  1,3 |1592513024752 |[0.8116776, 0.2524321, 0.14703882, 0.1547237] |
| 4 |   50 |  0.25 | 5000 |      f4 |      11 |    23.0 |    16.0 |   30,43 |-0,0020 |1592513026062 |[0.277372, 0.19305617, 0.45910764, 0.28422385] |
| 4 |   50 |  0.45 | 5000 |      f4 |      11 |    23.0 |    16.0 |   30,43 |-0,0020 |1592513026062 |[0.277372, 0.19305617, 0.45910764, 0.28422385] |
| 4 |   50 |  0.34 | 5000 |      f4 |      11 |    23.0 |    16.0 |   30,43 |-0,0020 |1592513026062 |[0.277372, 0.19305617, 0.45910764, 0.28422385] |
| 4 |   55 |  0.38 | 5000 |      f4 |      11 |    23.0 |    16.0 |   30,43 |-0,0020 |1592513026062 |[0.277372, 0.19305617, 0.45910764, 0.28422385] |
| 4 |   55 |  0.45 | 5000 |      f4 |      11 |    23.0 |    16.0 |   30,43 |-0,0020 |1592513026062 |[0.277372, 0.19305617, 0.45910764, 0.28422385] |
| 4 |   55 |0.3272727 | 5000 |      f4 |      11 |    23.0 |    16.0 |   30,43 |-0,0020 |1592513026062 |[0.277372, 0.19305617, 0.45910764, 0.28422385] |
| 4 |   55 |0.3090909 | 5000 |      f4 |      11 |    23.0 |    16.0 |   30,43 |-0,0020 |1592513026062 |[0.277372, 0.19305617, 0.45910764, 0.28422385] |
| 4 |   60 |  0.45 | 5000 |      f4 |      11 |    23.0 |    16.0 |   30,43 |-0,0020 |1592513026062 |[0.277372, 0.19305617, 0.45910764, 0.28422385] |
| 4 |   60 |  0.45 | 5000 |      f4 |      11 |    23.0 |    16.0 |   30,43 |-0,0020 |1592513026062 |[0.277372, 0.19305617, 0.45910764, 0.28422385] |
| 4 |   60 |  0.35 | 5000 |      f4 |      11 |    23.0 |    16.0 |   30,43 |-0,0020 |1592513026062 |[0.277372, 0.19305617, 0.45910764, 0.28422385] |
| 4 |   60 |0.36666667 | 5000 |      f4 |      11 |    23.0 |    16.0 |   30,43 |-0,0020 |1592513026062 |[0.277372, 0.19305617, 0.45910764, 0.28422385] |
| 4 |   65 |   0.4 | 5000 |      f4 |      11 |    23.0 |    16.0 |   30,43 |-0,0020 |1592513026062 |[0.277372, 0.19305617, 0.45910764, 0.28422385] |
| 4 |   65 |  0.45 | 5000 |      f4 |      11 |    23.0 |    16.0 |   30,43 |-0,0020 |1592513026062 |[0.277372, 0.19305617, 0.45910764, 0.28422385] |
| 4 |   65 |0.36923078 | 5000 |      f4 |      11 |    23.0 |    16.0 |   30,43 |-0,0020 |1592513026062 |[0.277372, 0.19305617, 0.45910764, 0.28422385] |
| 4 |   65 |   0.4 | 5000 |      f4 |      11 |    23.0 |    16.0 |   30,43 |-0,0020 |1592513026062 |[0.277372, 0.19305617, 0.45910764, 0.28422385] |
| 4 |   70 |0.41538462 | 5000 |      f4 |      11 |    23.0 |    16.0 |   30,43 |-0,0020 |1592513026062 |[0.277372, 0.19305617, 0.45910764, 0.28422385] |
| 4 |   70 |0.35714287 | 5000 |      f4 |      11 |    23.0 |    16.0 |   30,43 |-0,0020 |1592513026062 |[0.277372, 0.19305617, 0.45910764, 0.28422385] |
| 4 |   70 |0.42857143 | 5000 |      f4 |      11 |    23.0 |    16.0 |   30,43 |-0,0020 |1592513026062 |[0.277372, 0.19305617, 0.45910764, 0.28422385] |
| 4 |   70 |0.2857143 | 5000 |      f4 |      11 |    23.0 |    16.0 |   30,43 |-0,0020 |1592513026062 |[0.277372, 0.19305617, 0.45910764, 0.28422385] |
| 4 |   75 |0.35714287 | 5000 |      f4 |      11 |    23.0 |    16.0 |   30,43 |-0,0020 |1592513026062 |[0.277372, 0.19305617, 0.45910764, 0.28422385] |
| 4 |   75 |  0.45 | 5000 |      f4 |      11 |    23.0 |    16.0 |   30,43 |-0,0020 |1592513026062 |[0.277372, 0.19305617, 0.45910764, 0.28422385] |
| 4 |   75 |  0.45 | 5000 |      f4 |      11 |    23.0 |    16.0 |   30,43 |  1,3 |1592513026062 |[0.277372, 0.19305617, 0.45910764, 0.28422385] |
| 5 |   50 |  0.25 | 5000 |      f4 |      11 |    23.0 |    16.0 |   30,43 |-0,0020 |1592513027374 |[0.5762221, 0.5594413, 0.8773651, 0.16871554] |
| 5 |   50 |  0.32 | 5000 |      f4 |      11 |    23.0 |    16.0 |   30,43 |-0,0020 |1592513027374 |[0.5762221, 0.5594413, 0.8773651, 0.16871554] |
| 5 |   50 |  0.32 | 5000 |      f4 |      11 |    23.0 |    16.0 |   30,43 |-0,0020 |1592513027374 |[0.5762221, 0.5594413, 0.8773651, 0.16871554] |
| 5 |   55 |   0.3 | 5000 |      f4 |      11 |    23.0 |    16.0 |   30,43 |-0,0020 |1592513027374 |[0.8498179, 0.54377234, 0.55381835, 0.13679266] |
| 5 |   55 |0.38181818 | 5000 |      f4 |      11 |    23.0 |    16.0 |   30,43 |-0,0020 |1592513027374 |[0.8498179, 0.54377234, 0.55381835, 0.13679266] |
| 5 |   55 |0.3272727 | 5000 |      f4 |      11 |    23.0 |    16.0 |   30,43 |-0,0020 |1592513027374 |[0.8498179, 0.54377234, 0.55381835, 0.13679266] |
| 5 |   55 |0.36363637 | 5000 |      f4 |      11 |    23.0 |    16.0 |   30,43 |-0,0020 |1592513027374 |[0.8498179, 0.54377234, 0.55381835, 0.13679266] |
| 5 |   60 |0.29090908 | 5000 |      f4 |      11 |    23.0 |    16.0 |   30,43 |-0,0020 |1592513027374 |[0.8498179, 0.54377234, 0.55381835, 0.13679266] |
| 5 |   60 |  0.35 | 5000 |      f4 |      11 |    23.0 |    16.0 |   30,43 |-0,0020 |1592513027374 |[0.8498179, 0.54377234, 0.55381835, 0.13679266] |
| 5 |   60 |0.31666666 | 5000 |      f4 |      11 |    23.0 |    16.0 |   30,43 |-0,0020 |1592513027374 |[0.8498179, 0.54377234, 0.55381835, 0.13679266] |
| 5 |   60 |0.26666668 | 5000 |      f4 |      11 |    23.0 |    16.0 |   30,43 |-0,0020 |1592513027374 |[0.8498179, 0.54377234, 0.55381835, 0.13679266] |
| 5 |   65 |  0.35 | 5000 |      f4 |      11 |    23.0 |    16.0 |   30,43 |-0,0020 |1592513027374 |[0.8498179, 0.54377234, 0.55381835, 0.13679266] |
| 5 |   65 |   0.4 | 5000 |      f4 |      11 |    23.0 |    16.0 |   30,43 |-0,0020 |1592513027374 |[0.8498179, 0.54377234, 0.55381835, 0.13679266] |
| 5 |   65 |0.30769232 | 5000 |      f4 |      11 |    23.0 |    16.0 |   30,43 |-0,0020 |1592513027374 |[0.8498179, 0.54377234, 0.55381835, 0.13679266] |
| 5 |   65 |0.30769232 | 5000 |      f4 |      11 |    23.0 |    16.0 |   30,43 |-0,0020 |1592513027374 |[0.8498179, 0.54377234, 0.55381835, 0.13679266] |
| 5 |   70 |0.2769231 | 5000 |      f4 |      11 |    23.0 |    16.0 |   30,43 |-0,0020 |1592513027374 |[0.8498179, 0.54377234, 0.55381835, 0.13679266] |
| 5 |   70 |  0.45 | 5000 |      f4 |      11 |    23.0 |    16.0 |   30,43 |-0,0020 |1592513027374 |[0.93629855, 0.7514367, 0.9377706, 0.3803233] |
| 5 |   70 |   0.4 | 5000 |      f4 |      11 |    23.0 |    16.0 |   30,43 |-0,0020 |1592513027374 |[0.93629855, 0.7514367, 0.9377706, 0.3803233] |
| 5 |   70 |0.34285715 | 5000 |      f4 |      11 |    23.0 |    16.0 |   30,43 |-0,0020 |1592513027374 |[0.93629855, 0.7514367, 0.9377706, 0.3803233] |
| 5 |   75 |   0.3 | 5000 |      f4 |      11 |    23.0 |    16.0 |   30,43 |-0,0020 |1592513027374 |[0.93629855, 0.7514367, 0.9377706, 0.3803233] |
| 5 |   75 |  0.36 | 5000 |      f4 |      11 |    23.0 |    16.0 |   30,43 |-0,0020 |1592513027374 |[0.93629855, 0.7514367, 0.9377706, 0.3803233] |
| 5 |   75 |  0.36 | 5000 |      f4 |      11 |    23.0 |    16.0 |   30,43 |  1,3 |1592513027374 |[0.93629855, 0.7514367, 0.9377706, 0.3803233] |
| 6 |   50 |  0.25 | 5000 |      f4 |      11 |    23.0 |    16.0 |   30,43 |-0,0020 |1592513028688 |[0.0148463845, 0.19307709, 0.0096309185, 0.5017738] |
| 6 |   50 |  0.34 | 5000 |      f4 |      11 |    23.0 |    16.0 |   30,43 |-0,0020 |1592513028688 |[0.0148463845, 0.19307709, 0.0096309185, 0.5017738] |
| 6 |   50 |  0.32 | 5000 |      f4 |      11 |    23.0 |    16.0 |   30,43 |-0,0020 |1592513028688 |[0.0148463845, 0.19307709, 0.0096309185, 0.5017738] |
| 6 |   55 |  0.26 | 5000 |      f4 |      11 |    23.0 |    16.0 |   30,43 |-0,0020 |1592513028688 |[0.0148463845, 0.19307709, 0.0096309185, 0.5017738] |
| 6 |   55 |0.38181818 | 5000 |      f4 |      11 |    23.0 |    16.0 |   30,43 |-0,0020 |1592513028688 |[0.0148463845, 0.19307709, 0.0096309185, 0.5017738] |
| 6 |   55 |0.23636363 | 5000 |      f4 |      11 |    23.0 |    16.0 |   30,43 |-0,0020 |1592513028688 |[0.0148463845, 0.19307709, 0.0096309185, 0.5017738] |
| 6 |   55 |0.3090909 | 5000 |      f4 |      11 |    23.0 |    16.0 |   30,43 |-0,0020 |1592513028688 |[0.0148463845, 0.19307709, 0.0096309185, 0.5017738] |
| 6 |   60 |0.3090909 | 5000 |      f4 |      11 |    23.0 |    16.0 |   30,43 |-0,0020 |1592513028688 |[0.0148463845, 0.19307709, 0.0096309185, 0.5017738] |
| 6 |   60 |  0.35 | 5000 |      f4 |      11 |    23.0 |    16.0 |   30,43 |-0,0020 |1592513028688 |[0.0148463845, 0.19307709, 0.0096309185, 0.5017738] |
| 6 |   60 |0.33333334 | 5000 |      f4 |      11 |    23.0 |    16.0 |   30,43 |-0,0020 |1592513028688 |[0.0148463845, 0.19307709, 0.0096309185, 0.5017738] |
| 6 |   60 |0.38333333 | 5000 |      f4 |      11 |    23.0 |    16.0 |   30,43 |-0,0020 |1592513028688 |[0.7797883, 0.5804851, 0.30021757, 0.6066555] |
| 6 |   65 |  0.35 | 5000 |      f4 |      11 |    23.0 |    16.0 |   30,43 |-0,0020 |1592513028688 |[0.7797883, 0.5804851, 0.30021757, 0.6066555] |
| 6 |   65 |   0.4 | 5000 |      f4 |      11 |    23.0 |    16.0 |   30,43 |-0,0020 |1592513028688 |[0.7797883, 0.5804851, 0.30021757, 0.6066555] |
| 6 |   65 |0.24615385 | 5000 |      f4 |      11 |    23.0 |    16.0 |   30,43 |-0,0020 |1592513028688 |[0.7797883, 0.5804851, 0.30021757, 0.6066555] |
| 6 |   65 |0.43076923 | 5000 |      f4 |      11 |    23.0 |    16.0 |   30,43 |-0,0020 |1592513028688 |[0.7797883, 0.5804851, 0.30021757, 0.6066555] |
| 6 |   70 |0.2769231 | 5000 |      f4 |      11 |    23.0 |    16.0 |   30,43 |-0,0020 |1592513028688 |[0.7797883, 0.5804851, 0.30021757, 0.6066555] |
| 6 |   70 |  0.45 | 5000 |      f4 |      11 |    23.0 |    16.0 |   30,43 |-0,0020 |1592513028688 |[0.7797883, 0.5804851, 0.30021757, 0.6066555] |
| 6 |   70 |0.32857144 | 5000 |      f4 |      11 |    23.0 |    16.0 |   30,43 |-0,0020 |1592513028688 |[0.7797883, 0.5804851, 0.30021757, 0.6066555] |
| 6 |   70 |0.37142858 | 5000 |      f4 |      11 |    23.0 |    16.0 |   30,43 |-0,0020 |1592513028688 |[0.7797883, 0.5804851, 0.30021757, 0.6066555] |
| 6 |   75 |   0.3 | 5000 |      f4 |      11 |    23.0 |    16.0 |   30,43 |-0,0020 |1592513028688 |[0.7797883, 0.5804851, 0.30021757, 0.6066555] |
| 6 |   75 |  0.45 | 5000 |      f4 |      11 |    23.0 |    16.0 |   30,43 |-0,0020 |1592513028688 |[0.7797883, 0.5804851, 0.30021757, 0.6066555] |
| 6 |   75 |  0.45 | 5000 |      f4 |      11 |    23.0 |    16.0 |   30,43 |  1,3 |1592513028688 |[0.7797883, 0.5804851, 0.30021757, 0.6066555] |
| 7 |   50 |  0.25 | 5000 |      f4 |      11 |    23.0 |    16.0 |   30,43 |-0,0020 |1592513030005 |[0.32282674, 0.8711435, 0.13576353, 0.96661186] |
| 7 |   50 |  0.32 | 5000 |      f4 |      11 |    23.0 |    16.0 |   30,43 |-0,0020 |1592513030005 |[0.7078146, 0.63189334, 0.58534646, 0.09302449] |
| 7 |   50 |   0.3 | 5000 |      f4 |      11 |    23.0 |    16.0 |   30,43 |-0,0020 |1592513030005 |[0.7078146, 0.63189334, 0.58534646, 0.09302449] |
| 7 |   55 |  0.24 | 5000 |      f4 |      11 |    23.0 |    16.0 |   30,43 |-0,0020 |1592513030005 |[0.7078146, 0.63189334, 0.58534646, 0.09302449] |
| 7 |   55 |0.43636364 | 5000 |      f4 |      11 |    23.0 |    16.0 |   30,43 |-0,0020 |1592513030005 |[0.7078146, 0.63189334, 0.58534646, 0.09302449] |
| 7 |   55 |0.43636364 | 5000 |      f4 |      11 |    23.0 |    16.0 |   30,43 |-0,0020 |1592513030005 |[0.35446203, 0.27718014, 0.5005845, 0.90120393] |
| 7 |   55 |0.34545454 | 5000 |      f4 |      11 |    23.0 |    16.0 |   30,43 |-0,0020 |1592513030005 |[0.42644864, 0.3225611, 0.07926357, 0.9385345] |
| 7 |   60 |  0.45 | 5000 |      f4 |      11 |    23.0 |    16.0 |   30,43 |-0,0020 |1592513030005 |[0.42644864, 0.3225611, 0.07926357, 0.9385345] |
| 7 |   60 |  0.45 | 5000 |      f4 |      11 |    23.0 |    16.0 |   30,43 |-0,0020 |1592513030005 |[0.42644864, 0.3225611, 0.07926357, 0.9385345] |
| 7 |   60 |0.36666667 | 5000 |      f4 |      11 |    23.0 |    16.0 |   30,43 |-0,0020 |1592513030005 |[0.42644864, 0.3225611, 0.07926357, 0.9385345] |
| 7 |   60 |0.26666668 | 5000 |      f4 |      11 |    23.0 |    16.0 |   30,43 |-0,0020 |1592513030005 |[0.55044985, 0.060703754, 0.6764656, 0.05450648] |
| 7 |   65 |   0.4 | 5000 |      f4 |      11 |    23.0 |    16.0 |   30,43 |-0,0020 |1592513030005 |[0.55044985, 0.060703754, 0.6764656, 0.05450648] |
| 7 |   65 |  0.45 | 5000 |      f4 |      11 |    23.0 |    16.0 |   30,43 |-0,0020 |1592513030005 |[0.55044985, 0.060703754, 0.6764656, 0.05450648] |
| 7 |   65 |0.41538462 | 5000 |      f4 |      11 |    23.0 |    16.0 |   30,43 |-0,0020 |1592513030005 |[0.55044985, 0.060703754, 0.6764656, 0.05450648] |
| 7 |   65 |0.30769232 | 5000 |      f4 |      11 |    23.0 |    16.0 |   30,43 |-0,0020 |1592513030005 |[0.55044985, 0.060703754, 0.6764656, 0.05450648] |
| 7 |   70 |0.30769232 | 5000 |      f4 |      11 |    23.0 |    16.0 |   30,43 |-0,0020 |1592513030005 |[0.55044985, 0.060703754, 0.6764656, 0.05450648] |
| 7 |   70 |  0.45 | 5000 |      f4 |      11 |    23.0 |    16.0 |   30,43 |-0,0020 |1592513030005 |[0.55044985, 0.060703754, 0.6764656, 0.05450648] |
| 7 |   70 |   0.3 | 5000 |      f4 |      11 |    23.0 |    16.0 |   30,43 |-0,0020 |1592513030005 |[0.55044985, 0.060703754, 0.6764656, 0.05450648] |
| 7 |   70 |0.42857143 | 5000 |      f4 |      11 |    23.0 |    16.0 |   30,43 |-0,0020 |1592513030005 |[0.55044985, 0.060703754, 0.6764656, 0.05450648] |
| 7 |   75 |0.34285715 | 5000 |      f4 |      11 |    23.0 |    16.0 |   30,43 |-0,0020 |1592513030005 |[0.55044985, 0.060703754, 0.6764656, 0.05450648] |
| 7 |   75 |  0.45 | 5000 |      f4 |      11 |    23.0 |    16.0 |   30,43 |-0,0020 |1592513030005 |[0.43987185, 0.59229815, 0.98870754, 0.1874175] |
| 7 |   75 |  0.45 | 5000 |      f4 |      11 |    23.0 |    16.0 |   30,43 |  1,3 |1592513030005 |[0.43987185, 0.59229815, 0.98870754, 0.1874175] |
| 8 |   50 |  0.25 | 5000 |      f4 |      11 |    23.0 |    16.0 |   30,43 |-0,0010 |1592513031322 |[0.06426203, 0.6760453, 0.21068144, 0.27108687] |
| 8 |   50 |  0.38 | 5000 |      f4 |      11 |    23.0 |    16.0 |   30,43 |-0,0010 |1592513031322 |[0.06426203, 0.6760453, 0.21068144, 0.27108687] |
| 8 |   50 |   0.3 | 5000 |      f4 |      11 |    23.0 |    16.0 |   30,43 |-0,0010 |1592513031322 |[0.06426203, 0.6760453, 0.21068144, 0.27108687] |
| 8 |   55 |  0.28 | 5000 |      f4 |      11 |    23.0 |    16.0 |   30,43 |-0,0010 |1592513031322 |[0.06426203, 0.6760453, 0.21068144, 0.27108687] |
| 8 |   55 |  0.45 | 5000 |      f4 |      11 |    23.0 |    16.0 |   30,43 |-0,0010 |1592513031322 |[0.06426203, 0.6760453, 0.21068144, 0.27108687] |
| 8 |   55 |   0.4 | 5000 |      f4 |      11 |    23.0 |    16.0 |   30,43 |-0,0010 |1592513031322 |[0.06426203, 0.6760453, 0.21068144, 0.27108687] |
| 8 |   55 |0.3090909 | 5000 |      f4 |      11 |    23.0 |    16.0 |   30,43 |-0,0010 |1592513031322 |[0.06426203, 0.6760453, 0.21068144, 0.27108687] |
| 8 |   60 |0.38181818 | 5000 |      f4 |      11 |    23.0 |    16.0 |   30,43 |-0,0010 |1592513031322 |[0.06426203, 0.6760453, 0.21068144, 0.27108687] |
| 8 |   60 |  0.45 | 5000 |      f4 |      11 |    23.0 |    16.0 |   30,43 |-0,0010 |1592513031322 |[0.06426203, 0.6760453, 0.21068144, 0.27108687] |
| 8 |   60 |0.38333333 | 5000 |      f4 |      11 |    23.0 |    16.0 |   30,43 |-0,0010 |1592513031322 |[0.06426203, 0.6760453, 0.21068144, 0.27108687] |
| 8 |   60 |0.31666666 | 5000 |      f4 |      11 |    23.0 |    16.0 |   30,43 |-0,0010 |1592513031322 |[0.06426203, 0.6760453, 0.21068144, 0.27108687] |
| 8 |   65 |0.33333334 | 5000 |      f4 |      11 |    23.0 |    16.0 |   30,43 |-0,0010 |1592513031322 |[0.06426203, 0.6760453, 0.21068144, 0.27108687] |
| 8 |   65 |0.33846155 | 5000 |      f4 |      11 |    23.0 |    16.0 |   30,43 |-0,0010 |1592513031322 |[0.06426203, 0.6760453, 0.21068144, 0.27108687] |
| 8 |   65 |0.30769232 | 5000 |      f4 |      11 |    23.0 |    16.0 |   30,43 |-0,0010 |1592513031322 |[0.06426203, 0.6760453, 0.21068144, 0.27108687] |
| 8 |   65 |0.3846154 | 5000 |      f4 |      11 |    23.0 |    16.0 |   30,43 |-0,0010 |1592513031322 |[0.06426203, 0.6760453, 0.21068144, 0.27108687] |
| 8 |   70 |0.41538462 | 5000 |      f4 |      11 |    23.0 |    16.0 |   30,43 |-0,0010 |1592513031322 |[0.06426203, 0.6760453, 0.21068144, 0.27108687] |
| 8 |   70 |0.42857143 | 5000 |      f4 |      11 |    23.0 |    16.0 |   30,43 |-0,0010 |1592513031322 |[0.06426203, 0.6760453, 0.21068144, 0.27108687] |
| 8 |   70 |0.42857143 | 5000 |      f4 |      11 |    23.0 |    16.0 |   30,43 |-0,0010 |1592513031322 |[0.06426203, 0.6760453, 0.21068144, 0.27108687] |
| 8 |   70 |0.44285715 | 5000 |      f4 |      11 |    23.0 |    16.0 |   30,43 |-0,0010 |1592513031322 |[0.06426203, 0.6760453, 0.21068144, 0.27108687] |
| 8 |   75 |0.37142858 | 5000 |      f4 |      11 |    23.0 |    16.0 |   30,43 |-0,0010 |1592513031322 |[0.06426203, 0.6760453, 0.21068144, 0.27108687] |
| 8 |   75 |0.37333333 | 5000 |      f4 |      11 |    23.0 |    16.0 |   30,43 |-0,0010 |1592513031322 |[0.06426203, 0.6760453, 0.21068144, 0.27108687] |
| 8 |   75 |0.37333333 | 5000 |      f4 |      11 |    23.0 |    16.0 |   30,43 |  1,3 |1592513031322 |[0.06426203, 0.6760453, 0.21068144, 0.27108687] |
| 9 |   50 |  0.25 | 5000 |      f4 |      11 |    23.0 |    16.0 |   30,43 |-0,0020 |1592513032632 |[0.744565, 0.3433308, 0.9745095, 0.36239636] |
| 9 |   50 |   0.4 | 5000 |      f4 |      11 |    23.0 |    16.0 |   30,43 |-0,0020 |1592513032632 |[0.6918037, 0.04795271, 0.9338864, 0.9254135] |
| 9 |   50 |  0.34 | 5000 |      f4 |      11 |    23.0 |    16.0 |   30,43 |-0,0020 |1592513032632 |[0.6918037, 0.04795271, 0.9338864, 0.9254135] |
| 9 |   55 |  0.34 | 5000 |      f4 |      11 |    23.0 |    16.0 |   30,43 |-0,0020 |1592513032632 |[0.6918037, 0.04795271, 0.9338864, 0.9254135] |
| 9 |   55 |0.36363637 | 5000 |      f4 |      11 |    23.0 |    16.0 |   30,43 |-0,0020 |1592513032632 |[0.6918037, 0.04795271, 0.9338864, 0.9254135] |
| 9 |   55 |0.38181818 | 5000 |      f4 |      11 |    23.0 |    16.0 |   30,43 |-0,0020 |1592513032632 |[0.6918037, 0.04795271, 0.9338864, 0.9254135] |
| 9 |   55 |0.29090908 | 5000 |      f4 |      11 |    23.0 |    16.0 |   30,43 |-0,0020 |1592513032632 |[0.6918037, 0.04795271, 0.9338864, 0.9254135] |
| 9 |   60 |0.38181818 | 5000 |      f4 |      11 |    23.0 |    16.0 |   30,43 |-0,0020 |1592513032632 |[0.6918037, 0.04795271, 0.9338864, 0.9254135] |
| 9 |   60 |0.43333334 | 5000 |      f4 |      11 |    23.0 |    16.0 |   30,43 |-0,0020 |1592513032632 |[0.6918037, 0.04795271, 0.9338864, 0.9254135] |
| 9 |   60 |0.38333333 | 5000 |      f4 |      11 |    23.0 |    16.0 |   30,43 |-0,0020 |1592513032632 |[0.6918037, 0.04795271, 0.9338864, 0.9254135] |
| 9 |   60 |0.26666668 | 5000 |      f4 |      11 |    23.0 |    16.0 |   30,43 |-0,0020 |1592513032632 |[0.6918037, 0.04795271, 0.9338864, 0.9254135] |
| 9 |   65 |0.23333333 | 5000 |      f4 |      11 |    23.0 |    16.0 |   30,43 |-0,0020 |1592513032632 |[0.6918037, 0.04795271, 0.9338864, 0.9254135] |
| 9 |   65 |0.3846154 | 5000 |      f4 |      11 |    23.0 |    16.0 |   30,43 |-0,0020 |1592513032632 |[0.6918037, 0.04795271, 0.9338864, 0.9254135] |
| 9 |   65 |0.36923078 | 5000 |      f4 |      11 |    23.0 |    16.0 |   30,43 |-0,0020 |1592513032632 |[0.1955567, 0.46390337, 0.14217705, 0.4521091] |
| 9 |   65 |0.35384616 | 5000 |      f4 |      11 |    23.0 |    16.0 |   30,43 |-0,0020 |1592513032632 |[0.1955567, 0.46390337, 0.14217705, 0.4521091] |
| 9 |   70 |0.33846155 | 5000 |      f4 |      11 |    23.0 |    16.0 |   30,43 |-0,0020 |1592513032632 |[0.1955567, 0.46390337, 0.14217705, 0.4521091] |
| 9 |   70 |0.37142858 | 5000 |      f4 |      11 |    23.0 |    16.0 |   30,43 |-0,0020 |1592513032632 |[0.1955567, 0.46390337, 0.14217705, 0.4521091] |
| 9 |   70 |0.37142858 | 5000 |      f4 |      11 |    23.0 |    16.0 |   30,43 |-0,0020 |1592513032632 |[0.1955567, 0.46390337, 0.14217705, 0.4521091] |
| 9 |   70 |0.41428572 | 5000 |      f4 |      11 |    23.0 |    16.0 |   30,43 |-0,0020 |1592513032632 |[0.1955567, 0.46390337, 0.14217705, 0.4521091] |
| 9 |   75 |0.32857144 | 5000 |      f4 |      11 |    23.0 |    16.0 |   30,43 |-0,0020 |1592513032632 |[0.1955567, 0.46390337, 0.14217705, 0.4521091] |
| 9 |   75 |0.42666668 | 5000 |      f4 |      11 |    23.0 |    16.0 |   30,43 |-0,0020 |1592513032632 |[0.1955567, 0.46390337, 0.14217705, 0.4521091] |
| 9 |   75 |0.42666668 | 5000 |      f4 |      11 |    23.0 |    16.0 |   30,43 |  1,3 |1592513032632 |[0.1955567, 0.46390337, 0.14217705, 0.4521091] |
|10 |   50 |  0.25 | 5000 |      f4 |      11 |    23.0 |    16.0 |   30,43 |-0,0010 |1592513033949 |[0.20012832, 0.25780183, 0.42767644, 0.9856611] |
|10 |   50 |  0.38 | 5000 |      f4 |      11 |    23.0 |    16.0 |   30,43 |-0,0010 |1592513033949 |[0.20012832, 0.25780183, 0.42767644, 0.9856611] |
|10 |   50 |   0.4 | 5000 |      f4 |      11 |    23.0 |    16.0 |   30,43 |-0,0010 |1592513033949 |[0.20012832, 0.25780183, 0.42767644, 0.9856611] |
|10 |   55 |  0.45 | 5000 |      f4 |      11 |    23.0 |    16.0 |   30,43 |-0,0010 |1592513033949 |[0.20012832, 0.25780183, 0.42767644, 0.9856611] |
|10 |   55 |0.4181818 | 5000 |      f4 |      11 |    23.0 |    16.0 |   30,43 |-0,0010 |1592513033949 |[0.20012832, 0.25780183, 0.42767644, 0.9856611] |
|10 |   55 |  0.45 | 5000 |      f4 |      11 |    23.0 |    16.0 |   30,43 |-0,0010 |1592513033949 |[0.20012832, 0.25780183, 0.42767644, 0.9856611] |
|10 |   55 |   0.4 | 5000 |      f4 |      11 |    23.0 |    16.0 |   30,43 |-0,0010 |1592513033949 |[0.20012832, 0.25780183, 0.42767644, 0.9856611] |
|10 |   60 |0.3090909 | 5000 |      f4 |      11 |    23.0 |    16.0 |   30,43 |-0,0010 |1592513033949 |[0.20012832, 0.25780183, 0.42767644, 0.9856611] |
|10 |   60 |0.43333334 | 5000 |      f4 |      11 |    23.0 |    16.0 |   30,43 |-0,0010 |1592513033949 |[0.20012832, 0.25780183, 0.42767644, 0.9856611] |
|10 |   60 |  0.45 | 5000 |      f4 |      11 |    23.0 |    16.0 |   30,43 |-0,0010 |1592513033949 |[0.20012832, 0.25780183, 0.42767644, 0.9856611] |
|10 |   60 |0.36666667 | 5000 |      f4 |      11 |    23.0 |    16.0 |   30,43 |-0,0010 |1592513033949 |[0.20012832, 0.25780183, 0.42767644, 0.9856611] |
|10 |   65 |   0.4 | 5000 |      f4 |      11 |    23.0 |    16.0 |   30,43 |-0,0010 |1592513033949 |[0.20012832, 0.25780183, 0.42767644, 0.9856611] |
|10 |   65 |  0.45 | 5000 |      f4 |      11 |    23.0 |    16.0 |   30,43 |-0,0010 |1592513033949 |[0.20012832, 0.25780183, 0.42767644, 0.9856611] |
|10 |   65 |0.44615385 | 5000 |      f4 |      11 |    23.0 |    16.0 |   30,43 |-0,0010 |1592513033949 |[0.20012832, 0.25780183, 0.42767644, 0.9856611] |
|10 |   65 |0.30769232 | 5000 |      f4 |      11 |    23.0 |    16.0 |   30,43 |-0,0010 |1592513033949 |[0.20012832, 0.25780183, 0.42767644, 0.9856611] |
|10 |   70 |0.36923078 | 5000 |      f4 |      11 |    23.0 |    16.0 |   30,43 |-0,0010 |1592513033949 |[0.20012832, 0.25780183, 0.42767644, 0.9856611] |
|10 |   70 |0.42857143 | 5000 |      f4 |      11 |    23.0 |    16.0 |   30,43 |-0,0010 |1592513033949 |[0.20012832, 0.25780183, 0.42767644, 0.9856611] |
|10 |   70 |0.35714287 | 5000 |      f4 |      11 |    23.0 |    16.0 |   30,43 |-0,0010 |1592513033949 |[0.20012832, 0.25780183, 0.42767644, 0.9856611] |
|10 |   70 |0.31428573 | 5000 |      f4 |      11 |    23.0 |    16.0 |   30,43 |-0,0010 |1592513033949 |[0.20012832, 0.25780183, 0.42767644, 0.9856611] |
|10 |   75 |0.31428573 | 5000 |      f4 |      11 |    23.0 |    16.0 |   30,43 |-0,0010 |1592513033949 |[0.20012832, 0.25780183, 0.42767644, 0.9856611] |
|10 |   75 |   0.4 | 5000 |      f4 |      11 |    23.0 |    16.0 |   30,43 |-0,0010 |1592513033949 |[0.20012832, 0.25780183, 0.42767644, 0.9856611] |
|10 |   75 |   0.4 | 5000 |      f4 |      11 |    23.0 |    16.0 |   30,43 |  1,3 |1592513033949 |[0.20012832, 0.25780183, 0.42767644, 0.9856611] |
|11 |   50 |  0.25 | 5000 |      f4 |      11 |    23.0 |    16.0 |   30,43 |-0,0020 |1592513035257 |[0.3602481, 0.76104575, 0.45520765, 0.4206704] |
|11 |   50 |  0.36 | 5000 |      f4 |      11 |    23.0 |    16.0 |   30,43 |-0,0020 |1592513035257 |[0.3602481, 0.76104575, 0.45520765, 0.4206704] |
|11 |   50 |  0.24 | 5000 |      f4 |      11 |    23.0 |    16.0 |   30,43 |-0,0020 |1592513035257 |[0.3602481, 0.76104575, 0.45520765, 0.4206704] |
|11 |   55 |  0.32 | 5000 |      f4 |      11 |    23.0 |    16.0 |   30,43 |-0,0020 |1592513035257 |[0.3602481, 0.76104575, 0.45520765, 0.4206704] |
|11 |   55 |0.43636364 | 5000 |      f4 |      11 |    23.0 |    16.0 |   30,43 |-0,0020 |1592513035257 |[0.3602481, 0.76104575, 0.45520765, 0.4206704] |
|11 |   55 |0.3272727 | 5000 |      f4 |      11 |    23.0 |    16.0 |   30,43 |-0,0020 |1592513035257 |[0.3602481, 0.76104575, 0.45520765, 0.4206704] |
|11 |   55 |0.34545454 | 5000 |      f4 |      11 |    23.0 |    16.0 |   30,43 |-0,0020 |1592513035257 |[0.3602481, 0.76104575, 0.45520765, 0.4206704] |
|11 |   60 |0.3272727 | 5000 |      f4 |      11 |    23.0 |    16.0 |   30,43 |-0,0020 |1592513035257 |[0.3602481, 0.76104575, 0.45520765, 0.4206704] |
|11 |   60 |0.43333334 | 5000 |      f4 |      11 |    23.0 |    16.0 |   30,43 |-0,0020 |1592513035257 |[0.3602481, 0.76104575, 0.45520765, 0.4206704] |
|11 |   60 |0.36666667 | 5000 |      f4 |      11 |    23.0 |    16.0 |   30,43 |-0,0020 |1592513035257 |[0.3602481, 0.76104575, 0.45520765, 0.4206704] |
|11 |   60 |0.31666666 | 5000 |      f4 |      11 |    23.0 |    16.0 |   30,43 |-0,0020 |1592513035257 |[0.3602481, 0.76104575, 0.45520765, 0.4206704] |
|11 |   65 |0.28333333 | 5000 |      f4 |      11 |    23.0 |    16.0 |   30,43 |-0,0020 |1592513035257 |[0.3602481, 0.76104575, 0.45520765, 0.4206704] |
|11 |   65 |0.2923077 | 5000 |      f4 |      11 |    23.0 |    16.0 |   30,43 |-0,0020 |1592513035257 |[0.3602481, 0.76104575, 0.45520765, 0.4206704] |
|11 |   65 |0.33846155 | 5000 |      f4 |      11 |    23.0 |    16.0 |   30,43 |-0,0020 |1592513035257 |[0.3602481, 0.76104575, 0.45520765, 0.4206704] |
|11 |   65 |   0.4 | 5000 |      f4 |      11 |    23.0 |    16.0 |   30,43 |-0,0020 |1592513035257 |[0.3602481, 0.76104575, 0.45520765, 0.4206704] |
|11 |   70 |  0.45 | 5000 |      f4 |      11 |    23.0 |    16.0 |   30,43 |-0,0020 |1592513035257 |[0.3602481, 0.76104575, 0.45520765, 0.4206704] |
|11 |   70 |0.3857143 | 5000 |      f4 |      11 |    23.0 |    16.0 |   30,43 |-0,0020 |1592513035257 |[0.3602481, 0.76104575, 0.45520765, 0.4206704] |
|11 |   70 |0.37142858 | 5000 |      f4 |      11 |    23.0 |    16.0 |   30,43 |-0,0020 |1592513035257 |[0.3602481, 0.76104575, 0.45520765, 0.4206704] |
|11 |   70 |0.41428572 | 5000 |      f4 |      11 |    23.0 |    16.0 |   30,43 |-0,0020 |1592513035257 |[0.3602481, 0.76104575, 0.45520765, 0.4206704] |
|11 |   75 |   0.4 | 5000 |      f4 |      11 |    23.0 |    16.0 |   30,43 |-0,0020 |1592513035257 |[0.3602481, 0.76104575, 0.45520765, 0.4206704] |
|11 |   75 |0.29333332 | 5000 |      f4 |      11 |    23.0 |    16.0 |   30,43 |-0,0020 |1592513035257 |[0.3602481, 0.76104575, 0.45520765, 0.4206704] |
|11 |   75 |0.29333332 | 5000 |      f4 |      11 |    23.0 |    16.0 |   30,43 |  1,3 |1592513035257 |[0.3602481, 0.76104575, 0.45520765, 0.4206704] |
|12 |   50 |  0.25 | 5000 |      f4 |      11 |    23.0 |    16.0 |   30,43 |-0,0010 |1592513036567 |[0.57312644, 0.31926298, 0.7576337, 0.81254226] |
|12 |   50 |  0.44 | 5000 |      f4 |      11 |    23.0 |    16.0 |   30,43 |-0,0010 |1592513036567 |[0.57312644, 0.31926298, 0.7576337, 0.81254226] |
|12 |   50 |  0.28 | 5000 |      f4 |      11 |    23.0 |    16.0 |   30,43 |-0,0010 |1592513036567 |[0.57312644, 0.31926298, 0.7576337, 0.81254226] |
|12 |   55 |  0.36 | 5000 |      f4 |      11 |    23.0 |    16.0 |   30,43 |-0,0010 |1592513036567 |[0.57312644, 0.31926298, 0.7576337, 0.81254226] |
|12 |   55 |0.3272727 | 5000 |      f4 |      11 |    23.0 |    16.0 |   30,43 |-0,0010 |1592513036567 |[0.57312644, 0.31926298, 0.7576337, 0.81254226] |
|12 |   55 |   0.4 | 5000 |      f4 |      11 |    23.0 |    16.0 |   30,43 |-0,0010 |1592513036567 |[0.57312644, 0.31926298, 0.7576337, 0.81254226] |
|12 |   55 |0.14545454 | 5000 |      f4 |      11 |    23.0 |    16.0 |   30,43 |-0,0010 |1592513036567 |[0.57312644, 0.31926298, 0.7576337, 0.81254226] |
|12 |   60 |0.29090908 | 5000 |      f4 |      11 |    23.0 |    16.0 |   30,43 |-0,0010 |1592513036567 |[0.57312644, 0.31926298, 0.7576337, 0.81254226] |
|12 |   60 |0.38333333 | 5000 |      f4 |      11 |    23.0 |    16.0 |   30,43 |-0,0010 |1592513036567 |[0.57312644, 0.31926298, 0.7576337, 0.81254226] |
|12 |   60 |0.33333334 | 5000 |      f4 |      11 |    23.0 |    16.0 |   30,43 |-0,0010 |1592513036567 |[0.57312644, 0.31926298, 0.7576337, 0.81254226] |
|12 |   60 |  0.15 | 5000 |      f4 |      11 |    23.0 |    16.0 |   30,43 |-0,0010 |1592513036567 |[0.57312644, 0.31926298, 0.7576337, 0.81254226] |
|12 |   65 |0.31666666 | 5000 |      f4 |      11 |    23.0 |    16.0 |   30,43 |-0,0010 |1592513036567 |[0.8688419, 0.6398385, 0.9630919, 0.21481329] |
|12 |   65 |  0.45 | 5000 |      f4 |      11 |    23.0 |    16.0 |   30,43 |-0,0010 |1592513036567 |[0.8688419, 0.6398385, 0.9630919, 0.21481329] |
|12 |   65 |0.36923078 | 5000 |      f4 |      11 |    23.0 |    16.0 |   30,43 |-0,0010 |1592513036567 |[0.8688419, 0.6398385, 0.9630919, 0.21481329] |
|12 |   65 |  0.45 | 5000 |      f4 |      11 |    23.0 |    16.0 |   30,43 |-0,0010 |1592513036567 |[0.8688419, 0.6398385, 0.9630919, 0.21481329] |
|12 |   70 |0.2769231 | 5000 |      f4 |      11 |    23.0 |    16.0 |   30,43 |-0,0010 |1592513036567 |[0.8688419, 0.6398385, 0.9630919, 0.21481329] |
|12 |   70 |  0.45 | 5000 |      f4 |      11 |    23.0 |    16.0 |   30,43 |-0,0010 |1592513036567 |[0.8688419, 0.6398385, 0.9630919, 0.21481329] |
|12 |   70 |   0.4 | 5000 |      f4 |      11 |    23.0 |    16.0 |   30,43 |-0,0010 |1592513036567 |[0.8688419, 0.6398385, 0.9630919, 0.21481329] |
|12 |   70 |0.41428572 | 5000 |      f4 |      11 |    23.0 |    16.0 |   30,43 |-0,0010 |1592513036567 |[0.8688419, 0.6398385, 0.9630919, 0.21481329] |
|12 |   75 |0.2857143 | 5000 |      f4 |      11 |    23.0 |    16.0 |   30,43 |-0,0010 |1592513036567 |[0.8688419, 0.6398385, 0.9630919, 0.21481329] |
|12 |   75 |  0.44 | 5000 |      f4 |      11 |    23.0 |    16.0 |   30,43 |-0,0010 |1592513036567 |[0.8688419, 0.6398385, 0.9630919, 0.21481329] |
|12 |   75 |  0.44 | 5000 |      f4 |      11 |    23.0 |    16.0 |   30,43 |  1,3 |1592513036567 |[0.8688419, 0.6398385, 0.9630919, 0.21481329] |
|13 |   50 |  0.25 | 5000 |      f4 |      11 |    23.0 |    16.0 |   30,43 |-0,0020 |1592513037883 |[0.9299549, 0.717374, 0.8945792, 0.24366295] |
|13 |   50 |  0.24 | 5000 |      f4 |      11 |    23.0 |    16.0 |   30,43 |-0,0020 |1592513037883 |[0.9299549, 0.717374, 0.8945792, 0.24366295] |
|13 |   50 |  0.34 | 5000 |      f4 |      11 |    23.0 |    16.0 |   30,43 |-0,0020 |1592513037883 |[0.9299549, 0.717374, 0.8945792, 0.24366295] |
|13 |   55 |  0.32 | 5000 |      f4 |      11 |    23.0 |    16.0 |   30,43 |-0,0020 |1592513037883 |[0.9299549, 0.717374, 0.8945792, 0.24366295] |
|13 |   55 |0.4181818 | 5000 |      f4 |      11 |    23.0 |    16.0 |   30,43 |-0,0020 |1592513037883 |[0.9299549, 0.717374, 0.8945792, 0.24366295] |
|13 |   55 |0.29090908 | 5000 |      f4 |      11 |    23.0 |    16.0 |   30,43 |-0,0020 |1592513037883 |[0.9299549, 0.717374, 0.8945792, 0.24366295] |
|13 |   55 |   0.2 | 5000 |      f4 |      11 |    23.0 |    16.0 |   30,43 |-0,0020 |1592513037883 |[0.9299549, 0.717374, 0.8945792, 0.24366295] |
|13 |   60 |0.3272727 | 5000 |      f4 |      11 |    23.0 |    16.0 |   30,43 |-0,0020 |1592513037883 |[0.9299549, 0.717374, 0.8945792, 0.24366295] |
|13 |   60 |0.43333334 | 5000 |      f4 |      11 |    23.0 |    16.0 |   30,43 |-0,0020 |1592513037883 |[0.9299549, 0.717374, 0.8945792, 0.24366295] |
|13 |   60 |  0.35 | 5000 |      f4 |      11 |    23.0 |    16.0 |   30,43 |-0,0020 |1592513037883 |[0.9299549, 0.717374, 0.8945792, 0.24366295] |
|13 |   60 |0.28333333 | 5000 |      f4 |      11 |    23.0 |    16.0 |   30,43 |-0,0020 |1592513037883 |[0.9299549, 0.717374, 0.8945792, 0.24366295] |
|13 |   65 |0.33333334 | 5000 |      f4 |      11 |    23.0 |    16.0 |   30,43 |-0,0020 |1592513037883 |[0.9299549, 0.717374, 0.8945792, 0.24366295] |
|13 |   65 |  0.45 | 5000 |      f4 |      11 |    23.0 |    16.0 |   30,43 |-0,0020 |1592513037883 |[0.9299549, 0.717374, 0.8945792, 0.24366295] |
|13 |   65 |   0.4 | 5000 |      f4 |      11 |    23.0 |    16.0 |   30,43 |-0,0020 |1592513037883 |[0.9299549, 0.717374, 0.8945792, 0.24366295] |
|13 |   65 |0.32307693 | 5000 |      f4 |      11 |    23.0 |    16.0 |   30,43 |-0,0020 |1592513037883 |[0.9299549, 0.717374, 0.8945792, 0.24366295] |
|13 |   70 |0.36923078 | 5000 |      f4 |      11 |    23.0 |    16.0 |   30,43 |-0,0020 |1592513037883 |[0.9299549, 0.717374, 0.8945792, 0.24366295] |
|13 |   70 |0.3857143 | 5000 |      f4 |      11 |    23.0 |    16.0 |   30,43 |-0,0020 |1592513037883 |[0.9299549, 0.717374, 0.8945792, 0.24366295] |
|13 |   70 |0.3857143 | 5000 |      f4 |      11 |    23.0 |    16.0 |   30,43 |-0,0020 |1592513037883 |[0.9299549, 0.717374, 0.8945792, 0.24366295] |
|13 |   70 |0.34285715 | 5000 |      f4 |      11 |    23.0 |    16.0 |   30,43 |-0,0020 |1592513037883 |[0.9299549, 0.717374, 0.8945792, 0.24366295] |
|13 |   75 |0.35714287 | 5000 |      f4 |      11 |    23.0 |    16.0 |   30,43 |-0,0020 |1592513037883 |[0.9299549, 0.717374, 0.8945792, 0.24366295] |
|13 |   75 |   0.4 | 5000 |      f4 |      11 |    23.0 |    16.0 |   30,43 |-0,0020 |1592513037883 |[0.9299549, 0.717374, 0.8945792, 0.24366295] |
|13 |   75 |   0.4 | 5000 |      f4 |      11 |    23.0 |    16.0 |   30,43 |  1,3 |1592513037883 |[0.9299549, 0.717374, 0.8945792, 0.24366295] |
|14 |   50 |  0.25 | 5000 |      f4 |      11 |    23.0 |    16.0 |   30,43 |-0,0020 |1592513039195 |[0.7709129, 0.8828161, 0.69514096, 0.23788911] |
|14 |   50 |  0.34 | 5000 |      f4 |      11 |    23.0 |    16.0 |   30,43 |-0,0020 |1592513039195 |[0.7709129, 0.8828161, 0.69514096, 0.23788911] |
|14 |   50 |  0.36 | 5000 |      f4 |      11 |    23.0 |    16.0 |   30,43 |-0,0020 |1592513039195 |[0.7709129, 0.8828161, 0.69514096, 0.23788911] |
|14 |   55 |  0.32 | 5000 |      f4 |      11 |    23.0 |    16.0 |   30,43 |-0,0020 |1592513039195 |[0.7709129, 0.8828161, 0.69514096, 0.23788911] |
|14 |   55 |  0.45 | 5000 |      f4 |      11 |    23.0 |    16.0 |   30,43 |-0,0020 |1592513039195 |[0.7709129, 0.8828161, 0.69514096, 0.23788911] |
|14 |   55 |  0.45 | 5000 |      f4 |      11 |    23.0 |    16.0 |   30,43 |-0,0020 |1592513039195 |[0.7709129, 0.8828161, 0.69514096, 0.23788911] |
|14 |   55 |0.38181818 | 5000 |      f4 |      11 |    23.0 |    16.0 |   30,43 |-0,0020 |1592513039195 |[0.7709129, 0.8828161, 0.69514096, 0.23788911] |
|14 |   60 |0.36363637 | 5000 |      f4 |      11 |    23.0 |    16.0 |   30,43 |-0,0020 |1592513039195 |[0.7709129, 0.8828161, 0.69514096, 0.23788911] |
|14 |   60 |  0.45 | 5000 |      f4 |      11 |    23.0 |    16.0 |   30,43 |-0,0020 |1592513039195 |[0.7709129, 0.8828161, 0.69514096, 0.23788911] |
|14 |   60 |  0.45 | 5000 |      f4 |      11 |    23.0 |    16.0 |   30,43 |-0,0020 |1592513039195 |[0.7709129, 0.8828161, 0.69514096, 0.23788911] |
|14 |   60 |0.36666667 | 5000 |      f4 |      11 |    23.0 |    16.0 |   30,43 |-0,0020 |1592513039195 |[0.7709129, 0.8828161, 0.69514096, 0.23788911] |
|14 |   65 |0.31666666 | 5000 |      f4 |      11 |    23.0 |    16.0 |   30,43 |-0,0020 |1592513039195 |[0.7709129, 0.8828161, 0.69514096, 0.23788911] |
|14 |   65 |0.44615385 | 5000 |      f4 |      11 |    23.0 |    16.0 |   30,43 |-0,0020 |1592513039195 |[0.7709129, 0.8828161, 0.69514096, 0.23788911] |
|14 |   65 |0.32307693 | 5000 |      f4 |      11 |    23.0 |    16.0 |   30,43 |-0,0020 |1592513039195 |[0.7709129, 0.8828161, 0.69514096, 0.23788911] |
|14 |   65 |0.30769232 | 5000 |      f4 |      11 |    23.0 |    16.0 |   30,43 |-0,0020 |1592513039195 |[0.7709129, 0.8828161, 0.69514096, 0.23788911] |
|14 |   70 |   0.2 | 5000 |      f4 |      11 |    23.0 |    16.0 |   30,43 |-0,0020 |1592513039195 |[0.7709129, 0.8828161, 0.69514096, 0.23788911] |
|14 |   70 |0.37142858 | 5000 |      f4 |      11 |    23.0 |    16.0 |   30,43 |-0,0020 |1592513039195 |[0.7709129, 0.8828161, 0.69514096, 0.23788911] |
|14 |   70 |0.44285715 | 5000 |      f4 |      11 |    23.0 |    16.0 |   30,43 |-0,0020 |1592513039195 |[0.7709129, 0.8828161, 0.69514096, 0.23788911] |
|14 |   70 |0.31428573 | 5000 |      f4 |      11 |    23.0 |    16.0 |   30,43 |-0,0020 |1592513039195 |[0.7709129, 0.8828161, 0.69514096, 0.23788911] |
|14 |   75 |0.3857143 | 5000 |      f4 |      11 |    23.0 |    16.0 |   30,43 |-0,0020 |1592513039195 |[0.7709129, 0.8828161, 0.69514096, 0.23788911] |
|14 |   75 |  0.45 | 5000 |      f4 |      11 |    23.0 |    16.0 |   30,43 |-0,0020 |1592513039195 |[0.7709129, 0.8828161, 0.69514096, 0.23788911] |
|14 |   75 |  0.45 | 5000 |      f4 |      11 |    23.0 |    16.0 |   30,43 |  1,3 |1592513039195 |[0.7709129, 0.8828161, 0.69514096, 0.23788911] |
|15 |   50 |  0.25 | 5000 |      f4 |      11 |    23.0 |    16.0 |   30,43 |-0,0020 |1592513040508 |[0.6170241, 0.86497724, 0.5107821, 0.7203415] |
|15 |   50 |  0.38 | 5000 |      f4 |      11 |    23.0 |    16.0 |   30,43 |-0,0020 |1592513040508 |[0.6170241, 0.86497724, 0.5107821, 0.7203415] |
|15 |   50 |  0.44 | 5000 |      f4 |      11 |    23.0 |    16.0 |   30,43 |-0,0020 |1592513040508 |[0.15057862, 0.29139858, 0.03346771, 0.93056667] |
|15 |   55 |  0.28 | 5000 |      f4 |      11 |    23.0 |    16.0 |   30,43 |-0,0020 |1592513040508 |[0.15057862, 0.29139858, 0.03346771, 0.93056667] |
|15 |   55 |   0.4 | 5000 |      f4 |      11 |    23.0 |    16.0 |   30,43 |-0,0020 |1592513040508 |[0.41319597, 0.095492244, 0.29811, 0.64695674] |
|15 |   55 |0.3272727 | 5000 |      f4 |      11 |    23.0 |    16.0 |   30,43 |-0,0020 |1592513040508 |[0.27845293, 0.9960459, 0.9819066, 0.65769875] |
|15 |   55 |   0.4 | 5000 |      f4 |      11 |    23.0 |    16.0 |   30,43 |-0,0020 |1592513040508 |[0.27845293, 0.9960459, 0.9819066, 0.65769875] |
|15 |   60 |0.34545454 | 5000 |      f4 |      11 |    23.0 |    16.0 |   30,43 |-0,0020 |1592513040508 |[0.27845293, 0.9960459, 0.9819066, 0.65769875] |
|15 |   60 |0.38333333 | 5000 |      f4 |      11 |    23.0 |    16.0 |   30,43 |-0,0020 |1592513040508 |[0.27845293, 0.9960459, 0.9819066, 0.65769875] |
|15 |   60 |  0.35 | 5000 |      f4 |      11 |    23.0 |    16.0 |   30,43 |-0,0020 |1592513040508 |[0.1831556, 0.81926644, 0.27518302, 0.06850952] |
|15 |   60 |0.36666667 | 5000 |      f4 |      11 |    23.0 |    16.0 |   30,43 |-0,0020 |1592513040508 |[0.1831556, 0.81926644, 0.27518302, 0.06850952] |
|15 |   65 |  0.25 | 5000 |      f4 |      11 |    23.0 |    16.0 |   30,43 |-0,0020 |1592513040508 |[0.65170467, 0.71163625, 0.0894928, 0.366934] |
|15 |   65 |  0.45 | 5000 |      f4 |      11 |    23.0 |    16.0 |   30,43 |-0,0020 |1592513040508 |[0.65170467, 0.71163625, 0.0894928, 0.366934] |
|15 |   65 |0.36923078 | 5000 |      f4 |      11 |    23.0 |    16.0 |   30,43 |-0,0020 |1592513040508 |[0.65170467, 0.71163625, 0.0894928, 0.366934] |
|15 |   65 |0.32307693 | 5000 |      f4 |      11 |    23.0 |    16.0 |   30,43 |-0,0020 |1592513040508 |[0.65170467, 0.71163625, 0.0894928, 0.366934] |
|15 |   70 |0.32307693 | 5000 |      f4 |      11 |    23.0 |    16.0 |   30,43 |-0,0020 |1592513040508 |[0.65170467, 0.71163625, 0.0894928, 0.366934] |
|15 |   70 |0.41428572 | 5000 |      f4 |      11 |    23.0 |    16.0 |   30,43 |-0,0020 |1592513040508 |[0.65170467, 0.71163625, 0.0894928, 0.366934] |
|15 |   70 |   0.3 | 5000 |      f4 |      11 |    23.0 |    16.0 |   30,43 |-0,0020 |1592513040508 |[0.65170467, 0.71163625, 0.0894928, 0.366934] |
|15 |   70 |0.35714287 | 5000 |      f4 |      11 |    23.0 |    16.0 |   30,43 |-0,0020 |1592513040508 |[0.65170467, 0.71163625, 0.0894928, 0.366934] |
|15 |   75 |0.34285715 | 5000 |      f4 |      11 |    23.0 |    16.0 |   30,43 |-0,0020 |1592513040508 |[0.65170467, 0.71163625, 0.0894928, 0.366934] |
|15 |   75 |0.41333333 | 5000 |      f4 |      11 |    23.0 |    16.0 |   30,43 |-0,0020 |1592513040508 |[0.65170467, 0.71163625, 0.0894928, 0.366934] |
|15 |   75 |0.41333333 | 5000 |      f4 |      11 |    23.0 |    16.0 |   30,43 |  1,3 |1592513040508 |[0.65170467, 0.71163625, 0.0894928, 0.366934] |
