| # | Nest | %Desc |#Iter |Instancia | CapMoch |ValOptmo | BestFit |     RDP | time |      semilla |VectorSolucion |
-------------------------------------------------------------------------------------------------
| 1 |   25 |  0.25 | 2500 |      f9 |      80 |   130.0 |   130.0 |    0,00 |-1,6e+09 |1592499474817 |[0.88755214, 0.16292995, 0.6381946, 0.9063935, 0.27414668] |
| 2 |   25 |  0.25 | 2500 |      f9 |      80 |   130.0 |   130.0 |    0,00 |  0,0 |1592499474818 |[0.14086258, 0.88655466, 0.9133588, 0.6830907, 0.64750886] |
| 3 |   25 |  0.25 | 2500 |      f9 |      80 |   130.0 |   130.0 |    0,00 |  0,0 |1592499474819 |[0.763081, 0.49190187, 0.21772867, 0.26215118, 0.79476154] |
| 4 |   25 |  0.25 | 2500 |      f9 |      80 |   130.0 |   130.0 |    0,00 |  0,0 |1592499474820 |[0.85249364, 0.17578441, 0.22815895, 0.958674, 0.7903679] |
| 5 |   25 |  0.25 | 2500 |      f9 |      80 |   130.0 |   130.0 |    0,00 |  0,0 |1592499474821 |[0.5302185, 0.29708457, 0.65781987, 0.64663166, 0.89816] |
| 6 |   25 |  0.25 | 2500 |      f9 |      80 |   130.0 |   130.0 |    0,00 |-0,0010 |1592499474822 |[0.6864645, 0.7557466, 0.6090978, 0.65608984, 0.6039363] |
| 7 |   25 |  0.25 | 2500 |      f9 |      80 |   130.0 |   130.0 |    0,00 |-0,0010 |1592499474823 |[0.004599631, 0.84024495, 0.5172582, 0.87101203, 0.010921478] |
| 8 |   25 |  0.25 | 2500 |      f9 |      80 |   130.0 |   130.0 |    0,00 |  0,0 |1592499474823 |[0.83163786, 0.198951, 0.16828805, 0.52186733, 0.7898377] |
| 9 |   25 |  0.25 | 2500 |      f9 |      80 |   130.0 |   130.0 |    0,00 |  0,0 |1592499474824 |[0.6461891, 0.57450044, 0.9446123, 0.12650841, 0.354627] |
|10 |   25 |  0.25 | 2500 |      f9 |      80 |   130.0 |   130.0 |    0,00 |  0,0 |1592499474825 |[0.32910848, 0.39736927, 0.85650486, 0.16508174, 0.3547594] |
|11 |   25 |  0.25 | 2500 |      f9 |      80 |   130.0 |   130.0 |    0,00 |  0,0 |1592499474826 |[0.7446435, 0.4903589, 0.8385761, 0.92187035, 0.45925927] |
|12 |   25 |  0.25 | 2500 |      f9 |      80 |   130.0 |   130.0 |    0,00 |-0,0010 |1592499474828 |[0.061902165, 0.43486285, 0.9034013, 0.09520924, 0.28812283] |
|13 |   25 |  0.25 | 2500 |      f9 |      80 |   130.0 |   130.0 |    0,00 |-0,0010 |1592499474829 |[0.44323862, 0.87704116, 0.91344696, 0.46295804, 0.7252674] |
|14 |   25 |  0.25 | 2500 |      f9 |      80 |   130.0 |   130.0 |    0,00 |  0,0 |1592499474830 |[0.46633428, 0.69292337, 0.9627724, 0.60103303, 0.14516515] |
|15 |   25 |  0.25 | 2500 |      f9 |      80 |   130.0 |   130.0 |    0,00 |-0,0010 |1592499474832 |[0.8888189, 0.78772706, 0.7675866, 0.98005587, 0.9424028] |
