|Instancia |Ejecucion |Iteracion |Iter Max |Nidos |   %Pa |tipoDiscretizacion |tipoBinarizacion | CapMoch |   Optmo |OptimoObtenido |     RDP | time |      semilla |VectorSolucionReal |VectorSolucionBinario |
-------------------------------------------------------------------------------------------------
|      f5 | 1 |       1 |    5000 |   25 |  0.25 |standard | sshape3 |     375 |481.0694 |   477.0 |    0,85 |-1,6e+09 |1594061818544 |[0.5481932, 0.9151688, 0.13641387, 0.26778176, 0.8181875, 0.6605861, 0.5441202, 0.70849556, 0.8349985, 0.3210077, 1.0E-12, 0.5947253, 1.0, 0.434887, 0.0074953437] |[0.0, 0.0, 1.0, 0.0, 1.0, 0.0, 1.0, 1.0, 0.0, 1.0, 1.0, 1.0, 0.0, 1.0, 1.0] |
|      f5 | 1 |     500 |    5000 |   25 |   0.4 |standard | sshape3 |     375 |481.0694 |   477.0 |    0,85 |-1,6e+09 |1594061818544 |[0.5481932, 0.9151688, 0.13641387, 0.26778176, 0.8181875, 0.6605861, 0.5441202, 0.70849556, 0.8349985, 0.3210077, 1.0E-12, 0.5947253, 1.0, 0.434887, 0.0074953437] |[0.0, 0.0, 1.0, 0.0, 1.0, 0.0, 1.0, 1.0, 1.0, 0.0, 1.0, 1.0, 1.0, 0.0, 1.0] |
|      f5 | 1 |    1000 |    5000 |   25 |  0.36 |standard | sshape3 |     375 |481.0694 |   477.0 |    0,85 |-1,6e+09 |1594061818544 |[0.5481932, 0.9151688, 0.13641387, 0.26778176, 0.8181875, 0.6605861, 0.5441202, 0.70849556, 0.8349985, 0.3210077, 1.0E-12, 0.5947253, 1.0, 0.434887, 0.0074953437] |[0.0, 0.0, 1.0, 1.0, 0.0, 1.0, 0.0, 1.0, 0.0, 1.0, 1.0, 1.0, 1.0, 0.0, 0.0] |
|      f5 | 1 |    1500 |    5000 |   30 |  0.24 |standard | sshape3 |     375 |481.0694 |   477.0 |    0,85 |-1,6e+09 |1594061818544 |[0.5481932, 0.9151688, 0.13641387, 0.26778176, 0.8181875, 0.6605861, 0.5441202, 0.70849556, 0.8349985, 0.3210077, 1.0E-12, 0.5947253, 1.0, 0.434887, 0.0074953437] |[0.0, 0.0, 0.0, 0.0, 0.0, 0.0, 0.0, 0.0, 0.0, 0.0, 0.0, 0.0, 0.0, 0.0, 0.0] |
|      f5 | 1 |    2000 |    5000 |   30 |  0.45 |standard | sshape3 |     375 |481.0694 |   477.0 |    0,85 |-1,6e+09 |1594061818544 |[0.5481932, 0.9151688, 0.13641387, 0.26778176, 0.8181875, 0.6605861, 0.5441202, 0.70849556, 0.8349985, 0.3210077, 1.0E-12, 0.5947253, 1.0, 0.434887, 0.0074953437] |[0.0, 0.0, 1.0, 0.0, 0.0, 1.0, 1.0, 1.0, 0.0, 1.0, 1.0, 1.0, 1.0, 1.0, 0.0] |
|      f5 | 1 |    2500 |    5000 |   30 |0.43333334 |standard | sshape3 |     375 |481.0694 |   477.0 |    0,85 |-1,6e+09 |1594061818544 |[0.5481932, 0.9151688, 0.13641387, 0.26778176, 0.8181875, 0.6605861, 0.5441202, 0.70849556, 0.8349985, 0.3210077, 1.0E-12, 0.5947253, 1.0, 0.434887, 0.0074953437] |[1.0, 1.0, 0.0, 0.0, 0.0, 0.0, 0.0, 1.0, 1.0, 1.0, 1.0, 1.0, 1.0, 1.0, 0.0] |
|      f5 | 1 |    3000 |    5000 |   30 |0.33333334 |standard | sshape3 |     375 |481.0694 |   477.0 |    0,85 |-1,6e+09 |1594061818544 |[0.5481932, 0.9151688, 0.13641387, 0.26778176, 0.8181875, 0.6605861, 0.5441202, 0.70849556, 0.8349985, 0.3210077, 1.0E-12, 0.5947253, 1.0, 0.434887, 0.0074953437] |[0.0, 1.0, 1.0, 0.0, 0.0, 1.0, 0.0, 1.0, 1.0, 1.0, 1.0, 1.0, 0.0, 1.0, 0.0] |
|      f5 | 1 |    3500 |    5000 |   35 |0.36666667 |standard | sshape3 |     375 |481.0694 |   477.0 |    0,85 |-1,6e+09 |1594061818544 |[0.5481932, 0.9151688, 0.13641387, 0.26778176, 0.8181875, 0.6605861, 0.5441202, 0.70849556, 0.8349985, 0.3210077, 1.0E-12, 0.5947253, 1.0, 0.434887, 0.0074953437] |[0.0, 0.0, 0.0, 0.0, 0.0, 0.0, 0.0, 0.0, 0.0, 0.0, 0.0, 0.0, 0.0, 0.0, 0.0] |
|      f5 | 1 |    4000 |    5000 |   35 |0.34285715 |standard | sshape3 |     375 |481.0694 |   477.0 |    0,85 |-1,6e+09 |1594061818544 |[0.7476699, 0.2097081, 0.09174669, 0.32515424, 0.66695404, 0.022466123, 0.5219427, 0.47033918, 0.8642848, 0.5124795, 0.301108, 0.81467086, 0.6696123, 0.7676017, 0.35831213] |[0.0, 0.0, 0.0, 1.0, 1.0, 0.0, 0.0, 1.0, 1.0, 1.0, 0.0, 1.0, 0.0, 1.0, 1.0] |
|      f5 | 1 |    4500 |    5000 |   35 |0.2857143 |standard | sshape3 |     375 |481.0694 |   477.0 |    0,85 |-1,6e+09 |1594061818544 |[0.7476699, 0.2097081, 0.09174669, 0.32515424, 0.66695404, 0.022466123, 0.5219427, 0.47033918, 0.8642848, 0.5124795, 0.301108, 0.81467086, 0.6696123, 0.7676017, 0.35831213] |[0.0, 0.0, 1.0, 0.0, 1.0, 0.0, 1.0, 1.0, 1.0, 1.0, 0.0, 1.0, 0.0, 1.0, 1.0] |
|      f5 | 1 |    5000 |    5000 |   35 |0.2857143 |standard | sshape3 |     375 |481.0694 |   477.0 |    0,85 |-1,6e+09 |1594061818544 |[0.7476699, 0.2097081, 0.09174669, 0.32515424, 0.66695404, 0.022466123, 0.5219427, 0.47033918, 0.8642848, 0.5124795, 0.301108, 0.81467086, 0.6696123, 0.7676017, 0.35831213] |[0.0, 1.0, 1.0, 0.0, 0.0, 1.0, 1.0, 1.0, 1.0, 1.0, 0.0, 1.0, 1.0, 0.0, 0.0] |
|      f5 | 1 |    5001 |    5000 |   35 |0.2857143 |standard | sshape3 |     375 |481.0694 |   477.0 |    0,85 |  1,3 |1594061818544 |[0.7476699, 0.2097081, 0.09174669, 0.32515424, 0.66695404, 0.022466123, 0.5219427, 0.47033918, 0.8642848, 0.5124795, 0.301108, 0.81467086, 0.6696123, 0.7676017, 0.35831213] |[0.0, 1.0, 1.0, 0.0, 0.0, 1.0, 1.0, 1.0, 1.0, 1.0, 0.0, 1.0, 1.0, 0.0, 0.0] |
|      f5 | 2 |       1 |    5000 |   25 |  0.25 |standard | sshape3 |     375 |481.0694 |   477.0 |    0,85 |-0,0010 |1594061819807 |[0.9531129, 0.12669367, 0.90437824, 0.38962513, 0.24847883, 0.06590742, 0.64955336, 0.13617009, 0.4187721, 0.3661028, 0.8761821, 0.07651895, 0.9948204, 0.7179119, 0.6985323] |[0.0, 0.0, 1.0, 1.0, 1.0, 0.0, 1.0, 1.0, 1.0, 0.0, 0.0, 1.0, 0.0, 0.0, 1.0] |
|      f5 | 2 |     500 |    5000 |   30 |  0.36 |standard | sshape3 |     375 |481.0694 |   477.0 |    0,85 |-0,0010 |1594061819807 |[0.9531129, 0.12669367, 0.90437824, 0.38962513, 0.24847883, 0.06590742, 0.64955336, 0.13617009, 0.4187721, 0.3661028, 0.8761821, 0.07651895, 0.9948204, 0.7179119, 0.6985323] |[0.0, 0.0, 0.0, 0.0, 0.0, 0.0, 0.0, 0.0, 0.0, 0.0, 0.0, 0.0, 0.0, 0.0, 0.0] |
|      f5 | 2 |    1000 |    5000 |   30 |  0.45 |standard | sshape3 |     375 |481.0694 |   477.0 |    0,85 |-0,0010 |1594061819807 |[0.9531129, 0.12669367, 0.90437824, 0.38962513, 0.24847883, 0.06590742, 0.64955336, 0.13617009, 0.4187721, 0.3661028, 0.8761821, 0.07651895, 0.9948204, 0.7179119, 0.6985323] |[0.0, 1.0, 1.0, 0.0, 1.0, 1.0, 0.0, 1.0, 1.0, 0.0, 1.0, 1.0, 0.0, 0.0, 0.0] |
|      f5 | 2 |    1500 |    5000 |   30 |   0.3 |standard | sshape3 |     375 |481.0694 |   477.0 |    0,85 |-0,0010 |1594061819807 |[0.9531129, 0.12669367, 0.90437824, 0.38962513, 0.24847883, 0.06590742, 0.64955336, 0.13617009, 0.4187721, 0.3661028, 0.8761821, 0.07651895, 0.9948204, 0.7179119, 0.6985323] |[0.0, 0.0, 0.0, 1.0, 1.0, 1.0, 1.0, 1.0, 0.0, 0.0, 0.0, 1.0, 0.0, 1.0, 0.0] |
|      f5 | 2 |    2000 |    5000 |   30 |   0.4 |standard | sshape3 |     375 |481.0694 |   477.0 |    0,85 |-0,0010 |1594061819807 |[0.9531129, 0.12669367, 0.90437824, 0.38962513, 0.24847883, 0.06590742, 0.64955336, 0.13617009, 0.4187721, 0.3661028, 0.8761821, 0.07651895, 0.9948204, 0.7179119, 0.6985323] |[0.0, 1.0, 1.0, 1.0, 0.0, 0.0, 0.0, 1.0, 0.0, 0.0, 1.0, 1.0, 0.0, 0.0, 1.0] |
|      f5 | 2 |    2500 |    5000 |   35 |   0.4 |standard | sshape3 |     375 |481.0694 |   477.0 |    0,85 |-0,0010 |1594061819807 |[0.9531129, 0.12669367, 0.90437824, 0.38962513, 0.24847883, 0.06590742, 0.64955336, 0.13617009, 0.4187721, 0.3661028, 0.8761821, 0.07651895, 0.9948204, 0.7179119, 0.6985323] |[0.0, 0.0, 0.0, 0.0, 0.0, 0.0, 0.0, 0.0, 0.0, 0.0, 0.0, 0.0, 0.0, 0.0, 0.0] |
|      f5 | 2 |    3000 |    5000 |   35 |0.25714287 |standard | sshape3 |     375 |481.0694 |   477.0 |    0,85 |-0,0010 |1594061819807 |[0.9531129, 0.12669367, 0.90437824, 0.38962513, 0.24847883, 0.06590742, 0.64955336, 0.13617009, 0.4187721, 0.3661028, 0.8761821, 0.07651895, 0.9948204, 0.7179119, 0.6985323] |[0.0, 1.0, 0.0, 0.0, 1.0, 0.0, 1.0, 1.0, 0.0, 0.0, 1.0, 1.0, 0.0, 1.0, 1.0] |
|      f5 | 2 |    3500 |    5000 |   35 |0.2857143 |standard | sshape3 |     375 |481.0694 |   477.0 |    0,85 |-0,0010 |1594061819807 |[0.5117828, 0.9469798, 0.19379699, 0.7554971, 0.96749103, 0.7839505, 0.7280163, 0.8319985, 0.6281679, 0.6740603, 0.60477704, 0.850279, 0.3860308, 0.52005154, 0.18544972] |[0.0, 0.0, 1.0, 0.0, 1.0, 0.0, 1.0, 1.0, 0.0, 1.0, 1.0, 1.0, 0.0, 1.0, 1.0] |
|      f5 | 2 |    4000 |    5000 |   35 |0.42857143 |standard | sshape3 |     375 |481.0694 |   477.0 |    0,85 |-0,0010 |1594061819807 |[0.5117828, 0.9469798, 0.19379699, 0.7554971, 0.96749103, 0.7839505, 0.7280163, 0.8319985, 0.6281679, 0.6740603, 0.60477704, 0.850279, 0.3860308, 0.52005154, 0.18544972] |[0.0, 0.0, 1.0, 0.0, 0.0, 1.0, 1.0, 1.0, 1.0, 1.0, 1.0, 1.0, 0.0, 1.0, 0.0] |
|      f5 | 2 |    4500 |    5000 |   40 |0.2857143 |standard | sshape3 |     375 |481.0694 |   477.0 |    0,85 |-0,0010 |1594061819807 |[0.5117828, 0.9469798, 0.19379699, 0.7554971, 0.96749103, 0.7839505, 0.7280163, 0.8319985, 0.6281679, 0.6740603, 0.60477704, 0.850279, 0.3860308, 0.52005154, 0.18544972] |[0.0, 0.0, 0.0, 0.0, 0.0, 0.0, 0.0, 0.0, 0.0, 0.0, 0.0, 0.0, 0.0, 0.0, 0.0] |
|      f5 | 2 |    5000 |    5000 |   40 |  0.45 |standard | sshape3 |     375 |481.0694 |   477.0 |    0,85 |-0,0010 |1594061819807 |[0.5117828, 0.9469798, 0.19379699, 0.7554971, 0.96749103, 0.7839505, 0.7280163, 0.8319985, 0.6281679, 0.6740603, 0.60477704, 0.850279, 0.3860308, 0.52005154, 0.18544972] |[0.0, 0.0, 1.0, 1.0, 1.0, 0.0, 1.0, 1.0, 0.0, 0.0, 1.0, 1.0, 0.0, 0.0, 1.0] |
|      f5 | 2 |    5001 |    5000 |   40 |  0.45 |standard | sshape3 |     375 |481.0694 |   477.0 |    0,85 |  1,2 |1594061819807 |[0.5117828, 0.9469798, 0.19379699, 0.7554971, 0.96749103, 0.7839505, 0.7280163, 0.8319985, 0.6281679, 0.6740603, 0.60477704, 0.850279, 0.3860308, 0.52005154, 0.18544972] |[0.0, 0.0, 1.0, 1.0, 1.0, 0.0, 1.0, 1.0, 0.0, 0.0, 1.0, 1.0, 0.0, 0.0, 1.0] |
|      f5 | 3 |       1 |    5000 |   25 |  0.25 |standard | sshape3 |     375 |481.0694 |   477.0 |    0,85 |-0,0010 |1594061821020 |[0.113701105, 0.8555248, 0.334311, 0.8421226, 0.43534034, 0.14035523, 0.06276536, 0.82986873, 0.4099145, 0.061982393, 0.6186945, 0.6292006, 0.11599052, 0.3689965, 0.43626982] |[0.0, 0.0, 1.0, 0.0, 0.0, 0.0, 1.0, 1.0, 1.0, 1.0, 1.0, 1.0, 0.0, 1.0, 1.0] |
|      f5 | 3 |     500 |    5000 |   25 |  0.44 |standard | sshape3 |     375 |481.0694 |   477.0 |    0,85 |-0,0010 |1594061821020 |[0.7701252, 0.30981874, 0.32263803, 0.4103572, 0.6712928, 0.6237704, 0.6977902, 0.45466194, 0.5342982, 0.03685001, 0.29368794, 0.25013524, 0.24585827, 0.9818724, 0.5999997] |[0.0, 1.0, 1.0, 0.0, 1.0, 0.0, 1.0, 1.0, 1.0, 1.0, 0.0, 1.0, 0.0, 1.0, 0.0] |
|      f5 | 3 |    1000 |    5000 |   25 |  0.28 |standard | sshape3 |     375 |481.0694 |   477.0 |    0,85 |-0,0010 |1594061821020 |[0.7701252, 0.30981874, 0.32263803, 0.4103572, 0.6712928, 0.6237704, 0.6977902, 0.45466194, 0.5342982, 0.03685001, 0.29368794, 0.25013524, 0.24585827, 0.9818724, 0.5999997] |[0.0, 0.0, 1.0, 0.0, 1.0, 0.0, 1.0, 1.0, 0.0, 1.0, 1.0, 1.0, 0.0, 1.0, 1.0] |
|      f5 | 3 |    1500 |    5000 |   30 |   0.4 |standard | sshape3 |     375 |481.0694 |   477.0 |    0,85 |-0,0010 |1594061821020 |[0.7701252, 0.30981874, 0.32263803, 0.4103572, 0.6712928, 0.6237704, 0.6977902, 0.45466194, 0.5342982, 0.03685001, 0.29368794, 0.25013524, 0.24585827, 0.9818724, 0.5999997] |[0.0, 0.0, 0.0, 0.0, 0.0, 0.0, 0.0, 0.0, 0.0, 0.0, 0.0, 0.0, 0.0, 0.0, 0.0] |
|      f5 | 3 |    2000 |    5000 |   30 |0.36666667 |standard | sshape3 |     375 |481.0694 |   477.0 |    0,85 |-0,0010 |1594061821020 |[0.7701252, 0.30981874, 0.32263803, 0.4103572, 0.6712928, 0.6237704, 0.6977902, 0.45466194, 0.5342982, 0.03685001, 0.29368794, 0.25013524, 0.24585827, 0.9818724, 0.5999997] |[0.0, 0.0, 0.0, 0.0, 1.0, 0.0, 1.0, 1.0, 1.0, 1.0, 1.0, 1.0, 0.0, 1.0, 1.0] |
|      f5 | 3 |    2500 |    5000 |   30 |   0.3 |standard | sshape3 |     375 |481.0694 |   477.0 |    0,85 |-0,0010 |1594061821020 |[0.7701252, 0.30981874, 0.32263803, 0.4103572, 0.6712928, 0.6237704, 0.6977902, 0.45466194, 0.5342982, 0.03685001, 0.29368794, 0.25013524, 0.24585827, 0.9818724, 0.5999997] |[1.0, 0.0, 1.0, 0.0, 1.0, 0.0, 1.0, 1.0, 1.0, 0.0, 1.0, 1.0, 1.0, 0.0, 0.0] |
|      f5 | 3 |    3000 |    5000 |   30 |0.26666668 |standard | sshape3 |     375 |481.0694 |   477.0 |    0,85 |-0,0010 |1594061821020 |[0.7701252, 0.30981874, 0.32263803, 0.4103572, 0.6712928, 0.6237704, 0.6977902, 0.45466194, 0.5342982, 0.03685001, 0.29368794, 0.25013524, 0.24585827, 0.9818724, 0.5999997] |[1.0, 1.0, 1.0, 0.0, 1.0, 0.0, 1.0, 1.0, 0.0, 0.0, 1.0, 1.0, 0.0, 0.0, 0.0] |
|      f5 | 3 |    3500 |    5000 |   35 |   0.4 |standard | sshape3 |     375 |481.0694 |   477.0 |    0,85 |-0,0010 |1594061821020 |[0.7701252, 0.30981874, 0.32263803, 0.4103572, 0.6712928, 0.6237704, 0.6977902, 0.45466194, 0.5342982, 0.03685001, 0.29368794, 0.25013524, 0.24585827, 0.9818724, 0.5999997] |[0.0, 0.0, 0.0, 0.0, 0.0, 0.0, 0.0, 0.0, 0.0, 0.0, 0.0, 0.0, 0.0, 0.0, 0.0] |
|      f5 | 3 |    4000 |    5000 |   35 |   0.4 |standard | sshape3 |     375 |481.0694 |   477.0 |    0,85 |-0,0010 |1594061821020 |[0.7701252, 0.30981874, 0.32263803, 0.4103572, 0.6712928, 0.6237704, 0.6977902, 0.45466194, 0.5342982, 0.03685001, 0.29368794, 0.25013524, 0.24585827, 0.9818724, 0.5999997] |[0.0, 1.0, 1.0, 1.0, 0.0, 0.0, 1.0, 1.0, 1.0, 0.0, 1.0, 1.0, 0.0, 0.0, 0.0] |
|      f5 | 3 |    4500 |    5000 |   35 |0.42857143 |standard | sshape3 |     375 |481.0694 |   477.0 |    0,85 |-0,0010 |1594061821020 |[0.7701252, 0.30981874, 0.32263803, 0.4103572, 0.6712928, 0.6237704, 0.6977902, 0.45466194, 0.5342982, 0.03685001, 0.29368794, 0.25013524, 0.24585827, 0.9818724, 0.5999997] |[0.0, 0.0, 0.0, 1.0, 0.0, 0.0, 1.0, 1.0, 1.0, 0.0, 1.0, 1.0, 0.0, 1.0, 1.0] |
|      f5 | 3 |    5000 |    5000 |   35 |0.34285715 |standard | sshape3 |     375 |481.0694 |   477.0 |    0,85 |-0,0010 |1594061821020 |[0.7701252, 0.30981874, 0.32263803, 0.4103572, 0.6712928, 0.6237704, 0.6977902, 0.45466194, 0.5342982, 0.03685001, 0.29368794, 0.25013524, 0.24585827, 0.9818724, 0.5999997] |[0.0, 0.0, 1.0, 1.0, 0.0, 0.0, 1.0, 1.0, 1.0, 0.0, 1.0, 1.0, 0.0, 1.0, 0.0] |
|      f5 | 3 |    5001 |    5000 |   35 |0.34285715 |standard | sshape3 |     375 |481.0694 |   477.0 |    0,85 |  1,1 |1594061821020 |[0.7701252, 0.30981874, 0.32263803, 0.4103572, 0.6712928, 0.6237704, 0.6977902, 0.45466194, 0.5342982, 0.03685001, 0.29368794, 0.25013524, 0.24585827, 0.9818724, 0.5999997] |[0.0, 0.0, 1.0, 1.0, 0.0, 0.0, 1.0, 1.0, 1.0, 0.0, 1.0, 1.0, 0.0, 1.0, 0.0] |
|      f5 | 4 |       1 |    5000 |   25 |  0.25 |standard | sshape3 |     375 |481.0694 |   477.0 |    0,85 |  0,0 |1594061822134 |[0.83421516, 0.2066461, 0.43480262, 0.64034104, 0.6200669, 0.44603238, 0.31730235, 0.7480963, 0.776629, 0.048738986, 0.22954866, 0.37302807, 0.7873479, 0.83117425, 0.23287264] |[0.0, 0.0, 1.0, 0.0, 1.0, 0.0, 1.0, 1.0, 0.0, 1.0, 1.0, 1.0, 0.0, 1.0, 1.0] |
|      f5 | 4 |     500 |    5000 |   30 |  0.32 |standard | sshape3 |     375 |481.0694 |   477.0 |    0,85 |  0,0 |1594061822134 |[0.83421516, 0.2066461, 0.43480262, 0.64034104, 0.6200669, 0.44603238, 0.31730235, 0.7480963, 0.776629, 0.048738986, 0.22954866, 0.37302807, 0.7873479, 0.83117425, 0.23287264] |[0.0, 0.0, 0.0, 0.0, 0.0, 0.0, 0.0, 0.0, 0.0, 0.0, 0.0, 0.0, 0.0, 0.0, 0.0] |
|      f5 | 4 |    1000 |    5000 |   30 |  0.45 |standard | sshape3 |     375 |481.0694 |   477.0 |    0,85 |  0,0 |1594061822134 |[0.83421516, 0.2066461, 0.43480262, 0.64034104, 0.6200669, 0.44603238, 0.31730235, 0.7480963, 0.776629, 0.048738986, 0.22954866, 0.37302807, 0.7873479, 0.83117425, 0.23287264] |[1.0, 1.0, 0.0, 1.0, 1.0, 0.0, 0.0, 1.0, 0.0, 0.0, 1.0, 1.0, 0.0, 0.0, 0.0] |
|      f5 | 4 |    1500 |    5000 |   30 |0.36666667 |standard | sshape3 |     375 |481.0694 |   477.0 |    0,85 |  0,0 |1594061822134 |[0.83421516, 0.2066461, 0.43480262, 0.64034104, 0.6200669, 0.44603238, 0.31730235, 0.7480963, 0.776629, 0.048738986, 0.22954866, 0.37302807, 0.7873479, 0.83117425, 0.23287264] |[0.0, 0.0, 0.0, 1.0, 1.0, 0.0, 1.0, 1.0, 1.0, 0.0, 0.0, 1.0, 0.0, 1.0, 1.0] |
|      f5 | 4 |    2000 |    5000 |   30 |   0.3 |standard | sshape3 |     375 |481.0694 |   477.0 |    0,85 |  0,0 |1594061822134 |[0.83421516, 0.2066461, 0.43480262, 0.64034104, 0.6200669, 0.44603238, 0.31730235, 0.7480963, 0.776629, 0.048738986, 0.22954866, 0.37302807, 0.7873479, 0.83117425, 0.23287264] |[0.0, 0.0, 0.0, 1.0, 1.0, 0.0, 1.0, 1.0, 1.0, 0.0, 1.0, 1.0, 0.0, 0.0, 1.0] |
|      f5 | 4 |    2500 |    5000 |   35 |  0.45 |standard | sshape3 |     375 |481.0694 |   477.0 |    0,85 |  0,0 |1594061822134 |[0.83421516, 0.2066461, 0.43480262, 0.64034104, 0.6200669, 0.44603238, 0.31730235, 0.7480963, 0.776629, 0.048738986, 0.22954866, 0.37302807, 0.7873479, 0.83117425, 0.23287264] |[0.0, 0.0, 0.0, 0.0, 0.0, 0.0, 0.0, 0.0, 0.0, 0.0, 0.0, 0.0, 0.0, 0.0, 0.0] |
|      f5 | 4 |    3000 |    5000 |   35 |0.31428573 |standard | sshape3 |     375 |481.0694 |   477.0 |    0,85 |  0,0 |1594061822134 |[0.83421516, 0.2066461, 0.43480262, 0.64034104, 0.6200669, 0.44603238, 0.31730235, 0.7480963, 0.776629, 0.048738986, 0.22954866, 0.37302807, 0.7873479, 0.83117425, 0.23287264] |[0.0, 0.0, 1.0, 0.0, 1.0, 1.0, 0.0, 1.0, 0.0, 0.0, 0.0, 1.0, 1.0, 1.0, 1.0] |
|      f5 | 4 |    3500 |    5000 |   35 |0.25714287 |standard | sshape3 |     375 |481.0694 |   477.0 |    0,85 |  0,0 |1594061822134 |[0.83421516, 0.2066461, 0.43480262, 0.64034104, 0.6200669, 0.44603238, 0.31730235, 0.7480963, 0.776629, 0.048738986, 0.22954866, 0.37302807, 0.7873479, 0.83117425, 0.23287264] |[0.0, 0.0, 1.0, 0.0, 0.0, 1.0, 1.0, 1.0, 0.0, 1.0, 1.0, 1.0, 0.0, 1.0, 0.0] |
|      f5 | 4 |    4000 |    5000 |   35 |   0.2 |standard | sshape3 |     375 |481.0694 |   477.0 |    0,85 |  0,0 |1594061822134 |[0.771206, 0.7541076, 0.83281386, 0.06570673, 0.19092369, 0.9985177, 0.048289478, 0.6477624, 0.5241924, 0.87057287, 0.77011025, 0.58105767, 0.6322817, 0.964299, 0.07141954] |[0.0, 0.0, 1.0, 0.0, 1.0, 0.0, 1.0, 1.0, 0.0, 1.0, 1.0, 1.0, 0.0, 1.0, 1.0] |
|      f5 | 4 |    4500 |    5000 |   40 |0.31428573 |standard | sshape3 |     375 |481.0694 |   477.0 |    0,85 |  0,0 |1594061822134 |[0.771206, 0.7541076, 0.83281386, 0.06570673, 0.19092369, 0.9985177, 0.048289478, 0.6477624, 0.5241924, 0.87057287, 0.77011025, 0.58105767, 0.6322817, 0.964299, 0.07141954] |[0.0, 0.0, 0.0, 0.0, 0.0, 0.0, 0.0, 0.0, 0.0, 0.0, 0.0, 0.0, 0.0, 0.0, 0.0] |
|      f5 | 4 |    5000 |    5000 |   40 |  0.45 |standard | sshape3 |     375 |481.0694 |   477.0 |    0,85 |  0,0 |1594061822134 |[0.771206, 0.7541076, 0.83281386, 0.06570673, 0.19092369, 0.9985177, 0.048289478, 0.6477624, 0.5241924, 0.87057287, 0.77011025, 0.58105767, 0.6322817, 0.964299, 0.07141954] |[0.0, 0.0, 0.0, 1.0, 1.0, 0.0, 1.0, 1.0, 1.0, 1.0, 1.0, 1.0, 0.0, 1.0, 0.0] |
|      f5 | 4 |    5001 |    5000 |   40 |  0.45 |standard | sshape3 |     375 |481.0694 |   477.0 |    0,85 |  1,2 |1594061822134 |[0.771206, 0.7541076, 0.83281386, 0.06570673, 0.19092369, 0.9985177, 0.048289478, 0.6477624, 0.5241924, 0.87057287, 0.77011025, 0.58105767, 0.6322817, 0.964299, 0.07141954] |[0.0, 0.0, 0.0, 1.0, 1.0, 0.0, 1.0, 1.0, 1.0, 1.0, 1.0, 1.0, 0.0, 1.0, 0.0] |
|      f5 | 5 |       1 |    5000 |   25 |  0.25 |standard | sshape3 |     375 |481.0694 |   477.0 |    0,85 |-0,0010 |1594061823322 |[0.8403035, 0.30701864, 0.77085876, 0.5558257, 0.76928276, 0.6314369, 0.44537854, 0.8541659, 0.84310925, 0.015848339, 0.76867884, 0.6574477, 0.099969864, 0.11234856, 0.7051593] |[0.0, 0.0, 1.0, 0.0, 1.0, 0.0, 1.0, 1.0, 0.0, 1.0, 1.0, 1.0, 0.0, 1.0, 1.0] |
|      f5 | 5 |     500 |    5000 |   25 |  0.36 |standard | sshape3 |     375 |481.0694 |   477.0 |    0,85 |-0,0010 |1594061823322 |[0.032714725, 0.5488875, 0.2597409, 0.7207201, 0.6144049, 0.55910903, 0.32619953, 0.33045423, 0.528975, 0.84213984, 0.49830508, 0.5709317, 0.39789683, 0.32884914, 0.47675347] |[1.0, 0.0, 1.0, 1.0, 1.0, 0.0, 0.0, 1.0, 0.0, 1.0, 0.0, 1.0, 0.0, 1.0, 0.0] |
|      f5 | 5 |    1000 |    5000 |   25 |  0.24 |standard | sshape3 |     375 |481.0694 |   477.0 |    0,85 |-0,0010 |1594061823322 |[0.032714725, 0.5488875, 0.2597409, 0.7207201, 0.6144049, 0.55910903, 0.32619953, 0.33045423, 0.528975, 0.84213984, 0.49830508, 0.5709317, 0.39789683, 0.32884914, 0.47675347] |[0.0, 0.0, 0.0, 1.0, 1.0, 0.0, 0.0, 1.0, 0.0, 1.0, 1.0, 1.0, 0.0, 1.0, 1.0] |
|      f5 | 5 |    1500 |    5000 |   30 |  0.16 |standard | sshape3 |     375 |481.0694 |   477.0 |    0,85 |-0,0010 |1594061823322 |[0.032714725, 0.5488875, 0.2597409, 0.7207201, 0.6144049, 0.55910903, 0.32619953, 0.33045423, 0.528975, 0.84213984, 0.49830508, 0.5709317, 0.39789683, 0.32884914, 0.47675347] |[0.0, 0.0, 0.0, 0.0, 0.0, 0.0, 0.0, 0.0, 0.0, 0.0, 0.0, 0.0, 0.0, 0.0, 0.0] |
|      f5 | 5 |    2000 |    5000 |   30 |  0.45 |standard | sshape3 |     375 |481.0694 |   477.0 |    0,85 |-0,0010 |1594061823322 |[0.032714725, 0.5488875, 0.2597409, 0.7207201, 0.6144049, 0.55910903, 0.32619953, 0.33045423, 0.528975, 0.84213984, 0.49830508, 0.5709317, 0.39789683, 0.32884914, 0.47675347] |[0.0, 1.0, 0.0, 1.0, 1.0, 0.0, 0.0, 1.0, 0.0, 1.0, 1.0, 1.0, 0.0, 1.0, 0.0] |
|      f5 | 5 |    2500 |    5000 |   30 |0.33333334 |standard | sshape3 |     375 |481.0694 |   477.0 |    0,85 |-0,0010 |1594061823322 |[0.032714725, 0.5488875, 0.2597409, 0.7207201, 0.6144049, 0.55910903, 0.32619953, 0.33045423, 0.528975, 0.84213984, 0.49830508, 0.5709317, 0.39789683, 0.32884914, 0.47675347] |[1.0, 0.0, 1.0, 0.0, 1.0, 0.0, 1.0, 1.0, 0.0, 1.0, 1.0, 1.0, 0.0, 1.0, 0.0] |
|      f5 | 5 |    3000 |    5000 |   30 |   0.2 |standard | sshape3 |     375 |481.0694 |   477.0 |    0,85 |-0,0010 |1594061823322 |[0.032714725, 0.5488875, 0.2597409, 0.7207201, 0.6144049, 0.55910903, 0.32619953, 0.33045423, 0.528975, 0.84213984, 0.49830508, 0.5709317, 0.39789683, 0.32884914, 0.47675347] |[0.0, 1.0, 0.0, 0.0, 1.0, 1.0, 0.0, 1.0, 0.0, 1.0, 1.0, 1.0, 0.0, 0.0, 1.0] |
|      f5 | 5 |    3500 |    5000 |   35 |0.26666668 |standard | sshape3 |     375 |481.0694 |   477.0 |    0,85 |-0,0010 |1594061823322 |[0.032714725, 0.5488875, 0.2597409, 0.7207201, 0.6144049, 0.55910903, 0.32619953, 0.33045423, 0.528975, 0.84213984, 0.49830508, 0.5709317, 0.39789683, 0.32884914, 0.47675347] |[0.0, 0.0, 0.0, 0.0, 0.0, 0.0, 0.0, 0.0, 0.0, 0.0, 0.0, 0.0, 0.0, 0.0, 0.0] |
|      f5 | 5 |    4000 |    5000 |   35 |  0.45 |standard | sshape3 |     375 |481.0694 |   477.0 |    0,85 |-0,0010 |1594061823322 |[0.032714725, 0.5488875, 0.2597409, 0.7207201, 0.6144049, 0.55910903, 0.32619953, 0.33045423, 0.528975, 0.84213984, 0.49830508, 0.5709317, 0.39789683, 0.32884914, 0.47675347] |[1.0, 0.0, 0.0, 0.0, 0.0, 1.0, 1.0, 1.0, 1.0, 0.0, 1.0, 1.0, 0.0, 0.0, 1.0] |
|      f5 | 5 |    4500 |    5000 |   35 |0.31428573 |standard | sshape3 |     375 |481.0694 |   477.0 |    0,85 |-0,0010 |1594061823322 |[0.032714725, 0.5488875, 0.2597409, 0.7207201, 0.6144049, 0.55910903, 0.32619953, 0.33045423, 0.528975, 0.84213984, 0.49830508, 0.5709317, 0.39789683, 0.32884914, 0.47675347] |[0.0, 0.0, 1.0, 0.0, 1.0, 0.0, 1.0, 1.0, 0.0, 1.0, 1.0, 1.0, 0.0, 1.0, 1.0] |
|      f5 | 5 |    5000 |    5000 |   35 |0.31428573 |standard | sshape3 |     375 |481.0694 |   477.0 |    0,85 |-0,0010 |1594061823322 |[0.032714725, 0.5488875, 0.2597409, 0.7207201, 0.6144049, 0.55910903, 0.32619953, 0.33045423, 0.528975, 0.84213984, 0.49830508, 0.5709317, 0.39789683, 0.32884914, 0.47675347] |[0.0, 0.0, 1.0, 0.0, 1.0, 0.0, 1.0, 1.0, 0.0, 1.0, 1.0, 1.0, 0.0, 1.0, 1.0] |
|      f5 | 5 |    5001 |    5000 |   35 |0.31428573 |standard | sshape3 |     375 |481.0694 |   477.0 |    0,85 |  1,1 |1594061823322 |[0.032714725, 0.5488875, 0.2597409, 0.7207201, 0.6144049, 0.55910903, 0.32619953, 0.33045423, 0.528975, 0.84213984, 0.49830508, 0.5709317, 0.39789683, 0.32884914, 0.47675347] |[0.0, 0.0, 1.0, 0.0, 1.0, 0.0, 1.0, 1.0, 0.0, 1.0, 1.0, 1.0, 0.0, 1.0, 1.0] |
|      f5 | 6 |       1 |    5000 |   25 |  0.25 |standard | sshape3 |     375 |481.0694 |   477.0 |    0,85 |  0,0 |1594061824389 |[0.90926385, 0.8542713, 0.7149243, 0.6258708, 0.8082808, 0.55071175, 0.18487754, 0.86075747, 0.38741443, 0.99404466, 0.3471744, 0.7155585, 0.07066822, 0.35579753, 0.40708375] |[0.0, 1.0, 1.0, 1.0, 0.0, 0.0, 1.0, 1.0, 1.0, 1.0, 1.0, 1.0, 0.0, 0.0, 0.0] |
|      f5 | 6 |     500 |    5000 |   30 |  0.24 |standard | sshape3 |     375 |481.0694 |   477.0 |    0,85 |  0,0 |1594061824389 |[0.110562086, 0.67756826, 0.17875564, 0.3440312, 0.5963176, 0.24575174, 0.53082377, 0.18552732, 0.124148786, 0.2322743, 0.113763094, 0.6023059, 0.26314795, 0.9085635, 0.05403489] |[0.0, 0.0, 0.0, 0.0, 0.0, 0.0, 0.0, 0.0, 0.0, 0.0, 0.0, 0.0, 0.0, 0.0, 0.0] |
|      f5 | 6 |    1000 |    5000 |   30 |0.26666668 |standard | sshape3 |     375 |481.0694 |   477.0 |    0,85 |  0,0 |1594061824389 |[0.110562086, 0.67756826, 0.17875564, 0.3440312, 0.5963176, 0.24575174, 0.53082377, 0.18552732, 0.124148786, 0.2322743, 0.113763094, 0.6023059, 0.26314795, 0.9085635, 0.05403489] |[0.0, 1.0, 0.0, 1.0, 0.0, 0.0, 1.0, 1.0, 1.0, 1.0, 0.0, 1.0, 1.0, 1.0, 0.0] |
|      f5 | 6 |    1500 |    5000 |   30 |   0.3 |standard | sshape3 |     375 |481.0694 |   477.0 |    0,85 |  0,0 |1594061824389 |[0.110562086, 0.67756826, 0.17875564, 0.3440312, 0.5963176, 0.24575174, 0.53082377, 0.18552732, 0.124148786, 0.2322743, 0.113763094, 0.6023059, 0.26314795, 0.9085635, 0.05403489] |[1.0, 0.0, 0.0, 0.0, 1.0, 1.0, 0.0, 1.0, 1.0, 0.0, 1.0, 1.0, 1.0, 0.0, 0.0] |
|      f5 | 6 |    2000 |    5000 |   30 |   0.3 |standard | sshape3 |     375 |481.0694 |   477.0 |    0,85 |  0,0 |1594061824389 |[0.110562086, 0.67756826, 0.17875564, 0.3440312, 0.5963176, 0.24575174, 0.53082377, 0.18552732, 0.124148786, 0.2322743, 0.113763094, 0.6023059, 0.26314795, 0.9085635, 0.05403489] |[0.0, 0.0, 1.0, 1.0, 1.0, 0.0, 1.0, 1.0, 0.0, 0.0, 1.0, 1.0, 0.0, 0.0, 1.0] |
|      f5 | 6 |    2500 |    5000 |   35 |0.43333334 |standard | sshape3 |     375 |481.0694 |   477.0 |    0,85 |  0,0 |1594061824389 |[0.110562086, 0.67756826, 0.17875564, 0.3440312, 0.5963176, 0.24575174, 0.53082377, 0.18552732, 0.124148786, 0.2322743, 0.113763094, 0.6023059, 0.26314795, 0.9085635, 0.05403489] |[0.0, 0.0, 0.0, 0.0, 0.0, 0.0, 0.0, 0.0, 0.0, 0.0, 0.0, 0.0, 0.0, 0.0, 0.0] |
|      f5 | 6 |    3000 |    5000 |   35 |  0.45 |standard | sshape3 |     375 |481.0694 |   477.0 |    0,85 |  0,0 |1594061824389 |[0.110562086, 0.67756826, 0.17875564, 0.3440312, 0.5963176, 0.24575174, 0.53082377, 0.18552732, 0.124148786, 0.2322743, 0.113763094, 0.6023059, 0.26314795, 0.9085635, 0.05403489] |[0.0, 0.0, 0.0, 1.0, 1.0, 0.0, 1.0, 1.0, 1.0, 0.0, 1.0, 1.0, 0.0, 1.0, 0.0] |
|      f5 | 6 |    3500 |    5000 |   35 |0.31428573 |standard | sshape3 |     375 |481.0694 |   477.0 |    0,85 |  0,0 |1594061824389 |[0.110562086, 0.67756826, 0.17875564, 0.3440312, 0.5963176, 0.24575174, 0.53082377, 0.18552732, 0.124148786, 0.2322743, 0.113763094, 0.6023059, 0.26314795, 0.9085635, 0.05403489] |[0.0, 0.0, 1.0, 1.0, 1.0, 0.0, 1.0, 1.0, 0.0, 0.0, 1.0, 1.0, 1.0, 0.0, 0.0] |
|      f5 | 6 |    4000 |    5000 |   35 |0.42857143 |standard | sshape3 |     375 |481.0694 |   477.0 |    0,85 |  0,0 |1594061824389 |[0.110562086, 0.67756826, 0.17875564, 0.3440312, 0.5963176, 0.24575174, 0.53082377, 0.18552732, 0.124148786, 0.2322743, 0.113763094, 0.6023059, 0.26314795, 0.9085635, 0.05403489] |[0.0, 1.0, 1.0, 0.0, 0.0, 1.0, 0.0, 1.0, 1.0, 1.0, 1.0, 0.0, 0.0, 0.0, 1.0] |
|      f5 | 6 |    4500 |    5000 |   40 |   0.4 |standard | sshape3 |     375 |481.0694 |   477.0 |    0,85 |  0,0 |1594061824389 |[0.110562086, 0.67756826, 0.17875564, 0.3440312, 0.5963176, 0.24575174, 0.53082377, 0.18552732, 0.124148786, 0.2322743, 0.113763094, 0.6023059, 0.26314795, 0.9085635, 0.05403489] |[0.0, 0.0, 0.0, 0.0, 0.0, 0.0, 0.0, 0.0, 0.0, 0.0, 0.0, 0.0, 0.0, 0.0, 0.0] |
|      f5 | 6 |    5000 |    5000 |   40 |  0.45 |standard | sshape3 |     375 |481.0694 |   477.0 |    0,85 |  0,0 |1594061824389 |[0.110562086, 0.67756826, 0.17875564, 0.3440312, 0.5963176, 0.24575174, 0.53082377, 0.18552732, 0.124148786, 0.2322743, 0.113763094, 0.6023059, 0.26314795, 0.9085635, 0.05403489] |[1.0, 0.0, 0.0, 0.0, 1.0, 1.0, 0.0, 1.0, 1.0, 1.0, 0.0, 1.0, 0.0, 0.0, 1.0] |
|      f5 | 6 |    5001 |    5000 |   40 |  0.45 |standard | sshape3 |     375 |481.0694 |   477.0 |    0,85 |  1,2 |1594061824389 |[0.110562086, 0.67756826, 0.17875564, 0.3440312, 0.5963176, 0.24575174, 0.53082377, 0.18552732, 0.124148786, 0.2322743, 0.113763094, 0.6023059, 0.26314795, 0.9085635, 0.05403489] |[1.0, 0.0, 0.0, 0.0, 1.0, 1.0, 0.0, 1.0, 1.0, 1.0, 0.0, 1.0, 0.0, 0.0, 1.0] |
|      f5 | 7 |       1 |    5000 |   25 |  0.25 |standard | sshape3 |     375 |481.0694 |   477.0 |    0,85 |  0,0 |1594061825555 |[0.17043722, 0.14401925, 0.6751041, 0.2637685, 0.057098627, 0.86212975, 0.055038393, 0.8593906, 0.73849565, 0.25549138, 0.7216053, 0.9078366, 0.8766578, 0.7554967, 0.810713] |[0.0, 0.0, 1.0, 1.0, 0.0, 0.0, 1.0, 1.0, 1.0, 1.0, 1.0, 1.0, 0.0, 1.0, 0.0] |
|      f5 | 7 |     500 |    5000 |   25 |  0.32 |standard | sshape3 |     375 |481.0694 |   477.0 |    0,85 |  0,0 |1594061825555 |[0.9999635, 0.62687236, 0.56803244, 0.30978292, 0.35771304, 0.054061092, 0.09492725, 0.29322442, 0.38927844, 0.661184, 0.43474934, 0.7562778, 1.0E-12, 1.0, 0.9557939] |[0.0, 0.0, 1.0, 0.0, 1.0, 0.0, 1.0, 1.0, 0.0, 1.0, 1.0, 1.0, 0.0, 1.0, 1.0] |
|      f5 | 7 |    1000 |    5000 |   25 |  0.24 |standard | sshape3 |     375 |481.0694 |   477.0 |    0,85 |  0,0 |1594061825555 |[0.9999635, 0.62687236, 0.56803244, 0.30978292, 0.35771304, 0.054061092, 0.09492725, 0.29322442, 0.38927844, 0.661184, 0.43474934, 0.7562778, 1.0E-12, 1.0, 0.9557939] |[1.0, 1.0, 0.0, 0.0, 0.0, 1.0, 1.0, 1.0, 0.0, 0.0, 1.0, 1.0, 1.0, 0.0, 0.0] |
|      f5 | 7 |    1500 |    5000 |   30 |  0.12 |standard | sshape3 |     375 |481.0694 |   477.0 |    0,85 |  0,0 |1594061825555 |[0.9999635, 0.62687236, 0.56803244, 0.30978292, 0.35771304, 0.054061092, 0.09492725, 0.29322442, 0.38927844, 0.661184, 0.43474934, 0.7562778, 1.0E-12, 1.0, 0.9557939] |[0.0, 0.0, 0.0, 0.0, 0.0, 0.0, 0.0, 0.0, 0.0, 0.0, 0.0, 0.0, 0.0, 0.0, 0.0] |
|      f5 | 7 |    2000 |    5000 |   30 |  0.45 |standard | sshape3 |     375 |481.0694 |   477.0 |    0,85 |  0,0 |1594061825555 |[0.9999635, 0.62687236, 0.56803244, 0.30978292, 0.35771304, 0.054061092, 0.09492725, 0.29322442, 0.38927844, 0.661184, 0.43474934, 0.7562778, 1.0E-12, 1.0, 0.9557939] |[0.0, 0.0, 0.0, 1.0, 1.0, 0.0, 1.0, 1.0, 0.0, 1.0, 0.0, 1.0, 0.0, 1.0, 1.0] |
|      f5 | 7 |    2500 |    5000 |   30 |0.23333333 |standard | sshape3 |     375 |481.0694 |   477.0 |    0,85 |  0,0 |1594061825555 |[0.9999635, 0.62687236, 0.56803244, 0.30978292, 0.35771304, 0.054061092, 0.09492725, 0.29322442, 0.38927844, 0.661184, 0.43474934, 0.7562778, 1.0E-12, 1.0, 0.9557939] |[0.0, 0.0, 0.0, 1.0, 1.0, 0.0, 1.0, 1.0, 0.0, 1.0, 1.0, 1.0, 0.0, 0.0, 1.0] |
|      f5 | 7 |    3000 |    5000 |   30 |0.36666667 |standard | sshape3 |     375 |481.0694 |   477.0 |    0,85 |  0,0 |1594061825555 |[0.9999635, 0.62687236, 0.56803244, 0.30978292, 0.35771304, 0.054061092, 0.09492725, 0.29322442, 0.38927844, 0.661184, 0.43474934, 0.7562778, 1.0E-12, 1.0, 0.9557939] |[0.0, 0.0, 1.0, 0.0, 1.0, 0.0, 1.0, 1.0, 1.0, 1.0, 0.0, 1.0, 0.0, 1.0, 1.0] |
|      f5 | 7 |    3500 |    5000 |   35 |0.26666668 |standard | sshape3 |     375 |481.0694 |   477.0 |    0,85 |  0,0 |1594061825555 |[0.9999635, 0.62687236, 0.56803244, 0.30978292, 0.35771304, 0.054061092, 0.09492725, 0.29322442, 0.38927844, 0.661184, 0.43474934, 0.7562778, 1.0E-12, 1.0, 0.9557939] |[0.0, 0.0, 0.0, 0.0, 0.0, 0.0, 0.0, 0.0, 0.0, 0.0, 0.0, 0.0, 0.0, 0.0, 0.0] |
|      f5 | 7 |    4000 |    5000 |   35 |  0.45 |standard | sshape3 |     375 |481.0694 |   477.0 |    0,85 |  0,0 |1594061825555 |[0.9999635, 0.62687236, 0.56803244, 0.30978292, 0.35771304, 0.054061092, 0.09492725, 0.29322442, 0.38927844, 0.661184, 0.43474934, 0.7562778, 1.0E-12, 1.0, 0.9557939] |[0.0, 0.0, 1.0, 0.0, 1.0, 0.0, 0.0, 1.0, 1.0, 1.0, 1.0, 1.0, 0.0, 1.0, 1.0] |
|      f5 | 7 |    4500 |    5000 |   35 |   0.2 |standard | sshape3 |     375 |481.0694 |   477.0 |    0,85 |  0,0 |1594061825555 |[0.9999635, 0.62687236, 0.56803244, 0.30978292, 0.35771304, 0.054061092, 0.09492725, 0.29322442, 0.38927844, 0.661184, 0.43474934, 0.7562778, 1.0E-12, 1.0, 0.9557939] |[0.0, 0.0, 1.0, 1.0, 1.0, 0.0, 0.0, 1.0, 1.0, 1.0, 1.0, 1.0, 0.0, 1.0, 0.0] |
|      f5 | 7 |    5000 |    5000 |   35 |   0.2 |standard | sshape3 |     375 |481.0694 |   477.0 |    0,85 |  0,0 |1594061825555 |[0.9999635, 0.62687236, 0.56803244, 0.30978292, 0.35771304, 0.054061092, 0.09492725, 0.29322442, 0.38927844, 0.661184, 0.43474934, 0.7562778, 1.0E-12, 1.0, 0.9557939] |[1.0, 1.0, 1.0, 0.0, 0.0, 1.0, 0.0, 1.0, 1.0, 0.0, 0.0, 1.0, 0.0, 1.0, 0.0] |
|      f5 | 7 |    5001 |    5000 |   35 |   0.2 |standard | sshape3 |     375 |481.0694 |   477.0 |    0,85 |  1,1 |1594061825555 |[0.9999635, 0.62687236, 0.56803244, 0.30978292, 0.35771304, 0.054061092, 0.09492725, 0.29322442, 0.38927844, 0.661184, 0.43474934, 0.7562778, 1.0E-12, 1.0, 0.9557939] |[1.0, 1.0, 1.0, 0.0, 0.0, 1.0, 0.0, 1.0, 1.0, 0.0, 0.0, 1.0, 0.0, 1.0, 0.0] |
|      f5 | 8 |       1 |    5000 |   25 |  0.25 |standard | sshape3 |     375 |481.0694 |   477.0 |    0,85 |-0,0010 |1594061826630 |[0.878802, 0.11581175, 1.0, 0.78679836, 0.94763744, 0.14862864, 0.77040833, 0.30738878, 1.0, 0.47837278, 0.5875242, 0.8720563, 0.020692643, 0.29087883, 1.0] |[0.0, 0.0, 1.0, 0.0, 1.0, 0.0, 1.0, 1.0, 0.0, 1.0, 1.0, 1.0, 0.0, 1.0, 1.0] |
|      f5 | 8 |     500 |    5000 |   30 |   0.2 |standard | sshape3 |     375 |481.0694 |   477.0 |    0,85 |-0,0010 |1594061826630 |[0.15103762, 0.6583873, 1.0, 0.8172229, 0.68979466, 0.22338183, 1.0, 0.50180143, 0.8532559, 0.0892422, 0.99755013, 1.0E-12, 0.069656536, 0.24243423, 0.6866003] |[0.0, 0.0, 0.0, 0.0, 0.0, 0.0, 0.0, 0.0, 0.0, 0.0, 0.0, 0.0, 0.0, 0.0, 0.0] |
|      f5 | 8 |    1000 |    5000 |   30 |   0.2 |standard | sshape3 |     375 |481.0694 |   477.0 |    0,85 |-0,0010 |1594061826630 |[0.15103762, 0.6583873, 1.0, 0.8172229, 0.68979466, 0.22338183, 1.0, 0.50180143, 0.8532559, 0.0892422, 0.99755013, 1.0E-12, 0.069656536, 0.24243423, 0.6866003] |[0.0, 0.0, 1.0, 0.0, 1.0, 0.0, 1.0, 1.0, 0.0, 1.0, 1.0, 1.0, 0.0, 1.0, 1.0] |
|      f5 | 8 |    1500 |    5000 |   30 |   0.3 |standard | sshape3 |     375 |481.0694 |   477.0 |    0,85 |-0,0010 |1594061826630 |[0.15103762, 0.6583873, 1.0, 0.8172229, 0.68979466, 0.22338183, 1.0, 0.50180143, 0.8532559, 0.0892422, 0.99755013, 1.0E-12, 0.069656536, 0.24243423, 0.6866003] |[0.0, 0.0, 1.0, 0.0, 1.0, 0.0, 1.0, 1.0, 0.0, 1.0, 1.0, 1.0, 0.0, 1.0, 1.0] |
|      f5 | 8 |    2000 |    5000 |   30 |0.36666667 |standard | sshape3 |     375 |481.0694 |   477.0 |    0,85 |-0,0010 |1594061826630 |[0.15103762, 0.6583873, 1.0, 0.8172229, 0.68979466, 0.22338183, 1.0, 0.50180143, 0.8532559, 0.0892422, 0.99755013, 1.0E-12, 0.069656536, 0.24243423, 0.6866003] |[0.0, 0.0, 1.0, 1.0, 0.0, 1.0, 0.0, 1.0, 1.0, 0.0, 0.0, 1.0, 1.0, 1.0, 0.0] |
|      f5 | 8 |    2500 |    5000 |   35 |0.33333334 |standard | sshape3 |     375 |481.0694 |   477.0 |    0,85 |-0,0010 |1594061826630 |[0.15103762, 0.6583873, 1.0, 0.8172229, 0.68979466, 0.22338183, 1.0, 0.50180143, 0.8532559, 0.0892422, 0.99755013, 1.0E-12, 0.069656536, 0.24243423, 0.6866003] |[0.0, 0.0, 0.0, 0.0, 0.0, 0.0, 0.0, 0.0, 0.0, 0.0, 0.0, 0.0, 0.0, 0.0, 0.0] |
|      f5 | 8 |    3000 |    5000 |   35 |  0.45 |standard | sshape3 |     375 |481.0694 |   477.0 |    0,85 |-0,0010 |1594061826630 |[0.15103762, 0.6583873, 1.0, 0.8172229, 0.68979466, 0.22338183, 1.0, 0.50180143, 0.8532559, 0.0892422, 0.99755013, 1.0E-12, 0.069656536, 0.24243423, 0.6866003] |[0.0, 0.0, 1.0, 1.0, 1.0, 0.0, 1.0, 1.0, 0.0, 1.0, 0.0, 1.0, 0.0, 0.0, 1.0] |
|      f5 | 8 |    3500 |    5000 |   35 |   0.4 |standard | sshape3 |     375 |481.0694 |   477.0 |    0,85 |-0,0010 |1594061826630 |[0.15103762, 0.6583873, 1.0, 0.8172229, 0.68979466, 0.22338183, 1.0, 0.50180143, 0.8532559, 0.0892422, 0.99755013, 1.0E-12, 0.069656536, 0.24243423, 0.6866003] |[1.0, 0.0, 1.0, 0.0, 0.0, 0.0, 1.0, 1.0, 0.0, 1.0, 1.0, 1.0, 1.0, 1.0, 1.0] |
|      f5 | 8 |    4000 |    5000 |   35 |  0.45 |standard | sshape3 |     375 |481.0694 |   477.0 |    0,85 |-0,0010 |1594061826630 |[0.15103762, 0.6583873, 1.0, 0.8172229, 0.68979466, 0.22338183, 1.0, 0.50180143, 0.8532559, 0.0892422, 0.99755013, 1.0E-12, 0.069656536, 0.24243423, 0.6866003] |[0.0, 0.0, 1.0, 0.0, 0.0, 1.0, 1.0, 1.0, 0.0, 0.0, 1.0, 1.0, 1.0, 1.0, 0.0] |
|      f5 | 8 |    4500 |    5000 |   40 |  0.45 |standard | sshape3 |     375 |481.0694 |   477.0 |    0,85 |-0,0010 |1594061826630 |[0.15103762, 0.6583873, 1.0, 0.8172229, 0.68979466, 0.22338183, 1.0, 0.50180143, 0.8532559, 0.0892422, 0.99755013, 1.0E-12, 0.069656536, 0.24243423, 0.6866003] |[0.0, 0.0, 0.0, 0.0, 0.0, 0.0, 0.0, 0.0, 0.0, 0.0, 0.0, 0.0, 0.0, 0.0, 0.0] |
|      f5 | 8 |    5000 |    5000 |   40 |  0.45 |standard | sshape3 |     375 |481.0694 |   477.0 |    0,85 |-0,0010 |1594061826630 |[0.15103762, 0.6583873, 1.0, 0.8172229, 0.68979466, 0.22338183, 1.0, 0.50180143, 0.8532559, 0.0892422, 0.99755013, 1.0E-12, 0.069656536, 0.24243423, 0.6866003] |[1.0, 0.0, 1.0, 0.0, 1.0, 0.0, 1.0, 1.0, 0.0, 0.0, 0.0, 1.0, 0.0, 1.0, 1.0] |
|      f5 | 8 |    5001 |    5000 |   40 |  0.45 |standard | sshape3 |     375 |481.0694 |   477.0 |    0,85 |  1,2 |1594061826630 |[0.15103762, 0.6583873, 1.0, 0.8172229, 0.68979466, 0.22338183, 1.0, 0.50180143, 0.8532559, 0.0892422, 0.99755013, 1.0E-12, 0.069656536, 0.24243423, 0.6866003] |[1.0, 0.0, 1.0, 0.0, 1.0, 0.0, 1.0, 1.0, 0.0, 0.0, 0.0, 1.0, 0.0, 1.0, 1.0] |
|      f5 | 9 |       1 |    5000 |   25 |  0.25 |standard | sshape3 |     375 |481.0694 |   477.0 |    0,85 |-0,0010 |1594061827803 |[0.03387636, 0.49013054, 0.7675392, 0.5184687, 0.9573427, 0.26047927, 0.36274803, 0.30730283, 0.83055794, 0.3174531, 0.2337147, 0.9729909, 0.18499273, 0.5705807, 0.58676165] |[0.0, 0.0, 1.0, 0.0, 1.0, 0.0, 1.0, 1.0, 0.0, 1.0, 1.0, 1.0, 0.0, 1.0, 1.0] |
|      f5 | 9 |     500 |    5000 |   25 |   0.4 |standard | sshape3 |     375 |481.0694 |   477.0 |    0,85 |-0,0010 |1594061827803 |[0.03387636, 0.49013054, 0.7675392, 0.5184687, 0.9573427, 0.26047927, 0.36274803, 0.30730283, 0.83055794, 0.3174531, 0.2337147, 0.9729909, 0.18499273, 0.5705807, 0.58676165] |[0.0, 0.0, 0.0, 1.0, 1.0, 0.0, 1.0, 1.0, 1.0, 1.0, 0.0, 1.0, 0.0, 0.0, 1.0] |
|      f5 | 9 |    1000 |    5000 |   25 |  0.45 |standard | sshape3 |     375 |481.0694 |   477.0 |    0,85 |-0,0010 |1594061827803 |[0.03387636, 0.49013054, 0.7675392, 0.5184687, 0.9573427, 0.26047927, 0.36274803, 0.30730283, 0.83055794, 0.3174531, 0.2337147, 0.9729909, 0.18499273, 0.5705807, 0.58676165] |[0.0, 1.0, 0.0, 0.0, 1.0, 0.0, 0.0, 1.0, 1.0, 1.0, 0.0, 1.0, 1.0, 1.0, 1.0] |
|      f5 | 9 |    1500 |    5000 |   30 |  0.45 |standard | sshape3 |     375 |481.0694 |   477.0 |    0,85 |-0,0010 |1594061827803 |[0.73211765, 0.9224472, 0.2952183, 0.032951295, 0.7683124, 0.03470826, 0.07065201, 0.06210345, 0.7784499, 0.87592864, 0.68317795, 0.8979208, 0.89425, 0.022906363, 0.7427181] |[0.0, 0.0, 0.0, 0.0, 0.0, 0.0, 0.0, 0.0, 0.0, 0.0, 0.0, 0.0, 0.0, 0.0, 0.0] |
|      f5 | 9 |    2000 |    5000 |   30 |  0.45 |standard | sshape3 |     375 |481.0694 |   477.0 |    0,85 |-0,0010 |1594061827803 |[0.73211765, 0.9224472, 0.2952183, 0.032951295, 0.7683124, 0.03470826, 0.07065201, 0.06210345, 0.7784499, 0.87592864, 0.68317795, 0.8979208, 0.89425, 0.022906363, 0.7427181] |[0.0, 1.0, 1.0, 0.0, 1.0, 0.0, 1.0, 1.0, 0.0, 1.0, 0.0, 1.0, 1.0, 0.0, 1.0] |
|      f5 | 9 |    2500 |    5000 |   30 |0.26666668 |standard | sshape3 |     375 |481.0694 |   477.0 |    0,85 |-0,0010 |1594061827803 |[0.73211765, 0.9224472, 0.2952183, 0.032951295, 0.7683124, 0.03470826, 0.07065201, 0.06210345, 0.7784499, 0.87592864, 0.68317795, 0.8979208, 0.89425, 0.022906363, 0.7427181] |[1.0, 0.0, 1.0, 0.0, 0.0, 0.0, 0.0, 1.0, 1.0, 1.0, 1.0, 1.0, 1.0, 1.0, 1.0] |
|      f5 | 9 |    3000 |    5000 |   30 |0.26666668 |standard | sshape3 |     375 |481.0694 |   477.0 |    0,85 |-0,0010 |1594061827803 |[0.73211765, 0.9224472, 0.2952183, 0.032951295, 0.7683124, 0.03470826, 0.07065201, 0.06210345, 0.7784499, 0.87592864, 0.68317795, 0.8979208, 0.89425, 0.022906363, 0.7427181] |[0.0, 1.0, 1.0, 1.0, 0.0, 0.0, 1.0, 1.0, 1.0, 0.0, 0.0, 1.0, 1.0, 0.0, 0.0] |
|      f5 | 9 |    3500 |    5000 |   35 |   0.3 |standard | sshape3 |     375 |481.0694 |   477.0 |    0,85 |-0,0010 |1594061827803 |[0.73211765, 0.9224472, 0.2952183, 0.032951295, 0.7683124, 0.03470826, 0.07065201, 0.06210345, 0.7784499, 0.87592864, 0.68317795, 0.8979208, 0.89425, 0.022906363, 0.7427181] |[0.0, 0.0, 0.0, 0.0, 0.0, 0.0, 0.0, 0.0, 0.0, 0.0, 0.0, 0.0, 0.0, 0.0, 0.0] |
|      f5 | 9 |    4000 |    5000 |   35 |0.42857143 |standard | sshape3 |     375 |481.0694 |   477.0 |    0,85 |-0,0010 |1594061827803 |[0.73211765, 0.9224472, 0.2952183, 0.032951295, 0.7683124, 0.03470826, 0.07065201, 0.06210345, 0.7784499, 0.87592864, 0.68317795, 0.8979208, 0.89425, 0.022906363, 0.7427181] |[1.0, 0.0, 1.0, 0.0, 0.0, 0.0, 1.0, 1.0, 1.0, 1.0, 1.0, 1.0, 1.0, 0.0, 1.0] |
|      f5 | 9 |    4500 |    5000 |   35 |  0.45 |standard | sshape3 |     375 |481.0694 |   477.0 |    0,85 |-0,0010 |1594061827803 |[0.73211765, 0.9224472, 0.2952183, 0.032951295, 0.7683124, 0.03470826, 0.07065201, 0.06210345, 0.7784499, 0.87592864, 0.68317795, 0.8979208, 0.89425, 0.022906363, 0.7427181] |[0.0, 1.0, 1.0, 0.0, 0.0, 0.0, 0.0, 1.0, 1.0, 1.0, 1.0, 1.0, 0.0, 1.0, 1.0] |
|      f5 | 9 |    5000 |    5000 |   35 |  0.45 |standard | sshape3 |     375 |481.0694 |   477.0 |    0,85 |-0,0010 |1594061827803 |[0.73211765, 0.9224472, 0.2952183, 0.032951295, 0.7683124, 0.03470826, 0.07065201, 0.06210345, 0.7784499, 0.87592864, 0.68317795, 0.8979208, 0.89425, 0.022906363, 0.7427181] |[0.0, 1.0, 1.0, 0.0, 1.0, 0.0, 1.0, 1.0, 0.0, 0.0, 1.0, 1.0, 1.0, 0.0, 0.0] |
|      f5 | 9 |    5001 |    5000 |   35 |  0.45 |standard | sshape3 |     375 |481.0694 |   477.0 |    0,85 |  1,1 |1594061827803 |[0.73211765, 0.9224472, 0.2952183, 0.032951295, 0.7683124, 0.03470826, 0.07065201, 0.06210345, 0.7784499, 0.87592864, 0.68317795, 0.8979208, 0.89425, 0.022906363, 0.7427181] |[0.0, 1.0, 1.0, 0.0, 1.0, 0.0, 1.0, 1.0, 0.0, 0.0, 1.0, 1.0, 1.0, 0.0, 0.0] |
|      f5 |10 |       1 |    5000 |   25 |  0.25 |standard | sshape3 |     375 |481.0694 |   477.0 |    0,85 |  0,0 |1594061828872 |[0.48481235, 0.23831816, 0.6138976, 0.7460123, 0.8960436, 0.9440918, 0.79443544, 0.006700365, 0.66943, 0.3676274, 0.3886623, 0.36712027, 0.032984946, 0.891196, 0.978033] |[0.0, 1.0, 1.0, 0.0, 0.0, 1.0, 1.0, 1.0, 1.0, 0.0, 0.0, 1.0, 0.0, 1.0, 0.0] |
|      f5 |10 |     500 |    5000 |   30 |   0.2 |standard | sshape3 |     375 |481.0694 |   477.0 |    0,85 |  0,0 |1594061828872 |[0.83711034, 1.0, 0.71928513, 0.521799, 0.4632538, 0.80554384, 0.99948686, 0.24505335, 1.0E-12, 1.0, 0.36634544, 1.0, 0.10412587, 0.27040914, 0.90561825] |[0.0, 0.0, 0.0, 0.0, 0.0, 0.0, 0.0, 0.0, 0.0, 0.0, 0.0, 0.0, 0.0, 0.0, 0.0] |
|      f5 |10 |    1000 |    5000 |   30 |   0.4 |standard | sshape3 |     375 |481.0694 |   477.0 |    0,85 |  0,0 |1594061828872 |[0.83711034, 1.0, 0.71928513, 0.521799, 0.4632538, 0.80554384, 0.99948686, 0.24505335, 1.0E-12, 1.0, 0.36634544, 1.0, 0.10412587, 0.27040914, 0.90561825] |[0.0, 0.0, 0.0, 1.0, 0.0, 1.0, 1.0, 1.0, 0.0, 0.0, 1.0, 1.0, 0.0, 0.0, 1.0] |
|      f5 |10 |    1500 |    5000 |   30 |0.26666668 |standard | sshape3 |     375 |481.0694 |   477.0 |    0,85 |  0,0 |1594061828872 |[0.83711034, 1.0, 0.71928513, 0.521799, 0.4632538, 0.80554384, 0.99948686, 0.24505335, 1.0E-12, 1.0, 0.36634544, 1.0, 0.10412587, 0.27040914, 0.90561825] |[0.0, 0.0, 1.0, 1.0, 1.0, 0.0, 1.0, 1.0, 0.0, 0.0, 1.0, 1.0, 0.0, 1.0, 0.0] |
|      f5 |10 |    2000 |    5000 |   30 |   0.4 |standard | sshape3 |     375 |481.0694 |   477.0 |    0,85 |  0,0 |1594061828872 |[0.83711034, 1.0, 0.71928513, 0.521799, 0.4632538, 0.80554384, 0.99948686, 0.24505335, 1.0E-12, 1.0, 0.36634544, 1.0, 0.10412587, 0.27040914, 0.90561825] |[0.0, 0.0, 1.0, 1.0, 0.0, 0.0, 1.0, 1.0, 0.0, 0.0, 1.0, 1.0, 0.0, 1.0, 1.0] |
|      f5 |10 |    2500 |    5000 |   35 |0.36666667 |standard | sshape3 |     375 |481.0694 |   477.0 |    0,85 |  0,0 |1594061828872 |[0.83711034, 1.0, 0.71928513, 0.521799, 0.4632538, 0.80554384, 0.99948686, 0.24505335, 1.0E-12, 1.0, 0.36634544, 1.0, 0.10412587, 0.27040914, 0.90561825] |[0.0, 0.0, 0.0, 0.0, 0.0, 0.0, 0.0, 0.0, 0.0, 0.0, 0.0, 0.0, 0.0, 0.0, 0.0] |
|      f5 |10 |    3000 |    5000 |   35 |  0.45 |standard | sshape3 |     375 |481.0694 |   477.0 |    0,85 |  0,0 |1594061828872 |[0.83711034, 1.0, 0.71928513, 0.521799, 0.4632538, 0.80554384, 0.99948686, 0.24505335, 1.0E-12, 1.0, 0.36634544, 1.0, 0.10412587, 0.27040914, 0.90561825] |[0.0, 0.0, 0.0, 0.0, 1.0, 0.0, 1.0, 1.0, 1.0, 1.0, 1.0, 1.0, 0.0, 1.0, 1.0] |
|      f5 |10 |    3500 |    5000 |   35 |0.2857143 |standard | sshape3 |     375 |481.0694 |   477.0 |    0,85 |  0,0 |1594061828872 |[0.83711034, 1.0, 0.71928513, 0.521799, 0.4632538, 0.80554384, 0.99948686, 0.24505335, 1.0E-12, 1.0, 0.36634544, 1.0, 0.10412587, 0.27040914, 0.90561825] |[0.0, 0.0, 1.0, 0.0, 1.0, 0.0, 1.0, 1.0, 0.0, 1.0, 1.0, 1.0, 0.0, 1.0, 1.0] |
|      f5 |10 |    4000 |    5000 |   35 |0.37142858 |standard | sshape3 |     375 |481.0694 |   477.0 |    0,85 |  0,0 |1594061828872 |[0.83711034, 1.0, 0.71928513, 0.521799, 0.4632538, 0.80554384, 0.99948686, 0.24505335, 1.0E-12, 1.0, 0.36634544, 1.0, 0.10412587, 0.27040914, 0.90561825] |[0.0, 0.0, 0.0, 1.0, 1.0, 0.0, 1.0, 1.0, 0.0, 1.0, 1.0, 1.0, 1.0, 1.0, 0.0] |
|      f5 |10 |    4500 |    5000 |   40 |   0.4 |standard | sshape3 |     375 |481.0694 |   477.0 |    0,85 |  0,0 |1594061828872 |[0.83711034, 1.0, 0.71928513, 0.521799, 0.4632538, 0.80554384, 0.99948686, 0.24505335, 1.0E-12, 1.0, 0.36634544, 1.0, 0.10412587, 0.27040914, 0.90561825] |[0.0, 0.0, 0.0, 0.0, 0.0, 0.0, 0.0, 0.0, 0.0, 0.0, 0.0, 0.0, 0.0, 0.0, 0.0] |
|      f5 |10 |    5000 |    5000 |   40 |  0.45 |standard | sshape3 |     375 |481.0694 |   477.0 |    0,85 |  0,0 |1594061828872 |[0.83711034, 1.0, 0.71928513, 0.521799, 0.4632538, 0.80554384, 0.99948686, 0.24505335, 1.0E-12, 1.0, 0.36634544, 1.0, 0.10412587, 0.27040914, 0.90561825] |[0.0, 1.0, 0.0, 1.0, 1.0, 0.0, 1.0, 1.0, 0.0, 0.0, 1.0, 1.0, 0.0, 0.0, 0.0] |
|      f5 |10 |    5001 |    5000 |   40 |  0.45 |standard | sshape3 |     375 |481.0694 |   477.0 |    0,85 |  1,2 |1594061828872 |[0.83711034, 1.0, 0.71928513, 0.521799, 0.4632538, 0.80554384, 0.99948686, 0.24505335, 1.0E-12, 1.0, 0.36634544, 1.0, 0.10412587, 0.27040914, 0.90561825] |[0.0, 1.0, 0.0, 1.0, 1.0, 0.0, 1.0, 1.0, 0.0, 0.0, 1.0, 1.0, 0.0, 0.0, 0.0] |
|      f5 |11 |       1 |    5000 |   25 |  0.25 |standard | sshape3 |     375 |481.0694 |   477.0 |    0,85 |-0,0010 |1594061830028 |[0.9942482, 0.20452736, 0.52709115, 0.36574098, 0.32188454, 0.34343442, 0.88105166, 0.94035935, 0.6624477, 0.8590522, 0.7212209, 0.8616308, 0.8563734, 8.09226E-4, 0.710147] |[0.0, 0.0, 0.0, 0.0, 0.0, 1.0, 1.0, 1.0, 1.0, 1.0, 0.0, 1.0, 1.0, 1.0, 1.0] |
|      f5 |11 |     500 |    5000 |   25 |  0.36 |standard | sshape3 |     375 |481.0694 |   477.0 |    0,85 |-0,0010 |1594061830028 |[0.511493, 0.49657756, 0.5568024, 1.0, 0.49818087, 0.5562072, 0.5983381, 0.78213596, 0.31608388, 0.14671607, 0.14045912, 0.74589735, 0.46302247, 0.70033634, 0.64926815] |[0.0, 0.0, 0.0, 1.0, 0.0, 0.0, 1.0, 1.0, 1.0, 0.0, 1.0, 1.0, 0.0, 1.0, 1.0] |
|      f5 |11 |    1000 |    5000 |   25 |  0.45 |standard | sshape3 |     375 |481.0694 |   477.0 |    0,85 |-0,0010 |1594061830028 |[0.511493, 0.49657756, 0.5568024, 1.0, 0.49818087, 0.5562072, 0.5983381, 0.78213596, 0.31608388, 0.14671607, 0.14045912, 0.74589735, 0.46302247, 0.70033634, 0.64926815] |[0.0, 1.0, 0.0, 0.0, 0.0, 1.0, 0.0, 1.0, 1.0, 0.0, 1.0, 1.0, 0.0, 1.0, 1.0] |
|      f5 |11 |    1500 |    5000 |   30 |  0.28 |standard | sshape3 |     375 |481.0694 |   477.0 |    0,85 |-0,0010 |1594061830028 |[0.511493, 0.49657756, 0.5568024, 1.0, 0.49818087, 0.5562072, 0.5983381, 0.78213596, 0.31608388, 0.14671607, 0.14045912, 0.74589735, 0.46302247, 0.70033634, 0.64926815] |[0.0, 0.0, 0.0, 0.0, 0.0, 0.0, 0.0, 0.0, 0.0, 0.0, 0.0, 0.0, 0.0, 0.0, 0.0] |
|      f5 |11 |    2000 |    5000 |   30 |   0.4 |standard | sshape3 |     375 |481.0694 |   477.0 |    0,85 |-0,0010 |1594061830028 |[0.511493, 0.49657756, 0.5568024, 1.0, 0.49818087, 0.5562072, 0.5983381, 0.78213596, 0.31608388, 0.14671607, 0.14045912, 0.74589735, 0.46302247, 0.70033634, 0.64926815] |[0.0, 0.0, 1.0, 0.0, 1.0, 0.0, 1.0, 1.0, 0.0, 1.0, 1.0, 1.0, 1.0, 0.0, 1.0] |
|      f5 |11 |    2500 |    5000 |   30 |0.33333334 |standard | sshape3 |     375 |481.0694 |   477.0 |    0,85 |-0,0010 |1594061830028 |[0.511493, 0.49657756, 0.5568024, 1.0, 0.49818087, 0.5562072, 0.5983381, 0.78213596, 0.31608388, 0.14671607, 0.14045912, 0.74589735, 0.46302247, 0.70033634, 0.64926815] |[0.0, 0.0, 0.0, 1.0, 1.0, 0.0, 1.0, 1.0, 0.0, 1.0, 1.0, 1.0, 0.0, 0.0, 1.0] |
|      f5 |11 |    3000 |    5000 |   30 |0.36666667 |standard | sshape3 |     375 |481.0694 |   477.0 |    0,85 |-0,0010 |1594061830028 |[0.511493, 0.49657756, 0.5568024, 1.0, 0.49818087, 0.5562072, 0.5983381, 0.78213596, 0.31608388, 0.14671607, 0.14045912, 0.74589735, 0.46302247, 0.70033634, 0.64926815] |[0.0, 0.0, 1.0, 0.0, 0.0, 1.0, 1.0, 1.0, 1.0, 1.0, 1.0, 1.0, 0.0, 0.0, 1.0] |
|      f5 |11 |    3500 |    5000 |   35 |0.33333334 |standard | sshape3 |     375 |481.0694 |   477.0 |    0,85 |-0,0010 |1594061830028 |[0.511493, 0.49657756, 0.5568024, 1.0, 0.49818087, 0.5562072, 0.5983381, 0.78213596, 0.31608388, 0.14671607, 0.14045912, 0.74589735, 0.46302247, 0.70033634, 0.64926815] |[0.0, 0.0, 0.0, 0.0, 0.0, 0.0, 0.0, 0.0, 0.0, 0.0, 0.0, 0.0, 0.0, 0.0, 0.0] |
|      f5 |11 |    4000 |    5000 |   35 |  0.45 |standard | sshape3 |     375 |481.0694 |   477.0 |    0,85 |-0,0010 |1594061830028 |[0.511493, 0.49657756, 0.5568024, 1.0, 0.49818087, 0.5562072, 0.5983381, 0.78213596, 0.31608388, 0.14671607, 0.14045912, 0.74589735, 0.46302247, 0.70033634, 0.64926815] |[0.0, 0.0, 1.0, 1.0, 0.0, 0.0, 0.0, 1.0, 1.0, 1.0, 1.0, 1.0, 0.0, 1.0, 1.0] |
|      f5 |11 |    4500 |    5000 |   35 |0.22857143 |standard | sshape3 |     375 |481.0694 |   477.0 |    0,85 |-0,0010 |1594061830028 |[0.511493, 0.49657756, 0.5568024, 1.0, 0.49818087, 0.5562072, 0.5983381, 0.78213596, 0.31608388, 0.14671607, 0.14045912, 0.74589735, 0.46302247, 0.70033634, 0.64926815] |[0.0, 1.0, 0.0, 1.0, 0.0, 0.0, 1.0, 1.0, 1.0, 0.0, 1.0, 1.0, 0.0, 1.0, 0.0] |
|      f5 |11 |    5000 |    5000 |   35 |0.34285715 |standard | sshape3 |     375 |481.0694 |   477.0 |    0,85 |-0,0010 |1594061830028 |[0.511493, 0.49657756, 0.5568024, 1.0, 0.49818087, 0.5562072, 0.5983381, 0.78213596, 0.31608388, 0.14671607, 0.14045912, 0.74589735, 0.46302247, 0.70033634, 0.64926815] |[0.0, 0.0, 1.0, 1.0, 1.0, 0.0, 1.0, 1.0, 0.0, 1.0, 0.0, 1.0, 0.0, 0.0, 1.0] |
|      f5 |11 |    5001 |    5000 |   35 |0.34285715 |standard | sshape3 |     375 |481.0694 |   477.0 |    0,85 |  1,1 |1594061830028 |[0.511493, 0.49657756, 0.5568024, 1.0, 0.49818087, 0.5562072, 0.5983381, 0.78213596, 0.31608388, 0.14671607, 0.14045912, 0.74589735, 0.46302247, 0.70033634, 0.64926815] |[0.0, 0.0, 1.0, 1.0, 1.0, 0.0, 1.0, 1.0, 0.0, 1.0, 0.0, 1.0, 0.0, 0.0, 1.0] |
|      f5 |12 |       1 |    5000 |   25 |  0.25 |standard | sshape3 |     375 |481.0694 |   477.0 |    0,85 |-0,0020 |1594061831101 |[0.46586084, 0.44434455, 0.78762054, 0.31649423, 0.5274122, 1.0, 0.6112862, 0.4743298, 0.17778993, 0.29321426, 0.49151316, 0.2643414, 1.0, 0.7964908, 1.0] |[0.0, 0.0, 1.0, 0.0, 1.0, 0.0, 1.0, 1.0, 0.0, 1.0, 1.0, 1.0, 0.0, 1.0, 1.0] |
|      f5 |12 |     500 |    5000 |   30 |  0.28 |standard | sshape3 |     375 |481.0694 |   477.0 |    0,85 |-0,0020 |1594061831101 |[0.46586084, 0.44434455, 0.78762054, 0.31649423, 0.5274122, 1.0, 0.6112862, 0.4743298, 0.17778993, 0.29321426, 0.49151316, 0.2643414, 1.0, 0.7964908, 1.0] |[0.0, 0.0, 0.0, 0.0, 0.0, 0.0, 0.0, 0.0, 0.0, 0.0, 0.0, 0.0, 0.0, 0.0, 0.0] |
|      f5 |12 |    1000 |    5000 |   30 |  0.45 |standard | sshape3 |     375 |481.0694 |   477.0 |    0,85 |-0,0020 |1594061831101 |[0.166147, 0.19054055, 0.80790526, 0.29341012, 0.29323614, 0.6608852, 0.9468018, 0.29652947, 0.7822088, 0.99910927, 0.86947304, 0.8599944, 0.070196986, 0.15197909, 0.7719261] |[0.0, 0.0, 1.0, 1.0, 1.0, 0.0, 0.0, 1.0, 1.0, 1.0, 1.0, 1.0, 0.0, 0.0, 1.0] |
|      f5 |12 |    1500 |    5000 |   30 |0.33333334 |standard | sshape3 |     375 |481.0694 |   477.0 |    0,85 |-0,0020 |1594061831101 |[0.097994804, 0.967624, 0.7068621, 0.8060041, 0.0873031, 0.7321363, 0.46161646, 0.9258527, 0.38723004, 0.6017338, 0.97717476, 0.206711, 0.12085861, 0.977969, 0.09769434] |[1.0, 0.0, 1.0, 0.0, 0.0, 0.0, 1.0, 1.0, 1.0, 0.0, 0.0, 1.0, 1.0, 1.0, 1.0] |
|      f5 |12 |    2000 |    5000 |   30 |0.43333334 |standard | sshape3 |     375 |481.0694 |   477.0 |    0,85 |-0,0020 |1594061831101 |[0.097994804, 0.967624, 0.7068621, 0.8060041, 0.0873031, 0.7321363, 0.46161646, 0.9258527, 0.38723004, 0.6017338, 0.97717476, 0.206711, 0.12085861, 0.977969, 0.09769434] |[0.0, 0.0, 0.0, 1.0, 1.0, 0.0, 1.0, 1.0, 0.0, 1.0, 1.0, 1.0, 0.0, 0.0, 1.0] |
|      f5 |12 |    2500 |    5000 |   35 |0.16666667 |standard | sshape3 |     375 |481.0694 |   477.0 |    0,85 |-0,0020 |1594061831101 |[0.097994804, 0.967624, 0.7068621, 0.8060041, 0.0873031, 0.7321363, 0.46161646, 0.9258527, 0.38723004, 0.6017338, 0.97717476, 0.206711, 0.12085861, 0.977969, 0.09769434] |[0.0, 0.0, 0.0, 0.0, 0.0, 0.0, 0.0, 0.0, 0.0, 0.0, 0.0, 0.0, 0.0, 0.0, 0.0] |
|      f5 |12 |    3000 |    5000 |   35 |0.31428573 |standard | sshape3 |     375 |481.0694 |   477.0 |    0,85 |-0,0020 |1594061831101 |[0.097994804, 0.967624, 0.7068621, 0.8060041, 0.0873031, 0.7321363, 0.46161646, 0.9258527, 0.38723004, 0.6017338, 0.97717476, 0.206711, 0.12085861, 0.977969, 0.09769434] |[0.0, 1.0, 1.0, 1.0, 0.0, 0.0, 0.0, 1.0, 0.0, 0.0, 0.0, 1.0, 0.0, 1.0, 1.0] |
|      f5 |12 |    3500 |    5000 |   35 |0.37142858 |standard | sshape3 |     375 |481.0694 |   477.0 |    0,85 |-0,0020 |1594061831101 |[0.097994804, 0.967624, 0.7068621, 0.8060041, 0.0873031, 0.7321363, 0.46161646, 0.9258527, 0.38723004, 0.6017338, 0.97717476, 0.206711, 0.12085861, 0.977969, 0.09769434] |[0.0, 0.0, 1.0, 0.0, 0.0, 1.0, 1.0, 1.0, 1.0, 1.0, 1.0, 1.0, 0.0, 0.0, 1.0] |
|      f5 |12 |    4000 |    5000 |   35 |0.22857143 |standard | sshape3 |     375 |481.0694 |   477.0 |    0,85 |-0,0020 |1594061831101 |[0.097994804, 0.967624, 0.7068621, 0.8060041, 0.0873031, 0.7321363, 0.46161646, 0.9258527, 0.38723004, 0.6017338, 0.97717476, 0.206711, 0.12085861, 0.977969, 0.09769434] |[0.0, 1.0, 1.0, 0.0, 0.0, 0.0, 0.0, 1.0, 1.0, 1.0, 0.0, 1.0, 1.0, 1.0, 1.0] |
|      f5 |12 |    4500 |    5000 |   40 |0.2857143 |standard | sshape3 |     375 |481.0694 |   477.0 |    0,85 |-0,0020 |1594061831101 |[0.097994804, 0.967624, 0.7068621, 0.8060041, 0.0873031, 0.7321363, 0.46161646, 0.9258527, 0.38723004, 0.6017338, 0.97717476, 0.206711, 0.12085861, 0.977969, 0.09769434] |[0.0, 0.0, 0.0, 0.0, 0.0, 0.0, 0.0, 0.0, 0.0, 0.0, 0.0, 0.0, 0.0, 0.0, 0.0] |
|      f5 |12 |    5000 |    5000 |   40 | 0.375 |standard | sshape3 |     375 |481.0694 |   477.0 |    0,85 |-0,0020 |1594061831101 |[0.097994804, 0.967624, 0.7068621, 0.8060041, 0.0873031, 0.7321363, 0.46161646, 0.9258527, 0.38723004, 0.6017338, 0.97717476, 0.206711, 0.12085861, 0.977969, 0.09769434] |[0.0, 0.0, 1.0, 1.0, 0.0, 0.0, 1.0, 1.0, 0.0, 0.0, 1.0, 1.0, 0.0, 1.0, 1.0] |
|      f5 |12 |    5001 |    5000 |   40 | 0.375 |standard | sshape3 |     375 |481.0694 |   477.0 |    0,85 |  1,2 |1594061831101 |[0.097994804, 0.967624, 0.7068621, 0.8060041, 0.0873031, 0.7321363, 0.46161646, 0.9258527, 0.38723004, 0.6017338, 0.97717476, 0.206711, 0.12085861, 0.977969, 0.09769434] |[0.0, 0.0, 1.0, 1.0, 0.0, 0.0, 1.0, 1.0, 0.0, 0.0, 1.0, 1.0, 0.0, 1.0, 1.0] |
|      f5 |13 |       1 |    5000 |   25 |  0.25 |standard | sshape3 |     375 |481.0694 |   477.0 |    0,85 |  0,0 |1594061832260 |[0.42981124, 0.16821355, 0.023995757, 0.44011724, 0.33639956, 0.537001, 0.2269926, 0.35880792, 0.0757643, 0.94270873, 0.6197266, 0.32547152, 0.91257226, 0.037361085, 0.6476948] |[0.0, 0.0, 1.0, 1.0, 0.0, 0.0, 1.0, 1.0, 0.0, 1.0, 1.0, 1.0, 0.0, 0.0, 1.0] |
|      f5 |13 |     500 |    5000 |   25 |   0.4 |standard | sshape3 |     375 |481.0694 |   477.0 |    0,85 |  0,0 |1594061832260 |[0.42981124, 0.16821355, 0.023995757, 0.44011724, 0.33639956, 0.537001, 0.2269926, 0.35880792, 0.0757643, 0.94270873, 0.6197266, 0.32547152, 0.91257226, 0.037361085, 0.6476948] |[0.0, 0.0, 1.0, 0.0, 1.0, 0.0, 1.0, 1.0, 0.0, 1.0, 1.0, 1.0, 0.0, 1.0, 1.0] |
|      f5 |13 |    1000 |    5000 |   25 |  0.45 |standard | sshape3 |     375 |481.0694 |   477.0 |    0,85 |  0,0 |1594061832260 |[0.42981124, 0.16821355, 0.023995757, 0.44011724, 0.33639956, 0.537001, 0.2269926, 0.35880792, 0.0757643, 0.94270873, 0.6197266, 0.32547152, 0.91257226, 0.037361085, 0.6476948] |[0.0, 0.0, 1.0, 1.0, 0.0, 0.0, 1.0, 1.0, 0.0, 0.0, 1.0, 1.0, 1.0, 0.0, 1.0] |
|      f5 |13 |    1500 |    5000 |   30 |  0.36 |standard | sshape3 |     375 |481.0694 |   477.0 |    0,85 |  0,0 |1594061832260 |[0.6924018, 0.6296717, 0.21957469, 0.2779618, 0.6938393, 0.4959467, 0.12785012, 0.65027183, 0.730743, 0.07070935, 0.34322685, 0.02640307, 0.8626774, 0.19812298, 0.4610592] |[0.0, 0.0, 0.0, 0.0, 0.0, 0.0, 0.0, 0.0, 0.0, 0.0, 0.0, 0.0, 0.0, 0.0, 0.0] |
|      f5 |13 |    2000 |    5000 |   30 |   0.4 |standard | sshape3 |     375 |481.0694 |   477.0 |    0,85 |  0,0 |1594061832260 |[0.6924018, 0.6296717, 0.21957469, 0.2779618, 0.6938393, 0.4959467, 0.12785012, 0.65027183, 0.730743, 0.07070935, 0.34322685, 0.02640307, 0.8626774, 0.19812298, 0.4610592] |[0.0, 0.0, 0.0, 1.0, 0.0, 0.0, 1.0, 1.0, 1.0, 1.0, 1.0, 1.0, 0.0, 1.0, 1.0] |
|      f5 |13 |    2500 |    5000 |   30 |   0.2 |standard | sshape3 |     375 |481.0694 |   477.0 |    0,85 |  0,0 |1594061832260 |[0.6924018, 0.6296717, 0.21957469, 0.2779618, 0.6938393, 0.4959467, 0.12785012, 0.65027183, 0.730743, 0.07070935, 0.34322685, 0.02640307, 0.8626774, 0.19812298, 0.4610592] |[0.0, 1.0, 0.0, 0.0, 0.0, 0.0, 1.0, 1.0, 0.0, 0.0, 1.0, 1.0, 1.0, 1.0, 1.0] |
|      f5 |13 |    3000 |    5000 |   30 |0.33333334 |standard | sshape3 |     375 |481.0694 |   477.0 |    0,85 |  0,0 |1594061832260 |[0.6924018, 0.6296717, 0.21957469, 0.2779618, 0.6938393, 0.4959467, 0.12785012, 0.65027183, 0.730743, 0.07070935, 0.34322685, 0.02640307, 0.8626774, 0.19812298, 0.4610592] |[1.0, 0.0, 1.0, 0.0, 0.0, 1.0, 1.0, 1.0, 0.0, 1.0, 1.0, 1.0, 0.0, 0.0, 1.0] |
|      f5 |13 |    3500 |    5000 |   35 |0.26666668 |standard | sshape3 |     375 |481.0694 |   477.0 |    0,85 |  0,0 |1594061832260 |[0.6924018, 0.6296717, 0.21957469, 0.2779618, 0.6938393, 0.4959467, 0.12785012, 0.65027183, 0.730743, 0.07070935, 0.34322685, 0.02640307, 0.8626774, 0.19812298, 0.4610592] |[0.0, 0.0, 0.0, 0.0, 0.0, 0.0, 0.0, 0.0, 0.0, 0.0, 0.0, 0.0, 0.0, 0.0, 0.0] |
|      f5 |13 |    4000 |    5000 |   35 |0.2857143 |standard | sshape3 |     375 |481.0694 |   477.0 |    0,85 |  0,0 |1594061832260 |[0.6924018, 0.6296717, 0.21957469, 0.2779618, 0.6938393, 0.4959467, 0.12785012, 0.65027183, 0.730743, 0.07070935, 0.34322685, 0.02640307, 0.8626774, 0.19812298, 0.4610592] |[0.0, 0.0, 1.0, 0.0, 1.0, 0.0, 1.0, 1.0, 1.0, 1.0, 1.0, 1.0, 1.0, 0.0, 1.0] |
|      f5 |13 |    4500 |    5000 |   35 |0.31428573 |standard | sshape3 |     375 |481.0694 |   477.0 |    0,85 |  0,0 |1594061832260 |[0.6924018, 0.6296717, 0.21957469, 0.2779618, 0.6938393, 0.4959467, 0.12785012, 0.65027183, 0.730743, 0.07070935, 0.34322685, 0.02640307, 0.8626774, 0.19812298, 0.4610592] |[0.0, 1.0, 1.0, 0.0, 0.0, 0.0, 1.0, 1.0, 1.0, 0.0, 1.0, 1.0, 0.0, 0.0, 1.0] |
|      f5 |13 |    5000 |    5000 |   35 |   0.4 |standard | sshape3 |     375 |481.0694 |   477.0 |    0,85 |  0,0 |1594061832260 |[0.6924018, 0.6296717, 0.21957469, 0.2779618, 0.6938393, 0.4959467, 0.12785012, 0.65027183, 0.730743, 0.07070935, 0.34322685, 0.02640307, 0.8626774, 0.19812298, 0.4610592] |[0.0, 0.0, 1.0, 1.0, 1.0, 0.0, 1.0, 1.0, 1.0, 1.0, 1.0, 1.0, 0.0, 0.0, 0.0] |
|      f5 |13 |    5001 |    5000 |   35 |   0.4 |standard | sshape3 |     375 |481.0694 |   477.0 |    0,85 |  1,1 |1594061832260 |[0.6924018, 0.6296717, 0.21957469, 0.2779618, 0.6938393, 0.4959467, 0.12785012, 0.65027183, 0.730743, 0.07070935, 0.34322685, 0.02640307, 0.8626774, 0.19812298, 0.4610592] |[0.0, 0.0, 1.0, 1.0, 1.0, 0.0, 1.0, 1.0, 1.0, 1.0, 1.0, 1.0, 0.0, 0.0, 0.0] |
|      f5 |14 |       1 |    5000 |   25 |  0.25 |standard | sshape3 |     375 |481.0694 |   477.0 |    0,85 |  0,0 |1594061833325 |[0.26220757, 0.3418523, 0.42200083, 0.425107, 0.5013504, 0.8584273, 0.60107476, 0.11736524, 0.42792642, 0.3873567, 0.31040508, 0.36851692, 0.5345214, 0.14707196, 0.15203243] |[0.0, 0.0, 1.0, 1.0, 1.0, 0.0, 0.0, 1.0, 0.0, 0.0, 0.0, 1.0, 0.0, 1.0, 1.0] |
|      f5 |14 |     500 |    5000 |   30 |  0.45 |standard | sshape3 |     375 |481.0694 |   477.0 |    0,85 |  0,0 |1594061833325 |[0.22890262, 0.2501292, 0.8048947, 0.7262017, 0.8390873, 0.7617958, 1.0, 0.79878014, 0.044971883, 0.09514055, 1.0, 1.0E-12, 0.57927704, 0.86858034, 0.68491846] |[0.0, 0.0, 0.0, 0.0, 0.0, 0.0, 0.0, 0.0, 0.0, 0.0, 0.0, 0.0, 0.0, 0.0, 0.0] |
|      f5 |14 |    1000 |    5000 |   30 |0.43333334 |standard | sshape3 |     375 |481.0694 |   477.0 |    0,85 |  0,0 |1594061833325 |[0.22890262, 0.2501292, 0.8048947, 0.7262017, 0.8390873, 0.7617958, 1.0, 0.79878014, 0.044971883, 0.09514055, 1.0, 1.0E-12, 0.57927704, 0.86858034, 0.68491846] |[0.0, 0.0, 1.0, 0.0, 1.0, 0.0, 1.0, 1.0, 0.0, 1.0, 1.0, 1.0, 0.0, 1.0, 1.0] |
|      f5 |14 |    1500 |    5000 |   30 |   0.2 |standard | sshape3 |     375 |481.0694 |   477.0 |    0,85 |  0,0 |1594061833325 |[0.53013706, 0.7696147, 0.6975574, 0.31979924, 0.84049743, 0.7705662, 0.53613025, 0.8785633, 0.54088134, 0.12522787, 0.17469072, 0.75245, 0.16456652, 0.99026316, 0.9461516] |[0.0, 0.0, 1.0, 0.0, 1.0, 0.0, 1.0, 1.0, 0.0, 1.0, 1.0, 1.0, 0.0, 1.0, 1.0] |
|      f5 |14 |    2000 |    5000 |   30 |0.26666668 |standard | sshape3 |     375 |481.0694 |   477.0 |    0,85 |  0,0 |1594061833325 |[0.53013706, 0.7696147, 0.6975574, 0.31979924, 0.84049743, 0.7705662, 0.53613025, 0.8785633, 0.54088134, 0.12522787, 0.17469072, 0.75245, 0.16456652, 0.99026316, 0.9461516] |[1.0, 0.0, 1.0, 0.0, 1.0, 0.0, 1.0, 1.0, 1.0, 1.0, 1.0, 1.0, 0.0, 0.0, 0.0] |
|      f5 |14 |    2500 |    5000 |   35 |0.36666667 |standard | sshape3 |     375 |481.0694 |   477.0 |    0,85 |  0,0 |1594061833325 |[0.53013706, 0.7696147, 0.6975574, 0.31979924, 0.84049743, 0.7705662, 0.53613025, 0.8785633, 0.54088134, 0.12522787, 0.17469072, 0.75245, 0.16456652, 0.99026316, 0.9461516] |[0.0, 0.0, 0.0, 0.0, 0.0, 0.0, 0.0, 0.0, 0.0, 0.0, 0.0, 0.0, 0.0, 0.0, 0.0] |
|      f5 |14 |    3000 |    5000 |   35 |  0.45 |standard | sshape3 |     375 |481.0694 |   477.0 |    0,85 |  0,0 |1594061833325 |[0.53013706, 0.7696147, 0.6975574, 0.31979924, 0.84049743, 0.7705662, 0.53613025, 0.8785633, 0.54088134, 0.12522787, 0.17469072, 0.75245, 0.16456652, 0.99026316, 0.9461516] |[0.0, 1.0, 0.0, 1.0, 0.0, 0.0, 1.0, 1.0, 1.0, 0.0, 1.0, 1.0, 0.0, 0.0, 1.0] |
|      f5 |14 |    3500 |    5000 |   35 |   0.4 |standard | sshape3 |     375 |481.0694 |   477.0 |    0,85 |  0,0 |1594061833325 |[0.53013706, 0.7696147, 0.6975574, 0.31979924, 0.84049743, 0.7705662, 0.53613025, 0.8785633, 0.54088134, 0.12522787, 0.17469072, 0.75245, 0.16456652, 0.99026316, 0.9461516] |[0.0, 0.0, 1.0, 1.0, 1.0, 0.0, 1.0, 1.0, 1.0, 0.0, 0.0, 1.0, 0.0, 0.0, 1.0] |
|      f5 |14 |    4000 |    5000 |   35 |0.34285715 |standard | sshape3 |     375 |481.0694 |   477.0 |    0,85 |  0,0 |1594061833325 |[0.53013706, 0.7696147, 0.6975574, 0.31979924, 0.84049743, 0.7705662, 0.53613025, 0.8785633, 0.54088134, 0.12522787, 0.17469072, 0.75245, 0.16456652, 0.99026316, 0.9461516] |[0.0, 0.0, 0.0, 0.0, 1.0, 1.0, 1.0, 1.0, 1.0, 0.0, 0.0, 1.0, 1.0, 1.0, 0.0] |
|      f5 |14 |    4500 |    5000 |   40 |0.42857143 |standard | sshape3 |     375 |481.0694 |   477.0 |    0,85 |  0,0 |1594061833325 |[0.53013706, 0.7696147, 0.6975574, 0.31979924, 0.84049743, 0.7705662, 0.53613025, 0.8785633, 0.54088134, 0.12522787, 0.17469072, 0.75245, 0.16456652, 0.99026316, 0.9461516] |[0.0, 0.0, 0.0, 0.0, 0.0, 0.0, 0.0, 0.0, 0.0, 0.0, 0.0, 0.0, 0.0, 0.0, 0.0] |
|      f5 |14 |    5000 |    5000 |   40 |  0.45 |standard | sshape3 |     375 |481.0694 |   477.0 |    0,85 |  0,0 |1594061833325 |[0.53013706, 0.7696147, 0.6975574, 0.31979924, 0.84049743, 0.7705662, 0.53613025, 0.8785633, 0.54088134, 0.12522787, 0.17469072, 0.75245, 0.16456652, 0.99026316, 0.9461516] |[0.0, 1.0, 0.0, 1.0, 1.0, 0.0, 1.0, 1.0, 0.0, 0.0, 0.0, 1.0, 0.0, 0.0, 1.0] |
|      f5 |14 |    5001 |    5000 |   40 |  0.45 |standard | sshape3 |     375 |481.0694 |   477.0 |    0,85 |  1,2 |1594061833325 |[0.53013706, 0.7696147, 0.6975574, 0.31979924, 0.84049743, 0.7705662, 0.53613025, 0.8785633, 0.54088134, 0.12522787, 0.17469072, 0.75245, 0.16456652, 0.99026316, 0.9461516] |[0.0, 1.0, 0.0, 1.0, 1.0, 0.0, 1.0, 1.0, 0.0, 0.0, 0.0, 1.0, 0.0, 0.0, 1.0] |
|      f5 |15 |       1 |    5000 |   25 |  0.25 |standard | sshape3 |     375 |481.0694 |   477.0 |    0,85 |  0,0 |1594061834502 |[0.19354612, 0.6243357, 0.34605616, 0.6395807, 0.07822752, 0.08837789, 0.9091404, 0.3819775, 0.056105375, 0.77843124, 0.34320897, 0.044340372, 0.16637778, 0.16921335, 0.22097194] |[0.0, 1.0, 0.0, 0.0, 0.0, 0.0, 1.0, 1.0, 1.0, 1.0, 1.0, 1.0, 0.0, 1.0, 1.0] |
|      f5 |15 |     500 |    5000 |   25 |  0.28 |standard | sshape3 |     375 |481.0694 |   477.0 |    0,85 |  0,0 |1594061834502 |[0.19354612, 0.6243357, 0.34605616, 0.6395807, 0.07822752, 0.08837789, 0.9091404, 0.3819775, 0.056105375, 0.77843124, 0.34320897, 0.044340372, 0.16637778, 0.16921335, 0.22097194] |[1.0, 0.0, 1.0, 1.0, 0.0, 0.0, 1.0, 1.0, 1.0, 0.0, 1.0, 1.0, 0.0, 0.0, 0.0] |
|      f5 |15 |    1000 |    5000 |   25 |  0.32 |standard | sshape3 |     375 |481.0694 |   477.0 |    0,85 |  0,0 |1594061834502 |[0.19354612, 0.6243357, 0.34605616, 0.6395807, 0.07822752, 0.08837789, 0.9091404, 0.3819775, 0.056105375, 0.77843124, 0.34320897, 0.044340372, 0.16637778, 0.16921335, 0.22097194] |[0.0, 0.0, 0.0, 0.0, 1.0, 1.0, 1.0, 1.0, 1.0, 0.0, 1.0, 1.0, 0.0, 0.0, 1.0] |
|      f5 |15 |    1500 |    5000 |   30 |  0.24 |standard | sshape3 |     375 |481.0694 |   477.0 |    0,85 |  0,0 |1594061834502 |[0.19354612, 0.6243357, 0.34605616, 0.6395807, 0.07822752, 0.08837789, 0.9091404, 0.3819775, 0.056105375, 0.77843124, 0.34320897, 0.044340372, 0.16637778, 0.16921335, 0.22097194] |[0.0, 0.0, 0.0, 0.0, 0.0, 0.0, 0.0, 0.0, 0.0, 0.0, 0.0, 0.0, 0.0, 0.0, 0.0] |
|      f5 |15 |    2000 |    5000 |   30 |  0.45 |standard | sshape3 |     375 |481.0694 |   477.0 |    0,85 |  0,0 |1594061834502 |[0.19354612, 0.6243357, 0.34605616, 0.6395807, 0.07822752, 0.08837789, 0.9091404, 0.3819775, 0.056105375, 0.77843124, 0.34320897, 0.044340372, 0.16637778, 0.16921335, 0.22097194] |[0.0, 1.0, 0.0, 1.0, 0.0, 0.0, 1.0, 1.0, 1.0, 0.0, 1.0, 1.0, 0.0, 0.0, 1.0] |
|      f5 |15 |    2500 |    5000 |   30 |0.36666667 |standard | sshape3 |     375 |481.0694 |   477.0 |    0,85 |  0,0 |1594061834502 |[0.19354612, 0.6243357, 0.34605616, 0.6395807, 0.07822752, 0.08837789, 0.9091404, 0.3819775, 0.056105375, 0.77843124, 0.34320897, 0.044340372, 0.16637778, 0.16921335, 0.22097194] |[0.0, 0.0, 0.0, 0.0, 1.0, 0.0, 1.0, 1.0, 0.0, 0.0, 1.0, 1.0, 1.0, 1.0, 1.0] |
|      f5 |15 |    3000 |    5000 |   30 |0.36666667 |standard | sshape3 |     375 |481.0694 |   477.0 |    0,85 |  0,0 |1594061834502 |[0.19354612, 0.6243357, 0.34605616, 0.6395807, 0.07822752, 0.08837789, 0.9091404, 0.3819775, 0.056105375, 0.77843124, 0.34320897, 0.044340372, 0.16637778, 0.16921335, 0.22097194] |[0.0, 0.0, 1.0, 1.0, 1.0, 0.0, 1.0, 1.0, 0.0, 0.0, 1.0, 1.0, 0.0, 1.0, 0.0] |
|      f5 |15 |    3500 |    5000 |   35 |  0.45 |standard | sshape3 |     375 |481.0694 |   477.0 |    0,85 |  0,0 |1594061834502 |[0.19354612, 0.6243357, 0.34605616, 0.6395807, 0.07822752, 0.08837789, 0.9091404, 0.3819775, 0.056105375, 0.77843124, 0.34320897, 0.044340372, 0.16637778, 0.16921335, 0.22097194] |[0.0, 0.0, 0.0, 0.0, 0.0, 0.0, 0.0, 0.0, 0.0, 0.0, 0.0, 0.0, 0.0, 0.0, 0.0] |
|      f5 |15 |    4000 |    5000 |   35 |  0.45 |standard | sshape3 |     375 |481.0694 |   477.0 |    0,85 |  0,0 |1594061834502 |[0.19354612, 0.6243357, 0.34605616, 0.6395807, 0.07822752, 0.08837789, 0.9091404, 0.3819775, 0.056105375, 0.77843124, 0.34320897, 0.044340372, 0.16637778, 0.16921335, 0.22097194] |[0.0, 1.0, 0.0, 0.0, 1.0, 0.0, 1.0, 1.0, 1.0, 1.0, 1.0, 1.0, 0.0, 1.0, 0.0] |
|      f5 |15 |    4500 |    5000 |   35 |0.34285715 |standard | sshape3 |     375 |481.0694 |   477.0 |    0,85 |  0,0 |1594061834502 |[0.19354612, 0.6243357, 0.34605616, 0.6395807, 0.07822752, 0.08837789, 0.9091404, 0.3819775, 0.056105375, 0.77843124, 0.34320897, 0.044340372, 0.16637778, 0.16921335, 0.22097194] |[0.0, 1.0, 1.0, 1.0, 0.0, 0.0, 1.0, 1.0, 1.0, 0.0, 0.0, 1.0, 0.0, 0.0, 1.0] |
|      f5 |15 |    5000 |    5000 |   35 |0.31428573 |standard | sshape3 |     375 |481.0694 |   477.0 |    0,85 |  0,0 |1594061834502 |[0.19354612, 0.6243357, 0.34605616, 0.6395807, 0.07822752, 0.08837789, 0.9091404, 0.3819775, 0.056105375, 0.77843124, 0.34320897, 0.044340372, 0.16637778, 0.16921335, 0.22097194] |[0.0, 1.0, 1.0, 1.0, 0.0, 1.0, 0.0, 1.0, 1.0, 1.0, 0.0, 1.0, 0.0, 0.0, 0.0] |
|      f5 |15 |    5001 |    5000 |   35 |0.31428573 |standard | sshape3 |     375 |481.0694 |   477.0 |    0,85 |  1,1 |1594061834502 |[0.19354612, 0.6243357, 0.34605616, 0.6395807, 0.07822752, 0.08837789, 0.9091404, 0.3819775, 0.056105375, 0.77843124, 0.34320897, 0.044340372, 0.16637778, 0.16921335, 0.22097194] |[0.0, 1.0, 1.0, 1.0, 0.0, 1.0, 0.0, 1.0, 1.0, 1.0, 0.0, 1.0, 0.0, 0.0, 0.0] |
