| # | Nest | %Desc |#Iter |Instancia | CapMoch |ValOptmo | BestFit |     RDP | time |      semilla |VectorSolucion |
-------------------------------------------------------------------------------------------------
| 1 |   25 |  0.25 | 2500 |      f9 |      80 |   130.0 |   130.0 |    0,00 |-1,6e+09 |1592499857624 |[0.50568837, 0.64692485, 0.17040819, 0.048446655, 0.36473882] |
| 2 |   25 |  0.25 | 2500 |      f9 |      80 |   130.0 |   130.0 |    0,00 |  0,0 |1592499857625 |[0.62124443, 0.9468217, 0.1774922, 0.35010815, 0.9130342] |
| 3 |   25 |  0.25 | 2500 |      f9 |      80 |   130.0 |   130.0 |    0,00 |  0,0 |1592499857626 |[0.0125979185, 0.58646965, 0.12945312, 0.6032939, 0.47308123] |
| 4 |   25 |  0.25 | 2500 |      f9 |      80 |   130.0 |   130.0 |    0,00 |  0,0 |1592499857626 |[0.54790676, 0.19002897, 0.054762185, 0.91543823, 0.32004458] |
| 5 |   25 |  0.25 | 2500 |      f9 |      80 |   130.0 |   130.0 |    0,00 |  0,0 |1592499857627 |[0.53813094, 0.76489854, 0.20668548, 0.9210492, 0.4385094] |
| 6 |   25 |  0.25 | 2500 |      f9 |      80 |   130.0 |   130.0 |    0,00 |-0,0010 |1592499857628 |[0.032615066, 0.6828941, 0.4418136, 0.01313585, 0.9973294] |
| 7 |   25 |  0.25 | 2500 |      f9 |      80 |   130.0 |   130.0 |    0,00 |  0,0 |1592499857628 |[0.5273506, 0.44838077, 0.84741014, 0.39763224, 0.5103685] |
| 8 |   25 |  0.25 | 2500 |      f9 |      80 |   130.0 |   130.0 |    0,00 |  0,0 |1592499857629 |[0.20560986, 0.43665367, 0.43528885, 0.44995946, 0.78195137] |
| 9 |   25 |  0.25 | 2500 |      f9 |      80 |   130.0 |   130.0 |    0,00 |  0,0 |1592499857629 |[0.34689617, 0.38855028, 0.9285454, 0.97084564, 0.40420014] |
|10 |   25 |  0.25 | 2500 |      f9 |      80 |   130.0 |   130.0 |    0,00 |  0,0 |1592499857630 |[0.72536945, 0.18443352, 0.89915085, 0.6513521, 0.08375627] |
|11 |   25 |  0.25 | 2500 |      f9 |      80 |   130.0 |   130.0 |    0,00 |  0,0 |1592499857630 |[0.4458326, 0.6433198, 0.73197037, 0.97319716, 0.112404585] |
|12 |   25 |  0.25 | 2500 |      f9 |      80 |   130.0 |   130.0 |    0,00 |  0,0 |1592499857631 |[0.008413315, 0.61121863, 0.4093197, 0.49839365, 0.98133945] |
|13 |   25 |  0.25 | 2500 |      f9 |      80 |   130.0 |   130.0 |    0,00 |  0,0 |1592499857631 |[0.91736263, 0.316652, 0.1974054, 0.49374634, 0.42555678] |
|14 |   25 |  0.25 | 2500 |      f9 |      80 |   130.0 |   130.0 |    0,00 |  0,0 |1592499857632 |[0.52773565, 0.32409322, 0.5931906, 0.5616919, 0.8249794] |
|15 |   25 |  0.25 | 2500 |      f9 |      80 |   130.0 |   130.0 |    0,00 |-0,0010 |1592499857633 |[0.7998946, 0.7471062, 0.96111697, 0.7539017, 0.09064907] |
