| # | Nest | %Desc |#Iter |Instancia | CapMoch |ValOptmo | BestFit |     RDP | time |      semilla |VectorSolucion |
-------------------------------------------------------------------------------------------------
| 1 |   25 |  0.25 | 2500 |      f9 |      80 |   130.0 |   130.0 |    0,00 |-1,6e+09 |1592510645703 |[0.40933084, 0.75496435, 0.067157686, 0.6970868, 0.43551022] |
| 1 |   25 |  0.25 | 2500 |      f9 |      80 |   130.0 |   130.0 |    0,00 |  0,0 |1592510645703 |[0.40933084, 0.75496435, 0.067157686, 0.6970868, 0.43551022] |
| 2 |   25 |  0.25 | 2500 |      f9 |      80 |   130.0 |   130.0 |    0,00 |-0,0010 |1592510645704 |[0.6413568, 0.016600251, 0.59139377, 0.9899211, 0.37873346] |
| 2 |   25 |  0.25 | 2500 |      f9 |      80 |   130.0 |   130.0 |    0,00 |  0,0 |1592510645704 |[0.6413568, 0.016600251, 0.59139377, 0.9899211, 0.37873346] |
| 3 |   25 |  0.25 | 2500 |      f9 |      80 |   130.0 |   130.0 |    0,00 |  0,0 |1592510645704 |[0.9265675, 0.6442139, 0.5538157, 0.12525123, 0.10837591] |
| 3 |   25 |  0.25 | 2500 |      f9 |      80 |   130.0 |   130.0 |    0,00 |0,0010 |1592510645704 |[0.9265675, 0.6442139, 0.5538157, 0.12525123, 0.10837591] |
| 4 |   25 |  0.25 | 2500 |      f9 |      80 |   130.0 |   130.0 |    0,00 |  0,0 |1592510645705 |[0.22265178, 0.64891386, 0.90157956, 0.6628297, 0.564866] |
| 4 |   25 |  0.25 | 2500 |      f9 |      80 |   130.0 |   130.0 |    0,00 |  0,0 |1592510645705 |[0.22265178, 0.64891386, 0.90157956, 0.6628297, 0.564866] |
| 5 |   25 |  0.25 | 2500 |      f9 |      80 |   130.0 |   130.0 |    0,00 |-0,0010 |1592510645706 |[0.19723445, 0.80601263, 0.7366642, 0.3194685, 0.109736264] |
| 5 |   25 |  0.25 | 2500 |      f9 |      80 |   130.0 |   130.0 |    0,00 |  0,0 |1592510645706 |[0.19723445, 0.80601263, 0.7366642, 0.3194685, 0.109736264] |
| 6 |   25 |  0.25 | 2500 |      f9 |      80 |   130.0 |   130.0 |    0,00 |  0,0 |1592510645706 |[0.009850085, 0.47890574, 0.68434185, 0.9465514, 0.70653737] |
| 6 |   25 |  0.25 | 2500 |      f9 |      80 |   130.0 |   130.0 |    0,00 |0,0010 |1592510645706 |[0.009850085, 0.47890574, 0.68434185, 0.9465514, 0.70653737] |
| 7 |   25 |  0.25 | 2500 |      f9 |      80 |   130.0 |   130.0 |    0,00 |  0,0 |1592510645707 |[0.11716509, 0.094620824, 0.5175748, 0.6775472, 0.39899862] |
| 7 |   25 |  0.25 | 2500 |      f9 |      80 |   130.0 |   130.0 |    0,00 |  0,0 |1592510645707 |[0.11716509, 0.094620824, 0.5175748, 0.6775472, 0.39899862] |
| 8 |   25 |  0.25 | 2500 |      f9 |      80 |   130.0 |   130.0 |    0,00 |-0,0010 |1592510645708 |[0.46484333, 0.11259991, 0.32796192, 0.9188222, 0.9647605] |
| 8 |   25 |  0.25 | 2500 |      f9 |      80 |   130.0 |   130.0 |    0,00 |  0,0 |1592510645708 |[0.46484333, 0.11259991, 0.32796192, 0.9188222, 0.9647605] |
| 9 |   25 |  0.25 | 2500 |      f9 |      80 |   130.0 |   130.0 |    0,00 |  0,0 |1592510645708 |[0.6136581, 0.6724348, 0.20358485, 0.76657444, 0.91214186] |
| 9 |   25 |  0.25 | 2500 |      f9 |      80 |   130.0 |   130.0 |    0,00 |0,0010 |1592510645708 |[0.6136581, 0.6724348, 0.20358485, 0.76657444, 0.91214186] |
|10 |   25 |  0.25 | 2500 |      f9 |      80 |   130.0 |   130.0 |    0,00 |  0,0 |1592510645709 |[0.32076955, 0.3226664, 0.87484396, 0.042953193, 0.86929876] |
|10 |   25 |  0.25 | 2500 |      f9 |      80 |   130.0 |   130.0 |    0,00 |  0,0 |1592510645709 |[0.32076955, 0.3226664, 0.87484396, 0.042953193, 0.86929876] |
|11 |   25 |  0.25 | 2500 |      f9 |      80 |   130.0 |   130.0 |    0,00 |-0,0010 |1592510645710 |[0.4137904, 0.691772, 0.47216785, 0.027369082, 0.66382015] |
|11 |   25 |  0.25 | 2500 |      f9 |      80 |   130.0 |   130.0 |    0,00 |  0,0 |1592510645710 |[0.4137904, 0.691772, 0.47216785, 0.027369082, 0.66382015] |
|12 |   25 |  0.25 | 2500 |      f9 |      80 |   130.0 |   130.0 |    0,00 |  0,0 |1592510645710 |[0.01571107, 0.69329506, 0.41633004, 0.55754, 0.27695966] |
|12 |   25 |  0.25 | 2500 |      f9 |      80 |   130.0 |   130.0 |    0,00 |0,0010 |1592510645710 |[0.01571107, 0.69329506, 0.41633004, 0.55754, 0.27695966] |
|13 |   25 |  0.25 | 2500 |      f9 |      80 |   130.0 |   130.0 |    0,00 |  0,0 |1592510645711 |[0.01690662, 0.36111432, 0.14492023, 0.52671, 0.9037277] |
|13 |   25 |  0.25 | 2500 |      f9 |      80 |   130.0 |   130.0 |    0,00 |0,0010 |1592510645711 |[0.01690662, 0.36111432, 0.14492023, 0.52671, 0.9037277] |
|14 |   25 |  0.25 | 2500 |      f9 |      80 |   130.0 |   130.0 |    0,00 |  0,0 |1592510645712 |[0.53982425, 0.5340948, 0.72908515, 0.8308218, 0.83567053] |
|14 |   25 |  0.25 | 2500 |      f9 |      80 |   130.0 |   130.0 |    0,00 |  0,0 |1592510645712 |[0.53982425, 0.5340948, 0.72908515, 0.8308218, 0.83567053] |
|15 |   25 |  0.25 | 2500 |      f9 |      80 |   130.0 |   130.0 |    0,00 |  0,0 |1592510645712 |[0.81263345, 0.015064478, 0.22358167, 0.71028423, 0.7350814] |
|15 |   25 |  0.25 | 2500 |      f9 |      80 |   130.0 |   130.0 |    0,00 |0,0010 |1592510645712 |[0.81263345, 0.015064478, 0.22358167, 0.71028423, 0.7350814] |
