|Instancia |Ejecucion |Iteracion |Iter Max |Nidos |   %Pa |tipoDiscretizacion |tipoBinarizacion | CapMoch |   Optmo |OptimoObtenido |     RDP | time |      semilla |VectorSolucionReal |VectorSolucionBinario |
-------------------------------------------------------------------------------------------------
|      f6 | 1 |       1 |    5000 |   50 |  0.25 |standard | sshape3 |      60 |    52.0 |    52.0 |    0,00 |-1,6e+09 |1592601034549 |[0.117002666, 0.047537148, 0.8303742, 0.5561785, 0.7179033, 0.033468783, 0.16429132, 0.3027231, 0.20660329, 0.85110325] |[0.0, 0.0, 1.0, 1.0, 1.0, 0.0, 1.0, 0.0, 0.0, 0.0] |
|      f6 | 1 |       2 |    5000 |   50 |  0.25 |standard | sshape3 |      60 |    52.0 |    52.0 |    0,00 |0,0010 |1592601034549 |[0.117002666, 0.047537148, 0.8303742, 0.5561785, 0.7179033, 0.033468783, 0.16429132, 0.3027231, 0.20660329, 0.85110325] |[0.0, 0.0, 1.0, 1.0, 1.0, 0.0, 1.0, 0.0, 0.0, 0.0] |
|      f6 | 2 |       1 |    5000 |   50 |  0.25 |standard | sshape3 |      60 |    52.0 |    52.0 |    0,00 |  0,0 |1592601034550 |[0.95361954, 0.017273664, 0.46305746, 0.10315484, 0.9693429, 0.19201028, 0.011801481, 0.17810309, 0.575531, 0.07001537] |[0.0, 1.0, 0.0, 1.0, 0.0, 0.0, 1.0, 1.0, 1.0, 1.0] |
|      f6 | 2 |       2 |    5000 |   50 |  0.25 |standard | sshape3 |      60 |    52.0 |    52.0 |    0,00 |0,0010 |1592601034550 |[0.95361954, 0.017273664, 0.46305746, 0.10315484, 0.9693429, 0.19201028, 0.011801481, 0.17810309, 0.575531, 0.07001537] |[0.0, 1.0, 0.0, 1.0, 0.0, 0.0, 1.0, 1.0, 1.0, 1.0] |
|      f6 | 3 |       1 |    5000 |   50 |  0.25 |standard | sshape3 |      60 |    52.0 |    52.0 |    0,00 |  0,0 |1592601034551 |[0.46262264, 0.16901332, 0.70542127, 0.5389675, 0.34665677, 0.6904675, 0.17689608, 0.78113914, 0.7037374, 0.647563] |[0.0, 0.0, 0.0, 1.0, 1.0, 1.0, 1.0, 1.0, 1.0, 1.0] |
|      f6 | 3 |       2 |    5000 |   50 |  0.25 |standard | sshape3 |      60 |    52.0 |    52.0 |    0,00 |  0,0 |1592601034551 |[0.46262264, 0.16901332, 0.70542127, 0.5389675, 0.34665677, 0.6904675, 0.17689608, 0.78113914, 0.7037374, 0.647563] |[0.0, 0.0, 0.0, 1.0, 1.0, 1.0, 1.0, 1.0, 1.0, 1.0] |
|      f6 | 4 |       1 |    5000 |   50 |  0.25 |standard | sshape3 |      60 |    52.0 |    52.0 |    0,00 |-0,0010 |1592601034552 |[0.81204516, 0.39699286, 0.73977715, 0.83493054, 0.4525954, 0.494982, 0.68570614, 0.82895553, 0.9359585, 0.28831917] |[0.0, 1.0, 0.0, 0.0, 1.0, 0.0, 1.0, 1.0, 1.0, 1.0] |
|      f6 | 4 |       2 |    5000 |   50 |  0.25 |standard | sshape3 |      60 |    52.0 |    52.0 |    0,00 |  0,0 |1592601034552 |[0.81204516, 0.39699286, 0.73977715, 0.83493054, 0.4525954, 0.494982, 0.68570614, 0.82895553, 0.9359585, 0.28831917] |[0.0, 1.0, 0.0, 0.0, 1.0, 0.0, 1.0, 1.0, 1.0, 1.0] |
|      f6 | 5 |       1 |    5000 |   50 |  0.25 |standard | sshape3 |      60 |    52.0 |    52.0 |    0,00 |  0,0 |1592601034552 |[0.6196671, 0.65464115, 0.51470923, 0.3299209, 0.6433901, 0.3180586, 0.2812112, 0.24825202, 0.8818325, 0.48575488] |[0.0, 1.0, 0.0, 0.0, 1.0, 0.0, 1.0, 1.0, 1.0, 1.0] |
|      f6 | 5 |       2 |    5000 |   50 |  0.25 |standard | sshape3 |      60 |    52.0 |    52.0 |    0,00 |0,0010 |1592601034552 |[0.6196671, 0.65464115, 0.51470923, 0.3299209, 0.6433901, 0.3180586, 0.2812112, 0.24825202, 0.8818325, 0.48575488] |[0.0, 1.0, 0.0, 0.0, 1.0, 0.0, 1.0, 1.0, 1.0, 1.0] |
|      f6 | 6 |       1 |    5000 |   50 |  0.25 |standard | sshape3 |      60 |    52.0 |    52.0 |    0,00 |  0,0 |1592601034553 |[0.6543773, 0.50106066, 0.90831673, 0.10403347, 0.84009594, 0.9573536, 0.34119862, 0.27610582, 0.24851197, 0.64539057] |[0.0, 1.0, 1.0, 0.0, 0.0, 1.0, 0.0, 1.0, 1.0, 1.0] |
|      f6 | 6 |       2 |    5000 |   50 |  0.25 |standard | sshape3 |      60 |    52.0 |    52.0 |    0,00 |  0,0 |1592601034553 |[0.6543773, 0.50106066, 0.90831673, 0.10403347, 0.84009594, 0.9573536, 0.34119862, 0.27610582, 0.24851197, 0.64539057] |[0.0, 1.0, 1.0, 0.0, 0.0, 1.0, 0.0, 1.0, 1.0, 1.0] |
|      f6 | 7 |       1 |    5000 |   50 |  0.25 |standard | sshape3 |      60 |    52.0 |    52.0 |    0,00 |-0,0010 |1592601034554 |[0.49012023, 0.95905143, 0.9213458, 0.7045432, 0.074070215, 0.22923386, 0.85680485, 0.46247107, 0.8836135, 0.13292933] |[0.0, 0.0, 0.0, 1.0, 1.0, 1.0, 1.0, 1.0, 1.0, 1.0] |
|      f6 | 7 |       2 |    5000 |   50 |  0.25 |standard | sshape3 |      60 |    52.0 |    52.0 |    0,00 |  0,0 |1592601034554 |[0.49012023, 0.95905143, 0.9213458, 0.7045432, 0.074070215, 0.22923386, 0.85680485, 0.46247107, 0.8836135, 0.13292933] |[0.0, 0.0, 0.0, 1.0, 1.0, 1.0, 1.0, 1.0, 1.0, 1.0] |
|      f6 | 8 |       1 |    5000 |   50 |  0.25 |standard | sshape3 |      60 |    52.0 |    52.0 |    0,00 |-0,0010 |1592601034555 |[0.14096767, 0.2711829, 0.38980973, 0.89181226, 0.856664, 0.2947849, 0.53747356, 0.3030873, 0.2366975, 0.1867783] |[0.0, 0.0, 1.0, 0.0, 1.0, 1.0, 1.0, 1.0, 1.0, 1.0] |
|      f6 | 8 |       2 |    5000 |   50 |  0.25 |standard | sshape3 |      60 |    52.0 |    52.0 |    0,00 |  0,0 |1592601034555 |[0.14096767, 0.2711829, 0.38980973, 0.89181226, 0.856664, 0.2947849, 0.53747356, 0.3030873, 0.2366975, 0.1867783] |[0.0, 0.0, 1.0, 0.0, 1.0, 1.0, 1.0, 1.0, 1.0, 1.0] |
|      f6 | 9 |       1 |    5000 |   50 |  0.25 |standard | sshape3 |      60 |    52.0 |    52.0 |    0,00 |-0,0010 |1592601034556 |[0.82499415, 0.09134138, 0.24084908, 0.005971551, 0.95848286, 0.5458734, 0.53467727, 0.030986726, 0.16846251, 0.64890623] |[0.0, 0.0, 0.0, 1.0, 1.0, 1.0, 1.0, 1.0, 1.0, 1.0] |
|      f6 | 9 |       2 |    5000 |   50 |  0.25 |standard | sshape3 |      60 |    52.0 |    52.0 |    0,00 |  0,0 |1592601034556 |[0.82499415, 0.09134138, 0.24084908, 0.005971551, 0.95848286, 0.5458734, 0.53467727, 0.030986726, 0.16846251, 0.64890623] |[0.0, 0.0, 0.0, 1.0, 1.0, 1.0, 1.0, 1.0, 1.0, 1.0] |
|      f6 |10 |       1 |    5000 |   50 |  0.25 |standard | sshape3 |      60 |    52.0 |    52.0 |    0,00 |  0,0 |1592601034556 |[0.5203109, 0.32794052, 0.7349484, 0.34512675, 0.8281642, 0.8543428, 0.008169413, 0.5072576, 0.5563974, 0.3520431] |[0.0, 0.0, 0.0, 1.0, 1.0, 1.0, 1.0, 1.0, 1.0, 1.0] |
|      f6 |10 |       2 |    5000 |   50 |  0.25 |standard | sshape3 |      60 |    52.0 |    52.0 |    0,00 |0,0010 |1592601034556 |[0.5203109, 0.32794052, 0.7349484, 0.34512675, 0.8281642, 0.8543428, 0.008169413, 0.5072576, 0.5563974, 0.3520431] |[0.0, 0.0, 0.0, 1.0, 1.0, 1.0, 1.0, 1.0, 1.0, 1.0] |
|      f6 |11 |       1 |    5000 |   50 |  0.25 |standard | sshape3 |      60 |    52.0 |    52.0 |    0,00 |  0,0 |1592601034557 |[0.2170192, 0.6830104, 0.13954264, 0.8134145, 0.35806227, 0.24270946, 0.4186064, 0.9187337, 0.61055475, 0.6406619] |[0.0, 0.0, 1.0, 0.0, 1.0, 1.0, 1.0, 1.0, 1.0, 1.0] |
|      f6 |11 |       2 |    5000 |   50 |  0.25 |standard | sshape3 |      60 |    52.0 |    52.0 |    0,00 |0,0010 |1592601034557 |[0.2170192, 0.6830104, 0.13954264, 0.8134145, 0.35806227, 0.24270946, 0.4186064, 0.9187337, 0.61055475, 0.6406619] |[0.0, 0.0, 1.0, 0.0, 1.0, 1.0, 1.0, 1.0, 1.0, 1.0] |
|      f6 |12 |       1 |    5000 |   50 |  0.25 |standard | sshape3 |      60 |    52.0 |    52.0 |    0,00 |  0,0 |1592601034558 |[0.35407996, 0.46252224, 0.54289067, 0.52801394, 0.84403175, 0.9440785, 0.23408239, 0.3403888, 0.65669554, 0.6338016] |[0.0, 0.0, 1.0, 0.0, 1.0, 1.0, 1.0, 1.0, 1.0, 1.0] |
|      f6 |12 |       2 |    5000 |   50 |  0.25 |standard | sshape3 |      60 |    52.0 |    52.0 |    0,00 |  0,0 |1592601034558 |[0.35407996, 0.46252224, 0.54289067, 0.52801394, 0.84403175, 0.9440785, 0.23408239, 0.3403888, 0.65669554, 0.6338016] |[0.0, 0.0, 1.0, 0.0, 1.0, 1.0, 1.0, 1.0, 1.0, 1.0] |
|      f6 |13 |       1 |    5000 |   50 |  0.25 |standard | sshape3 |      60 |    52.0 |    52.0 |    0,00 |  0,0 |1592601034558 |[0.08622231, 0.36119974, 0.9580157, 0.8599099, 0.5455733, 0.21537766, 0.78982544, 0.5703454, 0.8196534, 0.3401906] |[0.0, 0.0, 1.0, 0.0, 1.0, 1.0, 1.0, 1.0, 1.0, 1.0] |
|      f6 |13 |       2 |    5000 |   50 |  0.25 |standard | sshape3 |      60 |    52.0 |    52.0 |    0,00 |0,0010 |1592601034558 |[0.08622231, 0.36119974, 0.9580157, 0.8599099, 0.5455733, 0.21537766, 0.78982544, 0.5703454, 0.8196534, 0.3401906] |[0.0, 0.0, 1.0, 0.0, 1.0, 1.0, 1.0, 1.0, 1.0, 1.0] |
|      f6 |14 |       1 |    5000 |   50 |  0.25 |standard | sshape3 |      60 |    52.0 |    52.0 |    0,00 |  0,0 |1592601034559 |[0.92269146, 0.04198748, 0.5310296, 0.91669846, 0.14904338, 0.7829055, 0.5917991, 0.24803036, 0.6950341, 0.5780593] |[0.0, 0.0, 1.0, 1.0, 0.0, 1.0, 1.0, 1.0, 1.0, 1.0] |
|      f6 |14 |       2 |    5000 |   50 |  0.25 |standard | sshape3 |      60 |    52.0 |    52.0 |    0,00 |0,0010 |1592601034559 |[0.92269146, 0.04198748, 0.5310296, 0.91669846, 0.14904338, 0.7829055, 0.5917991, 0.24803036, 0.6950341, 0.5780593] |[0.0, 0.0, 1.0, 1.0, 0.0, 1.0, 1.0, 1.0, 1.0, 1.0] |
|      f6 |15 |       1 |    5000 |   50 |  0.25 |standard | sshape3 |      60 |    52.0 |    52.0 |    0,00 |  0,0 |1592601034560 |[0.6424798, 0.75724494, 0.61019236, 0.49353498, 0.87008035, 0.87642103, 0.46750462, 0.6126314, 0.6532697, 0.52990717] |[0.0, 0.0, 1.0, 1.0, 0.0, 1.0, 1.0, 1.0, 1.0, 1.0] |
|      f6 |15 |       2 |    5000 |   50 |  0.25 |standard | sshape3 |      60 |    52.0 |    52.0 |    0,00 |  0,0 |1592601034560 |[0.6424798, 0.75724494, 0.61019236, 0.49353498, 0.87008035, 0.87642103, 0.46750462, 0.6126314, 0.6532697, 0.52990717] |[0.0, 0.0, 1.0, 1.0, 0.0, 1.0, 1.0, 1.0, 1.0, 1.0] |
