| # | Nest | %Desc |#Iter |Instancia | CapMoch |ValOptmo | BestFit |     RDP | time |      semilla |VectorSolucion |
-------------------------------------------------------------------------------------------------
| 1 |   50 |  0.25 | 5000 |      f7 |      50 |   107.0 |   107.0 |    0,00 |-1,6e+09 |1592532541079 |[0.9879619, 0.13222432, 0.27093172, 0.09840487, 0.4497541, 0.67786473, 0.8410469] |
| 1 |   50 |  0.25 | 5000 |      f7 |      50 |   107.0 |   107.0 |    0,00 |  0,0 |1592532541079 |[0.9879619, 0.13222432, 0.27093172, 0.09840487, 0.4497541, 0.67786473, 0.8410469] |
| 2 |   50 |  0.25 | 5000 |      f7 |      50 |   107.0 |   107.0 |    0,00 |-0,0010 |1592532541080 |[0.38156694, 0.84708184, 0.60781723, 0.18887559, 0.022483235, 0.996061, 0.66222864] |
| 2 |   50 |  0.25 | 5000 |      f7 |      50 |   107.0 |   107.0 |    0,00 |  0,0 |1592532541080 |[0.38156694, 0.84708184, 0.60781723, 0.18887559, 0.022483235, 0.996061, 0.66222864] |
| 3 |   50 |  0.25 | 5000 |      f7 |      50 |   107.0 |   107.0 |    0,00 |  0,0 |1592532541080 |[0.011003781, 0.18198651, 0.5439825, 0.919425, 0.32862857, 0.74617815, 0.72654617] |
| 3 |   50 |  0.25 | 5000 |      f7 |      50 |   107.0 |   107.0 |    0,00 |0,0010 |1592532541080 |[0.011003781, 0.18198651, 0.5439825, 0.919425, 0.32862857, 0.74617815, 0.72654617] |
| 4 |   50 |  0.25 | 5000 |      f7 |      50 |   107.0 |   107.0 |    0,00 |  0,0 |1592532541081 |[0.5565331, 0.87592214, 0.6001156, 0.43208987, 0.26050666, 0.113989234, 0.49468988] |
| 4 |   50 |  0.25 | 5000 |      f7 |      50 |   107.0 |   107.0 |    0,00 |  0,0 |1592532541081 |[0.5565331, 0.87592214, 0.6001156, 0.43208987, 0.26050666, 0.113989234, 0.49468988] |
| 5 |   50 |  0.25 | 5000 |      f7 |      50 |   107.0 |   107.0 |    0,00 |  0,0 |1592532541081 |[0.22060311, 0.3312632, 0.11719366, 0.7040194, 0.2786293, 0.9303168, 0.18561953] |
| 5 |   50 |  0.25 | 5000 |      f7 |      50 |   107.0 |   107.0 |    0,00 |0,0010 |1592532541081 |[0.22060311, 0.3312632, 0.11719366, 0.7040194, 0.2786293, 0.9303168, 0.18561953] |
| 6 |   50 |  0.25 | 5000 |      f7 |      50 |   107.0 |   107.0 |    0,00 |  0,0 |1592532541082 |[0.7653524, 0.7504139, 0.338993, 0.3853836, 1.0E-12, 0.91141987, 1.0E-12] |
| 6 |   50 |  0.25 | 5000 |      f7 |      50 |   107.0 |   107.0 |    0,00 |  0,0 |1592532541082 |[0.7653524, 0.7504139, 0.338993, 0.3853836, 1.0E-12, 0.91141987, 1.0E-12] |
| 7 |   50 |  0.25 | 5000 |      f7 |      50 |   107.0 |   107.0 |    0,00 |  0,0 |1592532541082 |[0.493334, 1.0E-12, 0.6491785, 1.0, 0.28793386, 1.0, 1.0] |
| 7 |   50 |  0.25 | 5000 |      f7 |      50 |   107.0 |   107.0 |    0,00 |0,0010 |1592532541082 |[0.493334, 1.0E-12, 0.6491785, 1.0, 0.28793386, 1.0, 1.0] |
| 8 |   50 |  0.25 | 5000 |      f7 |      50 |   107.0 |   107.0 |    0,00 |  0,0 |1592532541083 |[0.6442187, 0.4226844, 0.4578349, 0.11746303, 0.29129472, 0.061005954, 0.4189274] |
| 8 |   50 |  0.25 | 5000 |      f7 |      50 |   107.0 |   107.0 |    0,00 |  0,0 |1592532541083 |[0.6442187, 0.4226844, 0.4578349, 0.11746303, 0.29129472, 0.061005954, 0.4189274] |
| 9 |   50 |  0.25 | 5000 |      f7 |      50 |   107.0 |   107.0 |    0,00 |  0,0 |1592532541083 |[0.28001773, 0.8023917, 0.26474038, 0.52695227, 0.5532712, 0.83168924, 0.610772] |
| 9 |   50 |  0.25 | 5000 |      f7 |      50 |   107.0 |   107.0 |    0,00 |0,0010 |1592532541083 |[0.28001773, 0.8023917, 0.26474038, 0.52695227, 0.5532712, 0.83168924, 0.610772] |
|10 |   50 |  0.25 | 5000 |      f7 |      50 |   107.0 |   107.0 |    0,00 |  0,0 |1592532541084 |[0.55335075, 0.48048735, 0.8355814, 0.7319663, 0.937744, 0.010661284, 0.90262985] |
|10 |   50 |  0.25 | 5000 |      f7 |      50 |   107.0 |   107.0 |    0,00 |  0,0 |1592532541084 |[0.55335075, 0.48048735, 0.8355814, 0.7319663, 0.937744, 0.010661284, 0.90262985] |
|11 |   50 |  0.25 | 5000 |      f7 |      50 |   107.0 |   107.0 |    0,00 |  0,0 |1592532541084 |[0.45994684, 0.9318036, 0.2255076, 0.7423254, 0.19260228, 0.049764313, 0.9671906] |
|11 |   50 |  0.25 | 5000 |      f7 |      50 |   107.0 |   107.0 |    0,00 |0,0010 |1592532541084 |[0.45994684, 0.9318036, 0.2255076, 0.7423254, 0.19260228, 0.049764313, 0.9671906] |
|12 |   50 |  0.25 | 5000 |      f7 |      50 |   107.0 |   107.0 |    0,00 |  0,0 |1592532541085 |[0.63445747, 0.8454414, 0.66638917, 0.84991467, 0.97510016, 0.5413202, 0.35498413] |
|12 |   50 |  0.25 | 5000 |      f7 |      50 |   107.0 |   107.0 |    0,00 |  0,0 |1592532541085 |[0.63445747, 0.8454414, 0.66638917, 0.84991467, 0.97510016, 0.5413202, 0.35498413] |
|13 |   50 |  0.25 | 5000 |      f7 |      50 |   107.0 |   107.0 |    0,00 |-0,0010 |1592532541086 |[1.0, 0.50279874, 0.49507818, 0.74154854, 1.0E-12, 0.6509319, 0.8592747] |
|13 |   50 |  0.25 | 5000 |      f7 |      50 |   107.0 |   107.0 |    0,00 |  0,0 |1592532541086 |[1.0, 0.50279874, 0.49507818, 0.74154854, 1.0E-12, 0.6509319, 0.8592747] |
|14 |   50 |  0.25 | 5000 |      f7 |      50 |   107.0 |   107.0 |    0,00 |  0,0 |1592532541086 |[0.55976844, 0.34974545, 0.25163406, 0.28654203, 0.96513325, 0.03846931, 1.0] |
|14 |   50 |  0.25 | 5000 |      f7 |      50 |   107.0 |   107.0 |    0,00 |  0,0 |1592532541086 |[0.55976844, 0.34974545, 0.25163406, 0.28654203, 0.96513325, 0.03846931, 1.0] |
|15 |   50 |  0.25 | 5000 |      f7 |      50 |   107.0 |   107.0 |    0,00 |-0,0010 |1592532541087 |[0.18559143, 0.65920347, 0.15840176, 0.08550221, 0.025480255, 0.5722655, 0.9562264] |
|15 |   50 |  0.25 | 5000 |      f7 |      50 |   107.0 |   107.0 |    0,00 |  0,0 |1592532541087 |[0.18559143, 0.65920347, 0.15840176, 0.08550221, 0.025480255, 0.5722655, 0.9562264] |
