| # | Nest | %Desc |#Iter |Instancia | CapMoch |ValOptmo | BestFit |     RDP | time |      semilla |VectorSolucion |
-------------------------------------------------------------------------------------------------
| 1 |   25 |  0.25 | 2500 |      f7 |      50 |   107.0 |   100.0 |    6,54 | 0,34 |1566873272204 |[1, 1, 0, 0, 0, 0, 1] |
| 2 |   25 |  0.25 | 2500 |      f7 |      50 |   107.0 |   102.0 |    4,67 | 0,52 |1566873272548 |[1, 1, 0, 0, 1, 1, 0] |
| 3 |   25 |  0.25 | 2500 |      f7 |      50 |   107.0 |   105.0 |    1,87 | 0,41 |1566873273071 |[1, 1, 0, 0, 0, 1, 1] |
| 4 |   25 |  0.25 | 2500 |      f7 |      50 |   107.0 |   102.0 |    4,67 | 0,44 |1566873273482 |[1, 1, 0, 0, 1, 1, 0] |
| 5 |   25 |  0.25 | 2500 |      f7 |      50 |   107.0 |   102.0 |    4,67 | 0,47 |1566873273919 |[1, 1, 0, 0, 1, 1, 0] |
| 6 |   25 |  0.25 | 2500 |      f7 |      50 |   107.0 |    97.0 |    9,35 | 0,48 |1566873274394 |[1, 1, 0, 0, 1, 0, 0] |
| 7 |   25 |  0.25 | 2500 |      f7 |      50 |   107.0 |   107.0 |    0,00 | 0,41 |1566873274878 |[1, 0, 0, 1, 0, 0, 0] |
| 8 |   25 |  0.25 | 2500 |      f7 |      50 |   107.0 |    96.0 |   10,28 | 0,45 |1566873275289 |[0, 1, 1, 1, 0, 0, 0] |
| 9 |   25 |  0.25 | 2500 |      f7 |      50 |   107.0 |   100.0 |    6,54 | 0,44 |1566873275738 |[1, 1, 0, 0, 0, 0, 1] |
|10 |   25 |  0.25 | 2500 |      f7 |      50 |   107.0 |    93.0 |   13,08 | 0,46 |1566873276178 |[0, 0, 1, 1, 1, 0, 1] |
|11 |   25 |  0.25 | 2500 |      f7 |      50 |   107.0 |   107.0 |    0,00 | 0,50 |1566873276641 |[1, 0, 0, 1, 0, 0, 0] |
|12 |   25 |  0.25 | 2500 |      f7 |      50 |   107.0 |   105.0 |    1,87 | 0,44 |1566873277140 |[1, 1, 0, 0, 0, 1, 1] |
|13 |   25 |  0.25 | 2500 |      f7 |      50 |   107.0 |    97.0 |    9,35 | 0,48 |1566873277584 |[1, 1, 0, 0, 1, 0, 0] |
|14 |   25 |  0.25 | 2500 |      f7 |      50 |   107.0 |    92.0 |   14,02 | 0,49 |1566873278062 |[1, 0, 0, 0, 1, 1, 1] |
|15 |   25 |  0.25 | 2500 |      f7 |      50 |   107.0 |   107.0 |    0,00 | 0,40 |1566873278551 |[1, 0, 0, 1, 0, 0, 0] |
|16 |   25 |  0.25 | 2500 |      f7 |      50 |   107.0 |   105.0 |    1,87 | 0,43 |1566873278956 |[1, 1, 0, 0, 0, 1, 1] |
|17 |   25 |  0.25 | 2500 |      f7 |      50 |   107.0 |    96.0 |   10,28 | 0,45 |1566873279387 |[0, 1, 1, 1, 0, 0, 0] |
|18 |   25 |  0.25 | 2500 |      f7 |      50 |   107.0 |    97.0 |    9,35 | 0,49 |1566873279835 |[1, 1, 0, 0, 1, 0, 0] |
|19 |   25 |  0.25 | 2500 |      f7 |      50 |   107.0 |   107.0 |    0,00 | 0,51 |1566873280323 |[1, 0, 0, 1, 0, 0, 0] |
|20 |   25 |  0.25 | 2500 |      f7 |      50 |   107.0 |    96.0 |   10,28 | 0,44 |1566873280838 |[0, 1, 1, 1, 0, 0, 0] |
|21 |   25 |  0.25 | 2500 |      f7 |      50 |   107.0 |    96.0 |   10,28 | 0,53 |1566873281282 |[0, 1, 1, 1, 0, 0, 0] |
|22 |   25 |  0.25 | 2500 |      f7 |      50 |   107.0 |   105.0 |    1,87 | 0,46 |1566873281816 |[1, 1, 0, 0, 0, 1, 1] |
|23 |   25 |  0.25 | 2500 |      f7 |      50 |   107.0 |    97.0 |    9,35 | 0,40 |1566873282273 |[1, 1, 0, 0, 1, 0, 0] |
|24 |   25 |  0.25 | 2500 |      f7 |      50 |   107.0 |    96.0 |   10,28 | 0,53 |1566873282675 |[0, 1, 1, 1, 0, 0, 0] |
|25 |   25 |  0.25 | 2500 |      f7 |      50 |   107.0 |   107.0 |    0,00 | 0,51 |1566873283205 |[1, 0, 0, 1, 0, 0, 0] |
|26 |   25 |  0.25 | 2500 |      f7 |      50 |   107.0 |    96.0 |   10,28 | 0,50 |1566873283711 |[0, 1, 1, 1, 0, 0, 0] |
|27 |   25 |  0.25 | 2500 |      f7 |      50 |   107.0 |   105.0 |    1,87 | 0,50 |1566873284217 |[1, 1, 0, 0, 0, 1, 1] |
|28 |   25 |  0.25 | 2500 |      f7 |      50 |   107.0 |    90.0 |   15,89 | 0,43 |1566873284713 |[1, 1, 0, 0, 0, 0, 0] |
|29 |   25 |  0.25 | 2500 |      f7 |      50 |   107.0 |   105.0 |    1,87 | 0,49 |1566873285143 |[1, 1, 0, 0, 0, 1, 1] |
|30 |   25 |  0.25 | 2500 |      f7 |      50 |   107.0 |    97.0 |    9,35 | 0,51 |1566873285634 |[1, 1, 0, 0, 1, 0, 0] |
|31 |   25 |  0.25 | 2500 |      f7 |      50 |   107.0 |   100.0 |    6,54 | 0,52 |1566873286144 |[1, 1, 0, 0, 0, 0, 1] |
