| # | Nest | %Desc |#Iter |Instancia | CapMoch |ValOptmo | BestFit |     RDP | time |      semilla |VectorSolucion |
-------------------------------------------------------------------------------------------------
| 1 |   40 |  0.25 | 2500 |      f1 |     269 |   295.0 |   290.0 |    1,69 |-1,6e+09 |1592509168728 |[0.0, 0.0, 0.0, 0.0, 0.0, 0.0, 0.0, 0.0, 0.0, 0.0] |
| 1 |   40 |  0.25 | 2500 |      f1 |     269 |   295.0 |   290.0 |    1,69 |-1,6e+09 |1592509168728 |[0.0, 0.0, 0.0, 0.0, 0.0, 0.0, 0.0, 0.0, 0.0, 0.0] |
| 1 |   40 |  0.25 | 2500 |      f1 |     269 |   295.0 |   290.0 |    1,69 |  1,1 |1592509168728 |[0.0, 0.0, 0.0, 0.0, 0.0, 0.0, 0.0, 0.0, 0.0, 0.0] |
| 2 |   40 |  0.25 | 2500 |      f1 |     269 |   295.0 |   290.0 |    1,69 |-0,0010 |1592509169790 |[0.0, 0.0, 0.0, 0.0, 0.0, 0.0, 0.0, 0.0, 0.0, 0.0] |
| 2 |   40 |  0.25 | 2500 |      f1 |     269 |   295.0 |   290.0 |    1,69 |-0,0010 |1592509169790 |[0.0, 0.0, 0.0, 0.0, 0.0, 0.0, 0.0, 0.0, 0.0, 0.0] |
| 2 |   40 |  0.25 | 2500 |      f1 |     269 |   295.0 |   290.0 |    1,69 | 0,96 |1592509169790 |[0.0, 0.0, 0.0, 0.0, 0.0, 0.0, 0.0, 0.0, 0.0, 0.0] |
| 3 |   40 |  0.25 | 2500 |      f1 |     269 |   295.0 |   290.0 |    1,69 |  0,0 |1592509170755 |[0.0, 0.0, 0.0, 0.0, 0.0, 0.0, 0.0, 0.0, 0.0, 0.0] |
| 3 |   40 |  0.25 | 2500 |      f1 |     269 |   295.0 |   290.0 |    1,69 |  0,0 |1592509170755 |[0.0, 0.0, 0.0, 0.0, 0.0, 0.0, 0.0, 0.0, 0.0, 0.0] |
| 3 |   40 |  0.25 | 2500 |      f1 |     269 |   295.0 |   290.0 |    1,69 | 0,95 |1592509170755 |[0.0, 0.0, 0.0, 0.0, 0.0, 0.0, 0.0, 0.0, 0.0, 0.0] |
| 4 |   40 |  0.25 | 2500 |      f1 |     269 |   295.0 |   290.0 |    1,69 |  0,0 |1592509171702 |[0.0, 0.0, 0.0, 0.0, 0.0, 0.0, 0.0, 0.0, 0.0, 0.0] |
| 4 |   40 |  0.25 | 2500 |      f1 |     269 |   295.0 |   290.0 |    1,69 |  0,0 |1592509171702 |[0.0, 0.0, 0.0, 0.0, 0.0, 0.0, 0.0, 0.0, 0.0, 0.0] |
| 4 |   40 |  0.25 | 2500 |      f1 |     269 |   295.0 |   290.0 |    1,69 | 0,94 |1592509171702 |[0.0, 0.0, 0.0, 0.0, 0.0, 0.0, 0.0, 0.0, 0.0, 0.0] |
| 5 |   40 |  0.25 | 2500 |      f1 |     269 |   295.0 |   290.0 |    1,69 |  0,0 |1592509172647 |[0.0, 0.0, 0.0, 0.0, 0.0, 0.0, 0.0, 0.0, 0.0, 0.0] |
| 5 |   40 |  0.25 | 2500 |      f1 |     269 |   295.0 |   290.0 |    1,69 |  0,0 |1592509172647 |[0.0, 0.0, 0.0, 0.0, 0.0, 0.0, 0.0, 0.0, 0.0, 0.0] |
| 5 |   40 |  0.25 | 2500 |      f1 |     269 |   295.0 |   290.0 |    1,69 | 0,95 |1592509172647 |[0.0, 0.0, 0.0, 0.0, 0.0, 0.0, 0.0, 0.0, 0.0, 0.0] |
| 6 |   40 |  0.25 | 2500 |      f1 |     269 |   295.0 |   290.0 |    1,69 |-0,0010 |1592509173594 |[0.0, 0.0, 0.0, 0.0, 0.0, 0.0, 0.0, 0.0, 0.0, 0.0] |
| 6 |   40 |  0.25 | 2500 |      f1 |     269 |   295.0 |   290.0 |    1,69 |-0,0010 |1592509173594 |[0.0, 0.0, 0.0, 0.0, 0.0, 0.0, 0.0, 0.0, 0.0, 0.0] |
| 6 |   40 |  0.25 | 2500 |      f1 |     269 |   295.0 |   290.0 |    1,69 | 0,94 |1592509173594 |[0.0, 0.0, 0.0, 0.0, 0.0, 0.0, 0.0, 0.0, 0.0, 0.0] |
| 7 |   40 |  0.25 | 2500 |      f1 |     269 |   295.0 |   290.0 |    1,69 |  0,0 |1592509174529 |[0.0, 0.0, 0.0, 0.0, 0.0, 0.0, 0.0, 0.0, 0.0, 0.0] |
| 7 |   40 |  0.25 | 2500 |      f1 |     269 |   295.0 |   290.0 |    1,69 |  0,0 |1592509174529 |[0.0, 0.0, 0.0, 0.0, 0.0, 0.0, 0.0, 0.0, 0.0, 0.0] |
| 7 |   40 |  0.25 | 2500 |      f1 |     269 |   295.0 |   290.0 |    1,69 | 0,94 |1592509174529 |[0.0, 0.0, 0.0, 0.0, 0.0, 0.0, 0.0, 0.0, 0.0, 0.0] |
| 8 |   40 |  0.25 | 2500 |      f1 |     269 |   295.0 |   290.0 |    1,69 |-0,0010 |1592509175474 |[0.0, 0.0, 0.0, 0.0, 0.0, 0.0, 0.0, 0.0, 0.0, 0.0] |
| 8 |   40 |  0.25 | 2500 |      f1 |     269 |   295.0 |   290.0 |    1,69 |-0,0010 |1592509175474 |[0.0, 0.0, 0.0, 0.0, 0.0, 0.0, 0.0, 0.0, 0.0, 0.0] |
| 8 |   40 |  0.25 | 2500 |      f1 |     269 |   295.0 |   290.0 |    1,69 | 0,95 |1592509175474 |[0.0, 0.0, 0.0, 0.0, 0.0, 0.0, 0.0, 0.0, 0.0, 0.0] |
| 9 |   40 |  0.25 | 2500 |      f1 |     269 |   295.0 |   290.0 |    1,69 |  0,0 |1592509176424 |[0.0, 0.0, 0.0, 0.0, 0.0, 0.0, 0.0, 0.0, 0.0, 0.0] |
| 9 |   40 |  0.25 | 2500 |      f1 |     269 |   295.0 |   290.0 |    1,69 |  0,0 |1592509176424 |[0.0, 0.0, 0.0, 0.0, 0.0, 0.0, 0.0, 0.0, 0.0, 0.0] |
| 9 |   40 |  0.25 | 2500 |      f1 |     269 |   295.0 |   290.0 |    1,69 | 0,98 |1592509176424 |[0.0, 0.0, 0.0, 0.0, 0.0, 0.0, 0.0, 0.0, 0.0, 0.0] |
|10 |   40 |  0.25 | 2500 |      f1 |     269 |   295.0 |   290.0 |    1,69 |-0,0010 |1592509177408 |[0.0, 0.0, 0.0, 0.0, 0.0, 0.0, 0.0, 0.0, 0.0, 0.0] |
|10 |   40 |  0.25 | 2500 |      f1 |     269 |   295.0 |   290.0 |    1,69 |-0,0010 |1592509177408 |[0.0, 0.0, 0.0, 0.0, 0.0, 0.0, 0.0, 0.0, 0.0, 0.0] |
|10 |   40 |  0.25 | 2500 |      f1 |     269 |   295.0 |   290.0 |    1,69 | 0,96 |1592509177408 |[0.0, 0.0, 0.0, 0.0, 0.0, 0.0, 0.0, 0.0, 0.0, 0.0] |
|11 |   40 |  0.25 | 2500 |      f1 |     269 |   295.0 |   290.0 |    1,69 |  0,0 |1592509178366 |[0.0, 0.0, 0.0, 0.0, 0.0, 0.0, 0.0, 0.0, 0.0, 0.0] |
|11 |   40 |  0.25 | 2500 |      f1 |     269 |   295.0 |   290.0 |    1,69 |  0,0 |1592509178366 |[0.0, 0.0, 0.0, 0.0, 0.0, 0.0, 0.0, 0.0, 0.0, 0.0] |
|11 |   40 |  0.25 | 2500 |      f1 |     269 |   295.0 |   290.0 |    1,69 | 0,94 |1592509178366 |[0.0, 0.0, 0.0, 0.0, 0.0, 0.0, 0.0, 0.0, 0.0, 0.0] |
|12 |   40 |  0.25 | 2500 |      f1 |     269 |   295.0 |   290.0 |    1,69 |-0,0010 |1592509179303 |[0.0, 0.0, 0.0, 0.0, 0.0, 0.0, 0.0, 0.0, 0.0, 0.0] |
|12 |   40 |  0.25 | 2500 |      f1 |     269 |   295.0 |   290.0 |    1,69 |-0,0010 |1592509179303 |[0.0, 0.0, 0.0, 0.0, 0.0, 0.0, 0.0, 0.0, 0.0, 0.0] |
|12 |   40 |  0.25 | 2500 |      f1 |     269 |   295.0 |   290.0 |    1,69 | 0,95 |1592509179303 |[0.0, 0.0, 0.0, 0.0, 0.0, 0.0, 0.0, 0.0, 0.0, 0.0] |
|13 |   40 |  0.25 | 2500 |      f1 |     269 |   295.0 |   290.0 |    1,69 |-0,0010 |1592509180254 |[0.0, 0.0, 0.0, 0.0, 0.0, 0.0, 0.0, 0.0, 0.0, 0.0] |
|13 |   40 |  0.25 | 2500 |      f1 |     269 |   295.0 |   290.0 |    1,69 |-0,0010 |1592509180254 |[0.0, 0.0, 0.0, 0.0, 0.0, 0.0, 0.0, 0.0, 0.0, 0.0] |
|13 |   40 |  0.25 | 2500 |      f1 |     269 |   295.0 |   290.0 |    1,69 | 0,93 |1592509180254 |[0.0, 0.0, 0.0, 0.0, 0.0, 0.0, 0.0, 0.0, 0.0, 0.0] |
|14 |   40 |  0.25 | 2500 |      f1 |     269 |   295.0 |   290.0 |    1,69 |-0,0010 |1592509181186 |[0.0, 0.0, 0.0, 0.0, 0.0, 0.0, 0.0, 0.0, 0.0, 0.0] |
|14 |   40 |  0.25 | 2500 |      f1 |     269 |   295.0 |   290.0 |    1,69 |-0,0010 |1592509181186 |[0.0, 0.0, 0.0, 0.0, 0.0, 0.0, 0.0, 0.0, 0.0, 0.0] |
|14 |   40 |  0.25 | 2500 |      f1 |     269 |   295.0 |   290.0 |    1,69 | 0,93 |1592509181186 |[0.0, 0.0, 0.0, 0.0, 0.0, 0.0, 0.0, 0.0, 0.0, 0.0] |
|15 |   40 |  0.25 | 2500 |      f1 |     269 |   295.0 |   290.0 |    1,69 |-0,0010 |1592509182117 |[0.0, 0.0, 0.0, 0.0, 0.0, 0.0, 0.0, 0.0, 0.0, 0.0] |
|15 |   40 |  0.25 | 2500 |      f1 |     269 |   295.0 |   290.0 |    1,69 |-0,0010 |1592509182117 |[0.0, 0.0, 0.0, 0.0, 0.0, 0.0, 0.0, 0.0, 0.0, 0.0] |
|15 |   40 |  0.25 | 2500 |      f1 |     269 |   295.0 |   290.0 |    1,69 | 0,93 |1592509182117 |[0.0, 0.0, 0.0, 0.0, 0.0, 0.0, 0.0, 0.0, 0.0, 0.0] |
| 1 |   40 |  0.25 | 2500 |      f1 |     269 |   295.0 |   290.0 |    1,69 |-1,6e+09 |1592509593111 |[0.0, 0.0, 0.0, 0.0, 0.0, 0.0, 0.0, 0.0, 0.0, 0.0] |
| 1 |   40 |  0.25 | 2500 |      f1 |     269 |   295.0 |   290.0 |    1,69 |-1,6e+09 |1592509593111 |[0.0, 0.0, 0.0, 0.0, 0.0, 0.0, 0.0, 0.0, 0.0, 0.0] |
| 2 |   40 |  0.25 | 2500 |      f1 |     269 |   295.0 |   290.0 |    1,69 |-0,0030 |1592509594132 |[0.0, 0.0, 0.0, 0.0, 0.0, 0.0, 0.0, 0.0, 0.0, 0.0] |
| 2 |   40 |  0.25 | 2500 |      f1 |     269 |   295.0 |   290.0 |    1,69 |-0,0030 |1592509594132 |[0.0, 0.0, 0.0, 0.0, 0.0, 0.0, 0.0, 0.0, 0.0, 0.0] |
| 3 |   40 |  0.25 | 2500 |      f1 |     269 |   295.0 |   290.0 |    1,69 |-0,0010 |1592509595098 |[0.0, 0.0, 0.0, 0.0, 0.0, 0.0, 0.0, 0.0, 0.0, 0.0] |
| 3 |   40 |  0.25 | 2500 |      f1 |     269 |   295.0 |   290.0 |    1,69 |-0,0010 |1592509595098 |[0.0, 0.0, 0.0, 0.0, 0.0, 0.0, 0.0, 0.0, 0.0, 0.0] |
| 4 |   40 |  0.25 | 2500 |      f1 |     269 |   295.0 |   290.0 |    1,69 |-0,0010 |1592509596050 |[0.0, 0.0, 0.0, 0.0, 0.0, 0.0, 0.0, 0.0, 0.0, 0.0] |
| 1 |   40 |  0.25 | 2500 |      f1 |     269 |   295.0 |   290.0 |    1,69 |-1,6e+09 |1592509779864 |[0.0, 0.0, 0.0, 0.0, 0.0, 0.0, 0.0, 0.0, 0.0, 0.0] |
| 1 |   40 |  0.25 | 2500 |      f1 |     269 |   295.0 |   290.0 |    1,69 |-1,6e+09 |1592509779864 |[0.0, 0.0, 0.0, 0.0, 0.0, 0.0, 0.0, 0.0, 0.0, 0.0] |
| 2 |   40 |  0.25 | 2500 |      f1 |     269 |   295.0 |   290.0 |    1,69 |-0,0020 |1592509780902 |[0.0, 0.0, 0.0, 0.0, 0.0, 0.0, 0.0, 0.0, 0.0, 0.0] |
| 2 |   40 |  0.25 | 2500 |      f1 |     269 |   295.0 |   290.0 |    1,69 |-0,0020 |1592509780902 |[0.0, 0.0, 0.0, 0.0, 0.0, 0.0, 0.0, 0.0, 0.0, 0.0] |
| 3 |   40 |  0.25 | 2500 |      f1 |     269 |   295.0 |   290.0 |    1,69 |  0,0 |1592509781863 |[0.0, 0.0, 0.0, 0.0, 0.0, 0.0, 0.0, 0.0, 0.0, 0.0] |
| 3 |   40 |  0.25 | 2500 |      f1 |     269 |   295.0 |   290.0 |    1,69 |  0,0 |1592509781863 |[0.0, 0.0, 0.0, 0.0, 0.0, 0.0, 0.0, 0.0, 0.0, 0.0] |
| 4 |   40 |  0.25 | 2500 |      f1 |     269 |   295.0 |   290.0 |    1,69 |  0,0 |1592509782805 |[0.0, 0.0, 0.0, 0.0, 0.0, 0.0, 0.0, 0.0, 0.0, 0.0] |
| 4 |   40 |  0.25 | 2500 |      f1 |     269 |   295.0 |   290.0 |    1,69 |  0,0 |1592509782805 |[0.0, 0.0, 0.0, 0.0, 0.0, 0.0, 0.0, 0.0, 0.0, 0.0] |
| 5 |   40 |  0.25 | 2500 |      f1 |     269 |   295.0 |   290.0 |    1,69 |  0,0 |1592509783755 |[0.0, 0.0, 0.0, 0.0, 0.0, 0.0, 0.0, 0.0, 0.0, 0.0] |
| 5 |   40 |  0.25 | 2500 |      f1 |     269 |   295.0 |   290.0 |    1,69 |  0,0 |1592509783755 |[0.0, 0.0, 0.0, 0.0, 0.0, 0.0, 0.0, 0.0, 0.0, 0.0] |
| 6 |   40 |  0.25 | 2500 |      f1 |     269 |   295.0 |   290.0 |    1,69 |-0,0010 |1592509784707 |[0.0, 0.0, 0.0, 0.0, 0.0, 0.0, 0.0, 0.0, 0.0, 0.0] |
| 6 |   40 |  0.25 | 2500 |      f1 |     269 |   295.0 |   290.0 |    1,69 |-0,0010 |1592509784707 |[0.0, 0.0, 0.0, 0.0, 0.0, 0.0, 0.0, 0.0, 0.0, 0.0] |
| 7 |   40 |  0.25 | 2500 |      f1 |     269 |   295.0 |   290.0 |    1,69 |  0,0 |1592509785652 |[0.0, 0.0, 0.0, 0.0, 0.0, 0.0, 0.0, 0.0, 0.0, 0.0] |
| 7 |   40 |  0.25 | 2500 |      f1 |     269 |   295.0 |   290.0 |    1,69 |  0,0 |1592509785652 |[0.0, 0.0, 0.0, 0.0, 0.0, 0.0, 0.0, 0.0, 0.0, 0.0] |
| 8 |   40 |  0.25 | 2500 |      f1 |     269 |   295.0 |   290.0 |    1,69 |-0,0010 |1592509786594 |[0.0, 0.0, 0.0, 0.0, 0.0, 0.0, 0.0, 0.0, 0.0, 0.0] |
| 8 |   40 |  0.25 | 2500 |      f1 |     269 |   295.0 |   290.0 |    1,69 |-0,0010 |1592509786594 |[0.0, 0.0, 0.0, 0.0, 0.0, 0.0, 0.0, 0.0, 0.0, 0.0] |
| 9 |   40 |  0.25 | 2500 |      f1 |     269 |   295.0 |   290.0 |    1,69 |-0,0010 |1592509787539 |[0.0, 0.0, 0.0, 0.0, 0.0, 0.0, 0.0, 0.0, 0.0, 0.0] |
| 9 |   40 |  0.25 | 2500 |      f1 |     269 |   295.0 |   290.0 |    1,69 |-0,0010 |1592509787539 |[0.0, 0.0, 0.0, 0.0, 0.0, 0.0, 0.0, 0.0, 0.0, 0.0] |
|10 |   40 |  0.25 | 2500 |      f1 |     269 |   295.0 |   290.0 |    1,69 |  0,0 |1592509788473 |[0.0, 0.0, 0.0, 0.0, 0.0, 0.0, 0.0, 0.0, 0.0, 0.0] |
|10 |   40 |  0.25 | 2500 |      f1 |     269 |   295.0 |   290.0 |    1,69 |  0,0 |1592509788473 |[0.0, 0.0, 0.0, 0.0, 0.0, 0.0, 0.0, 0.0, 0.0, 0.0] |
|11 |   40 |  0.25 | 2500 |      f1 |     269 |   295.0 |   290.0 |    1,69 |-0,0010 |1592509789410 |[0.0, 0.0, 0.0, 0.0, 0.0, 0.0, 0.0, 0.0, 0.0, 0.0] |
|11 |   40 |  0.25 | 2500 |      f1 |     269 |   295.0 |   290.0 |    1,69 |-0,0010 |1592509789410 |[0.0, 0.0, 0.0, 0.0, 0.0, 0.0, 0.0, 0.0, 0.0, 0.0] |
|12 |   40 |  0.25 | 2500 |      f1 |     269 |   295.0 |   290.0 |    1,69 |-0,0010 |1592509790348 |[0.0, 0.0, 0.0, 0.0, 0.0, 0.0, 0.0, 0.0, 0.0, 0.0] |
|12 |   40 |  0.25 | 2500 |      f1 |     269 |   295.0 |   290.0 |    1,69 |-0,0010 |1592509790348 |[0.0, 0.0, 0.0, 0.0, 0.0, 0.0, 0.0, 0.0, 0.0, 0.0] |
|13 |   40 |  0.25 | 2500 |      f1 |     269 |   295.0 |   290.0 |    1,69 |-0,0010 |1592509791288 |[0.0, 0.0, 0.0, 0.0, 0.0, 0.0, 0.0, 0.0, 0.0, 0.0] |
|13 |   40 |  0.25 | 2500 |      f1 |     269 |   295.0 |   290.0 |    1,69 |-0,0010 |1592509791288 |[0.0, 0.0, 0.0, 0.0, 0.0, 0.0, 0.0, 0.0, 0.0, 0.0] |
|14 |   40 |  0.25 | 2500 |      f1 |     269 |   295.0 |   290.0 |    1,69 |  0,0 |1592509792218 |[0.0, 0.0, 0.0, 0.0, 0.0, 0.0, 0.0, 0.0, 0.0, 0.0] |
|14 |   40 |  0.25 | 2500 |      f1 |     269 |   295.0 |   290.0 |    1,69 |  0,0 |1592509792218 |[0.0, 0.0, 0.0, 0.0, 0.0, 0.0, 0.0, 0.0, 0.0, 0.0] |
|15 |   40 |  0.25 | 2500 |      f1 |     269 |   295.0 |   290.0 |    1,69 |  0,0 |1592509793146 |[0.0, 0.0, 0.0, 0.0, 0.0, 0.0, 0.0, 0.0, 0.0, 0.0] |
|15 |   40 |  0.25 | 2500 |      f1 |     269 |   295.0 |   290.0 |    1,69 |  0,0 |1592509793146 |[0.0, 0.0, 0.0, 0.0, 0.0, 0.0, 0.0, 0.0, 0.0, 0.0] |
| 1 |   40 |0.31428573 | 2500 |      f1 |     269 |   295.0 |   290.0 |    1,69 |-1,6e+09 |1592510502850 |[0.7323763, 0.3806299, 0.34506083, 0.7008583, 0.9911533, 0.13639861, 0.3938604, 0.5926041, 0.8510637, 0.21496916] |
| 1 |   40 |  0.45 | 2500 |      f1 |     269 |   295.0 |   290.0 |    1,69 |-1,6e+09 |1592510502850 |[0.7323763, 0.3806299, 0.34506083, 0.7008583, 0.9911533, 0.13639861, 0.3938604, 0.5926041, 0.8510637, 0.21496916] |
| 2 |   40 |0.25714287 | 2500 |      f1 |     269 |   295.0 |   290.0 |    1,69 |-0,0010 |1592510503884 |[0.5828261, 0.7351514, 0.7866389, 0.69914746, 0.92636305, 0.7200625, 0.9323371, 0.7653071, 0.73447615, 0.4146073] |
| 2 |   40 | 0.425 | 2500 |      f1 |     269 |   295.0 |   290.0 |    1,69 |-0,0010 |1592510503884 |[0.5828261, 0.7351514, 0.7866389, 0.69914746, 0.92636305, 0.7200625, 0.9323371, 0.7653071, 0.73447615, 0.4146073] |
| 3 |   40 |0.2857143 | 2500 |      f1 |     269 |   295.0 |   290.0 |    1,69 |-0,0010 |1592510504827 |[0.4921068, 0.9835282, 0.4608209, 0.117652655, 0.9790045, 0.3057264, 0.27686888, 0.31568438, 0.13356662, 0.24579972] |
| 3 |   40 |  0.45 | 2500 |      f1 |     269 |   295.0 |   290.0 |    1,69 |-0,0010 |1592510504827 |[0.4921068, 0.9835282, 0.4608209, 0.117652655, 0.9790045, 0.3057264, 0.27686888, 0.31568438, 0.13356662, 0.24579972] |
| 4 |   40 |0.34285715 | 2500 |      f1 |     269 |   295.0 |   290.0 |    1,69 |-0,0010 |1592510505766 |[0.9586446, 0.78737813, 0.507931, 0.25007862, 0.1913175, 0.17906255, 0.21880132, 0.7485163, 0.111563325, 0.78447086] |
| 4 |   40 |  0.45 | 2500 |      f1 |     269 |   295.0 |   290.0 |    1,69 |-0,0010 |1592510505766 |[0.9586446, 0.78737813, 0.507931, 0.25007862, 0.1913175, 0.17906255, 0.21880132, 0.7485163, 0.111563325, 0.78447086] |
| 5 |   40 |0.42857143 | 2500 |      f1 |     269 |   295.0 |   290.0 |    1,69 |  0,0 |1592510506715 |[0.4222976, 0.74521077, 0.6358417, 0.5295209, 0.6639602, 0.93970406, 0.31108767, 0.84404945, 0.19452357, 0.07676476] |
| 5 |   40 |  0.45 | 2500 |      f1 |     269 |   295.0 |   290.0 |    1,69 |  0,0 |1592510506715 |[0.4222976, 0.74521077, 0.6358417, 0.5295209, 0.6639602, 0.93970406, 0.31108767, 0.84404945, 0.19452357, 0.07676476] |
| 6 |   40 |0.31428573 | 2500 |      f1 |     269 |   295.0 |   290.0 |    1,69 |  0,0 |1592510507657 |[0.9409177, 0.98884594, 0.3335802, 0.8077015, 0.4356044, 0.8466389, 0.94974357, 0.59179693, 0.11251986, 0.80447537] |
| 6 |   40 |  0.45 | 2500 |      f1 |     269 |   295.0 |   290.0 |    1,69 |  0,0 |1592510507657 |[0.9409177, 0.98884594, 0.3335802, 0.8077015, 0.4356044, 0.8466389, 0.94974357, 0.59179693, 0.11251986, 0.80447537] |
| 7 |   40 |0.37142858 | 2500 |      f1 |     269 |   295.0 |   290.0 |    1,69 |-0,0010 |1592510508596 |[0.041959524, 0.08880144, 0.71450037, 0.6648558, 0.8374215, 0.37471682, 0.91665274, 0.20817834, 0.39746594, 0.47219908] |
| 7 |   40 |  0.45 | 2500 |      f1 |     269 |   295.0 |   290.0 |    1,69 |-0,0010 |1592510508596 |[0.041959524, 0.08880144, 0.71450037, 0.6648558, 0.8374215, 0.37471682, 0.91665274, 0.20817834, 0.39746594, 0.47219908] |
| 8 |   40 |   0.4 | 2500 |      f1 |     269 |   295.0 |   290.0 |    1,69 |-0,0010 |1592510509523 |[0.5019882, 0.74344575, 0.69600093, 0.47504556, 0.92930615, 0.06092292, 0.4393748, 0.58613867, 0.766276, 0.66828305] |
| 8 |   40 |  0.45 | 2500 |      f1 |     269 |   295.0 |   290.0 |    1,69 |-0,0010 |1592510509523 |[0.5019882, 0.74344575, 0.69600093, 0.47504556, 0.92930615, 0.06092292, 0.4393748, 0.58613867, 0.766276, 0.66828305] |
| 9 |   40 |0.42857143 | 2500 |      f1 |     269 |   295.0 |   290.0 |    1,69 |-0,0010 |1592510510455 |[0.5513537, 0.18941003, 0.50034714, 0.21587408, 0.83570087, 0.64737433, 0.90968096, 0.8825926, 0.059888363, 0.7493511] |
| 9 |   40 |  0.45 | 2500 |      f1 |     269 |   295.0 |   290.0 |    1,69 |-0,0010 |1592510510455 |[0.5513537, 0.18941003, 0.50034714, 0.21587408, 0.83570087, 0.64737433, 0.90968096, 0.8825926, 0.059888363, 0.7493511] |
|10 |   40 |0.31428573 | 2500 |      f1 |     269 |   295.0 |   290.0 |    1,69 |-0,0010 |1592510511390 |[0.5640019, 0.094511926, 0.52405757, 0.573941, 0.86311346, 0.6976188, 0.12005317, 0.07001412, 0.24347126, 0.88021606] |
|10 |   40 |  0.45 | 2500 |      f1 |     269 |   295.0 |   290.0 |    1,69 |-0,0010 |1592510511390 |[0.5640019, 0.094511926, 0.52405757, 0.573941, 0.86311346, 0.6976188, 0.12005317, 0.07001412, 0.24347126, 0.88021606] |
|11 |   40 |0.37142858 | 2500 |      f1 |     269 |   295.0 |   290.0 |    1,69 |-0,0010 |1592510512323 |[0.980493, 0.027795076, 0.5929402, 0.8948934, 0.2825573, 0.21102375, 0.34408057, 0.34142417, 0.0063638687, 0.20760739] |
|11 |   40 |  0.45 | 2500 |      f1 |     269 |   295.0 |   290.0 |    1,69 |-0,0010 |1592510512323 |[0.980493, 0.027795076, 0.5929402, 0.8948934, 0.2825573, 0.21102375, 0.34408057, 0.34142417, 0.0063638687, 0.20760739] |
|12 |   40 |0.34285715 | 2500 |      f1 |     269 |   295.0 |   290.0 |    1,69 |-0,0010 |1592510513272 |[0.5447402, 0.3589114, 0.053959846, 0.7606239, 0.06958759, 0.74287474, 0.3046568, 0.9236099, 0.15157104, 0.8175122] |
|12 |   40 |  0.45 | 2500 |      f1 |     269 |   295.0 |   290.0 |    1,69 |-0,0010 |1592510513272 |[0.5447402, 0.3589114, 0.053959846, 0.7606239, 0.06958759, 0.74287474, 0.3046568, 0.9236099, 0.15157104, 0.8175122] |
|13 |   40 |  0.45 | 2500 |      f1 |     269 |   295.0 |   290.0 |    1,69 |  0,0 |1592510514203 |[0.02396971, 0.46231264, 0.6647523, 0.55539733, 0.452205, 0.69507873, 0.12505203, 0.6513955, 0.764313, 0.41211122] |
|13 |   40 |  0.45 | 2500 |      f1 |     269 |   295.0 |   290.0 |    1,69 |  0,0 |1592510514203 |[0.02396971, 0.46231264, 0.6647523, 0.55539733, 0.452205, 0.69507873, 0.12505203, 0.6513955, 0.764313, 0.41211122] |
|14 |   40 |0.2857143 | 2500 |      f1 |     269 |   295.0 |   290.0 |    1,69 |  0,0 |1592510515144 |[0.20449942, 0.1266048, 0.5892273, 0.58087575, 0.400621, 0.21207207, 0.8684512, 0.75281626, 0.67555964, 0.30641812] |
|14 |   40 |  0.45 | 2500 |      f1 |     269 |   295.0 |   290.0 |    1,69 |  0,0 |1592510515144 |[0.20449942, 0.1266048, 0.5892273, 0.58087575, 0.400621, 0.21207207, 0.8684512, 0.75281626, 0.67555964, 0.30641812] |
|15 |   40 |0.22857143 | 2500 |      f1 |     269 |   295.0 |   290.0 |    1,69 |-0,0010 |1592510516082 |[0.99642664, 0.98602337, 0.19053912, 0.06493372, 0.23593485, 0.8843294, 0.1600607, 0.124494374, 0.6455402, 0.0047049522] |
|15 |   40 |  0.45 | 2500 |      f1 |     269 |   295.0 |   290.0 |    1,69 |-0,0010 |1592510516082 |[0.8589912, 0.72690815, 0.8671398, 0.8856709, 0.13276708, 0.7666764, 0.92615455, 0.21872085, 0.7963258, 0.7686578] |
| 1 |   40 |   0.4 | 2500 |      f1 |     269 |   295.0 |   290.0 |    1,69 |-1,6e+09 |1592511917055 |[0.53952354, 0.5911009, 0.5695499, 0.5180042, 0.34096664, 0.24280465, 0.49426526, 0.8624184, 0.38879192, 0.89364624] |
| 1 |   40 |  0.45 | 2500 |      f1 |     269 |   295.0 |   290.0 |    1,69 |-1,6e+09 |1592511917055 |[0.53952354, 0.5911009, 0.5695499, 0.5180042, 0.34096664, 0.24280465, 0.49426526, 0.8624184, 0.38879192, 0.89364624] |
| 2 |   40 |0.37142858 | 2500 |      f1 |     269 |   295.0 |   290.0 |    1,69 |-0,0020 |1592511918088 |[0.18740022, 0.22784537, 0.5775071, 0.9377542, 0.4676597, 0.9160461, 0.45864177, 0.3316316, 0.2587083, 0.84161335] |
| 2 |   40 |  0.45 | 2500 |      f1 |     269 |   295.0 |   290.0 |    1,69 |-0,0020 |1592511918088 |[0.18740022, 0.22784537, 0.5775071, 0.9377542, 0.4676597, 0.9160461, 0.45864177, 0.3316316, 0.2587083, 0.84161335] |
| 3 |   40 |   0.4 | 2500 |      f1 |     269 |   295.0 |   290.0 |    1,69 |-0,0010 |1592511919047 |[0.37732303, 0.21644986, 0.8879123, 0.4379884, 0.85538936, 0.26173925, 0.3651936, 0.6878879, 0.5207883, 0.7442453] |
| 3 |   40 |  0.45 | 2500 |      f1 |     269 |   295.0 |   290.0 |    1,69 |-0,0010 |1592511919047 |[0.37732303, 0.21644986, 0.8879123, 0.4379884, 0.85538936, 0.26173925, 0.3651936, 0.6878879, 0.5207883, 0.7442453] |
| 4 |   40 |   0.4 | 2500 |      f1 |     269 |   295.0 |   290.0 |    1,69 |  0,0 |1592511919993 |[0.40690076, 0.50692785, 0.5648907, 0.25696224, 0.48579794, 0.28391027, 0.55709094, 0.09310627, 0.84405094, 0.7196198] |
| 4 |   40 |  0.45 | 2500 |      f1 |     269 |   295.0 |   290.0 |    1,69 |  0,0 |1592511919993 |[0.40690076, 0.50692785, 0.5648907, 0.25696224, 0.48579794, 0.28391027, 0.55709094, 0.09310627, 0.84405094, 0.7196198] |
| 5 |   40 |   0.4 | 2500 |      f1 |     269 |   295.0 |   290.0 |    1,69 |  0,0 |1592511920935 |[0.3621452, 0.6625191, 0.7097053, 0.07859051, 0.8915212, 0.062481165, 0.84970886, 0.04511738, 0.6845726, 0.4496184] |
| 5 |   40 |  0.45 | 2500 |      f1 |     269 |   295.0 |   290.0 |    1,69 |  0,0 |1592511920935 |[0.3621452, 0.6625191, 0.7097053, 0.07859051, 0.8915212, 0.062481165, 0.84970886, 0.04511738, 0.6845726, 0.4496184] |
| 6 |   40 |0.42857143 | 2500 |      f1 |     269 |   295.0 |   290.0 |    1,69 |-0,0010 |1592511921886 |[0.7795855, 0.04318297, 0.8000963, 0.8935852, 0.765455, 0.07990748, 0.33479935, 0.34309864, 0.1689769, 0.7682117] |
| 6 |   40 |  0.45 | 2500 |      f1 |     269 |   295.0 |   290.0 |    1,69 |-0,0010 |1592511921886 |[0.7795855, 0.04318297, 0.8000963, 0.8935852, 0.765455, 0.07990748, 0.33479935, 0.34309864, 0.1689769, 0.7682117] |
| 7 |   40 |0.22857143 | 2500 |      f1 |     269 |   295.0 |   290.0 |    1,69 |  0,0 |1592511922821 |[0.55171156, 0.7611113, 0.24068284, 0.6774871, 0.8723994, 0.12796652, 0.87953997, 0.36268896, 0.6269495, 0.49476177] |
| 7 |   40 |  0.45 | 2500 |      f1 |     269 |   295.0 |   290.0 |    1,69 |  0,0 |1592511922821 |[0.55171156, 0.7611113, 0.24068284, 0.6774871, 0.8723994, 0.12796652, 0.87953997, 0.36268896, 0.6269495, 0.49476177] |
| 8 |   40 |   0.4 | 2500 |      f1 |     269 |   295.0 |   290.0 |    1,69 |  0,0 |1592511923758 |[0.7431373, 0.9652306, 0.49937242, 0.22237355, 0.7340594, 0.6182992, 0.810078, 0.44147485, 0.6438767, 0.30714965] |
| 8 |   40 |  0.45 | 2500 |      f1 |     269 |   295.0 |   290.0 |    1,69 |  0,0 |1592511923758 |[0.7431373, 0.9652306, 0.49937242, 0.22237355, 0.7340594, 0.6182992, 0.810078, 0.44147485, 0.6438767, 0.30714965] |
| 9 |   40 |0.34285715 | 2500 |      f1 |     269 |   295.0 |   290.0 |    1,69 |-0,0010 |1592511924690 |[0.27420646, 0.6959448, 0.052069545, 0.15429199, 0.54700035, 0.4916321, 0.75576925, 0.06629223, 0.42204934, 0.8802646] |
| 9 |   40 |  0.45 | 2500 |      f1 |     269 |   295.0 |   290.0 |    1,69 |-0,0010 |1592511924690 |[0.27420646, 0.6959448, 0.052069545, 0.15429199, 0.54700035, 0.4916321, 0.75576925, 0.06629223, 0.42204934, 0.8802646] |
|10 |   40 |  0.45 | 2500 |      f1 |     269 |   295.0 |   290.0 |    1,69 |-0,0010 |1592511925627 |[0.9037473, 0.33758444, 0.6638332, 0.66523474, 0.24022162, 0.9440303, 0.99809223, 0.47623295, 0.8997858, 0.51628363] |
|10 |   40 |  0.45 | 2500 |      f1 |     269 |   295.0 |   290.0 |    1,69 |-0,0010 |1592511925627 |[0.9037473, 0.33758444, 0.6638332, 0.66523474, 0.24022162, 0.9440303, 0.99809223, 0.47623295, 0.8997858, 0.51628363] |
|11 |   40 |0.34285715 | 2500 |      f1 |     269 |   295.0 |   290.0 |    1,69 |  0,0 |1592511926556 |[0.019494295, 0.010394573, 0.013293922, 0.6375162, 0.4930883, 0.90860707, 0.5541294, 0.9600312, 0.094998896, 0.5882156] |
|11 |   40 |  0.45 | 2500 |      f1 |     269 |   295.0 |   290.0 |    1,69 |  0,0 |1592511926556 |[0.019494295, 0.010394573, 0.013293922, 0.6375162, 0.4930883, 0.90860707, 0.5541294, 0.9600312, 0.094998896, 0.5882156] |
|12 |   40 |0.34285715 | 2500 |      f1 |     269 |   295.0 |   290.0 |    1,69 |-0,0010 |1592511927488 |[0.17052156, 0.31225288, 0.6444487, 0.31727844, 0.274132, 0.27841944, 0.056540012, 0.94562703, 0.62036794, 0.40388697] |
|12 |   40 |  0.45 | 2500 |      f1 |     269 |   295.0 |   290.0 |    1,69 |-0,0010 |1592511927488 |[0.17052156, 0.31225288, 0.6444487, 0.31727844, 0.274132, 0.27841944, 0.056540012, 0.94562703, 0.62036794, 0.40388697] |
|13 |   40 |0.22857143 | 2500 |      f1 |     269 |   295.0 |   290.0 |    1,69 |  0,0 |1592511928414 |[0.9646825, 0.23806864, 0.3336498, 0.08994508, 0.70246065, 0.69980097, 0.6704878, 0.5964095, 0.91067463, 0.7772496] |
|13 |   40 |  0.45 | 2500 |      f1 |     269 |   295.0 |   290.0 |    1,69 |  0,0 |1592511928414 |[0.9646825, 0.23806864, 0.3336498, 0.08994508, 0.70246065, 0.69980097, 0.6704878, 0.5964095, 0.91067463, 0.7772496] |
|14 |   40 |0.37142858 | 2500 |      f1 |     269 |   295.0 |   290.0 |    1,69 |  0,0 |1592511929340 |[0.44769013, 0.26276708, 0.43435854, 0.8441545, 0.1608904, 0.43098587, 0.82552725, 0.24468142, 0.6356397, 0.2896021] |
|14 |   40 |  0.45 | 2500 |      f1 |     269 |   295.0 |   290.0 |    1,69 |  0,0 |1592511929340 |[0.44769013, 0.26276708, 0.43435854, 0.8441545, 0.1608904, 0.43098587, 0.82552725, 0.24468142, 0.6356397, 0.2896021] |
|15 |   40 |   0.4 | 2500 |      f1 |     269 |   295.0 |   290.0 |    1,69 |  0,0 |1592511930260 |[0.6038966, 0.1711688, 0.7195092, 0.203933, 0.6618866, 0.1495297, 0.032396972, 0.3427875, 0.79387105, 0.93530047] |
|15 |   40 |  0.45 | 2500 |      f1 |     269 |   295.0 |   290.0 |    1,69 |  0,0 |1592511930260 |[0.6038966, 0.1711688, 0.7195092, 0.203933, 0.6618866, 0.1495297, 0.032396972, 0.3427875, 0.79387105, 0.93530047] |
| 1 |   40 |0.42857143 | 2500 |      f1 |     269 |   295.0 |   290.0 |    1,69 |-1,6e+09 |1592512486633 |[0.70755196, 0.50256234, 0.19489968, 0.2516458, 0.77389413, 0.55402595, 0.8345195, 0.50795615, 0.38290256, 0.5859024] |
| 1 |   40 |  0.45 | 2500 |      f1 |     269 |   295.0 |   290.0 |    1,69 |-1,6e+09 |1592512486633 |[0.70755196, 0.50256234, 0.19489968, 0.2516458, 0.77389413, 0.55402595, 0.8345195, 0.50795615, 0.38290256, 0.5859024] |
| 2 |   40 |0.34285715 | 2500 |      f1 |     269 |   295.0 |   290.0 |    1,69 |-0,0020 |1592512487646 |[0.14383543, 0.9151919, 0.4104048, 0.18197751, 0.8015821, 0.09537798, 0.5096605, 5.8710575E-5, 0.30763674, 0.40401775] |
| 2 |   40 |  0.45 | 2500 |      f1 |     269 |   295.0 |   290.0 |    1,69 |-0,0020 |1592512487646 |[0.14383543, 0.9151919, 0.4104048, 0.18197751, 0.8015821, 0.09537798, 0.5096605, 5.8710575E-5, 0.30763674, 0.40401775] |
| 3 |   40 |0.25714287 | 2500 |      f1 |     269 |   295.0 |   290.0 |    1,69 |-0,0010 |1592512488598 |[0.23794752, 0.8180146, 0.78301495, 0.730633, 0.3492012, 0.73885185, 0.5308553, 0.039853573, 0.66901064, 0.51524884] |
| 3 |   40 |  0.45 | 2500 |      f1 |     269 |   295.0 |   290.0 |    1,69 |-0,0010 |1592512488598 |[0.23794752, 0.8180146, 0.78301495, 0.730633, 0.3492012, 0.73885185, 0.5308553, 0.039853573, 0.66901064, 0.51524884] |
| 4 |   40 |0.25714287 | 2500 |      f1 |     269 |   295.0 |   290.0 |    1,69 |-0,0010 |1592512489535 |[0.13866812, 0.30031765, 0.77990663, 0.8382881, 0.15415066, 0.021863878, 0.06909877, 0.4478053, 0.716619, 0.6046137] |
| 4 |   40 |  0.45 | 2500 |      f1 |     269 |   295.0 |   290.0 |    1,69 |-0,0010 |1592512489535 |[0.13866812, 0.30031765, 0.77990663, 0.8382881, 0.15415066, 0.021863878, 0.06909877, 0.4478053, 0.716619, 0.6046137] |
| 5 |   40 |0.31428573 | 2500 |      f1 |     269 |   295.0 |   290.0 |    1,69 |-0,0010 |1592512490474 |[0.013082862, 0.06890839, 0.62742424, 0.038449526, 0.006523788, 0.7556669, 0.55187947, 0.27534515, 0.35757512, 0.44214457] |
| 5 |   40 |  0.45 | 2500 |      f1 |     269 |   295.0 |   290.0 |    1,69 |-0,0010 |1592512490474 |[0.3843534, 0.9244315, 0.7133464, 0.87173647, 0.8817539, 0.99857235, 0.7980075, 0.63996303, 0.6443332, 0.3775149] |
| 6 |   40 |0.25714287 | 2500 |      f1 |     269 |   295.0 |   290.0 |    1,69 |-0,0010 |1592512491407 |[0.6909622, 0.6114986, 0.12645024, 0.15507871, 0.5655693, 0.3376429, 0.38737226, 0.5588188, 0.6779189, 0.051444232] |
| 6 |   40 |  0.45 | 2500 |      f1 |     269 |   295.0 |   290.0 |    1,69 |-0,0010 |1592512491407 |[0.6909622, 0.6114986, 0.12645024, 0.15507871, 0.5655693, 0.3376429, 0.38737226, 0.5588188, 0.6779189, 0.051444232] |
| 7 |   40 |0.2857143 | 2500 |      f1 |     269 |   295.0 |   290.0 |    1,69 |-0,0010 |1592512492333 |[0.78625876, 0.5262479, 0.85543406, 0.26088047, 0.34161663, 0.25514275, 0.8435847, 0.3694572, 0.46224326, 0.65211433] |
| 7 |   40 |  0.45 | 2500 |      f1 |     269 |   295.0 |   290.0 |    1,69 |-0,0010 |1592512492333 |[0.78625876, 0.5262479, 0.85543406, 0.26088047, 0.34161663, 0.25514275, 0.8435847, 0.3694572, 0.46224326, 0.65211433] |
| 8 |   40 |  0.45 | 2500 |      f1 |     269 |   295.0 |   290.0 |    1,69 |  0,0 |1592512493261 |[0.057230353, 0.47461474, 0.19635504, 0.22380418, 0.9416134, 0.6196293, 0.4915576, 0.7868901, 0.4727595, 0.73780555] |
| 8 |   40 |  0.45 | 2500 |      f1 |     269 |   295.0 |   290.0 |    1,69 |  0,0 |1592512493261 |[0.057230353, 0.47461474, 0.19635504, 0.22380418, 0.9416134, 0.6196293, 0.4915576, 0.7868901, 0.4727595, 0.73780555] |
| 9 |   40 |   0.4 | 2500 |      f1 |     269 |   295.0 |   290.0 |    1,69 |-0,0010 |1592512494200 |[0.8909792, 0.13925725, 0.44067615, 0.7513239, 0.99469304, 0.5976655, 0.29803282, 0.89151895, 0.4217093, 0.1905142] |
| 9 |   40 |  0.45 | 2500 |      f1 |     269 |   295.0 |   290.0 |    1,69 |-0,0010 |1592512494200 |[0.8909792, 0.13925725, 0.44067615, 0.7513239, 0.99469304, 0.5976655, 0.29803282, 0.89151895, 0.4217093, 0.1905142] |
|10 |   40 |0.37142858 | 2500 |      f1 |     269 |   295.0 |   290.0 |    1,69 |-0,0010 |1592512495133 |[0.46286082, 0.96160454, 0.9011318, 0.6606921, 0.09637672, 0.9169339, 0.29823214, 0.11412543, 0.6146671, 0.7171629] |
|10 |   40 |  0.45 | 2500 |      f1 |     269 |   295.0 |   290.0 |    1,69 |-0,0010 |1592512495133 |[0.46286082, 0.96160454, 0.9011318, 0.6606921, 0.09637672, 0.9169339, 0.29823214, 0.11412543, 0.6146671, 0.7171629] |
|11 |   40 |0.31428573 | 2500 |      f1 |     269 |   295.0 |   290.0 |    1,69 |  0,0 |1592512496065 |[0.6367443, 0.41227955, 0.5254798, 0.9083745, 0.6909507, 0.5449201, 0.75413084, 0.6023194, 0.13658082, 0.69591403] |
|11 |   40 |  0.45 | 2500 |      f1 |     269 |   295.0 |   290.0 |    1,69 |  0,0 |1592512496065 |[0.6367443, 0.41227955, 0.5254798, 0.9083745, 0.6909507, 0.5449201, 0.75413084, 0.6023194, 0.13658082, 0.69591403] |
|12 |   40 |  0.45 | 2500 |      f1 |     269 |   295.0 |   290.0 |    1,69 |-0,0010 |1592512496996 |[0.6764307, 0.05966699, 0.7304203, 0.30428255, 0.5706179, 0.29762155, 0.11369711, 0.31650925, 0.61308384, 0.24721557] |
|12 |   40 |  0.45 | 2500 |      f1 |     269 |   295.0 |   290.0 |    1,69 |-0,0010 |1592512496996 |[0.6764307, 0.05966699, 0.7304203, 0.30428255, 0.5706179, 0.29762155, 0.11369711, 0.31650925, 0.61308384, 0.24721557] |
|13 |   40 |0.31428573 | 2500 |      f1 |     269 |   295.0 |   290.0 |    1,69 |-0,0010 |1592512497917 |[0.9165019, 0.18830329, 0.45532906, 0.81678754, 0.15156174, 0.44052595, 0.42260975, 0.26325852, 0.3524422, 0.47847694] |
|13 |   40 |  0.45 | 2500 |      f1 |     269 |   295.0 |   290.0 |    1,69 |-0,0010 |1592512497917 |[0.9165019, 0.18830329, 0.45532906, 0.81678754, 0.15156174, 0.44052595, 0.42260975, 0.26325852, 0.3524422, 0.47847694] |
|14 |   40 |0.2857143 | 2500 |      f1 |     269 |   295.0 |   290.0 |    1,69 |-0,0010 |1592512498840 |[0.07316595, 0.4004683, 0.23467731, 0.4504509, 0.6734541, 0.25038284, 0.3285526, 0.3307925, 0.05962324, 0.4542688] |
|14 |   40 |  0.45 | 2500 |      f1 |     269 |   295.0 |   290.0 |    1,69 |-0,0010 |1592512498840 |[0.07316595, 0.4004683, 0.23467731, 0.4504509, 0.6734541, 0.25038284, 0.3285526, 0.3307925, 0.05962324, 0.4542688] |
|15 |   40 |0.34285715 | 2500 |      f1 |     269 |   295.0 |   290.0 |    1,69 |-0,0010 |1592512499758 |[0.553371, 0.96972483, 0.62686825, 0.3384214, 0.07074529, 0.43808293, 0.19897312, 0.8241025, 0.35563666, 0.94799787] |
|15 |   40 |  0.45 | 2500 |      f1 |     269 |   295.0 |   290.0 |    1,69 |-0,0010 |1592512499758 |[0.553371, 0.96972483, 0.62686825, 0.3384214, 0.07074529, 0.43808293, 0.19897312, 0.8241025, 0.35563666, 0.94799787] |
