| # | Nest | %Desc |#Iter |Instancia | CapMoch |ValOptmo | BestFit |     RDP | time |      semilla |VectorSolucion |
-------------------------------------------------------------------------------------------------
| 1 |   25 |  0.25 | 2500 |      f6 |      60 |    52.0 |    52.0 |    0,00 |-1,6e+09 |1592499606214 |[0.3221584, 0.94894093, 0.5589684, 0.6553494, 0.60577154, 0.5765409, 0.20472878, 0.24829346, 0.058576703, 0.7296696] |
| 2 |   25 |  0.25 | 2500 |      f6 |      60 |    52.0 |    52.0 |    0,00 |  0,0 |1592499606215 |[0.19295079, 0.1633063, 0.88125604, 0.7217032, 0.25721568, 0.4414087, 0.75585246, 0.9042045, 0.1518048, 0.5759716] |
| 3 |   25 |  0.25 | 2500 |      f6 |      60 |    52.0 |    52.0 |    0,00 |-0,0010 |1592499606221 |[0.1512981, 0.02128172, 0.8023332, 0.78582597, 0.92299974, 0.6923527, 0.55692756, 0.48837215, 0.18122983, 0.90345633] |
| 4 |   25 |  0.25 | 2500 |      f6 |      60 |    52.0 |    52.0 |    0,00 |-0,0010 |1592499606223 |[0.51847863, 0.6843086, 0.3711145, 0.1422745, 0.8458995, 0.07544094, 0.3030553, 0.11372751, 0.0036296248, 0.6462649] |
| 5 |   25 |  0.25 | 2500 |      f6 |      60 |    52.0 |    52.0 |    0,00 |  0,0 |1592499606224 |[0.57219785, 0.040215194, 0.5390335, 0.410255, 0.9349977, 0.76891994, 0.79891175, 0.036212146, 0.047755122, 0.88739884] |
| 6 |   25 |  0.25 | 2500 |      f6 |      60 |    52.0 |    52.0 |    0,00 |  0,0 |1592499606225 |[0.6883931, 0.21328092, 0.5723362, 0.8141035, 0.74988323, 0.25014532, 0.6137494, 0.9308143, 0.50724876, 0.69633293] |
| 7 |   25 |  0.25 | 2500 |      f6 |      60 |    52.0 |    52.0 |    0,00 |  0,0 |1592499606226 |[0.4079169, 0.75304633, 0.15532297, 0.26389772, 0.3665079, 0.31755608, 0.54102904, 0.34982032, 0.8579972, 0.42563307] |
| 8 |   25 |  0.25 | 2500 |      f6 |      60 |    52.0 |    52.0 |    0,00 |-0,0010 |1592499606228 |[0.1453557, 0.007863522, 0.09116292, 0.12772673, 0.85268456, 0.09992218, 0.28068513, 0.096266866, 0.5894949, 0.5468261] |
| 9 |   25 |  0.25 | 2500 |      f6 |      60 |    52.0 |    52.0 |    0,00 |  0,0 |1592499606229 |[0.7250412, 0.0015910864, 0.2776637, 0.049400747, 0.71859545, 0.5628257, 0.98653346, 0.6137356, 0.9180361, 0.93368983] |
|10 |   25 |  0.25 | 2500 |      f6 |      60 |    52.0 |    52.0 |    0,00 |-0,0010 |1592499606231 |[0.29969734, 0.17501986, 0.28949213, 0.66525644, 0.9088836, 0.061141312, 0.076386094, 0.35801184, 0.15451294, 0.1401841] |
|11 |   25 |  0.25 | 2500 |      f6 |      60 |    52.0 |    52.0 |    0,00 |-0,0010 |1592499606232 |[0.4617222, 0.9722905, 0.047043085, 0.9919374, 0.75352645, 0.41226494, 0.027174473, 0.21523762, 0.35419238, 0.85643905] |
|12 |   25 |  0.25 | 2500 |      f6 |      60 |    52.0 |    52.0 |    0,00 |  0,0 |1592499606233 |[0.48119193, 0.19268316, 0.960512, 0.8091799, 0.36281747, 0.0076276064, 0.93715966, 0.9336754, 0.56877995, 0.9149224] |
|13 |   25 |  0.25 | 2500 |      f6 |      60 |    52.0 |    52.0 |    0,00 |  0,0 |1592499606234 |[0.111292124, 0.98673445, 0.004232347, 0.038500905, 0.75557286, 0.4209482, 0.02749759, 0.38822895, 0.42260468, 0.6983815] |
|14 |   25 |  0.25 | 2500 |      f6 |      60 |    52.0 |    52.0 |    0,00 |-0,0010 |1592499606236 |[0.83249754, 0.74662703, 0.7339798, 0.67941624, 0.047371686, 0.77023, 0.9385965, 0.4098404, 0.31222516, 0.9929828] |
|15 |   25 |  0.25 | 2500 |      f6 |      60 |    52.0 |    52.0 |    0,00 |  0,0 |1592499606237 |[0.60216147, 0.6169846, 0.77537066, 0.45593578, 0.009825289, 0.49493575, 0.2285952, 0.15284103, 0.61661226, 0.17397898] |
