|Instancia |Ejecucion |Iteracion |Iter Max |Nidos |   %Pa |tipoDiscretizacion |tipoBinarizacion | CapMoch |   Optmo |OptimoObtenido |     RDP | time |      semilla |VectorSolucionReal |VectorSolucionBinario |
-------------------------------------------------------------------------------------------------
|      f9 | 1 |       1 |    5000 |   50 |  0.25 |standard | sshape3 |      80 |   130.0 |   130.0 |    0,00 |-1,6e+09 |1592601088011 |[0.083045125, 0.96850204, 0.77569294, 0.887143, 0.038469076] |[1.0, 1.0, 1.0, 1.0, 0.0] |
|      f9 | 1 |       2 |    5000 |   50 |  0.25 |standard | sshape3 |      80 |   130.0 |   130.0 |    0,00 |0,0020 |1592601088011 |[0.083045125, 0.96850204, 0.77569294, 0.887143, 0.038469076] |[1.0, 1.0, 1.0, 1.0, 0.0] |
|      f9 | 2 |       1 |    5000 |   50 |  0.25 |standard | sshape3 |      80 |   130.0 |   130.0 |    0,00 |  0,0 |1592601088013 |[0.78398526, 0.46684173, 0.40776092, 0.43670925, 0.82230353] |[1.0, 1.0, 1.0, 1.0, 0.0] |
|      f9 | 2 |       2 |    5000 |   50 |  0.25 |standard | sshape3 |      80 |   130.0 |   130.0 |    0,00 |  0,0 |1592601088013 |[0.78398526, 0.46684173, 0.40776092, 0.43670925, 0.82230353] |[1.0, 1.0, 1.0, 1.0, 0.0] |
|      f9 | 3 |       1 |    5000 |   50 |  0.25 |standard | sshape3 |      80 |   130.0 |   130.0 |    0,00 |  0,0 |1592601088013 |[1.0E-12, 0.98460364, 0.5684367, 0.20340362, 0.86363494] |[1.0, 1.0, 1.0, 1.0, 0.0] |
|      f9 | 3 |       2 |    5000 |   50 |  0.25 |standard | sshape3 |      80 |   130.0 |   130.0 |    0,00 |0,0010 |1592601088013 |[1.0E-12, 0.98460364, 0.5684367, 0.20340362, 0.86363494] |[1.0, 1.0, 1.0, 1.0, 0.0] |
|      f9 | 4 |       1 |    5000 |   50 |  0.25 |standard | sshape3 |      80 |   130.0 |   130.0 |    0,00 |  0,0 |1592601088014 |[0.40104026, 0.74119854, 0.31647897, 0.45005918, 0.97843677] |[1.0, 1.0, 1.0, 1.0, 0.0] |
|      f9 | 4 |       2 |    5000 |   50 |  0.25 |standard | sshape3 |      80 |   130.0 |   130.0 |    0,00 |0,0010 |1592601088014 |[0.40104026, 0.74119854, 0.31647897, 0.45005918, 0.97843677] |[1.0, 1.0, 1.0, 1.0, 0.0] |
|      f9 | 5 |       1 |    5000 |   50 |  0.25 |standard | sshape3 |      80 |   130.0 |   130.0 |    0,00 |  0,0 |1592601088015 |[0.7617159, 0.41545993, 0.81876427, 0.28862256, 0.80379885] |[1.0, 0.0, 1.0, 1.0, 1.0] |
|      f9 | 5 |       2 |    5000 |   50 |  0.25 |standard | sshape3 |      80 |   130.0 |   130.0 |    0,00 |  0,0 |1592601088015 |[0.7617159, 0.41545993, 0.81876427, 0.28862256, 0.80379885] |[1.0, 0.0, 1.0, 1.0, 1.0] |
|      f9 | 6 |       1 |    5000 |   50 |  0.25 |standard | sshape3 |      80 |   130.0 |   130.0 |    0,00 |-0,0010 |1592601088016 |[0.56408083, 0.7376006, 0.25709528, 0.95194864, 0.37572455] |[1.0, 1.0, 1.0, 1.0, 0.0] |
|      f9 | 6 |       2 |    5000 |   50 |  0.25 |standard | sshape3 |      80 |   130.0 |   130.0 |    0,00 |  0,0 |1592601088016 |[0.56408083, 0.7376006, 0.25709528, 0.95194864, 0.37572455] |[1.0, 1.0, 1.0, 1.0, 0.0] |
|      f9 | 7 |       1 |    5000 |   50 |  0.25 |standard | sshape3 |      80 |   130.0 |   130.0 |    0,00 |  0,0 |1592601088016 |[0.3828851, 0.82541406, 0.9824654, 0.26976007, 0.75903857] |[1.0, 1.0, 1.0, 1.0, 0.0] |
|      f9 | 7 |       2 |    5000 |   50 |  0.25 |standard | sshape3 |      80 |   130.0 |   130.0 |    0,00 |  0,0 |1592601088016 |[0.3828851, 0.82541406, 0.9824654, 0.26976007, 0.75903857] |[1.0, 1.0, 1.0, 1.0, 0.0] |
|      f9 | 8 |       1 |    5000 |   50 |  0.25 |standard | sshape3 |      80 |   130.0 |   130.0 |    0,00 |-0,0010 |1592601088017 |[0.9574376, 0.8831949, 0.32400483, 0.8789846, 0.13707519] |[1.0, 1.0, 1.0, 1.0, 0.0] |
|      f9 | 8 |       2 |    5000 |   50 |  0.25 |standard | sshape3 |      80 |   130.0 |   130.0 |    0,00 |  0,0 |1592601088017 |[0.9574376, 0.8831949, 0.32400483, 0.8789846, 0.13707519] |[1.0, 1.0, 1.0, 1.0, 0.0] |
|      f9 | 9 |       1 |    5000 |   50 |  0.25 |standard | sshape3 |      80 |   130.0 |   130.0 |    0,00 |  0,0 |1592601088017 |[0.8726613, 0.08597386, 0.43959373, 0.4776426, 0.02947712] |[1.0, 1.0, 1.0, 1.0, 0.0] |
|      f9 | 9 |       2 |    5000 |   50 |  0.25 |standard | sshape3 |      80 |   130.0 |   130.0 |    0,00 |  0,0 |1592601088017 |[0.8726613, 0.08597386, 0.43959373, 0.4776426, 0.02947712] |[1.0, 1.0, 1.0, 1.0, 0.0] |
|      f9 |10 |       1 |    5000 |   50 |  0.25 |standard | sshape3 |      80 |   130.0 |   130.0 |    0,00 |-0,0010 |1592601088018 |[0.4348171, 0.2804678, 0.85714674, 0.6961651, 0.8499488] |[1.0, 1.0, 1.0, 1.0, 0.0] |
|      f9 |10 |       2 |    5000 |   50 |  0.25 |standard | sshape3 |      80 |   130.0 |   130.0 |    0,00 |  0,0 |1592601088018 |[0.4348171, 0.2804678, 0.85714674, 0.6961651, 0.8499488] |[1.0, 1.0, 1.0, 1.0, 0.0] |
|      f9 |11 |       1 |    5000 |   50 |  0.25 |standard | sshape3 |      80 |   130.0 |   130.0 |    0,00 |  0,0 |1592601088018 |[0.3363635, 0.9006704, 0.44995144, 0.119147055, 0.91589785] |[1.0, 1.0, 1.0, 1.0, 0.0] |
|      f9 |11 |       2 |    5000 |   50 |  0.25 |standard | sshape3 |      80 |   130.0 |   130.0 |    0,00 |  0,0 |1592601088018 |[0.3363635, 0.9006704, 0.44995144, 0.119147055, 0.91589785] |[1.0, 1.0, 1.0, 1.0, 0.0] |
|      f9 |12 |       1 |    5000 |   50 |  0.25 |standard | sshape3 |      80 |   130.0 |   130.0 |    0,00 |-0,0010 |1592601088019 |[0.25736943, 0.2523875, 0.76405144, 0.8697886, 0.42375353] |[1.0, 0.0, 1.0, 1.0, 1.0] |
|      f9 |12 |       2 |    5000 |   50 |  0.25 |standard | sshape3 |      80 |   130.0 |   130.0 |    0,00 |  0,0 |1592601088019 |[0.25736943, 0.2523875, 0.76405144, 0.8697886, 0.42375353] |[1.0, 0.0, 1.0, 1.0, 1.0] |
|      f9 |13 |       1 |    5000 |   50 |  0.25 |standard | sshape3 |      80 |   130.0 |   130.0 |    0,00 |  0,0 |1592601088019 |[0.95351696, 0.59156764, 0.8035652, 1.0, 0.31701425] |[1.0, 0.0, 1.0, 1.0, 1.0] |
|      f9 |13 |       2 |    5000 |   50 |  0.25 |standard | sshape3 |      80 |   130.0 |   130.0 |    0,00 |  0,0 |1592601088019 |[0.95351696, 0.59156764, 0.8035652, 1.0, 0.31701425] |[1.0, 0.0, 1.0, 1.0, 1.0] |
|      f9 |14 |       1 |    5000 |   50 |  0.25 |standard | sshape3 |      80 |   130.0 |   130.0 |    0,00 |-0,0010 |1592601088020 |[0.51993436, 0.2605235, 0.9520791, 0.046101306, 0.39575222] |[0.0, 1.0, 1.0, 1.0, 1.0] |
|      f9 |14 |       2 |    5000 |   50 |  0.25 |standard | sshape3 |      80 |   130.0 |   130.0 |    0,00 |  0,0 |1592601088020 |[0.51993436, 0.2605235, 0.9520791, 0.046101306, 0.39575222] |[0.0, 1.0, 1.0, 1.0, 1.0] |
|      f9 |15 |       1 |    5000 |   50 |  0.25 |standard | sshape3 |      80 |   130.0 |   130.0 |    0,00 |  0,0 |1592601088020 |[0.97181493, 0.7077835, 0.012662101, 0.6325365, 0.50159186] |[0.0, 1.0, 1.0, 1.0, 1.0] |
|      f9 |15 |       2 |    5000 |   50 |  0.25 |standard | sshape3 |      80 |   130.0 |   130.0 |    0,00 |  0,0 |1592601088020 |[0.97181493, 0.7077835, 0.012662101, 0.6325365, 0.50159186] |[0.0, 1.0, 1.0, 1.0, 1.0] |
